MicroVigene	 Version	 2501
Culture	en-US
9/30/2006 12:37:42 PM
Roi Row	 4	 Roi Col	 12	 Main Row	 4	 Main Col	 6	 Sub Row	 1	 Sub Col	 1
Main Row	 Main Col	 Sub Row	 Sub Col	  GeneID	mean_net	 mean_total	 median_net	 vol_bkg	 vol_dust	 
1	 1	 1	 1	sample1	3606	5136	3726	142290	0	
1	 1	 1	 2	sample1	5224	7156	4994	102396	0	
1	 1	 1	 3	sample1	4817	6547	4958	128020	0	
1	 1	 1	 4	sample1	4403	5889	4670	93618	0	
1	 1	 1	 5	sample1	2637	3883	2946	99680	0	
1	 1	 1	 6	control	179	1453	48	50960	0	
1	 1	 2	 1	sample2	2656	5102	2606	114962	0	
1	 1	 2	 2	sample2	5223	7677	5840	198774	0	
1	 1	 2	 3	sample2	4590	6824	5246	183188	0	
1	 1	 2	 4	sample2	3872	5692	4500	140140	0	
1	 1	 2	 5	sample2	3898	5454	3772	79356	0	
1	 1	 2	 6	control	7670	9668	8650	147852	0	
1	 1	 3	 1	sample3	2932	5774	2986	133574	0	
1	 1	 3	 2	sample3	4900	7400	4970	222500	0	
1	 1	 3	 3	sample3	5682	8126	5814	129532	0	
1	 1	 3	 4	sample3	4167	6237	4534	151110	0	
1	 1	 3	 5	sample3	2720	4542	2468	72880	0	
1	 1	 3	 6	control	-355.49	1807	-473.99	86480	0	
1	 1	 4	 1	sample4	3224	5050	3374	80344	0	
1	 1	 4	 2	sample4	3421	5117	3274	79712	0	
1	 1	 4	 3	sample4	3570	5466	3406	140304	0	
1	 1	 4	 4	sample4	2718	4576	2858	91042	0	
1	 1	 4	 5	sample4	1438	3266	1434	73120	0	
1	 1	 4	 6	control	5917	8647	5842	169260	0	
1	 2	 1	 1	sample5	3161	5385	3052	113424	0	
1	 2	 1	 2	sample5	5660	7576	5946	97716	0	
1	 2	 1	 3	sample5	3929	5473	3942	142048	0	
1	 2	 1	 4	sample5	3218	4540	3118	103116	0	
1	 2	 1	 5	sample5	2371	3515	2360	102960	0	
1	 2	 1	 6	control	160	1302	96	45680	0	
1	 2	 2	 1	sample6	2883	6865	3222	211046	0	
1	 2	 2	 2	sample6	6094	8856	6690	146386	0	
1	 2	 2	 3	sample6	4579	6757	4964	198198	0	
1	 2	 2	 4	sample6	3881	5601	4152	168560	0	
1	 2	 2	 5	sample6	4351	5715	4636	110484	0	
1	 2	 2	 6	control	7723	9069	9138	99604	0	
1	 2	 3	 1	sample7	1783	6075	1428	171680	0	
1	 2	 3	 2	sample7	3243	6329	3600	111096	0	
1	 2	 3	 3	sample7	2961	5217	3036	119568	0	
1	 2	 3	 4	sample7	4186	5920	4284	76296	0	
1	 2	 3	 5	sample7	1545	2859	1480	61758	0	
1	 2	 3	 6	control	14.4	1100	-23.99	43440	0	
1	 2	 4	 1	sample8	748	4658	678	140760	0	
1	 2	 4	 2	sample8	1043	3349	992	92240	0	
1	 2	 4	 3	sample8	2307	4245	2432	85272	0	
1	 2	 4	 4	sample8	1126	2500	1088	54960	0	
1	 2	 4	 5	sample8	967	1967	828	40000	0	
1	 2	 4	 6	control	3906	4920	3734	64896	0	
1	 3	 1	 1	sample9	7689	10011	8204	102168	0	
1	 3	 1	 2	sample9	6029	8425	6786	179700	0	
1	 3	 1	 3	sample9	4748	6708	5394	117600	0	
1	 3	 1	 4	sample9	3820	5428	4038	56280	0	
1	 3	 1	 5	sample9	2587	3947	2674	59840	0	
1	 3	 1	 6	control	263	1685	208	56880	0	
1	 3	 2	 1	sample10	2416	4938	2440	110968	0	
1	 3	 2	 2	sample10	5382	8190	5490	129168	0	
1	 3	 2	 3	sample10	4329	6571	4496	94164	0	
1	 3	 2	 4	sample10	2731	4391	2586	78020	0	
1	 3	 2	 5	sample10	2212	3686	2194	58960	0	
1	 3	 2	 6	control	6994	8544	6882	89900	0	
1	 3	 3	 1	sample11	5792	8368	5954	46368	0	
1	 3	 3	 2	sample11	3345	5939	3566	121918	0	
1	 3	 3	 3	sample11	4063	6101	3946	95786	0	
1	 3	 3	 4	sample11	3214	4774	3226	67080	0	
1	 3	 3	 5	sample11	1540	2940	1490	60200	0	
1	 3	 3	 6	control	-29.44	1277	-13.99	52240	0	
1	 3	 4	 1	sample12	2423	4767	2518	121888	0	
1	 3	 4	 2	sample12	1496	3592	1170	75456	0	
1	 3	 4	 3	sample12	2583	4425	2322	62628	0	
1	 3	 4	 4	sample12	1148	2666	1244	44022	0	
1	 3	 4	 5	sample12	406	1714	428	52320	0	
1	 3	 4	 6	control	2229	3425	2188	47840	0	
1	 4	 1	 1	sample13	3353	5395	3110	108226	0	
1	 4	 1	 2	sample13	4495	6307	4632	146772	0	
1	 4	 1	 3	sample13	3545	5219	3872	125550	0	
1	 4	 1	 4	sample13	1935	3453	2128	103224	0	
1	 4	 1	 5	sample13	2249	3763	2110	56018	0	
1	 4	 1	 6	control	211	1831	236	64800	0	
1	 4	 2	 1	sample14	2703	4895	2548	116176	0	
1	 4	 2	 2	sample14	3518	5322	3562	93808	0	
1	 4	 2	 3	sample14	2337	3909	2400	132048	0	
1	 4	 2	 4	sample14	2594	4048	2728	72700	0	
1	 4	 2	 5	sample14	2411	3919	2368	67860	0	
1	 4	 2	 6	control	6496	8114	7194	118114	0	
1	 4	 3	 1	sample15	2748	4348	2798	139200	0	
1	 4	 3	 2	sample15	2956	4474	3138	122958	0	
1	 4	 3	 3	sample15	3001	4213	3142	64236	0	
1	 4	 3	 4	sample15	2053	3197	2168	78936	0	
1	 4	 3	 5	sample15	1257	2403	1244	55008	0	
1	 4	 3	 6	control	73.6	1336	22	50480	0	
1	 4	 4	 1	sample16	884	2276	942	55680	0	
1	 4	 4	 2	sample16	576	1726	530	46000	0	
1	 4	 4	 3	sample16	1568	2688	1436	40320	0	
1	 4	 4	 4	sample16	672	1680	646	40320	0	
1	 4	 4	 5	sample16	688	1666	698	39120	0	
1	 4	 4	 6	control	1472	2516	1448	66816	0	
1	 5	 1	 1	sample17	3025	4759	2806	149124	0	
1	 5	 1	 2	sample17	3937	5569	4134	128928	0	
1	 5	 1	 3	sample17	3335	4771	3534	101956	0	
1	 5	 1	 4	sample17	2776	4098	3030	87252	0	
1	 5	 1	 5	sample17	2455	3799	2490	65856	0	
1	 5	 1	 6	control	76.8	1633	24	62240	0	
1	 5	 2	 1	sample18	873	2889	768	80640	0	
1	 5	 2	 2	sample18	2903	4773	3088	140250	0	
1	 5	 2	 3	sample18	2374	3924	2370	82150	0	
1	 5	 2	 4	sample18	1832	3142	1818	68120	0	
1	 5	 2	 5	sample18	1678	3034	1664	59664	0	
1	 5	 2	 6	control	7629	9427	7974	120466	0	
1	 5	 3	 1	sample19	1914	4198	1916	105064	0	
1	 5	 3	 2	sample19	3166	4998	3364	155720	0	
1	 5	 3	 3	sample19	3496	5050	3628	144522	0	
1	 5	 3	 4	sample19	3190	4494	3378	96496	0	
1	 5	 3	 5	sample19	2073	3377	2084	80848	0	
1	 5	 3	 6	control	-218.29	1422	-265.99	65600	0	
1	 5	 4	 1	sample20	617	2483	568	74640	0	
1	 5	 4	 2	sample20	658	2212	586	62160	0	
1	 5	 4	 3	sample20	2346	3738	2178	66816	0	
1	 5	 4	 4	sample20	759	1973	692	48560	0	
1	 5	 4	 5	sample20	496	1720	440	48960	0	
1	 5	 4	 6	control	2988	4602	2580	104910	0	
1	 6	 1	 1	sample21	2890	5026	2832	108936	0	
1	 6	 1	 2	sample21	2781	5747	2612	154232	0	
1	 6	 1	 3	sample21	3375	5121	3312	78570	0	
1	 6	 1	 4	sample21	2300	3528	1812	120344	0	
1	 6	 1	 5	sample21	2089	3231	2496	87934	0	
1	 6	 1	 6	control	26.8	1235	-1.99	48320	0	
1	 6	 2	 1	sample22	1118	4874	1032	150240	0	
1	 6	 2	 2	sample22	3074	6738	2556	183200	0	
1	 6	 2	 3	sample22	5368	7488	5610	156880	0	
1	 6	 2	 4	sample22	2839	4253	2650	113120	0	
1	 6	 2	 5	sample22	2680	3842	2526	104580	0	
1	 6	 2	 6	control	6502	7866	7208	92752	0	
1	 6	 3	 1	sample23	2664	6062	2914	163104	0	
1	 6	 3	 2	sample23	3428	5962	2978	134302	0	
1	 6	 3	 3	sample23	3679	5509	3912	142740	0	
1	 6	 3	 4	sample23	3335	4677	3558	97966	0	
1	 6	 3	 5	sample23	1537	2671	1566	48762	0	
1	 6	 3	 6	control	-413.84	908	-371.99	52880	0	
1	 6	 4	 1	sample24	1808	4490	1878	107280	0	
1	 6	 4	 2	sample24	1932	4050	2012	97428	0	
1	 6	 4	 3	sample24	3149	4813	3112	86528	0	
1	 6	 4	 4	sample24	1130	2378	1232	66144	0	
1	 6	 4	 5	sample24	984	2096	962	44480	0	
1	 6	 4	 6	control	3808	5220	2864	91780	0	
1	 7	 1	 1	sample25	5383	7975	5666	137376	0	
1	 7	 1	 2	sample25	5852	7870	5696	171530	0	
1	 7	 1	 3	sample25	5543	7247	6192	126096	0	
1	 7	 1	 4	sample25	3568	5044	3876	106272	0	
1	 7	 1	 5	sample25	2263	3551	2272	115920	0	
1	 7	 1	 6	control	291	1651	80	54400	0	
1	 7	 2	 1	sample26	2048	5628	1992	89500	0	
1	 7	 2	 2	sample26	5407	7961	5580	135362	0	
1	 7	 2	 3	sample26	4867	6799	4948	98532	0	
1	 7	 2	 4	sample26	3643	5095	3576	120516	0	
1	 7	 2	 5	sample26	2690	3808	2638	95030	0	
1	 7	 2	 6	control	5945	7255	5658	98250	0	
1	 7	 3	 1	sample27	69.5	3038	4	106848	0	
1	 7	 3	 2	sample27	804	2868	852	82560	0	
1	 7	 3	 3	sample27	1459	2941	1412	59280	0	
1	 7	 3	 4	sample27	991	2051	1012	42400	0	
1	 7	 3	 5	sample27	822	1802	862	39200	0	
1	 7	 3	 6	control	-299.64	930	-329.99	49200	0	
1	 7	 4	 1	sample28	4669	7081	5112	118188	0	
1	 7	 4	 2	sample28	3405	4969	2758	117300	0	
1	 7	 4	 3	sample28	4196	5690	4134	32868	0	
1	 7	 4	 4	sample28	2722	3794	2172	93264	0	
1	 7	 4	 5	sample28	2139	3159	2290	54060	0	
1	 7	 4	 6	control	3825	5295	3676	123480	0	
1	 8	 1	 1	sample29	3997	6523	3966	118722	0	
1	 8	 1	 2	sample29	6355	8391	6590	175096	0	
1	 8	 1	 3	sample29	5260	6886	5496	115446	0	
1	 8	 1	 4	sample29	3786	5264	3926	100504	0	
1	 8	 1	 5	sample29	2797	4139	2946	99308	0	
1	 8	 1	 6	control	162	1448	140	51440	0	
1	 8	 2	 1	sample30	1033	4079	930	121840	0	
1	 8	 2	 2	sample30	3147	5401	3134	99176	0	
1	 8	 2	 3	sample30	2617	4191	2720	135364	0	
1	 8	 2	 4	sample30	2144	3456	2238	98400	0	
1	 8	 2	 5	sample30	2113	3445	2334	67932	0	
1	 8	 2	 6	control	7989	9379	8202	105640	0	
1	 8	 3	 1	sample31	1482	4528	1250	121840	0	
1	 8	 3	 2	sample31	1645	3653	1474	80320	0	
1	 8	 3	 3	sample31	2202	3784	1986	72772	0	
1	 8	 3	 4	sample31	2043	3221	2128	47120	0	
1	 8	 3	 5	sample31	1106	2162	1140	42240	0	
1	 8	 3	 6	control	-2.14	1152	-95.99	46160	0	
1	 8	 4	 1	sample32	1169	4063	1056	115760	0	
1	 8	 4	 2	sample32	1307	3247	1228	77600	0	
1	 8	 4	 3	sample32	2901	4443	2568	114108	0	
1	 8	 4	 4	sample32	1216	2418	1224	48080	0	
1	 8	 4	 5	sample32	797	1721	764	36960	0	
1	 8	 4	 6	control	2720	3888	2204	85264	0	
1	 9	 1	 1	sample33	2975	4933	2926	86152	0	
1	 9	 1	 2	sample33	3176	4834	2976	139272	0	
1	 9	 1	 3	sample33	2315	3657	2422	88572	0	
1	 9	 1	 4	sample33	1940	3168	2102	60172	0	
1	 9	 1	 5	sample33	1554	2734	1622	28320	0	
1	 9	 1	 6	control	264	1430	252	46640	0	
1	 9	 2	 1	sample34	1645	4159	1532	50280	0	
1	 9	 2	 2	sample34	3356	5128	3542	145304	0	
1	 9	 2	 3	sample34	2507	3809	2634	114576	0	
1	 9	 2	 4	sample34	2073	3183	2088	89910	0	
1	 9	 2	 5	sample34	1242	2236	1146	88466	0	
1	 9	 2	 6	control	3976	5088	4116	87848	0	
1	 9	 3	 1	sample35	2540	4916	1812	95040	0	
1	 9	 3	 2	sample35	2176	3752	2126	80376	0	
1	 9	 3	 3	sample35	1681	2881	1682	60000	0	
1	 9	 3	 4	sample35	1181	2061	1162	35200	0	
1	 9	 3	 5	sample35	808	1566	790	30320	0	
1	 9	 3	 6	control	90	1032	64	37680	0	
1	 9	 4	 1	sample36	975	3257	896	91280	0	
1	 9	 4	 2	sample36	933	2367	954	57360	0	
1	 9	 4	 3	sample36	994	2186	1012	56024	0	
1	 9	 4	 4	sample36	916	1800	906	35360	0	
1	 9	 4	 5	sample36	560	1328	532	30720	0	
1	 9	 4	 6	control	1576	2562	1462	78880	0	
1	 10	 1	 1	sample37	2682	4472	2720	94870	0	
1	 10	 1	 2	sample37	3033	4741	3566	158844	0	
1	 10	 1	 3	sample37	3266	4794	3384	111544	0	
1	 10	 1	 4	sample37	2549	4065	2806	109152	0	
1	 10	 1	 5	sample37	1820	3334	1872	119606	0	
1	 10	 1	 6	control	65.2	1617	-37.99	62080	0	
1	 10	 2	 1	sample38	832	2644	772	72480	0	
1	 10	 2	 2	sample38	1214	2736	1162	76100	0	
1	 10	 2	 3	sample38	1704	3152	1800	72400	0	
1	 10	 2	 4	sample38	1831	3143	1764	57728	0	
1	 10	 2	 5	sample38	1276	2606	1410	53200	0	
1	 10	 2	 6	control	5120	6612	5038	116376	0	
1	 10	 3	 1	sample39	3348	5102	2926	140320	0	
1	 10	 3	 2	sample39	1583	3037	1436	136676	0	
1	 10	 3	 3	sample39	1782	3058	1556	85492	0	
1	 10	 3	 4	sample39	1304	2456	1214	46080	0	
1	 10	 3	 5	sample39	639	1865	556	49040	0	
1	 10	 3	 6	control	-19.14	1317	-75.99	53440	0	
1	 10	 4	 1	sample40	655	2195	620	61600	0	
1	 10	 4	 2	sample40	585	1825	534	49600	0	
1	 10	 4	 3	sample40	1372	2530	1282	53268	0	
1	 10	 4	 4	sample40	640	1758	644	44720	0	
1	 10	 4	 5	sample40	625	1787	522	46480	0	
1	 10	 4	 6	control	2418	3988	2094	135020	0	
1	 11	 1	 1	sample41	3290	5160	3322	188870	0	
1	 11	 1	 2	sample41	4761	6465	5232	146544	0	
1	 11	 1	 3	sample41	4286	5842	4544	113588	0	
1	 11	 1	 4	sample41	3456	4928	3504	113344	0	
1	 11	 1	 5	sample41	2144	3668	2338	143256	0	
1	 11	 1	 6	control	131	1757	90	65040	0	
1	 11	 2	 1	sample42	2555	4711	2626	109956	0	
1	 11	 2	 2	sample42	4191	6021	4372	151890	0	
1	 11	 2	 3	sample42	4259	5859	4536	124800	0	
1	 11	 2	 4	sample42	3674	5026	4144	112216	0	
1	 11	 2	 5	sample42	2624	4010	2800	126126	0	
1	 11	 2	 6	control	7448	9066	8196	116496	0	
1	 11	 3	 1	sample43	971	3219	926	89920	0	
1	 11	 3	 2	sample43	3089	4939	3034	133200	0	
1	 11	 3	 3	sample43	1971	3439	2060	124780	0	
1	 11	 3	 4	sample43	1665	2893	1678	88416	0	
1	 11	 3	 5	sample43	1628	2780	1624	46080	0	
1	 11	 3	 6	control	128	1528	24	56000	0	
1	 11	 4	 1	sample44	2445	4521	2424	97572	0	
1	 11	 4	 2	sample44	2198	3664	2328	107018	0	
1	 11	 4	 3	sample44	1828	3022	1804	93132	0	
1	 11	 4	 4	sample44	1905	2903	1792	27944	0	
1	 11	 4	 5	sample44	1132	2086	1234	38160	0	
1	 11	 4	 6	control	3723	4909	3826	77090	0	
1	 12	 1	 1	sample45	4419	6675	3818	198528	0	
1	 12	 1	 2	sample45	5922	8086	6546	151480	0	
1	 12	 1	 3	sample45	5691	7769	5830	126758	0	
1	 12	 1	 4	sample45	3860	5856	4034	129740	0	
1	 12	 1	 5	sample45	2157	4299	2510	156366	0	
1	 12	 1	 6	control	253	2661	272	96320	0	
1	 12	 2	 1	sample46	1170	3330	978	86400	0	
1	 12	 2	 2	sample46	1165	3105	1106	77600	0	
1	 12	 2	 3	sample46	2752	4590	2748	132336	0	
1	 12	 2	 4	sample46	2118	3870	2130	117384	0	
1	 12	 2	 5	sample46	2295	4111	2384	90800	0	
1	 12	 2	 6	control	9554	11786	10478	138384	0	
1	 12	 3	 1	sample47	2757	4669	2608	177816	0	
1	 12	 3	 2	sample47	2673	4413	2350	102660	0	
1	 12	 3	 3	sample47	3924	5614	4072	104780	0	
1	 12	 3	 4	sample47	1743	3353	1922	101430	0	
1	 12	 3	 5	sample47	2024	3646	2086	74612	0	
1	 12	 3	 6	control	289	2185	188	75840	0	
1	 12	 4	 1	sample48	2382	4094	2230	53072	0	
1	 12	 4	 2	sample48	1571	3105	1484	95108	0	
1	 12	 4	 3	sample48	3318	4908	2816	122430	0	
1	 12	 4	 4	sample48	1303	2751	1192	98464	0	
1	 12	 4	 5	sample48	1844	3412	1898	94080	0	
1	 12	 4	 6	control	7477	9329	7780	112972	0	
2	 1	 1	 1	sample49	7085	9117	6670	180848	0	
2	 1	 1	 2	sample49	7444	9996	8146	206712	0	
2	 1	 1	 3	sample49	6823	9301	6624	210630	0	
2	 1	 1	 4	sample49	5150	7338	4908	175040	0	
2	 1	 1	 5	sample49	3853	5945	4250	179912	0	
2	 1	 1	 6	control	-138.04	1958	-151.99	83840	0	
2	 1	 2	 1	sample50	4771	7347	4734	136528	0	
2	 1	 2	 2	sample50	6596	10842	6496	216546	0	
2	 1	 2	 3	sample50	4437	8279	4290	195942	0	
2	 1	 2	 4	sample50	4987	7835	4948	222144	0	
2	 1	 2	 5	sample50	3974	6358	4138	176416	0	
2	 1	 2	 6	control	8355	10709	9090	183612	0	
2	 1	 3	 1	sample51	4679	7211	4664	131664	0	
2	 1	 3	 2	sample51	4632	9296	4302	247192	0	
2	 1	 3	 3	sample51	6796	10036	7240	171720	0	
2	 1	 3	 4	sample51	4071	6515	3872	175968	0	
2	 1	 3	 5	sample51	2076	3956	1948	94000	0	
2	 1	 3	 6	control	-94.29	1816	-143.99	76400	0	
2	 1	 4	 1	sample52	5134	7042	5200	89676	0	
2	 1	 4	 2	sample52	2810	5664	2810	145554	0	
2	 1	 4	 3	sample52	3476	5998	3608	126100	0	
2	 1	 4	 4	sample52	2565	4503	2772	96900	0	
2	 1	 4	 5	sample52	1428	2988	1488	78000	0	
2	 1	 4	 6	control	5186	6828	5210	118224	0	
2	 2	 1	 1	sample53	6224	8702	6204	223020	0	
2	 2	 1	 2	sample53	6524	9056	7342	179772	0	
2	 2	 1	 3	sample53	6122	8122	6262	120000	0	
2	 2	 1	 4	sample53	4768	6390	5030	108674	0	
2	 2	 1	 5	sample53	4116	5440	4452	92680	0	
2	 2	 1	 6	control	230	1352	180	44880	0	
2	 2	 2	 1	sample54	3903	6515	3946	133212	0	
2	 2	 2	 2	sample54	5242	8506	5494	221952	0	
2	 2	 2	 3	sample54	3910	6462	4490	196504	0	
2	 2	 2	 4	sample54	3497	5627	3624	149100	0	
2	 2	 2	 5	sample54	2829	4465	2984	124336	0	
2	 2	 2	 6	control	5603	7095	5652	96980	0	
2	 2	 3	 1	sample55	4928	7544	5206	125568	0	
2	 2	 3	 2	sample55	5034	8164	5304	262920	0	
2	 2	 3	 3	sample55	4051	6469	4464	183768	0	
2	 2	 3	 4	sample55	3002	4986	2918	146816	0	
2	 2	 3	 5	sample55	1670	3272	1746	73692	0	
2	 2	 3	 6	control	2.5	1367	-51.99	54560	0	
2	 2	 4	 1	sample56	4660	7134	4018	108856	0	
2	 2	 4	 2	sample56	2691	5017	2700	44194	0	
2	 2	 4	 3	sample56	3183	5223	2734	104040	0	
2	 2	 4	 4	sample56	2016	3648	2040	84864	0	
2	 2	 4	 5	sample56	1193	2485	1116	51680	0	
2	 2	 4	 6	control	3161	4433	2810	91584	0	
2	 3	 1	 1	sample57	5839	7559	5946	89440	0	
2	 3	 1	 2	sample57	4977	6989	5750	189128	0	
2	 3	 1	 3	sample57	4738	6296	5434	109060	0	
2	 3	 1	 4	sample57	3109	4151	3054	71898	0	
2	 3	 1	 5	sample57	2295	3271	2268	101504	0	
2	 3	 1	 6	control	5.6	862	18	34240	0	
2	 3	 2	 1	sample58	2226	4468	2060	118826	0	
2	 3	 2	 2	sample58	2133	4709	2272	131376	0	
2	 3	 2	 3	sample58	2066	4052	2226	103272	0	
2	 3	 2	 4	sample58	1500	3056	1548	77800	0	
2	 3	 2	 5	sample58	1483	2833	1486	64800	0	
2	 3	 2	 6	control	7911	9205	8822	102226	0	
2	 3	 3	 1	sample59	5032	7558	4742	118722	0	
2	 3	 3	 2	sample59	5729	8657	6180	231312	0	
2	 3	 3	 3	sample59	4762	7034	5448	188576	0	
2	 3	 3	 4	sample59	3767	5387	3640	77760	0	
2	 3	 3	 5	sample59	2462	3812	2306	71550	0	
2	 3	 3	 6	control	-37.34	1179	-63.99	48640	0	
2	 3	 4	 1	sample60	1546	3240	1526	60984	0	
2	 3	 4	 2	sample60	953	2615	972	66480	0	
2	 3	 4	 3	sample60	507	2133	506	65040	0	
2	 3	 4	 4	sample60	888	2226	924	53520	0	
2	 3	 4	 5	sample60	222	1308	146	43440	0	
2	 3	 4	 6	control	3017	4019	2638	78156	0	
2	 4	 1	 1	sample61	5407	6889	5686	72618	0	
2	 4	 1	 2	sample61	5438	6976	5498	119964	0	
2	 4	 1	 3	sample61	4573	5857	4904	83460	0	
2	 4	 1	 4	sample61	3393	4489	3434	65760	0	
2	 4	 1	 5	sample61	3008	4028	2898	79560	0	
2	 4	 1	 6	control	97.3	1173	80	43040	0	
2	 4	 2	 1	sample62	5757	7797	5562	157080	0	
2	 4	 2	 2	sample62	5519	7591	5590	142968	0	
2	 4	 2	 3	sample62	4966	6590	5570	116928	0	
2	 4	 2	 4	sample62	3782	5136	3988	102904	0	
2	 4	 2	 5	sample62	2879	4131	2898	92648	0	
2	 4	 2	 6	control	7402	8810	8132	99968	0	
2	 4	 3	 1	sample63	2596	4946	2526	124550	0	
2	 4	 3	 2	sample63	2975	5205	3042	198470	0	
2	 4	 3	 3	sample63	2691	4453	2750	133912	0	
2	 4	 3	 4	sample63	2354	3800	2554	96882	0	
2	 4	 3	 5	sample63	1466	2766	1376	48100	0	
2	 4	 3	 6	control	-14.74	1415	-95.99	57200	0	
2	 4	 4	 1	sample64	5388	7098	5364	119700	0	
2	 4	 4	 2	sample64	5414	7182	5760	109616	0	
2	 4	 4	 3	sample64	4465	5985	4620	110960	0	
2	 4	 4	 4	sample64	2631	3973	2398	106018	0	
2	 4	 4	 5	sample64	2168	3524	2070	66444	0	
2	 4	 4	 6	control	3453	4969	2936	69736	0	
2	 5	 1	 1	sample65	4583	6593	5028	104520	0	
2	 5	 1	 2	sample65	5704	7198	5688	128484	0	
2	 5	 1	 3	sample65	5722	7000	5492	95850	0	
2	 5	 1	 4	sample65	4244	5402	4032	85692	0	
2	 5	 1	 5	sample65	3439	4613	3350	91572	0	
2	 5	 1	 6	control	45.9	1422	-99.99	55040	0	
2	 5	 2	 1	sample66	1118	3376	1274	90320	0	
2	 5	 2	 2	sample66	4673	6867	4742	103118	0	
2	 5	 2	 3	sample66	3464	5148	3768	87568	0	
2	 5	 2	 4	sample66	2550	3954	2548	99684	0	
2	 5	 2	 5	sample66	2503	3835	2596	61272	0	
2	 5	 2	 6	control	6536	8216	6858	119280	0	
2	 5	 3	 1	sample67	4369	6871	4044	247698	0	
2	 5	 3	 2	sample67	4645	7279	4606	289740	0	
2	 5	 3	 3	sample67	3934	6008	3634	180438	0	
2	 5	 3	 4	sample67	3053	4619	3070	108054	0	
2	 5	 3	 5	sample67	2415	3911	2514	74800	0	
2	 5	 3	 6	control	-49.7	1676	-159.99	58684	0	
2	 5	 4	 1	sample68	3514	5410	3296	180120	0	
2	 5	 4	 2	sample68	2635	4771	2834	98256	0	
2	 5	 4	 3	sample68	3041	5285	2948	100980	0	
2	 5	 4	 4	sample68	1707	3449	1552	69680	0	
2	 5	 4	 5	sample68	377	2003	280	65040	0	
2	 5	 4	 6	control	3733	5735	3624	84084	0	
2	 6	 1	 1	sample69	7582	10464	8066	204622	0	
2	 6	 1	 2	sample69	8392	10838	9020	200572	0	
2	 6	 1	 3	sample69	7593	9679	8328	164794	0	
2	 6	 1	 4	sample69	6646	8372	6708	129450	0	
2	 6	 1	 5	sample69	5596	7048	5628	119064	0	
2	 6	 1	 6	control	-33.49	1435	-131.99	58720	0	
2	 6	 2	 1	sample70	4445	8089	4352	193132	0	
2	 6	 2	 2	sample70	5932	8650	6432	201132	0	
2	 6	 2	 3	sample70	4679	6893	5106	203688	0	
2	 6	 2	 4	sample70	4308	6076	3950	146744	0	
2	 6	 2	 5	sample70	3834	5436	3992	131364	0	
2	 6	 2	 6	control	8193	9971	8292	124460	0	
2	 6	 3	 1	sample71	4216	7672	4652	183168	0	
2	 6	 3	 2	sample71	4473	7053	4360	234780	0	
2	 6	 3	 3	sample71	4672	6870	4764	164850	0	
2	 6	 3	 4	sample71	3955	5677	4056	115374	0	
2	 6	 3	 5	sample71	2119	3627	2204	113100	0	
2	 6	 3	 6	control	-439.39	1163	-449.99	64080	0	
2	 6	 4	 1	sample72	1368	4666	1294	131920	0	
2	 6	 4	 2	sample72	2314	4958	1810	68744	0	
2	 6	 4	 3	sample72	1608	4254	1668	108486	0	
2	 6	 4	 4	sample72	2283	4247	2212	88380	0	
2	 6	 4	 5	sample72	264	1818	236	62160	0	
2	 6	 4	 6	control	2469	4041	2200	67596	0	
2	 7	 1	 1	sample73	4488	6384	4350	127032	0	
2	 7	 1	 2	sample73	4650	6052	4288	134592	0	
2	 7	 1	 3	sample73	4572	5824	5068	86388	0	
2	 7	 1	 4	sample73	2879	4011	2848	79240	0	
2	 7	 1	 5	sample73	2276	3428	2142	97920	0	
2	 7	 1	 6	control	-45.29	1231	-87.99	51040	0	
2	 7	 2	 1	sample74	3025	5547	2864	133666	0	
2	 7	 2	 2	sample74	4833	6605	4950	129356	0	
2	 7	 2	 3	sample74	4003	5533	4210	120870	0	
2	 7	 2	 4	sample74	3858	5220	3846	113046	0	
2	 7	 2	 5	sample74	2779	4091	2666	95776	0	
2	 7	 2	 6	control	11353	13065	11366	124976	0	
2	 7	 3	 1	sample75	805	2507	788	68080	0	
2	 7	 3	 2	sample75	103	1697	94	63760	0	
2	 7	 3	 3	sample75	1901	3351	1816	117450	0	
2	 7	 3	 4	sample75	1543	2797	1400	50160	0	
2	 7	 3	 5	sample75	824	2054	806	49200	0	
2	 7	 3	 6	control	-444.24	1208	-567.99	66080	0	
2	 7	 4	 1	sample76	2965	4575	2462	231840	0	
2	 7	 4	 2	sample76	2934	4608	3044	147312	0	
2	 7	 4	 3	sample76	2772	4342	2692	124030	0	
2	 7	 4	 4	sample76	2020	3470	2054	65250	0	
2	 7	 4	 5	sample76	235	1549	206	52560	0	
2	 7	 4	 6	control	2225	3975	2158	59500	0	
2	 8	 1	 1	sample77	5499	8013	5696	133242	0	
2	 8	 1	 2	sample77	6883	8767	6950	156372	0	
2	 8	 1	 3	sample77	4757	6219	4818	112574	0	
2	 8	 1	 4	sample77	3898	5084	3990	81834	0	
2	 8	 1	 5	sample77	2715	3733	2636	80422	0	
2	 8	 1	 6	control	-82.44	922	-103.99	40160	0	
2	 8	 2	 1	sample78	4760	8230	4920	163090	0	
2	 8	 2	 2	sample78	5936	8292	6574	183768	0	
2	 8	 2	 3	sample78	3821	5737	4240	180104	0	
2	 8	 2	 4	sample78	4164	5608	4414	109744	0	
2	 8	 2	 5	sample78	3146	4462	3364	102648	0	
2	 8	 2	 6	control	7337	8753	7644	97704	0	
2	 8	 3	 1	sample79	3417	7247	3344	199160	0	
2	 8	 3	 2	sample79	4547	7445	4818	133308	0	
2	 8	 3	 3	sample79	3823	6003	3672	183120	0	
2	 8	 3	 4	sample79	3885	5541	4216	120888	0	
2	 8	 3	 5	sample79	1926	3390	1782	96624	0	
2	 8	 3	 6	control	-147.64	1316	-181.99	58560	0	
2	 8	 4	 1	sample80	1007	4315	994	132320	0	
2	 8	 4	 2	sample80	1027	3757	966	109200	0	
2	 8	 4	 3	sample80	2142	4564	2130	96880	0	
2	 8	 4	 4	sample80	1328	3128	1300	72000	0	
2	 8	 4	 5	sample80	405	2011	426	64240	0	
2	 8	 4	 6	control	4565	6367	3928	144160	0	
2	 9	 1	 1	sample81	6883	8621	7712	135564	0	
2	 9	 1	 2	sample81	6412	7932	6878	107920	0	
2	 9	 1	 3	sample81	5990	7298	6798	90252	0	
2	 9	 1	 4	sample81	3647	4803	3900	79764	0	
2	 9	 1	 5	sample81	2739	3847	2880	80884	0	
2	 9	 1	 6	control	125	1371	64	49840	0	
2	 9	 2	 1	sample82	2437	4651	2536	126198	0	
2	 9	 2	 2	sample82	3092	4856	2936	114660	0	
2	 9	 2	 3	sample82	2975	4541	2998	203580	0	
2	 9	 2	 4	sample82	3487	4835	3678	84924	0	
2	 9	 2	 5	sample82	2328	3744	2410	67968	0	
2	 9	 2	 6	control	8437	10293	7868	109504	0	
2	 9	 3	 1	sample83	2001	4467	2012	98640	0	
2	 9	 3	 2	sample83	2257	4455	2274	87920	0	
2	 9	 3	 3	sample83	2579	4433	2572	90846	0	
2	 9	 3	 4	sample83	1875	3465	2060	108120	0	
2	 9	 3	 5	sample83	1032	2606	1248	62960	0	
2	 9	 3	 6	control	-282.09	1688	-233.99	78800	0	
2	 9	 4	 1	sample84	1457	4779	1466	73084	0	
2	 9	 4	 2	sample84	1509	3791	1416	91280	0	
2	 9	 4	 3	sample84	1149	3175	1032	81040	0	
2	 9	 4	 4	sample84	1622	3474	1478	79636	0	
2	 9	 4	 5	sample84	941	2715	894	70960	0	
2	 9	 4	 6	control	4196	6588	4270	160264	0	
2	 10	 1	 1	sample85	3156	5072	3062	101548	0	
2	 10	 1	 2	sample85	4014	5432	3614	127620	0	
2	 10	 1	 3	sample85	3749	4895	3650	82512	0	
2	 10	 1	 4	sample85	2809	3795	2824	72964	0	
2	 10	 1	 5	sample85	2136	3128	2156	72416	0	
2	 10	 1	 6	control	336	1442	222	39816	0	
2	 10	 2	 1	sample86	1216	3918	1192	108080	0	
2	 10	 2	 2	sample86	3184	5194	3106	162810	0	
2	 10	 2	 3	sample86	3058	4616	2750	127756	0	
2	 10	 2	 4	sample86	2688	3998	2474	98250	0	
2	 10	 2	 5	sample86	2447	3797	2340	59400	0	
2	 10	 2	 6	control	6847	8811	5790	84452	0	
2	 10	 3	 1	sample87	2632	5744	2380	143152	0	
2	 10	 3	 2	sample87	2770	4978	2400	94944	0	
2	 10	 3	 3	sample87	2377	4069	2390	67680	0	
2	 10	 3	 4	sample87	1954	3426	1904	60352	0	
2	 10	 3	 5	sample87	1225	2723	1084	59920	0	
2	 10	 3	 6	control	-361.82	1562	-479.99	69264	0	
2	 10	 4	 1	sample88	1353	5147	1220	151760	0	
2	 10	 4	 2	sample88	558	2908	436	84600	0	
2	 10	 4	 3	sample88	1259	3207	1002	70128	0	
2	 10	 4	 4	sample88	1151	2845	1162	60984	0	
2	 10	 4	 5	sample88	437	2027	316	57240	0	
2	 10	 4	 6	control	3331	5295	3180	115876	0	
2	 11	 1	 1	sample89	8136	11034	8084	115920	0	
2	 11	 1	 2	sample89	7371	9359	7956	174944	0	
2	 11	 1	 3	sample89	7058	8574	8222	116732	0	
2	 11	 1	 4	sample89	5956	7398	6464	102382	0	
2	 11	 1	 5	sample89	4694	5974	5384	107520	0	
2	 11	 1	 6	control	36	1268	62	49280	0	
2	 11	 2	 1	sample90	1559	5055	1470	125856	0	
2	 11	 2	 2	sample90	1500	4128	1440	105120	0	
2	 11	 2	 3	sample90	3479	5563	3340	204232	0	
2	 11	 2	 4	sample90	3642	5392	3902	147000	0	
2	 11	 2	 5	sample90	3462	5060	3358	84694	0	
2	 11	 2	 6	control	10550	12190	11004	116440	0	
2	 11	 3	 1	sample91	2649	6461	2558	156292	0	
2	 11	 3	 2	sample91	3708	6314	3418	247570	0	
2	 11	 3	 3	sample91	2405	4425	2492	149480	0	
2	 11	 3	 4	sample91	2396	4120	2464	89648	0	
2	 11	 3	 5	sample91	1757	3315	1738	62320	0	
2	 11	 3	 6	control	0.55	1649	18	65920	0	
2	 11	 4	 1	sample92	818	3798	796	119200	0	
2	 11	 4	 2	sample92	1770	4024	1822	90160	0	
2	 11	 4	 3	sample92	1062	2854	1002	71680	0	
2	 11	 4	 4	sample92	2020	3516	1878	49368	0	
2	 11	 4	 5	sample92	625	2061	696	57440	0	
2	 11	 4	 6	control	6845	8569	7648	117232	0	
2	 12	 1	 1	sample93	7785	9943	7394	161850	0	
2	 12	 1	 2	sample93	9072	10928	10294	126208	0	
2	 12	 1	 3	sample93	8740	10478	9854	100804	0	
2	 12	 1	 4	sample93	6246	7894	6590	100528	0	
2	 12	 1	 5	sample93	4209	5771	4708	98406	0	
2	 12	 1	 6	control	220	1944	260	68960	0	
2	 12	 2	 1	sample94	1850	4626	1836	111040	0	
2	 12	 2	 2	sample94	2492	4780	1930	167024	0	
2	 12	 2	 3	sample94	4041	5965	3658	130832	0	
2	 12	 2	 4	sample94	4576	6258	4612	109330	0	
2	 12	 2	 5	sample94	4282	6050	4316	107848	0	
2	 12	 2	 6	control	10888	12912	12816	117392	0	
2	 12	 3	 1	sample95	4620	7390	3526	310240	0	
2	 12	 3	 2	sample95	4649	6969	3630	120640	0	
2	 12	 3	 3	sample95	4108	6050	4174	106810	0	
2	 12	 3	 4	sample95	2617	4351	2686	86700	0	
2	 12	 3	 5	sample95	2245	4013	2154	109616	0	
2	 12	 3	 6	control	-44.44	1896	-113.99	77600	0	
2	 12	 4	 1	sample96	7260	9900	7210	174240	0	
2	 12	 4	 2	sample96	4740	6936	4750	133956	0	
2	 12	 4	 3	sample96	4631	6423	4400	121856	0	
2	 12	 4	 4	sample96	2239	3901	2446	96396	0	
2	 12	 4	 5	sample96	3066	4818	3172	99864	0	
2	 12	 4	 6	control	8421	10437	8190	110880	0	
3	 1	 1	 1	sample97	6852	8938	6844	302470	0	
3	 1	 1	 2	sample97	8104	12372	8978	311564	0	
3	 1	 1	 3	sample97	6623	9925	7260	224536	0	
3	 1	 1	 4	sample97	5770	8554	6114	189312	0	
3	 1	 1	 5	sample97	4122	6444	4314	185760	0	
3	 1	 1	 6	control	57.1	2265	114	88320	0	
3	 1	 2	 1	sample98	7817	10031	7778	115128	0	
3	 1	 2	 2	sample98	5810	10956	6188	257300	0	
3	 1	 2	 3	sample98	413	3533	460	124800	0	
3	 1	 2	 4	sample98	3782	6406	3990	136448	0	
3	 1	 2	 5	sample98	3587	5913	3756	116300	0	
3	 1	 2	 6	control	8781	11261	9730	220720	0	
3	 1	 3	 1	sample99	5370	7268	5696	100594	0	
3	 1	 3	 2	sample99	4177	8659	3930	233064	0	
3	 1	 3	 3	sample99	6035	9049	6644	156728	0	
3	 1	 3	 4	sample99	4593	7219	5162	204828	0	
3	 1	 3	 5	sample99	2878	5044	2926	164616	0	
3	 1	 3	 6	control	47.6	2210	-13.99	86480	0	
3	 1	 4	 1	sample100	3424	4860	3300	67492	0	
3	 1	 4	 2	sample100	2909	5471	2934	46116	0	
3	 1	 4	 3	sample100	4021	6271	4158	119250	0	
3	 1	 4	 4	sample100	3033	5175	3068	98532	0	
3	 1	 4	 5	sample100	957	2765	712	72320	0	
3	 1	 4	 6	control	5798	7808	5770	134670	0	
3	 2	 1	 1	sample101	8525	9953	8806	108528	0	
3	 2	 1	 2	sample101	8025	9895	8580	143990	0	
3	 2	 1	 3	sample101	7871	9213	8176	99308	0	
3	 2	 1	 4	sample101	5258	6344	5548	79278	0	
3	 2	 1	 5	sample101	4570	5388	4740	63804	0	
3	 2	 1	 6	control	122	898	4	31040	0	
3	 2	 2	 1	sample102	4982	6782	5032	145800	0	
3	 2	 2	 2	sample102	5475	7957	5904	196078	0	
3	 2	 2	 3	sample102	4797	6659	5220	152684	0	
3	 2	 2	 4	sample102	3907	5287	4196	113160	0	
3	 2	 2	 5	sample102	3465	4627	3486	88312	0	
3	 2	 2	 6	control	10240	11428	11844	86724	0	
3	 2	 3	 1	sample103	5108	6704	5440	84588	0	
3	 2	 3	 2	sample103	4682	8172	4864	184970	0	
3	 2	 3	 3	sample103	5524	8120	5606	137588	0	
3	 2	 3	 4	sample103	4047	5919	4218	134784	0	
3	 2	 3	 5	sample103	2592	3854	2478	73196	0	
3	 2	 3	 6	control	-20.39	1098	-83.99	44720	0	
3	 2	 4	 1	sample104	4457	5485	4206	98688	0	
3	 2	 4	 2	sample104	6254	7742	6424	96720	0	
3	 2	 4	 3	sample104	6106	7320	6878	88622	0	
3	 2	 4	 4	sample104	3207	4259	3292	92576	0	
3	 2	 4	 5	sample104	1959	2893	1922	45766	0	
3	 2	 4	 6	control	5780	6642	5606	73270	0	
3	 3	 1	 1	sample105	4912	6686	4070	269648	0	
3	 3	 1	 2	sample105	7476	9856	7778	176120	0	
3	 3	 1	 3	sample105	6454	8390	6512	143264	0	
3	 3	 1	 4	sample105	4390	5974	4326	110880	0	
3	 3	 1	 5	sample105	3622	4906	3592	102720	0	
3	 3	 1	 6	control	-23.99	1184	-11.99	48320	0	
3	 3	 2	 1	sample106	5059	7845	5308	147658	0	
3	 3	 2	 2	sample106	5987	9695	6392	177984	0	
3	 3	 2	 3	sample106	5847	8549	6232	210756	0	
3	 3	 2	 4	sample106	4358	6318	3874	156800	0	
3	 3	 2	 5	sample106	3411	5055	3440	120012	0	
3	 3	 2	 6	control	9981	11805	10146	129504	0	
3	 3	 3	 1	sample107	5114	7306	5496	111792	0	
3	 3	 3	 2	sample107	5422	7562	5422	160500	0	
3	 3	 3	 3	sample107	5005	6987	4688	152614	0	
3	 3	 3	 4	sample107	3392	5138	3208	130950	0	
3	 3	 3	 5	sample107	1796	3296	1934	60000	0	
3	 3	 3	 6	control	131	1513	118	55280	0	
3	 3	 4	 1	sample108	3191	4257	3132	110864	0	
3	 3	 4	 2	sample108	3174	4244	3178	78110	0	
3	 3	 4	 3	sample108	4750	5816	5006	95940	0	
3	 3	 4	 4	sample108	4320	5544	4158	102816	0	
3	 3	 4	 5	sample108	1648	2746	1754	43920	0	
3	 3	 4	 6	control	4480	5684	3390	115584	0	
3	 4	 1	 1	sample109	3715	7075	3884	154560	0	
3	 4	 1	 2	sample109	8367	11499	8324	281880	0	
3	 4	 1	 3	sample109	7017	9383	7240	172718	0	
3	 4	 1	 4	sample109	4234	5958	4514	125852	0	
3	 4	 1	 5	sample109	4120	5514	4244	110126	0	
3	 4	 1	 6	control	-81.99	1212	-199.99	51760	0	
3	 4	 2	 1	sample110	5089	8891	5232	190100	0	
3	 4	 2	 2	sample110	6721	10621	7494	308100	0	
3	 4	 2	 3	sample110	5967	8591	6740	241408	0	
3	 4	 2	 4	sample110	5092	7108	5384	102816	0	
3	 4	 2	 5	sample110	4355	6027	4568	83600	0	
3	 4	 2	 6	control	10862	12602	11986	132240	0	
3	 4	 3	 1	sample111	3880	6400	3732	126000	0	
3	 4	 3	 2	sample111	4205	7159	4542	64988	0	
3	 4	 3	 3	sample111	4219	6473	4230	169050	0	
3	 4	 3	 4	sample111	3014	4700	3028	70812	0	
3	 4	 3	 5	sample111	1301	2561	1326	50400	0	
3	 4	 3	 6	control	-24.94	1197	-149.99	48880	0	
3	 4	 4	 1	sample112	5501	7035	4634	151866	0	
3	 4	 4	 2	sample112	7655	9331	7952	124024	0	
3	 4	 4	 3	sample112	5472	6872	5808	123200	0	
3	 4	 4	 4	sample112	3964	5170	3892	103716	0	
3	 4	 4	 5	sample112	2766	3654	2696	71928	0	
3	 4	 4	 6	control	3511	4381	3076	61770	0	
3	 5	 1	 1	sample113	3918	7706	4148	200764	0	
3	 5	 1	 2	sample113	7029	10411	6388	331436	0	
3	 5	 1	 3	sample113	6131	8389	5980	164834	0	
3	 5	 1	 4	sample113	4072	5772	4294	119000	0	
3	 5	 1	 5	sample113	3545	5133	3596	127040	0	
3	 5	 1	 6	control	-69.44	1495	-187.99	62560	0	
3	 5	 2	 1	sample114	3550	6918	3720	178504	0	
3	 5	 2	 2	sample114	7674	11118	7736	172200	0	
3	 5	 2	 3	sample114	4654	6986	4768	184228	0	
3	 5	 2	 4	sample114	4270	6050	4680	92560	0	
3	 5	 2	 5	sample114	3280	5036	3602	87800	0	
3	 5	 2	 6	control	8554	10442	8916	137824	0	
3	 5	 3	 1	sample115	6759	9393	7382	136968	0	
3	 5	 3	 2	sample115	7899	10515	8128	133416	0	
3	 5	 3	 3	sample115	5797	7555	6226	152946	0	
3	 5	 3	 4	sample115	3240	4678	3308	110726	0	
3	 5	 3	 5	sample115	2980	4298	2912	100168	0	
3	 5	 3	 6	control	-57.79	1382	-93.99	57600	0	
3	 5	 4	 1	sample116	4962	6546	4652	137808	0	
3	 5	 4	 2	sample116	5787	7201	6146	93324	0	
3	 5	 4	 3	sample116	3813	4895	4294	95216	0	
3	 5	 4	 4	sample116	3131	4169	3338	53976	0	
3	 5	 4	 5	sample116	1465	2519	1672	42160	0	
3	 5	 4	 6	control	4742	5966	4286	88128	0	
3	 6	 1	 1	sample117	5447	7737	5074	281670	0	
3	 6	 1	 2	sample117	7798	9928	8066	166140	0	
3	 6	 1	 3	sample117	5989	7647	6254	112744	0	
3	 6	 1	 4	sample117	3684	5134	3994	89900	0	
3	 6	 1	 5	sample117	4067	5437	4100	98640	0	
3	 6	 1	 6	control	-80.69	1603	-133.99	67360	0	
3	 6	 2	 1	sample118	148	2796	134	105920	0	
3	 6	 2	 2	sample118	4968	7602	5164	179112	0	
3	 6	 2	 3	sample118	5133	7119	5054	148950	0	
3	 6	 2	 4	sample118	4185	5827	4464	119866	0	
3	 6	 2	 5	sample118	2812	4480	2722	108420	0	
3	 6	 2	 6	control	9597	11993	10512	153344	0	
3	 6	 3	 1	sample119	3153	5681	3280	126400	0	
3	 6	 3	 2	sample119	5279	7477	5418	175840	0	
3	 6	 3	 3	sample119	3745	5535	3570	118140	0	
3	 6	 3	 4	sample119	2841	4295	2866	97418	0	
3	 6	 3	 5	sample119	1985	3433	1950	65160	0	
3	 6	 3	 6	control	-259.14	1601	-299.99	74400	0	
3	 6	 4	 1	sample120	1598	3174	1590	63040	0	
3	 6	 4	 2	sample120	1349	2793	1228	57760	0	
3	 6	 4	 3	sample120	1840	3132	1618	114988	0	
3	 6	 4	 4	sample120	1509	2681	1488	46880	0	
3	 6	 4	 5	sample120	954	2184	968	49200	0	
3	 6	 4	 6	control	3780	5522	3400	118456	0	
3	 7	 1	 1	sample121	4789	8323	4788	183768	0	
3	 7	 1	 2	sample121	6772	9030	5998	241606	0	
3	 7	 1	 3	sample121	6623	8107	6794	108332	0	
3	 7	 1	 4	sample121	4936	6150	5278	83766	0	
3	 7	 1	 5	sample121	2864	4052	2908	52272	0	
3	 7	 1	 6	control	-409.84	1012	-451.99	56880	0	
3	 7	 2	 1	sample122	2232	6962	2668	189200	0	
3	 7	 2	 2	sample122	6278	9376	6710	148704	0	
3	 7	 2	 3	sample122	4723	6737	5114	106742	0	
3	 7	 2	 4	sample122	3621	5221	3718	78400	0	
3	 7	 2	 5	sample122	2675	4341	2904	66640	0	
3	 7	 2	 6	control	9977	12375	11268	184646	0	
3	 7	 3	 1	sample123	2039	7041	1842	200080	0	
3	 7	 3	 2	sample123	2930	6666	3222	194272	0	
3	 7	 3	 3	sample123	4028	6314	4450	118872	0	
3	 7	 3	 4	sample123	1879	3671	2010	91392	0	
3	 7	 3	 5	sample123	1065	2851	1200	71440	0	
3	 7	 3	 6	control	-679.19	1517	-715.99	87840	0	
3	 7	 4	 1	sample124	6182	9578	6438	179988	0	
3	 7	 4	 2	sample124	5535	8123	6070	175984	0	
3	 7	 4	 3	sample124	4322	6632	4502	180180	0	
3	 7	 4	 4	sample124	2729	4721	2850	103584	0	
3	 7	 4	 5	sample124	1308	2954	1296	65840	0	
3	 7	 4	 6	control	5187	7527	5326	149760	0	
3	 8	 1	 1	sample125	6161	10539	6264	223278	0	
3	 8	 1	 2	sample125	9307	12703	9694	173196	0	
3	 8	 1	 3	sample125	7545	9751	7672	116918	0	
3	 8	 1	 4	sample125	4877	6337	4972	75920	0	
3	 8	 1	 5	sample125	5234	6406	5352	60944	0	
3	 8	 1	 6	control	-162.69	955	-273.99	44720	0	
3	 8	 2	 1	sample126	6660	13394	6380	228956	0	
3	 8	 2	 2	sample126	8683	14047	9526	241380	0	
3	 8	 2	 3	sample126	8463	11961	9126	244860	0	
3	 8	 2	 4	sample126	7832	10192	7684	122720	0	
3	 8	 2	 5	sample126	6515	8455	7516	135800	0	
3	 8	 2	 6	control	9901	12207	11274	161420	0	
3	 8	 3	 1	sample127	187	6505	406	252720	0	
3	 8	 3	 2	sample127	2120	7422	2378	212080	0	
3	 8	 3	 3	sample127	3231	6745	3054	179214	0	
3	 8	 3	 4	sample127	4007	6297	4154	100760	0	
3	 8	 3	 5	sample127	1570	3510	1636	77600	0	
3	 8	 3	 6	control	-741.84	1556	-759.99	91920	0	
3	 8	 4	 1	sample128	1145	4991	838	153840	0	
3	 8	 4	 2	sample128	-158.04	3060	-221.99	128720	0	
3	 8	 4	 3	sample128	2814	6006	2504	134064	0	
3	 8	 4	 4	sample128	1505	3269	1452	70560	0	
3	 8	 4	 5	sample128	616	2296	622	60480	0	
3	 8	 4	 6	control	7086	9830	6898	82320	0	
3	 9	 1	 1	sample129	4422	6638	4734	117448	0	
3	 9	 1	 2	sample129	10269	12437	11642	114904	0	
3	 9	 1	 3	sample129	8328	9840	9194	102816	0	
3	 9	 1	 4	sample129	5877	7315	5976	66148	0	
3	 9	 1	 5	sample129	3651	5153	3912	72096	0	
3	 9	 1	 6	control	-350.44	1558	-399.99	76320	0	
3	 9	 2	 1	sample130	8352	14168	8614	261720	0	
3	 9	 2	 2	sample130	8571	12947	8696	166288	0	
3	 9	 2	 3	sample130	8524	11494	9090	270270	0	
3	 9	 2	 4	sample130	8229	10815	9028	129300	0	
3	 9	 2	 5	sample130	8482	11238	9068	135044	0	
3	 9	 2	 6	control	10910	15110	11442	289800	0	
3	 9	 3	 1	sample131	-132.38	5748	234	211680	0	
3	 9	 3	 2	sample131	3256	7006	3288	150000	0	
3	 9	 3	 3	sample131	6193	8875	6528	142146	0	
3	 9	 3	 4	sample131	6048	8320	6360	106784	0	
3	 9	 3	 5	sample131	3948	6314	4388	118300	0	
3	 9	 3	 6	control	-1391.34	2081	-1517.99	138880	0	
3	 9	 4	 1	sample132	1661	5773	1652	164480	0	
3	 9	 4	 2	sample132	2752	5998	2494	116856	0	
3	 9	 4	 3	sample132	2695	5301	2436	117270	0	
3	 9	 4	 4	sample132	2221	4181	1976	78400	0	
3	 9	 4	 5	sample132	872	2750	830	75120	0	
3	 9	 4	 6	control	7129	9929	7358	131600	0	
3	 10	 1	 1	sample133	6786	13404	7202	350754	0	
3	 10	 1	 2	sample133	8772	12324	7980	390720	0	
3	 10	 1	 3	sample133	7574	9716	7022	143514	0	
3	 10	 1	 4	sample133	5545	7241	5172	113632	0	
3	 10	 1	 5	sample133	5457	6915	5780	116640	0	
3	 10	 1	 6	control	-248.44	1222	-263.99	58800	0	
3	 10	 2	 1	sample134	5519	14017	5640	339920	0	
3	 10	 2	 2	sample134	7707	12241	7330	412594	0	
3	 10	 2	 3	sample134	8222	11266	8398	277004	0	
3	 10	 2	 4	sample134	7585	9909	7942	188244	0	
3	 10	 2	 5	sample134	6572	8554	6602	150632	0	
3	 10	 2	 6	control	9631	11889	9612	153544	0	
3	 10	 3	 1	sample135	1003	7749	1058	269840	0	
3	 10	 3	 2	sample135	4617	8755	5090	190348	0	
3	 10	 3	 3	sample135	3196	6216	3330	160060	0	
3	 10	 3	 4	sample135	6598	8834	4102	89440	0	
3	 10	 3	 5	sample135	1351	3123	1234	70880	0	
3	 10	 3	 6	control	-470.17	1642	-431.99	71808	0	
3	 10	 4	 1	sample136	2932	6586	2928	131544	0	
3	 10	 4	 2	sample136	5842	8580	6108	158804	0	
3	 10	 4	 3	sample136	5683	8039	5506	103664	0	
3	 10	 4	 4	sample136	4010	5900	4164	96390	0	
3	 10	 4	 5	sample136	1875	3491	1812	64640	0	
3	 10	 4	 6	control	5285	7359	4516	132736	0	
3	 11	 1	 1	sample137	6921	10815	6658	377718	0	
3	 11	 1	 2	sample137	10393	13425	11496	260752	0	
3	 11	 1	 3	sample137	9165	11339	9520	156528	0	
3	 11	 1	 4	sample137	6864	8748	6998	143184	0	
3	 11	 1	 5	sample137	5461	7193	5718	135096	0	
3	 11	 1	 6	control	-132.99	1815	-163.99	77920	0	
3	 11	 2	 1	sample138	3152	7950	3162	244698	0	
3	 11	 2	 2	sample138	6997	10725	7700	268416	0	
3	 11	 2	 3	sample138	6951	9665	8058	238832	0	
3	 11	 2	 4	sample138	4625	6907	4938	184842	0	
3	 11	 2	 5	sample138	4293	6425	3924	170560	0	
3	 11	 2	 6	control	9066	11770	10034	173056	0	
3	 11	 3	 1	sample139	5200	11008	5582	307824	0	
3	 11	 3	 2	sample139	8475	12167	9176	335972	0	
3	 11	 3	 3	sample139	7210	9898	8526	231168	0	
3	 11	 3	 4	sample139	6378	8610	7346	147312	0	
3	 11	 3	 5	sample139	3271	5491	3256	157620	0	
3	 11	 3	 6	control	-803.79	1892	-867.99	107840	0	
3	 11	 4	 1	sample140	2144	6614	2070	178800	0	
3	 11	 4	 2	sample140	1481	4543	1488	122480	0	
3	 11	 4	 3	sample140	2108	4522	2038	123114	0	
3	 11	 4	 4	sample140	1636	3570	1624	77360	0	
3	 11	 4	 5	sample140	900	2842	830	77680	0	
3	 11	 4	 6	control	6096	8674	6054	172726	0	
3	 12	 1	 1	sample141	7625	11613	7880	211364	0	
3	 12	 1	 2	sample141	9658	12648	9898	245180	0	
3	 12	 1	 3	sample141	7896	10448	7670	183744	0	
3	 12	 1	 4	sample141	5278	7560	5620	155176	0	
3	 12	 1	 5	sample141	3735	5933	4054	164850	0	
3	 12	 1	 6	control	281	2427	276	85840	0	
3	 12	 2	 1	sample142	2100	7162	1946	202480	0	
3	 12	 2	 2	sample142	4558	8448	4368	186720	0	
3	 12	 2	 3	sample142	7179	10255	6876	279916	0	
3	 12	 2	 4	sample142	6453	8875	6358	188916	0	
3	 12	 2	 5	sample142	5130	7494	4804	186756	0	
3	 12	 2	 6	control	11534	13952	12964	178932	0	
3	 12	 3	 1	sample143	4152	9496	4186	283232	0	
3	 12	 3	 2	sample143	4367	8177	3948	255270	0	
3	 12	 3	 3	sample143	3140	6174	3120	148666	0	
3	 12	 3	 4	sample143	2538	4950	2558	183312	0	
3	 12	 3	 5	sample143	1340	3522	1322	87280	0	
3	 12	 3	 6	control	34.9	2215	-53.99	87200	0	
3	 12	 4	 1	sample144	7663	12499	8016	232128	0	
3	 12	 4	 2	sample144	9473	13085	10166	245616	0	
3	 12	 4	 3	sample144	7086	9994	7958	261720	0	
3	 12	 4	 4	sample144	4569	6751	4894	163650	0	
3	 12	 4	 5	sample144	3325	5403	3180	155850	0	
3	 12	 4	 6	control	6470	8594	7288	144432	0	
4	 1	 1	 1	sample145	4669	5991	4100	169216	0	
4	 1	 1	 2	sample145	8065	10615	8596	191250	0	
4	 1	 1	 3	sample145	6251	8831	6654	165120	0	
4	 1	 1	 4	sample145	6131	8615	6480	154008	0	
4	 1	 1	 5	sample145	5895	8129	6092	172018	0	
4	 1	 1	 6	control	20.3	2410	-31.99	95600	0	
4	 1	 2	 1	sample146	4820	6058	4996	54472	0	
4	 1	 2	 2	sample146	4841	7243	5018	184954	0	
4	 1	 2	 3	sample146	5371	7835	5266	128128	0	
4	 1	 2	 4	sample146	5182	7578	5916	191680	0	
4	 1	 2	 5	sample146	5662	7930	5980	174636	0	
4	 1	 2	 6	control	10727	13259	11730	205092	0	
4	 1	 3	 1	sample147	2915	4313	2908	55920	0	
4	 1	 3	 2	sample147	3241	5609	3288	113664	0	
4	 1	 3	 3	sample147	4781	7369	4816	126812	0	
4	 1	 3	 4	sample147	3846	6286	4064	119560	0	
4	 1	 3	 5	sample147	1999	4139	1854	72760	0	
4	 1	 3	 6	control	82.5	2421	126	93520	0	
4	 1	 4	 1	sample148	2463	3821	2586	42098	0	
4	 1	 4	 2	sample148	3778	5376	3888	71910	0	
4	 1	 4	 3	sample148	4570	6236	4952	184926	0	
4	 1	 4	 4	sample148	4145	5813	4344	83400	0	
4	 1	 4	 5	sample148	3071	4535	3446	105408	0	
4	 1	 4	 6	control	4962	6704	5100	130650	0	
4	 2	 1	 1	sample149	12883	15613	13552	174720	0	
4	 2	 1	 2	sample149	10857	14865	11858	276552	0	
4	 2	 1	 3	sample149	9949	13047	11290	210664	0	
4	 2	 1	 4	sample149	7518	9994	8724	173320	0	
4	 2	 1	 5	sample149	6212	8258	6816	153450	0	
4	 2	 1	 6	control	40.6	1963	-71.99	76880	0	
4	 2	 2	 1	sample150	7156	10000	5474	412380	0	
4	 2	 2	 2	sample150	8534	11686	8326	258464	0	
4	 2	 2	 3	sample150	8317	10801	9324	181332	0	
4	 2	 2	 4	sample150	6551	8737	7228	153020	0	
4	 2	 2	 5	sample150	4511	6407	4430	153576	0	
4	 2	 2	 6	control	10958	12966	12318	140560	0	
4	 2	 3	 1	sample151	2812	5080	2856	117936	0	
4	 2	 3	 2	sample151	2709	5141	2978	97280	0	
4	 2	 3	 3	sample151	3215	5147	3448	92736	0	
4	 2	 3	 4	sample151	1417	3261	1402	66384	0	
4	 2	 3	 5	sample151	1169	2811	1276	59112	0	
4	 2	 3	 6	control	41.8	1768	-3.99	62136	0	
4	 2	 4	 1	sample152	3378	4804	3156	71300	0	
4	 2	 4	 2	sample152	2239	3527	2026	92736	0	
4	 2	 4	 3	sample152	2646	3818	2610	94932	0	
4	 2	 4	 4	sample152	2297	3439	2450	84508	0	
4	 2	 4	 5	sample152	2054	3144	2098	22890	0	
4	 2	 4	 6	control	6569	7831	7196	93388	0	
4	 3	 1	 1	sample153	6148	8718	5480	331530	0	
4	 3	 1	 2	sample153	9708	13270	10390	270712	0	
4	 3	 1	 3	sample153	6489	9375	6462	202020	0	
4	 3	 1	 4	sample153	6793	9103	7482	152460	0	
4	 3	 1	 5	sample153	4225	6083	4274	133776	0	
4	 3	 1	 6	control	-273.14	1525	-269.99	71920	0	
4	 3	 2	 1	sample154	4464	7218	4354	140454	0	
4	 3	 2	 2	sample154	4120	7070	3922	238950	0	
4	 3	 2	 3	sample154	4580	6914	4512	151710	0	
4	 3	 2	 4	sample154	3401	5255	3474	124218	0	
4	 3	 2	 5	sample154	2908	4634	3006	86300	0	
4	 3	 2	 6	control	11105	13109	9000	160320	0	
4	 3	 3	 1	sample155	6706	8908	6870	178362	0	
4	 3	 3	 2	sample155	7211	9657	8276	181004	0	
4	 3	 3	 3	sample155	5897	7917	6460	157560	0	
4	 3	 3	 4	sample155	3907	5497	4028	112890	0	
4	 3	 3	 5	sample155	2567	3983	2478	99120	0	
4	 3	 3	 6	control	203	1623	236	56800	0	
4	 3	 4	 1	sample156	4451	5873	4304	119448	0	
4	 3	 4	 2	sample156	3229	4637	2802	150656	0	
4	 3	 4	 3	sample156	4380	5570	4854	95200	0	
4	 3	 4	 4	sample156	2835	3915	2690	93960	0	
4	 3	 4	 5	sample156	1671	2659	1664	82992	0	
4	 3	 4	 6	control	3591	4585	3728	66598	0	
4	 4	 1	 1	sample157	5839	8845	5694	204408	0	
4	 4	 1	 2	sample157	7168	10084	8322	189540	0	
4	 4	 1	 3	sample157	6154	8486	6410	135256	0	
4	 4	 1	 4	sample157	5155	7125	5492	122140	0	
4	 4	 1	 5	sample157	3856	5548	4248	123516	0	
4	 4	 1	 6	control	-13.34	1603	-51.99	64640	0	
4	 4	 2	 1	sample158	2608	5746	2632	153762	0	
4	 4	 2	 2	sample158	1066	4192	1028	106284	0	
4	 4	 2	 3	sample158	2611	5027	2592	106304	0	
4	 4	 2	 4	sample158	2039	4021	2006	91172	0	
4	 4	 2	 5	sample158	1721	3427	1668	78476	0	
4	 4	 2	 6	control	7296	8984	7844	106344	0	
4	 4	 3	 1	sample159	5274	7660	5524	126458	0	
4	 4	 3	 2	sample159	4568	7014	4816	97840	0	
4	 4	 3	 3	sample159	2944	4954	2660	170850	0	
4	 4	 3	 4	sample159	2304	4130	2286	118690	0	
4	 4	 3	 5	sample159	1291	2731	1098	57600	0	
4	 4	 3	 6	control	230	1662	222	57280	0	
4	 4	 4	 1	sample160	3536	5056	3608	97280	0	
4	 4	 4	 2	sample160	3018	4430	3392	79072	0	
4	 4	 4	 3	sample160	2340	3586	2616	89712	0	
4	 4	 4	 4	sample160	1787	2909	1884	56100	0	
4	 4	 4	 5	sample160	1355	2333	1380	39120	0	
4	 4	 4	 6	control	2666	3658	2334	57536	0	
4	 5	 1	 1	sample161	6250	9986	6294	179328	0	
4	 5	 1	 2	sample161	6796	10720	7222	282528	0	
4	 5	 1	 3	sample161	6292	9314	6902	196430	0	
4	 5	 1	 4	sample161	4476	6992	4440	176120	0	
4	 5	 1	 5	sample161	3211	5441	3104	167250	0	
4	 5	 1	 6	control	-166.54	2025	-143.99	87680	0	
4	 5	 2	 1	sample162	4546	7926	4956	179140	0	
4	 5	 2	 2	sample162	4382	7978	4714	158224	0	
4	 5	 2	 3	sample162	4207	7195	4228	155376	0	
4	 5	 2	 4	sample162	3611	6091	3794	121520	0	
4	 5	 2	 5	sample162	2418	4490	2596	89096	0	
4	 5	 2	 6	control	6886	9054	7832	166936	0	
4	 5	 3	 1	sample163	2921	5505	3048	131784	0	
4	 5	 3	 2	sample163	2702	5350	2924	129752	0	
4	 5	 3	 3	sample163	3371	5581	3590	106080	0	
4	 5	 3	 4	sample163	1916	3978	1970	86604	0	
4	 5	 3	 5	sample163	1405	3351	1488	64218	0	
4	 5	 3	 6	control	85.2	2031	42	66164	0	
4	 5	 4	 1	sample164	1962	3514	2050	76048	0	
4	 5	 4	 2	sample164	1782	3180	1662	37746	0	
4	 5	 4	 3	sample164	2015	3509	1754	58266	0	
4	 5	 4	 4	sample164	1808	3104	1610	46656	0	
4	 5	 4	 5	sample164	1013	2255	910	42228	0	
4	 5	 4	 6	control	2759	3933	2418	77484	0	
4	 6	 1	 1	sample165	2838	6412	2964	150108	0	
4	 6	 1	 2	sample165	5252	8162	5180	241530	0	
4	 6	 1	 3	sample165	4598	7016	4834	174096	0	
4	 6	 1	 4	sample165	3473	5833	3438	125080	0	
4	 6	 1	 5	sample165	3041	5489	3066	127296	0	
4	 6	 1	 6	control	-245.34	2447	-233.99	107680	0	
4	 6	 2	 1	sample166	1031	4313	1082	131280	0	
4	 6	 2	 2	sample166	1796	4714	1760	142982	0	
4	 6	 2	 3	sample166	3612	6194	3688	136846	0	
4	 6	 2	 4	sample166	3129	5441	3064	122536	0	
4	 6	 2	 5	sample166	2289	4645	2290	122512	0	
4	 6	 2	 6	control	7715	10523	8308	196560	0	
4	 6	 3	 1	sample167	1169	4013	1098	113760	0	
4	 6	 3	 2	sample167	1068	3510	1058	97680	0	
4	 6	 3	 3	sample167	1793	4077	1830	100496	0	
4	 6	 3	 4	sample167	1033	3117	1036	83360	0	
4	 6	 3	 5	sample167	851	2897	840	81840	0	
4	 6	 3	 6	control	222	2344	200	84880	0	
4	 6	 4	 1	sample168	1005	2375	1006	54800	0	
4	 6	 4	 2	sample168	1449	2865	1418	38232	0	
4	 6	 4	 3	sample168	1721	3099	1668	55120	0	
4	 6	 4	 4	sample168	1221	2603	1196	55280	0	
4	 6	 4	 5	sample168	695	2193	740	59920	0	
4	 6	 4	 6	control	3233	4737	2940	79712	0	
4	 7	 1	 1	sample169	1899	5537	1336	130968	0	
4	 7	 1	 2	sample169	3108	6522	2896	174114	0	
4	 7	 1	 3	sample169	2766	5690	2868	149124	0	
4	 7	 1	 4	sample169	1806	4530	1864	136200	0	
4	 7	 1	 5	sample169	1040	3836	938	100656	0	
4	 7	 1	 6	control	-562.09	2904	-579.99	138640	0	
4	 7	 2	 1	sample170	3220	8674	3198	289062	0	
4	 7	 2	 2	sample170	6066	10014	5728	343476	0	
4	 7	 2	 3	sample170	5727	8857	5908	162760	0	
4	 7	 2	 4	sample170	5307	8121	4944	227934	0	
4	 7	 2	 5	sample170	3704	6562	3536	214350	0	
4	 7	 2	 6	control	9579	13345	10638	256088	0	
4	 7	 3	 1	sample171	1348	4618	1278	117720	0	
4	 7	 3	 2	sample171	3097	5965	3118	143400	0	
4	 7	 3	 3	sample171	3364	5820	3386	184200	0	
4	 7	 3	 4	sample171	2001	4379	2000	114144	0	
4	 7	 3	 5	sample171	1447	3897	1540	98000	0	
4	 7	 3	 6	control	29.2	3053	-1.99	120960	0	
4	 7	 4	 1	sample172	1315	2705	1304	50040	0	
4	 7	 4	 2	sample172	970	2390	980	56800	0	
4	 7	 4	 3	sample172	1644	3082	1684	57520	0	
4	 7	 4	 4	sample172	1683	3203	1706	69920	0	
4	 7	 4	 5	sample172	740	2496	728	70240	0	
4	 7	 4	 6	control	3666	5846	3522	141700	0	
4	 8	 1	 1	sample173	3496	10130	3562	265360	0	
4	 8	 1	 2	sample173	3510	9470	4016	315880	0	
4	 8	 1	 3	sample173	4784	8792	4730	196392	0	
4	 8	 1	 4	sample173	6466	9676	5736	147660	0	
4	 8	 1	 5	sample173	5698	8654	4786	147800	0	
4	 8	 1	 6	control	-873.34	1883	-871.99	110240	0	
4	 8	 2	 1	sample174	2288	8874	2532	263440	0	
4	 8	 2	 2	sample174	5938	10798	6018	252720	0	
4	 8	 2	 3	sample174	6184	9230	6066	130978	0	
4	 8	 2	 4	sample174	5510	8130	5636	133620	0	
4	 8	 2	 5	sample174	3781	6287	3930	122794	0	
4	 8	 2	 6	control	9110	12444	9806	230046	0	
4	 8	 3	 1	sample175	818	5108	868	171600	0	
4	 8	 3	 2	sample175	843	4147	764	118944	0	
4	 8	 3	 3	sample175	2016	4422	2174	115488	0	
4	 8	 3	 4	sample175	897	2901	898	72144	0	
4	 8	 3	 5	sample175	876	2714	804	66168	0	
4	 8	 3	 6	control	-342.77	1951	-377.99	82584	0	
4	 8	 4	 1	sample176	3965	5633	3950	76728	0	
4	 8	 4	 2	sample176	3503	4851	3644	87620	0	
4	 8	 4	 3	sample176	3086	4282	3070	45448	0	
4	 8	 4	 4	sample176	2574	3720	2634	55008	0	
4	 8	 4	 5	sample176	1201	2385	1208	47360	0	
4	 8	 4	 6	control	4143	5565	4520	75366	0	
4	 9	 1	 1	sample177	4285	9187	4388	259806	0	
4	 9	 1	 2	sample177	6646	10096	6136	293250	0	
4	 9	 1	 3	sample177	6887	9607	7554	193120	0	
4	 9	 1	 4	sample177	6013	8293	6586	168720	0	
4	 9	 1	 5	sample177	3192	5112	3244	157440	0	
4	 9	 1	 6	control	-238.24	1790	-231.99	81120	0	
4	 9	 2	 1	sample178	2221	7761	2232	221600	0	
4	 9	 2	 2	sample178	3062	6962	3120	179400	0	
4	 9	 2	 3	sample178	5683	8663	5624	226480	0	
4	 9	 2	 4	sample178	4215	6379	4320	160136	0	
4	 9	 2	 5	sample178	2228	4052	2294	72960	0	
4	 9	 2	 6	control	6241	8373	6448	155636	0	
4	 9	 3	 1	sample179	1911	7577	1864	226640	0	
4	 9	 3	 2	sample179	5629	9359	5862	287210	0	
4	 9	 3	 3	sample179	4520	7198	4828	222274	0	
4	 9	 3	 4	sample179	2710	4652	2984	135940	0	
4	 9	 3	 5	sample179	1841	3337	2002	73304	0	
4	 9	 3	 6	control	59.7	1734	14	66960	0	
4	 9	 4	 1	sample180	3011	5567	3108	102240	0	
4	 9	 4	 2	sample180	3975	6081	3974	109512	0	
4	 9	 4	 3	sample180	2617	4547	2570	94570	0	
4	 9	 4	 4	sample180	2216	3668	1804	103092	0	
4	 9	 4	 5	sample180	1303	2517	1334	48560	0	
4	 9	 4	 6	control	1364	2606	1316	49680	0	
4	 10	 1	 1	sample181	3825	7399	3782	171552	0	
4	 10	 1	 2	sample181	8596	11558	8748	201416	0	
4	 10	 1	 3	sample181	5861	8145	6222	143892	0	
4	 10	 1	 4	sample181	4928	7044	5414	135424	0	
4	 10	 1	 5	sample181	3586	5692	3714	147420	0	
4	 10	 1	 6	control	-422.04	2014	-493.99	97440	0	
4	 10	 2	 1	sample182	5236	9346	5378	209610	0	
4	 10	 2	 2	sample182	7324	10658	7886	226712	0	
4	 10	 2	 3	sample182	8174	10668	9220	182062	0	
4	 10	 2	 4	sample182	7624	9726	8712	161854	0	
4	 10	 2	 5	sample182	5775	7825	6120	139400	0	
4	 10	 2	 6	control	9555	12581	10370	181560	0	
4	 10	 3	 1	sample183	4113	8967	3796	174744	0	
4	 10	 3	 2	sample183	3540	6552	3652	150600	0	
4	 10	 3	 3	sample183	4997	7367	5606	142200	0	
4	 10	 3	 4	sample183	2667	4723	2746	86352	0	
4	 10	 3	 5	sample183	2164	4106	2264	77680	0	
4	 10	 3	 6	control	-231.69	2296	-205.99	101120	0	
4	 10	 4	 1	sample184	2088	3846	2048	70320	0	
4	 10	 4	 2	sample184	2203	3995	2244	69888	0	
4	 10	 4	 3	sample184	2866	4626	2976	77440	0	
4	 10	 4	 4	sample184	2401	3955	2330	119658	0	
4	 10	 4	 5	sample184	1264	2802	1222	61520	0	
4	 10	 4	 6	control	3300	5252	3504	99552	0	
4	 11	 1	 1	sample185	8607	13099	8942	229092	0	
4	 11	 1	 2	sample185	10760	13784	11602	214704	0	
4	 11	 1	 3	sample185	10065	12161	11574	134144	0	
4	 11	 1	 4	sample185	8581	10277	9642	101760	0	
4	 11	 1	 5	sample185	5929	7491	6466	104654	0	
4	 11	 1	 6	control	-301.64	1306	-325.99	64320	0	
4	 11	 2	 1	sample186	2916	8510	2946	279700	0	
4	 11	 2	 2	sample186	8281	11921	7868	251160	0	
4	 11	 2	 3	sample186	7710	10658	8176	235840	0	
4	 11	 2	 4	sample186	6869	9269	7668	127200	0	
4	 11	 2	 5	sample186	3881	5929	3802	88064	0	
4	 11	 2	 6	control	9518	11784	9482	142758	0	
4	 11	 3	 1	sample187	3667	9479	3678	232480	0	
4	 11	 3	 2	sample187	6176	9714	6352	286578	0	
4	 11	 3	 3	sample187	5170	7780	4792	195750	0	
4	 11	 3	 4	sample187	4081	6017	3988	40656	0	
4	 11	 3	 5	sample187	4261	6129	4290	128892	0	
4	 11	 3	 6	control	-483.59	1708	-509.99	87680	0	
4	 11	 4	 1	sample188	2758	5552	2674	111760	0	
4	 11	 4	 2	sample188	4076	6288	4204	97328	0	
4	 11	 4	 3	sample188	2161	3905	2118	85456	0	
4	 11	 4	 4	sample188	2862	4398	3042	96768	0	
4	 11	 4	 5	sample188	1779	3287	1628	60320	0	
4	 11	 4	 6	control	7886	9686	8554	104400	0	
4	 12	 1	 1	sample189	3156	6242	3064	157386	0	
4	 12	 1	 2	sample189	4659	7017	4422	174492	0	
4	 12	 1	 3	sample189	3875	5847	3534	149872	0	
4	 12	 1	 4	sample189	3053	4733	3206	109200	0	
4	 12	 1	 5	sample189	1844	3464	1988	115020	0	
4	 12	 1	 6	control	302	2002	216	68000	0	
4	 12	 2	 1	sample190	5818	9910	5086	396924	0	
4	 12	 2	 2	sample190	6607	9667	7030	195840	0	
4	 12	 2	 3	sample190	7697	10195	9176	217326	0	
4	 12	 2	 4	sample190	6833	8865	7010	158496	0	
4	 12	 2	 5	sample190	6558	8530	7238	145928	0	
4	 12	 2	 6	control	9671	11699	10686	137904	0	
4	 12	 3	 1	sample191	3633	7577	3386	169592	0	
4	 12	 3	 2	sample191	5347	8203	5676	108528	0	
4	 12	 3	 3	sample191	4916	7208	5230	162732	0	
4	 12	 3	 4	sample191	3839	5853	4074	124868	0	
4	 12	 3	 5	sample191	4453	6341	4236	137824	0	
4	 12	 3	 6	control	158	2052	40	75760	0	
4	 12	 4	 1	sample192	4108	6962	3698	234028	0	
4	 12	 4	 2	sample192	2719	4973	2292	169050	0	
4	 12	 4	 3	sample192	2563	4451	2430	145376	0	
4	 12	 4	 4	sample192	2259	3883	2382	113680	0	
4	 12	 4	 5	sample192	1873	3511	1764	70434	0	
4	 12	 4	 6	control	5121	6893	5336	97460	0	
