MicroVigene	 Version	 2501
Culture	en-US
9/30/2006 10:16:10 AM
Roi Row	 4	 Roi Col	 12	 Main Row	 4	 Main Col	 6	 Sub Row	 1	 Sub Col	 1
Main Row	 Main Col	 Sub Row	 Sub Col	  GeneID	mean_net	 mean_total	 median_net	 vol_bkg	 vol_dust	 
1	 1	 1	 1	sample1	-1099.88	1984	-1027.99	111024	0	
1	 1	 1	 2	sample1	-1528.16	1556	-1799.99	111024	0	
1	 1	 1	 3	sample1	-1671.05	1927	-2055.99	129528	0	
1	 1	 1	 4	sample1	-1534.27	2320	-1541.99	138744	0	
1	 1	 1	 5	sample1	-762.93	3091	-513.99	131036	0	
1	 1	 1	 6	control	-571.34	2769	-513.99	133600	0	
1	 1	 2	 1	sample2	269	3867	256	143920	0	
1	 1	 2	 2	sample2	-1079.94	2518	-1285.99	143920	0	
1	 1	 2	 3	sample2	-1708.59	2145	-1797.99	154160	0	
1	 1	 2	 4	sample2	-964.34	3148	-1027.99	164480	0	
1	 1	 2	 5	sample2	-1199.82	2912	-1285.99	148032	0	
1	 1	 2	 6	control	1029	5397	1028	96096	0	
1	 1	 3	 1	sample3	-635.82	2962	-513.99	129528	0	
1	 1	 3	 2	sample3	-941.66	2912	-1283.99	138744	0	
1	 1	 3	 3	sample3	-478.88	3633	-771.99	148032	0	
1	 1	 3	 4	sample3	-349.16	4019	-255.99	157248	0	
1	 1	 3	 5	sample3	-1881.94	2486	-2055.99	174720	0	
1	 1	 3	 6	control	-818.8	3549	-769.99	139776	0	
1	 1	 4	 1	sample4	56.7	4169	0	148032	0	
1	 1	 4	 2	sample4	-535.88	3576	-513.99	148032	0	
1	 1	 4	 3	sample4	-370.71	3997	-255.99	157248	0	
1	 1	 4	 4	sample4	-564.49	4062	-513.99	166536	0	
1	 1	 4	 5	sample4	-445.46	4437	-255.99	165988	0	
1	 1	 4	 6	control	836	5718	1028	195280	0	
1	 2	 1	 1	sample5	1754	5094	1800	170340	0	
1	 2	 1	 2	sample5	1504	4330	1542	76302	0	
1	 2	 1	 3	sample5	206	3032	258	113040	0	
1	 2	 1	 4	sample5	250	2820	256	102800	0	
1	 2	 1	 5	sample5	399	2969	514	92520	0	
1	 2	 1	 6	control	-114.88	2455	-257.99	92520	0	
1	 2	 2	 1	sample6	186	4298	256	164480	0	
1	 2	 2	 2	sample6	-616.39	2724	-513.99	133600	0	
1	 2	 2	 3	sample6	-899.94	2184	-1541.99	123360	0	
1	 2	 2	 4	sample6	-384.99	2441	-513.99	113040	0	
1	 2	 2	 5	sample6	-820.55	2005	-1027.99	101736	0	
1	 2	 2	 6	control	1210	4294	1284	74016	0	
1	 2	 3	 1	sample7	1910	6792	2056	239218	0	
1	 2	 3	 2	sample7	1264	5890	1542	231300	0	
1	 2	 3	 3	sample7	953	5321	1028	222768	0	
1	 2	 3	 4	sample7	748	4860	770	139808	0	
1	 2	 3	 5	sample7	-583.99	3270	-769.99	154160	0	
1	 2	 3	 6	control	-397.79	3456	-255.99	154160	0	
1	 2	 4	 1	sample8	1404	7058	1542	254430	0	
1	 2	 4	 2	sample8	553	5949	514	215840	0	
1	 2	 4	 3	sample8	303	5699	258	215840	0	
1	 2	 4	 4	sample8	347	5743	514	215840	0	
1	 2	 4	 5	sample8	442	5582	514	185040	0	
1	 2	 4	 6	control	1055	6195	770	241580	0	
1	 3	 1	 1	sample9	1054	2340	1028	61728	0	
1	 3	 1	 2	sample9	250	1536	256	51440	0	
1	 3	 1	 3	sample9	136	1678	258	61680	0	
1	 3	 1	 4	sample9	39.1	1581	0	61680	0	
1	 3	 1	 5	sample9	179	1465	256	51440	0	
1	 3	 1	 6	control	-218.99	1067	-257.99	51440	0	
1	 3	 2	 1	sample10	1601	3143	1542	61680	0	
1	 3	 2	 2	sample10	1343	2885	1286	61680	0	
1	 3	 2	 3	sample10	470	2012	258	61680	0	
1	 3	 2	 4	sample10	322	1864	258	61680	0	
1	 3	 2	 5	sample10	25.5	1311	0	51440	0	
1	 3	 2	 6	control	1740	3026	1798	45010	0	
1	 3	 3	 1	sample11	1909	4223	2056	97188	0	
1	 3	 3	 2	sample11	1772	3828	1800	76072	0	
1	 3	 3	 3	sample11	1461	3261	1542	28800	0	
1	 3	 3	 4	sample11	404	2204	256	72000	0	
1	 3	 3	 5	sample11	84.1	1626	0	61680	0	
1	 3	 3	 6	control	-429.94	1112	-513.99	61680	0	
1	 3	 4	 1	sample12	2366	6222	2312	111824	0	
1	 3	 4	 2	sample12	675	4273	772	172704	0	
1	 3	 4	 3	sample12	957	4041	772	111024	0	
1	 3	 4	 4	sample12	500	3584	514	111024	0	
1	 3	 4	 5	sample12	308	3392	258	111024	0	
1	 3	 4	 6	control	885	3713	770	101808	0	
1	 4	 1	 1	sample13	1676	3988	1800	115600	0	
1	 4	 1	 2	sample13	1401	3457	1284	108968	0	
1	 4	 1	 3	sample13	488	2544	514	82240	0	
1	 4	 1	 4	sample13	212	2268	256	82240	0	
1	 4	 1	 5	sample13	-0.34	2056	0	82240	0	
1	 4	 1	 6	control	-166.64	1631	0	71920	0	
1	 4	 2	 1	sample14	411	2467	514	82240	0	
1	 4	 2	 2	sample14	-12.29	1786	0	71920	0	
1	 4	 2	 3	sample14	-481.49	1317	-513.99	71920	0	
1	 4	 2	 4	sample14	-314.34	1484	-255.99	71920	0	
1	 4	 2	 5	sample14	-339.99	1458	-255.99	71920	0	
1	 4	 2	 6	control	1077	3133	1028	63736	0	
1	 4	 3	 1	sample15	25.3	2081	0	82240	0	
1	 4	 3	 2	sample15	-385.89	1670	-513.99	82240	0	
1	 4	 3	 3	sample15	-340.99	1715	-257.99	82240	0	
1	 4	 3	 4	sample15	-321.64	1734	-257.99	82240	0	
1	 4	 3	 5	sample15	-449.29	1349	-513.99	71920	0	
1	 4	 3	 6	control	-211.49	1587	-255.99	71920	0	
1	 4	 4	 1	sample16	1209	4807	1028	147518	0	
1	 4	 4	 2	sample16	675	4015	772	133600	0	
1	 4	 4	 3	sample16	669	4009	772	133600	0	
1	 4	 4	 4	sample16	686	4026	772	80160	0	
1	 4	 4	 5	sample16	373	3713	258	133600	0	
1	 4	 4	 6	control	694	4034	514	133600	0	
1	 5	 1	 1	sample17	1417	3987	1542	131070	0	
1	 5	 1	 2	sample17	122	2436	0	92560	0	
1	 5	 1	 3	sample17	-219.04	2095	-257.99	92560	0	
1	 5	 1	 4	sample17	50.9	2365	0	92560	0	
1	 5	 1	 5	sample17	-205.09	2365	-255.99	102800	0	
1	 5	 1	 6	control	-174.19	2140	-257.99	92560	0	
1	 5	 2	 1	sample18	719	3547	770	141400	0	
1	 5	 2	 2	sample18	782	3352	772	120790	0	
1	 5	 2	 3	sample18	13.4	2583	0	102800	0	
1	 5	 2	 4	sample18	-127.94	2442	-255.99	102800	0	
1	 5	 2	 5	sample18	-256.54	2313	-255.99	102800	0	
1	 5	 2	 6	control	1138	3708	1028	102800	0	
1	 5	 3	 1	sample19	321	3149	256	113120	0	
1	 5	 3	 2	sample19	38	2866	0	113120	0	
1	 5	 3	 3	sample19	6.9	2577	0	102800	0	
1	 5	 3	 4	sample19	-31.54	2538	0	102800	0	
1	 5	 3	 5	sample19	-707.34	1607	-771.99	92560	0	
1	 5	 3	 6	control	-494.19	2076	-513.99	102800	0	
1	 5	 4	 1	sample20	1143	5255	1028	193264	0	
1	 5	 4	 2	sample20	509	4621	514	180928	0	
1	 5	 4	 3	sample20	565	4421	514	154240	0	
1	 5	 4	 4	sample20	559	4415	514	154240	0	
1	 5	 4	 5	sample20	393	4505	258	78128	0	
1	 5	 4	 6	control	610	4466	770	154240	0	
1	 6	 1	 1	sample21	1315	4913	1286	154714	0	
1	 6	 1	 2	sample21	855	4453	772	143920	0	
1	 6	 1	 3	sample21	424	3766	514	133680	0	
1	 6	 1	 4	sample21	50.9	3393	0	133680	0	
1	 6	 1	 5	sample21	212	3554	256	133680	0	
1	 6	 1	 6	control	0.389	3084	0	111024	0	
1	 6	 2	 1	sample22	1339	4937	1286	154714	0	
1	 6	 2	 2	sample22	1581	5179	1800	143920	0	
1	 6	 2	 3	sample22	766	4364	1028	158312	0	
1	 6	 2	 4	sample22	343	3941	258	129528	0	
1	 6	 2	 5	sample22	278	3620	256	120312	0	
1	 6	 2	 6	control	1192	4534	1284	120312	0	
1	 6	 3	 1	sample23	-835.64	2506	-1027.99	133680	0	
1	 6	 3	 2	sample23	-1098.14	2500	-1541.99	143920	0	
1	 6	 3	 3	sample23	-578.69	3277	-513.99	154240	0	
1	 6	 3	 4	sample23	-180.44	3676	-257.99	154240	0	
1	 6	 3	 5	sample23	-276.79	3579	-513.99	154240	0	
1	 6	 3	 6	control	-100.38	3756	0	138816	0	
1	 6	 4	 1	sample24	559	5443	514	195360	0	
1	 6	 4	 2	sample24	346	5230	256	195360	0	
1	 6	 4	 3	sample24	353	5237	256	195360	0	
1	 6	 4	 4	sample24	205	5089	256	195360	0	
1	 6	 4	 5	sample24	218	5102	256	195360	0	
1	 6	 4	 6	control	610	5494	514	117216	0	
1	 7	 1	 1	sample25	1372	3686	1284	115700	0	
1	 7	 1	 2	sample25	957	3271	770	92560	0	
1	 7	 1	 3	sample25	354	2410	514	82240	0	
1	 7	 1	 4	sample25	193	2249	0	82240	0	
1	 7	 1	 5	sample25	-262.69	1793	-255.99	82240	0	
1	 7	 1	 6	control	-442.69	1613	-513.99	82240	0	
1	 7	 2	 1	sample26	-38.99	2275	0	92560	0	
1	 7	 2	 2	sample26	-558.54	1497	-769.99	82240	0	
1	 7	 2	 3	sample26	-519.84	1536	-769.99	82240	0	
1	 7	 2	 4	sample26	-282.04	1774	-255.99	82240	0	
1	 7	 2	 5	sample26	-430.89	1883	-513.99	92560	0	
1	 7	 2	 6	control	457	3027	514	102800	0	
1	 7	 3	 1	sample27	168	3252	258	123360	0	
1	 7	 3	 2	sample27	-320.84	2763	-255.99	123360	0	
1	 7	 3	 3	sample27	-308.94	2519	-257.99	113120	0	
1	 7	 3	 4	sample27	-193.19	2635	0	113120	0	
1	 7	 3	 5	sample27	-700.79	2127	-1027.99	113120	0	
1	 7	 3	 6	control	-238.24	2590	-257.99	113120	0	
1	 7	 4	 1	sample28	-1220.09	2378	-1541.99	143920	0	
1	 7	 4	 2	sample28	-533.74	3322	-513.99	154240	0	
1	 7	 4	 3	sample28	-89.54	3508	-255.99	143920	0	
1	 7	 4	 4	sample28	187	3785	258	143920	0	
1	 7	 4	 5	sample28	110	3708	0	143920	0	
1	 7	 4	 6	control	380	3978	258	143920	0	
1	 8	 1	 1	sample29	1671	3469	1542	169012	0	
1	 8	 1	 2	sample29	1426	3224	1542	134850	0	
1	 8	 1	 3	sample29	732	2530	772	82708	0	
1	 8	 1	 4	sample29	380	2178	514	71920	0	
1	 8	 1	 5	sample29	193	1991	258	71920	0	
1	 8	 1	 6	control	-449.24	1349	-513.99	71920	0	
1	 8	 2	 1	sample30	943	3255	772	110976	0	
1	 8	 2	 2	sample30	695	2751	770	98688	0	
1	 8	 2	 3	sample30	366	2422	-257.99	82240	0	
1	 8	 2	 4	sample30	-225.39	1831	-257.99	82240	0	
1	 8	 2	 5	sample30	-315.39	1741	-257.99	82240	0	
1	 8	 2	 6	control	1325	3381	1284	65792	0	
1	 8	 3	 1	sample31	1398	4224	1286	135648	0	
1	 8	 3	 2	sample31	817	3387	770	128500	0	
1	 8	 3	 3	sample31	417	2987	514	102800	0	
1	 8	 3	 4	sample31	64.7	2377	0	92480	0	
1	 8	 3	 5	sample31	-429.99	1882	-513.99	92480	0	
1	 8	 3	 6	control	-257.49	1799	-257.99	82240	0	
1	 8	 4	 1	sample32	1446	4786	1542	133600	0	
1	 8	 4	 2	sample32	764	3848	770	123360	0	
1	 8	 4	 3	sample32	629	3713	514	123360	0	
1	 8	 4	 4	sample32	340	3424	256	123360	0	
1	 8	 4	 5	sample32	482	3308	514	113040	0	
1	 8	 4	 6	control	930	3756	1028	132822	0	
1	 9	 1	 1	sample33	533	2847	514	92560	0	
1	 9	 1	 2	sample33	49.3	2363	0	83304	0	
1	 9	 1	 3	sample33	-127.99	1928	0	74016	0	
1	 9	 1	 4	sample33	93.3	2149	0	74016	0	
1	 9	 1	 5	sample33	71.9	2128	0	74016	0	
1	 9	 1	 6	control	-78.93	1721	0	64800	0	
1	 9	 2	 1	sample34	766	3336	772	131070	0	
1	 9	 2	 2	sample34	606	2920	514	83304	0	
1	 9	 2	 3	sample34	108	2164	258	74016	0	
1	 9	 2	 4	sample34	150	2206	258	74016	0	
1	 9	 2	 5	sample34	20.8	1821	0	64800	0	
1	 9	 2	 6	control	670	2470	514	73800	0	
1	 9	 3	 1	sample35	340	3168	514	113120	0	
1	 9	 3	 2	sample35	-156.55	2413	-255.99	92520	0	
1	 9	 3	 3	sample35	6.61	2321	0	83304	0	
1	 9	 3	 4	sample35	-6.77	2049	0	74016	0	
1	 9	 3	 5	sample35	-393.27	1407	-257.99	64800	0	
1	 9	 3	 6	control	-250.32	1550	-257.99	64800	0	
1	 9	 4	 1	sample36	1825	5681	1798	188944	0	
1	 9	 4	 2	sample36	945	4543	1028	154714	0	
1	 9	 4	 3	sample36	853	4195	770	167100	0	
1	 9	 4	 4	sample36	421	3763	514	120312	0	
1	 9	 4	 5	sample36	457	3541	514	111024	0	
1	 9	 4	 6	control	431	3515	514	132612	0	
1	 10	 1	 1	sample37	808	2864	772	100744	0	
1	 10	 1	 2	sample37	308	2108	256	72000	0	
1	 10	 1	 3	sample37	96.9	1639	0	61680	0	
1	 10	 1	 4	sample37	57.4	1343	0	51440	0	
1	 10	 1	 5	sample37	-25.34	1003	0	41120	0	
1	 10	 1	 6	control	-179.49	849	-255.99	41120	0	
1	 10	 2	 1	sample38	1009	3065	772	106912	0	
1	 10	 2	 2	sample38	591	2391	770	72000	0	
1	 10	 2	 3	sample38	180	1722	258	61680	0	
1	 10	 2	 4	sample38	141	1427	256	51440	0	
1	 10	 2	 5	sample38	-173.94	1112	-257.99	51440	0	
1	 10	 2	 6	control	289	1575	256	51440	0	
1	 10	 3	 1	sample39	2638	4952	2826	104130	0	
1	 10	 3	 2	sample39	1363	3677	1284	113386	0	
1	 10	 3	 3	sample39	572	2628	514	82240	0	
1	 10	 3	 4	sample39	269	2069	514	72000	0	
1	 10	 3	 5	sample39	-340.99	1459	-257.99	72000	0	
1	 10	 3	 6	control	-352.79	1189	-255.99	61680	0	
1	 10	 4	 1	sample40	623	3965	514	133680	0	
1	 10	 4	 2	sample40	270	3354	258	123360	0	
1	 10	 4	 3	sample40	121	2949	256	113120	0	
1	 10	 4	 4	sample40	-167.59	2660	-257.99	113120	0	
1	 10	 4	 5	sample40	71.2	2641	0	102800	0	
1	 10	 4	 6	control	256	2570	256	92560	0	
1	 11	 1	 1	sample41	321	1863	256	61680	0	
1	 11	 1	 2	sample41	-281.74	1260	-257.99	49344	0	
1	 11	 1	 3	sample41	-216.24	1582	-255.99	57536	0	
1	 11	 1	 4	sample41	-344.99	1453	-255.99	57536	0	
1	 11	 1	 5	sample41	63.8	1606	0	61680	0	
1	 11	 1	 6	control	567	2109	514	37008	0	
1	 11	 2	 1	sample42	264	2062	258	71920	0	
1	 11	 2	 2	sample42	-179.44	1619	0	71920	0	
1	 11	 2	 3	sample42	-120.87	1421	-257.99	49344	0	
1	 11	 2	 4	sample42	-153.12	1389	-257.99	49344	0	
1	 11	 2	 5	sample42	-82.13	1716	0	50344	0	
1	 11	 2	 6	control	658	2714	770	32896	0	
1	 11	 3	 1	sample43	1782	4094	1542	173400	0	
1	 11	 3	 2	sample43	1305	3617	1286	92480	0	
1	 11	 3	 3	sample43	714	3026	772	92480	0	
1	 11	 3	 4	sample43	348	2660	258	92480	0	
1	 11	 3	 5	sample43	-282.04	2030	-255.99	92480	0	
1	 11	 3	 6	control	-449.34	1863	-513.99	92480	0	
1	 11	 4	 1	sample44	726	3810	514	123360	0	
1	 11	 4	 2	sample44	322	3148	258	113040	0	
1	 11	 4	 3	sample44	-108.64	2717	0	113040	0	
1	 11	 4	 4	sample44	109	3193	256	123360	0	
1	 11	 4	 5	sample44	322	3148	258	113040	0	
1	 11	 4	 6	control	521	3347	514	113040	0	
1	 12	 1	 1	sample45	437	2235	514	71920	0	
1	 12	 1	 2	sample45	-109.79	1432	-257.99	61680	0	
1	 12	 1	 3	sample45	-347.44	1195	-257.99	61680	0	
1	 12	 1	 4	sample45	-102.34	1182	0	51360	0	
1	 12	 1	 5	sample45	180	1464	0	51360	0	
1	 12	 1	 6	control	122	1406	0	51360	0	
1	 12	 2	 1	sample46	340	2910	256	102800	0	
1	 12	 2	 2	sample46	514	2826	514	92480	0	
1	 12	 2	 3	sample46	-63.99	2248	0	92480	0	
1	 12	 2	 4	sample46	25.3	2081	0	82240	0	
1	 12	 2	 5	sample46	116	1914	0	71920	0	
1	 12	 2	 6	control	405	2203	258	71920	0	
1	 12	 3	 1	sample47	834	3660	772	104562	0	
1	 12	 3	 2	sample47	238	3064	258	113040	0	
1	 12	 3	 3	sample47	192	2762	256	102800	0	
1	 12	 3	 4	sample47	19.7	2332	0	92480	0	
1	 12	 3	 5	sample47	-147.24	1651	-255.99	71920	0	
1	 12	 3	 6	control	-328.09	1728	-513.99	82240	0	
1	 12	 4	 1	sample48	791	4131	772	133600	0	
1	 12	 4	 2	sample48	321	3405	256	123360	0	
1	 12	 4	 3	sample48	45.6	2872	0	113040	0	
1	 12	 4	 4	sample48	38	2608	0	102800	0	
1	 12	 4	 5	sample48	64.8	2377	0	92480	0	
1	 12	 4	 6	control	283	2595	258	92480	0	
2	 1	 1	 1	sample49	6.05	4376	256	174800	0	
2	 1	 1	 2	sample49	-1298.39	3072	-1541.99	174800	0	
2	 1	 1	 3	sample49	-1458.99	2911	-1541.99	174800	0	
2	 1	 1	 4	sample49	-1477.19	3149	-1541.99	185040	0	
2	 1	 1	 5	sample49	-1253.34	3631	-1285.99	195360	0	
2	 1	 1	 6	control	-829.39	4055	-771.99	195360	0	
2	 1	 2	 1	sample50	2134	7018	2056	224664	0	
2	 1	 2	 2	sample50	2430	7314	2570	234432	0	
2	 1	 2	 3	sample50	616	5500	770	195360	0	
2	 1	 2	 4	sample50	289	5173	770	195360	0	
2	 1	 2	 5	sample50	-359.24	4781	-255.99	205600	0	
2	 1	 2	 6	control	745	6143	1028	215920	0	
2	 1	 3	 1	sample51	-1342.19	3284	-1283.99	185040	0	
2	 1	 3	 2	sample51	-2480.59	2403	-2827.99	195360	0	
2	 1	 3	 3	sample51	-385.04	4755	-513.99	205600	0	
2	 1	 3	 4	sample51	-828.19	4312	-769.99	205600	0	
2	 1	 3	 5	sample51	-2421.74	2718	-2311.99	205600	0	
2	 1	 3	 6	control	-1393.59	3746	-1283.99	205600	0	
2	 1	 4	 1	sample52	-1548.84	3335	-1285.99	195360	0	
2	 1	 4	 2	sample52	-2434.59	2705	-2825.99	205600	0	
2	 1	 4	 3	sample52	-1118.44	4280	-1285.99	215920	0	
2	 1	 4	 4	sample52	-898.94	4755	-769.99	226160	0	
2	 1	 4	 5	sample52	-25.09	5629	0	226160	0	
2	 1	 4	 6	control	950	6862	770	236480	0	
2	 2	 1	 1	sample53	128	2698	0	102800	0	
2	 2	 1	 2	sample53	-996.49	1574	-1285.99	102800	0	
2	 2	 1	 3	sample53	-591.54	1978	-257.99	102800	0	
2	 2	 1	 4	sample53	-411.69	2158	-513.99	102800	0	
2	 2	 1	 5	sample53	-180.44	2390	-257.99	102800	0	
2	 2	 1	 6	control	-141.74	2428	0	102800	0	
2	 2	 2	 1	sample54	1426	4510	1284	123360	0	
2	 2	 2	 2	sample54	1119	3945	1286	113040	0	
2	 2	 2	 3	sample54	437	3263	514	113040	0	
2	 2	 2	 4	sample54	238	3064	258	113040	0	
2	 2	 2	 5	sample54	-115.19	2711	0	113040	0	
2	 2	 2	 6	control	1644	4470	1542	93258	0	
2	 2	 3	 1	sample55	2938	6278	2828	140280	0	
2	 2	 3	 2	sample55	1936	5276	2056	156980	0	
2	 2	 3	 3	sample55	984	4324	772	133600	0	
2	 2	 3	 4	sample55	713	3797	770	123360	0	
2	 2	 3	 5	sample55	-77.54	3006	0	123360	0	
2	 2	 3	 6	control	-700.99	2383	-771.99	123360	0	
2	 2	 4	 1	sample56	1675	5273	1542	179900	0	
2	 2	 4	 2	sample56	634	4232	514	161910	0	
2	 2	 4	 3	sample56	609	4207	770	165508	0	
2	 2	 4	 4	sample56	257	3855	256	143920	0	
2	 2	 4	 5	sample56	212	3810	256	143920	0	
2	 2	 4	 6	control	618	4216	514	133126	0	
2	 3	 1	 1	sample57	2052	3852	2056	131400	0	
2	 3	 1	 2	sample57	1265	3065	1284	93600	0	
2	 3	 1	 3	sample57	752	2294	772	61680	0	
2	 3	 1	 4	sample57	630	2430	514	79200	0	
2	 3	 1	 5	sample57	528	2328	514	93600	0	
2	 3	 1	 6	control	-187.04	1613	-257.99	72000	0	
2	 3	 2	 1	sample58	2026	3826	2056	77400	0	
2	 3	 2	 2	sample58	1556	3356	1542	93600	0	
2	 3	 2	 3	sample58	1437	2979	1286	78642	0	
2	 3	 2	 4	sample58	726	2268	772	61680	0	
2	 3	 2	 5	sample58	232	1774	258	61680	0	
2	 3	 2	 6	control	1626	3168	1800	75558	0	
2	 3	 3	 1	sample59	2571	4627	2828	156256	0	
2	 3	 3	 2	sample59	1920	3976	1800	100744	0	
2	 3	 3	 3	sample59	1226	3282	1286	106912	0	
2	 3	 3	 4	sample59	1139	2939	1284	95400	0	
2	 3	 3	 5	sample59	147	1947	256	72000	0	
2	 3	 3	 6	control	-546.59	1253	-513.99	72000	0	
2	 3	 4	 1	sample60	1049	3619	1028	125930	0	
2	 3	 4	 2	sample60	742	3056	770	83304	0	
2	 3	 4	 3	sample60	605	2919	514	97188	0	
2	 3	 4	 4	sample60	398	2712	256	92560	0	
2	 3	 4	 5	sample60	391	2705	256	92560	0	
2	 3	 4	 6	control	347	2661	514	92560	0	
2	 4	 1	 1	sample61	2170	4998	2056	132916	0	
2	 4	 1	 2	sample61	1347	4175	1542	104636	0	
2	 4	 1	 3	sample61	861	3431	772	102800	0	
2	 4	 1	 4	sample61	391	3219	256	113120	0	
2	 4	 1	 5	sample61	63.7	2892	0	113120	0	
2	 4	 1	 6	control	-495.19	2333	-513.99	113120	0	
2	 4	 2	 1	sample62	225	2795	258	102800	0	
2	 4	 2	 2	sample62	-654.84	1915	-769.99	102800	0	
2	 4	 2	 3	sample62	-463.04	1851	-513.99	92560	0	
2	 4	 2	 4	sample62	-693.29	1877	-769.99	102800	0	
2	 4	 2	 5	sample62	-661.24	1909	-769.99	102800	0	
2	 4	 2	 6	control	1109	3679	772	239010	0	
2	 4	 3	 1	sample63	1106	4190	1028	225132	0	
2	 4	 3	 2	sample63	1510	4338	1542	115948	0	
2	 4	 3	 3	sample63	708	3536	770	127260	0	
2	 4	 3	 4	sample63	520	3348	514	113120	0	
2	 4	 3	 5	sample63	-212.59	2615	-257.99	113120	0	
2	 4	 3	 6	control	-957.89	1870	-1027.99	113120	0	
2	 4	 4	 1	sample64	-925.74	2416	-771.99	133680	0	
2	 4	 4	 2	sample64	269	3611	256	133680	0	
2	 4	 4	 3	sample64	173	3515	256	133680	0	
2	 4	 4	 4	sample64	250	3592	256	133680	0	
2	 4	 4	 5	sample64	134	3476	256	133680	0	
2	 4	 4	 6	control	71.2	3669	0	143920	0	
2	 5	 1	 1	sample65	1969	4795	2314	141300	0	
2	 5	 1	 2	sample65	971	3797	772	101736	0	
2	 5	 1	 3	sample65	550	3376	514	101736	0	
2	 5	 1	 4	sample65	250	3076	258	101736	0	
2	 5	 1	 5	sample65	15.7	2842	0	96084	0	
2	 5	 1	 6	control	-494.19	2332	-513.99	113040	0	
2	 5	 2	 1	sample66	695	3265	770	87380	0	
2	 5	 2	 2	sample66	-286.1	2284	-257.99	92520	0	
2	 5	 2	 3	sample66	-499.1	1813	-255.99	83232	0	
2	 5	 2	 4	sample66	-406.55	1905	-513.99	83232	0	
2	 5	 2	 5	sample66	-718.4	1852	-513.99	87380	0	
2	 5	 2	 6	control	1016	3842	1028	113040	0	
2	 5	 3	 1	sample67	-52.34	2774	0	96084	0	
2	 5	 3	 2	sample67	-584.93	2241	-513.99	101736	0	
2	 5	 3	 3	sample67	-641.99	2184	-769.99	101736	0	
2	 5	 3	 4	sample67	-470.66	2355	-255.99	101736	0	
2	 5	 3	 5	sample67	-956.74	1869	-1027.99	113040	0	
2	 5	 3	 6	control	-1228.3	1598	-1283.99	90432	0	
2	 5	 4	 1	sample68	765	4619	772	154160	0	
2	 5	 4	 2	sample68	371	3969	256	129528	0	
2	 5	 4	 3	sample68	421	4019	256	129528	0	
2	 5	 4	 4	sample68	-13.6	3840	0	138744	0	
2	 5	 4	 5	sample68	-37.28	3817	0	131036	0	
2	 5	 4	 6	control	0.563	3855	258	123328	0	
2	 6	 1	 1	sample69	571	3655	514	123360	0	
2	 6	 1	 2	sample69	-44.29	2782	-255.99	113040	0	
2	 6	 1	 3	sample69	-841.19	1985	-1027.99	113040	0	
2	 6	 1	 4	sample69	-218.99	2865	-257.99	123360	0	
2	 6	 1	 5	sample69	-26.24	3058	0	123360	0	
2	 6	 1	 6	control	-136.1	2948	0	111024	0	
2	 6	 2	 1	sample70	-57.39	2769	0	113040	0	
2	 6	 2	 2	sample70	-1041.34	1529	-1027.99	102800	0	
2	 6	 2	 3	sample70	-1362.54	1207	-1285.99	102800	0	
2	 6	 2	 4	sample70	-699.84	2126	-769.99	113040	0	
2	 6	 2	 5	sample70	-603.39	2223	-769.99	113040	0	
2	 6	 2	 6	control	985	4069	1284	111024	0	
2	 6	 3	 1	sample71	-550.1	2534	-513.99	111024	0	
2	 6	 3	 2	sample71	-421.71	2662	-513.99	111024	0	
2	 6	 3	 3	sample71	-443.21	2641	-257.99	111024	0	
2	 6	 3	 4	sample71	-478.77	2605	-513.99	111024	0	
2	 6	 3	 5	sample71	-1042.71	2041	-1027.99	111024	0	
2	 6	 3	 6	control	-720.19	2364	-771.99	123360	0	
2	 6	 4	 1	sample72	2185	6039	2056	69372	0	
2	 6	 4	 2	sample72	502	4356	514	154160	0	
2	 6	 4	 3	sample72	347	4201	514	154160	0	
2	 6	 4	 4	sample72	861	4459	770	61166	0	
2	 6	 4	 5	sample72	289	3887	256	143920	0	
2	 6	 4	 6	control	586	4440	514	138744	0	
2	 7	 1	 1	sample73	1937	4765	1798	220584	0	
2	 7	 1	 2	sample73	1368	4196	1028	217756	0	
2	 7	 1	 3	sample73	998	3826	1028	147056	0	
2	 7	 1	 4	sample73	244	3072	256	113120	0	
2	 7	 1	 5	sample73	425	2995	258	102800	0	
2	 7	 1	 6	control	-128.04	2442	0	102800	0	
2	 7	 2	 1	sample74	900	3470	772	128500	0	
2	 7	 2	 2	sample74	180	2750	258	102800	0	
2	 7	 2	 3	sample74	-378.54	2191	-513.99	102800	0	
2	 7	 2	 4	sample74	-1072.34	1498	-1283.99	102800	0	
2	 7	 2	 5	sample74	-551.99	2018	-255.99	102800	0	
2	 7	 2	 6	control	963	3533	1028	161910	0	
2	 7	 3	 1	sample75	244	3072	256	113120	0	
2	 7	 3	 2	sample75	147	2975	256	113120	0	
2	 7	 3	 3	sample75	-540.24	2288	-513.99	113120	0	
2	 7	 3	 4	sample75	-347.39	2481	-257.99	113120	0	
2	 7	 3	 5	sample75	-887.14	1941	-1027.99	113120	0	
2	 7	 3	 6	control	-983.44	1845	-1027.99	113120	0	
2	 7	 4	 1	sample76	436	3778	256	133680	0	
2	 7	 4	 2	sample76	366	3708	256	157074	0	
2	 7	 4	 3	sample76	385	3727	256	147048	0	
2	 7	 4	 4	sample76	327	3669	256	133680	0	
2	 7	 4	 5	sample76	547	3631	514	123360	0	
2	 7	 4	 6	control	520	3862	514	133680	0	
2	 8	 1	 1	sample77	1849	5447	1800	259056	0	
2	 8	 1	 2	sample77	1162	4504	1028	337542	0	
2	 8	 1	 3	sample77	806	4148	770	143706	0	
2	 8	 1	 4	sample77	295	3637	256	133680	0	
2	 8	 1	 5	sample77	245	3329	258	123360	0	
2	 8	 1	 6	control	-172.99	2911	-255.99	123360	0	
2	 8	 2	 1	sample78	-71.19	3271	0	133680	0	
2	 8	 2	 2	sample78	-932.09	2410	-771.99	133680	0	
2	 8	 2	 3	sample78	-1028.59	2313	-1027.99	133680	0	
2	 8	 2	 4	sample78	-559.49	2783	-513.99	133680	0	
2	 8	 2	 5	sample78	-411.64	2930	-257.99	133680	0	
2	 8	 2	 6	control	1209	4293	1286	206628	0	
2	 8	 3	 1	sample79	1125	4981	1284	192800	0	
2	 8	 3	 2	sample79	806	4404	772	187096	0	
2	 8	 3	 3	sample79	484	4082	514	183498	0	
2	 8	 3	 4	sample79	77.7	3676	258	143920	0	
2	 8	 3	 5	sample79	-585.19	2757	-771.99	133680	0	
2	 8	 3	 6	control	-565.94	2776	-513.99	133680	0	
2	 8	 4	 1	sample80	1086	5198	1028	164480	0	
2	 8	 4	 2	sample80	636	4748	772	156256	0	
2	 8	 4	 3	sample80	380	4492	258	164480	0	
2	 8	 4	 4	sample80	627	4739	514	65792	0	
2	 8	 4	 5	sample80	353	4209	514	154240	0	
2	 8	 4	 6	control	621	4477	514	138816	0	
2	 9	 1	 1	sample81	282	2852	256	102800	0	
2	 9	 1	 2	sample81	-161.14	2409	-257.99	102800	0	
2	 9	 1	 3	sample81	-752.24	1818	-771.99	102800	0	
2	 9	 1	 4	sample81	-314.19	1998	-255.99	92480	0	
2	 9	 1	 5	sample81	-238.29	1818	-257.99	82240	0	
2	 9	 1	 6	control	-463.24	1593	-513.99	82240	0	
2	 9	 2	 1	sample82	1523	4349	1542	189342	0	
2	 9	 2	 2	sample82	1922	4492	2056	143920	0	
2	 9	 2	 3	sample82	1536	4106	1542	118220	0	
2	 9	 2	 4	sample82	813	3125	772	115600	0	
2	 9	 2	 5	sample82	263	2319	256	82240	0	
2	 9	 2	 6	control	1130	2928	1286	77314	0	
2	 9	 3	 1	sample83	1244	4328	1284	212796	0	
2	 9	 3	 2	sample83	945	4029	1028	154200	0	
2	 9	 3	 3	sample83	663	3489	772	127170	0	
2	 9	 3	 4	sample83	302	2872	256	102800	0	
2	 9	 3	 5	sample83	-57.39	2255	0	92480	0	
2	 9	 3	 6	control	-540.19	1516	-513.99	82240	0	
2	 9	 4	 1	sample84	1537	5135	1542	205086	0	
2	 9	 4	 2	sample84	777	4117	772	143620	0	
2	 9	 4	 3	sample84	328	3668	514	133600	0	
2	 9	 4	 4	sample84	490	3574	514	67848	0	
2	 9	 4	 5	sample84	25.3	3109	0	123360	0	
2	 9	 4	 6	control	1993	4563	1798	74530	0	
2	 10	 1	 1	sample85	950	3520	1028	102800	0	
2	 10	 1	 2	sample85	1532	3844	1542	57800	0	
2	 10	 1	 3	sample85	624	2936	772	92480	0	
2	 10	 1	 4	sample85	200	2512	258	92480	0	
2	 10	 1	 5	sample85	231	2287	256	82240	0	
2	 10	 1	 6	control	-180.34	1876	0	82240	0	
2	 10	 2	 1	sample86	463	2775	514	92480	0	
2	 10	 2	 2	sample86	-160.14	2152	0	92480	0	
2	 10	 2	 3	sample86	-513.49	1799	-513.99	92480	0	
2	 10	 2	 4	sample86	-82.89	2229	0	92480	0	
2	 10	 2	 5	sample86	-501.69	2068	-257.99	102800	0	
2	 10	 2	 6	control	1165	3991	1028	90432	0	
2	 10	 3	 1	sample87	643	3469	514	113040	0	
2	 10	 3	 2	sample87	116	2942	258	113040	0	
2	 10	 3	 3	sample87	-212.44	2358	-513.99	102800	0	
2	 10	 3	 4	sample87	-283.24	2287	0	102800	0	
2	 10	 3	 5	sample87	-411.64	2158	-257.99	102800	0	
2	 10	 3	 6	control	-533.84	2036	-513.99	102800	0	
2	 10	 4	 1	sample88	533	4131	256	143920	0	
2	 10	 4	 2	sample88	-160.19	3180	-255.99	133600	0	
2	 10	 4	 3	sample88	-307.94	3032	-255.99	133600	0	
2	 10	 4	 4	sample88	-359.29	2981	-255.99	133600	0	
2	 10	 4	 5	sample88	-327.24	3013	-255.99	133600	0	
2	 10	 4	 6	control	-102.34	3238	0	133600	0	
2	 11	 1	 1	sample89	405	2717	258	92480	0	
2	 11	 1	 2	sample89	-153.74	1644	0	71920	0	
2	 11	 1	 3	sample89	-333.59	1464	-255.99	71920	0	
2	 11	 1	 4	sample89	-70.09	1728	0	71920	0	
2	 11	 1	 5	sample89	109	1651	0	61680	0	
2	 11	 1	 6	control	-243.69	1040	-255.99	51360	0	
2	 11	 2	 1	sample90	1302	4128	1286	129996	0	
2	 11	 2	 2	sample90	1063	3633	1028	128500	0	
2	 11	 2	 3	sample90	707	3019	514	92480	0	
2	 11	 2	 4	sample90	264	2576	258	92480	0	
2	 11	 2	 5	sample90	205	2261	256	82240	0	
2	 11	 2	 6	control	1074	3130	1284	80184	0	
2	 11	 3	 1	sample91	1596	4422	1542	149778	0	
2	 11	 3	 2	sample91	771	3597	772	113040	0	
2	 11	 3	 3	sample91	584	3154	514	102800	0	
2	 11	 3	 4	sample91	277	2589	258	92480	0	
2	 11	 3	 5	sample91	-276.74	1779	-257.99	82240	0	
2	 11	 3	 6	control	-429.99	1368	-513.99	71920	0	
2	 11	 4	 1	sample92	1133	4217	1028	157284	0	
2	 11	 4	 2	sample92	424	3508	514	123360	0	
2	 11	 4	 3	sample92	328	3154	258	113040	0	
2	 11	 4	 4	sample92	366	2936	256	102800	0	
2	 11	 4	 5	sample92	64	2634	0	102800	0	
2	 11	 4	 6	control	551	2863	514	64736	0	
2	 12	 1	 1	sample93	64.9	2121	0	82240	0	
2	 12	 1	 2	sample93	-276.74	1523	-257.99	72000	0	
2	 12	 1	 3	sample93	-256.49	1286	-255.99	61680	0	
2	 12	 1	 4	sample93	-96.89	1189	-257.99	51440	0	
2	 12	 1	 5	sample93	-70.19	958	0	41120	0	
2	 12	 1	 6	control	-70.14	958	0	41120	0	
2	 12	 2	 1	sample94	1104	3932	770	113120	0	
2	 12	 2	 2	sample94	1703	4273	1800	41120	0	
2	 12	 2	 3	sample94	714	2770	772	82240	0	
2	 12	 2	 4	sample94	456	2256	514	72000	0	
2	 12	 2	 5	sample94	219	1761	258	61680	0	
2	 12	 2	 6	control	1140	2682	1028	35466	0	
2	 12	 3	 1	sample95	1835	4919	2056	67848	0	
2	 12	 3	 2	sample95	726	3554	770	113120	0	
2	 12	 3	 3	sample95	457	3027	514	102800	0	
2	 12	 3	 4	sample95	147	2461	0	92560	0	
2	 12	 3	 5	sample95	128	1928	0	72000	0	
2	 12	 3	 6	control	-154.54	1645	0	72000	0	
2	 12	 4	 1	sample96	193	3277	258	123360	0	
2	 12	 4	 2	sample96	-154.69	2673	-257.99	113120	0	
2	 12	 4	 3	sample96	-230.79	2339	0	102800	0	
2	 12	 4	 4	sample96	64.8	2635	0	102800	0	
2	 12	 4	 5	sample96	-154.64	2159	0	92560	0	
2	 12	 4	 6	control	386	2442	258	82240	0	
3	 1	 1	 1	sample97	1917	6543	2056	240552	0	
3	 1	 1	 2	sample97	-643.14	3983	-771.99	185040	0	
3	 1	 1	 3	sample97	-173.14	4195	-255.99	174720	0	
3	 1	 1	 4	sample97	321	4947	514	185040	0	
3	 1	 1	 5	sample97	231	4857	256	185040	0	
3	 1	 1	 6	control	-206.29	4420	-257.99	185040	0	
3	 1	 2	 1	sample98	1583	6209	1542	226674	0	
3	 1	 2	 2	sample98	148	4516	258	174720	0	
3	 1	 2	 3	sample98	475	4587	514	164480	0	
3	 1	 2	 4	sample98	19.8	3874	0	154160	0	
3	 1	 2	 5	sample98	-249.99	3604	-255.99	154160	0	
3	 1	 2	 6	control	-1625.04	2229	-2055.99	154160	0	
3	 1	 3	 1	sample99	885	4997	1028	185040	0	
3	 1	 3	 2	sample99	-193.29	3919	-257.99	164480	0	
3	 1	 3	 3	sample99	-12.34	3842	0	154160	0	
3	 1	 3	 4	sample99	674	4786	770	164480	0	
3	 1	 3	 5	sample99	-558.44	3296	-255.99	154160	0	
3	 1	 3	 6	control	-461.99	3392	-513.99	154160	0	
3	 1	 4	 1	sample100	2126	6238	2312	164480	0	
3	 1	 4	 2	sample100	874	5242	772	174720	0	
3	 1	 4	 3	sample100	-192.29	3662	-255.99	154160	0	
3	 1	 4	 4	sample100	-821.94	3032	0	154160	0	
3	 1	 4	 5	sample100	245	4099	258	154160	0	
3	 1	 4	 6	control	552	4664	514	164480	0	
3	 2	 1	 1	sample101	31.8	4916	0	195360	0	
3	 2	 1	 2	sample101	-1271.64	3354	-1027.99	185040	0	
3	 2	 1	 3	sample101	-564.74	4061	-769.99	185040	0	
3	 2	 1	 4	sample101	-411.64	4472	-513.99	195360	0	
3	 2	 1	 5	sample101	-199.74	4684	-257.99	195360	0	
3	 2	 1	 6	control	-237.09	4389	-255.99	185040	0	
3	 2	 2	 1	sample102	-1471.84	2384	-1541.99	154240	0	
3	 2	 2	 2	sample102	-2249.14	1607	-2055.99	154240	0	
3	 2	 2	 3	sample102	-2601.64	1510	-2569.99	164480	0	
3	 2	 2	 4	sample102	-1375.39	2995	-1541.99	174800	0	
3	 2	 2	 5	sample102	-713.59	3656	-771.99	174800	0	
3	 2	 2	 6	control	1039	5665	1286	231300	0	
3	 2	 3	 1	sample103	3532	7902	3854	222870	0	
3	 2	 3	 2	sample103	2216	6586	2312	231610	0	
3	 2	 3	 3	sample103	1903	6273	2056	214130	0	
3	 2	 3	 4	sample103	1422	5792	1542	187910	0	
3	 2	 3	 5	sample103	289	4659	256	174800	0	
3	 2	 3	 6	control	-918.29	3194	-1027.99	164480	0	
3	 2	 4	 1	sample104	366	4736	770	174800	0	
3	 2	 4	 2	sample104	347	4459	772	164480	0	
3	 2	 4	 3	sample104	154	4524	256	174800	0	
3	 2	 4	 4	sample104	147	4517	0	174800	0	
3	 2	 4	 5	sample104	237	4607	256	174800	0	
3	 2	 4	 6	control	391	4761	256	174800	0	
3	 3	 1	 1	sample105	1053	4137	1028	154200	0	
3	 3	 1	 2	sample105	110	2936	0	113040	0	
3	 3	 1	 3	sample105	-108.69	2717	0	113040	0	
3	 3	 1	 4	sample105	-185.79	2640	-255.99	113040	0	
3	 3	 1	 5	sample105	-160.14	2666	0	113040	0	
3	 3	 1	 6	control	-269.49	2557	-255.99	113040	0	
3	 3	 2	 1	sample106	1753	4323	1542	102800	0	
3	 3	 2	 2	sample106	869	3439	770	120790	0	
3	 3	 2	 3	sample106	-13.39	2557	0	102800	0	
3	 3	 2	 4	sample106	-172.99	2139	0	92480	0	
3	 3	 2	 5	sample106	-76.74	2235	0	92480	0	
3	 3	 2	 6	control	803	3373	1028	120790	0	
3	 3	 3	 1	sample107	993	3563	770	115650	0	
3	 3	 3	 2	sample107	444	2756	514	92480	0	
3	 3	 3	 3	sample107	-89.34	2223	-255.99	92480	0	
3	 3	 3	 4	sample107	-25.29	2287	0	92480	0	
3	 3	 3	 5	sample107	-713.54	1342	-513.99	82240	0	
3	 3	 3	 6	control	-911.79	1400	-1027.99	92480	0	
3	 3	 4	 1	sample108	1372	3942	1284	136210	0	
3	 3	 4	 2	sample108	136	2448	258	92480	0	
3	 3	 4	 3	sample108	71.2	2383	0	92480	0	
3	 3	 4	 4	sample108	32.7	2345	0	92480	0	
3	 3	 4	 5	sample108	76.7	2133	0	82240	0	
3	 3	 4	 6	control	301	2357	0	82240	0	
3	 4	 1	 1	sample109	1709	6591	1800	248982	0	
3	 4	 1	 2	sample109	1952	7092	2056	267280	0	
3	 4	 1	 3	sample109	1092	5974	1028	258746	0	
3	 4	 1	 4	sample109	592	5474	514	195280	0	
3	 4	 1	 5	sample109	309	5191	258	195280	0	
3	 4	 1	 6	control	-63.89	4818	0	195280	0	
3	 4	 2	 1	sample110	835	5461	1028	185040	0	
3	 4	 2	 2	sample110	70.2	4696	0	185040	0	
3	 4	 2	 3	sample110	-1330.49	3296	-1285.99	185040	0	
3	 4	 2	 4	sample110	-777.89	3848	-771.99	185040	0	
3	 4	 2	 5	sample110	-288.54	4079	-513.99	174720	0	
3	 4	 2	 6	control	1120	5746	1284	217422	0	
3	 4	 3	 1	sample111	4472	8840	4370	297024	0	
3	 4	 3	 2	sample111	3250	7618	2828	318864	0	
3	 4	 3	 3	sample111	3043	7411	3342	218400	0	
3	 4	 3	 4	sample111	1922	6290	2056	200928	0	
3	 4	 3	 5	sample111	592	4960	772	174720	0	
3	 4	 3	 6	control	-1040.44	3328	-1027.99	174720	0	
3	 4	 4	 1	sample112	-1002.74	3109	-771.99	164480	0	
3	 4	 4	 2	sample112	-609.89	3758	-255.99	174720	0	
3	 4	 4	 3	sample112	-243.54	4124	-255.99	174720	0	
3	 4	 4	 4	sample112	-18.74	4349	0	174720	0	
3	 4	 4	 5	sample112	-13.39	4099	0	164480	0	
3	 4	 4	 6	control	115	4227	0	164480	0	
3	 5	 1	 1	sample113	1574	6972	1542	259104	0	
3	 5	 1	 2	sample113	1909	7049	2056	205600	0	
3	 5	 1	 3	sample113	675	5815	772	205600	0	
3	 5	 1	 4	sample113	225	5365	0	205600	0	
3	 5	 1	 5	sample113	206	5346	258	205600	0	
3	 5	 1	 6	control	-102.29	5038	0	205600	0	
3	 5	 2	 1	sample114	547	5173	514	185040	0	
3	 5	 2	 2	sample114	-224.29	4402	-255.99	185040	0	
3	 5	 2	 3	sample114	-854.04	3772	-769.99	185040	0	
3	 5	 2	 4	sample114	-635.59	3990	-769.99	185040	0	
3	 5	 2	 5	sample114	-545.69	4080	-513.99	185040	0	
3	 5	 2	 6	control	1798	6682	1798	92796	0	
3	 5	 3	 1	sample115	-501.64	3868	-257.99	174800	0	
3	 5	 3	 2	sample115	-1150.49	3220	-1285.99	174800	0	
3	 5	 3	 3	sample115	-752.19	3618	-771.99	174800	0	
3	 5	 3	 4	sample115	-206.09	4164	-257.99	174800	0	
3	 5	 3	 5	sample115	-719.99	3650	-771.99	174800	0	
3	 5	 3	 6	control	-719.09	3907	-769.99	185040	0	
3	 5	 4	 1	sample116	-2061.89	2050	-2569.99	164480	0	
3	 5	 4	 2	sample116	-1014.64	3611	-769.99	185040	0	
3	 5	 4	 3	sample116	-224.34	4402	-255.99	185040	0	
3	 5	 4	 4	sample116	-83.99	4800	0	195360	0	
3	 5	 4	 5	sample116	83.1	4967	0	195360	0	
3	 5	 4	 6	control	309	5449	258	205600	0	
3	 6	 1	 1	sample117	1715	5313	1798	165508	0	
3	 6	 1	 2	sample117	1285	4883	1284	161910	0	
3	 6	 1	 3	sample117	552	4150	514	143920	0	
3	 6	 1	 4	sample117	218	3816	256	143920	0	
3	 6	 1	 5	sample117	224	3822	256	143920	0	
3	 6	 1	 6	control	-167.59	3430	-257.99	143920	0	
3	 6	 2	 1	sample118	905	3989	1028	70932	0	
3	 6	 2	 2	sample118	-559.39	2525	-513.99	123360	0	
3	 6	 2	 3	sample118	-700.84	2383	-513.99	123360	0	
3	 6	 2	 4	sample118	-76.74	3263	0	133600	0	
3	 6	 2	 5	sample118	-64.74	3019	0	123360	0	
3	 6	 2	 6	control	1189	4529	1286	133600	0	
3	 6	 3	 1	sample119	1333	4417	1542	148032	0	
3	 6	 3	 2	sample119	327	3411	256	123360	0	
3	 6	 3	 3	sample119	494	3578	514	123360	0	
3	 6	 3	 4	sample119	237	3321	256	123360	0	
3	 6	 3	 5	sample119	-270.39	2814	-257.99	123360	0	
3	 6	 3	 6	control	-540.14	2544	-513.99	123360	0	
3	 6	 4	 1	sample120	916	4256	1028	106880	0	
3	 6	 4	 2	sample120	815	4155	772	80160	0	
3	 6	 4	 3	sample120	296	3636	258	133600	0	
3	 6	 4	 4	sample120	90.5	3431	0	133600	0	
3	 6	 4	 5	sample120	110	3450	0	133600	0	
3	 6	 4	 6	control	720	4060	772	50100	0	
3	 7	 1	 1	sample121	2081	5421	2056	280560	0	
3	 7	 1	 2	sample121	2027	5367	1800	173680	0	
3	 7	 1	 3	sample121	1139	4479	1028	163660	0	
3	 7	 1	 4	sample121	687	3771	514	123360	0	
3	 7	 1	 5	sample121	398	3482	514	123360	0	
3	 7	 1	 6	control	-154.54	2929	0	123360	0	
3	 7	 2	 1	sample122	559	3643	514	123360	0	
3	 7	 2	 2	sample122	193	3019	258	113040	0	
3	 7	 2	 3	sample122	-609.89	2216	-769.99	113040	0	
3	 7	 2	 4	sample122	-276.79	2293	-257.99	102800	0	
3	 7	 2	 5	sample122	-539.24	2287	-513.99	113040	0	
3	 7	 2	 6	control	1236	4062	1028	206298	0	
3	 7	 3	 1	sample123	1705	4531	1800	237384	0	
3	 7	 3	 2	sample123	1636	4462	1542	132822	0	
3	 7	 3	 3	sample123	771	3341	770	120790	0	
3	 7	 3	 4	sample123	128	2698	256	102800	0	
3	 7	 3	 5	sample123	-185.89	2126	-255.99	92480	0	
3	 7	 3	 6	control	-796.24	1516	-769.99	92480	0	
3	 7	 4	 1	sample124	1629	4713	1798	163452	0	
3	 7	 4	 2	sample124	578	3662	770	111024	0	
3	 7	 4	 3	sample124	265	3091	258	101736	0	
3	 7	 4	 4	sample124	235	2805	256	92520	0	
3	 7	 4	 5	sample124	178	2748	256	92520	0	
3	 7	 4	 6	control	392	2962	256	92520	0	
3	 8	 1	 1	sample125	2220	5562	2056	307464	0	
3	 8	 1	 2	sample125	2395	5737	2312	177126	0	
3	 8	 1	 3	sample125	1481	4823	1542	170442	0	
3	 8	 1	 4	sample125	722	4064	770	177126	0	
3	 8	 1	 5	sample125	585	3669	514	123360	0	
3	 8	 1	 6	control	-346.44	2738	-255.99	123360	0	
3	 8	 2	 1	sample126	2288	5116	2312	209272	0	
3	 8	 2	 2	sample126	2135	4963	2056	209272	0	
3	 8	 2	 3	sample126	1423	4251	1542	147056	0	
3	 8	 2	 4	sample126	786	3356	772	133640	0	
3	 8	 2	 5	sample126	688	3258	772	102800	0	
3	 8	 2	 6	control	1450	3764	1284	175864	0	
3	 8	 3	 1	sample127	682	3252	772	102800	0	
3	 8	 3	 2	sample127	-116.19	2198	0	92560	0	
3	 8	 3	 3	sample127	25.2	2339	0	92560	0	
3	 8	 3	 4	sample127	-70.94	2243	0	92560	0	
3	 8	 3	 5	sample127	-507.04	1549	-513.99	82240	0	
3	 8	 3	 6	control	-495.19	1305	-513.99	72000	0	
3	 8	 4	 1	sample128	1304	3874	1286	213310	0	
3	 8	 4	 2	sample128	782	3352	772	120790	0	
3	 8	 4	 3	sample128	1092	3406	1028	101816	0	
3	 8	 4	 4	sample128	276	2590	256	92560	0	
3	 8	 4	 5	sample128	224	2538	256	92560	0	
3	 8	 4	 6	control	501	2815	514	97188	0	
3	 9	 1	 1	sample129	536	5162	514	166536	0	
3	 9	 1	 2	sample129	346	4716	514	174800	0	
3	 9	 1	 3	sample129	-128.89	4241	0	174800	0	
3	 9	 1	 4	sample129	-230.79	3881	-255.99	164480	0	
3	 9	 1	 5	sample129	-275.79	3836	-255.99	164480	0	
3	 9	 1	 6	control	-684.82	3427	-769.99	148032	0	
3	 9	 2	 1	sample130	2377	6233	2312	185088	0	
3	 9	 2	 2	sample130	2441	6297	2826	177376	0	
3	 9	 2	 3	sample130	1206	4804	1286	187096	0	
3	 9	 2	 4	sample130	-70.77	3527	0	129528	0	
3	 9	 2	 5	sample130	292	3634	256	120312	0	
3	 9	 2	 6	control	501	3843	770	133680	0	
3	 9	 3	 1	sample131	-485.88	2342	-513.99	101808	0	
3	 9	 3	 2	sample131	-1317.59	1510	-1541.99	113120	0	
3	 9	 3	 3	sample131	-616.24	2468	-769.99	123360	0	
3	 9	 3	 4	sample131	-495.19	2333	-513.99	113120	0	
3	 9	 3	 5	sample131	-648.34	1922	-769.99	102800	0	
3	 9	 3	 6	control	-665.7	2162	-771.99	96152	0	
3	 9	 4	 1	sample132	2180	5778	2314	187096	0	
3	 9	 4	 2	sample132	997	4339	1028	113628	0	
3	 9	 4	 3	sample132	355	3697	256	113628	0	
3	 9	 4	 4	sample132	174	3258	258	104856	0	
3	 9	 4	 5	sample132	30.6	3115	0	104856	0	
3	 9	 4	 6	control	584	3412	514	113120	0	
3	 10	 1	 1	sample133	2541	6139	2312	295036	0	
3	 10	 1	 2	sample133	1831	5429	1798	259056	0	
3	 10	 1	 3	sample133	1196	4536	1286	133600	0	
3	 10	 1	 4	sample133	610	3694	770	123360	0	
3	 10	 1	 5	sample133	179	3263	256	123360	0	
3	 10	 1	 6	control	-481.44	2345	-513.99	113040	0	
3	 10	 2	 1	sample134	290	3116	258	113040	0	
3	 10	 2	 2	sample134	-147.24	2679	-255.99	113040	0	
3	 10	 2	 3	sample134	-964.24	1606	-1027.99	102800	0	
3	 10	 2	 4	sample134	-450.19	2120	-513.99	102800	0	
3	 10	 2	 5	sample134	-437.34	2133	-513.99	102800	0	
3	 10	 2	 6	control	1089	3659	1028	172190	0	
3	 10	 3	 1	sample135	982	3808	772	220428	0	
3	 10	 3	 2	sample135	1008	3578	1028	136210	0	
3	 10	 3	 3	sample135	534	2846	514	92480	0	
3	 10	 3	 4	sample135	738	2794	514	82240	0	
3	 10	 3	 5	sample135	-102.14	1696	0	71920	0	
3	 10	 3	 6	control	-694.39	848	-771.99	61680	0	
3	 10	 4	 1	sample136	-6.99	2563	0	102800	0	
3	 10	 4	 2	sample136	494	3064	-257.99	102800	0	
3	 10	 4	 3	sample136	-160.29	2152	0	92480	0	
3	 10	 4	 4	sample136	63.8	2120	0	82240	0	
3	 10	 4	 5	sample136	71.2	1869	258	71920	0	
3	 10	 4	 6	control	411	1953	256	61680	0	
3	 11	 1	 1	sample137	974	5858	1028	234432	0	
3	 11	 1	 2	sample137	135	4505	0	174800	0	
3	 11	 1	 3	sample137	366	4736	514	174800	0	
3	 11	 1	 4	sample137	141	4511	256	174800	0	
3	 11	 1	 5	sample137	282	4138	256	154240	0	
3	 11	 1	 6	control	206	3804	258	143920	0	
3	 11	 2	 1	sample138	1167	5537	1028	209760	0	
3	 11	 2	 2	sample138	897	5009	772	193264	0	
3	 11	 2	 3	sample138	205	4061	256	154240	0	
3	 11	 2	 4	sample138	225	3823	258	143920	0	
3	 11	 2	 5	sample138	122	3464	0	133680	0	
3	 11	 2	 6	control	1585	4669	1542	129528	0	
3	 11	 3	 1	sample139	180	3778	258	143920	0	
3	 11	 3	 2	sample139	-430.04	2654	-513.99	123360	0	
3	 11	 3	 3	sample139	238	3322	258	123360	0	
3	 11	 3	 4	sample139	224	3052	256	113120	0	
3	 11	 3	 5	sample139	160	2474	256	92560	0	
3	 11	 3	 6	control	-82.99	1973	0	82240	0	
3	 11	 4	 1	sample140	729	4327	772	129528	0	
3	 11	 4	 2	sample140	289	3631	256	133680	0	
3	 11	 4	 3	sample140	231	3059	256	113120	0	
3	 11	 4	 4	sample140	19.7	2590	0	102800	0	
3	 11	 4	 5	sample140	77.7	2134	0	82240	0	
3	 11	 4	 6	control	328	1870	258	61680	0	
3	 12	 1	 1	sample141	1023	6421	1028	286094	0	
3	 12	 1	 2	sample141	348	5488	258	205600	0	
3	 12	 1	 3	sample141	57.4	4941	0	195360	0	
3	 12	 1	 4	sample141	25.1	4395	0	174800	0	
3	 12	 1	 5	sample141	-83.04	4029	0	164480	0	
3	 12	 1	 6	control	-167.54	3688	-257.99	154240	0	
3	 12	 2	 1	sample142	1511	6395	1284	249084	0	
3	 12	 2	 2	sample142	923	5293	770	214130	0	
3	 12	 2	 3	sample142	89.6	3946	0	154240	0	
3	 12	 2	 4	sample142	335	3933	258	143920	0	
3	 12	 2	 5	sample142	237	3579	256	133680	0	
3	 12	 2	 6	control	682	4280	772	143920	0	
3	 12	 3	 1	sample143	977	5089	1028	185040	0	
3	 12	 3	 2	sample143	869	4467	772	133126	0	
3	 12	 3	 3	sample143	224	3566	256	133680	0	
3	 12	 3	 4	sample143	192	3020	256	113120	0	
3	 12	 3	 5	sample143	-45.34	2269	0	92560	0	
3	 12	 3	 6	control	-179.54	2390	-513.99	102800	0	
3	 12	 4	 1	sample144	-302.49	2526	-257.99	113120	0	
3	 12	 4	 2	sample144	-365.64	2204	-255.99	102800	0	
3	 12	 4	 3	sample144	-225.39	2089	-257.99	92560	0	
3	 12	 4	 4	sample144	-160.14	2410	0	102800	0	
3	 12	 4	 5	sample144	-257.54	2056	-257.99	92560	0	
3	 12	 4	 6	control	95.8	2410	256	92560	0	
4	 1	 1	 1	sample145	1923	7319	2056	269800	0	
4	 1	 1	 2	sample145	1350	6746	1286	194256	0	
4	 1	 1	 3	sample145	571	5711	514	205600	0	
4	 1	 1	 4	sample145	443	5583	256	205600	0	
4	 1	 1	 5	sample145	449	5589	514	205600	0	
4	 1	 1	 6	control	6.95	4889	0	195280	0	
4	 1	 2	 1	sample146	-847.64	4034	-1027.99	195280	0	
4	 1	 2	 2	sample146	-2422.64	2203	-2827.99	185040	0	
4	 1	 2	 3	sample146	-2776.19	1850	-2827.99	185040	0	
4	 1	 2	 4	sample146	-1934.44	2692	-2313.99	185040	0	
4	 1	 2	 5	sample146	-423.64	3944	-513.99	174720	0	
4	 1	 2	 6	control	1871	6239	1542	109200	0	
4	 1	 3	 1	sample147	1368	6250	1286	244100	0	
4	 1	 3	 2	sample147	945	5827	1028	195280	0	
4	 1	 3	 3	sample147	526	5152	514	185040	0	
4	 1	 3	 4	sample147	353	4465	256	164480	0	
4	 1	 3	 5	sample147	-114.99	3739	-255.99	154160	0	
4	 1	 3	 6	control	-654.94	3199	-769.99	154160	0	
4	 1	 4	 1	sample148	-1034.99	2563	-1285.99	143920	0	
4	 1	 4	 2	sample148	-1073.39	2011	-1541.99	123360	0	
4	 1	 4	 3	sample148	-1561.94	1522	-2055.99	123360	0	
4	 1	 4	 4	sample148	-731.94	2608	-769.99	133600	0	
4	 1	 4	 5	sample148	-172.89	3167	-255.99	133600	0	
4	 1	 4	 6	control	109	3707	514	143920	0	
4	 2	 1	 1	sample149	751	5377	772	226674	0	
4	 2	 1	 2	sample149	372	4742	256	174800	0	
4	 2	 1	 3	sample149	213	4325	258	164480	0	
4	 2	 1	 4	sample149	218	4074	256	154240	0	
4	 2	 1	 5	sample149	488	4344	514	154240	0	
4	 2	 1	 6	control	12.4	3868	0	154240	0	
4	 2	 2	 1	sample150	1426	5282	1542	154240	0	
4	 2	 2	 2	sample150	322	3920	514	143920	0	
4	 2	 2	 3	sample150	481	3823	514	133680	0	
4	 2	 2	 4	sample150	340	3682	256	133680	0	
4	 2	 2	 5	sample150	192	3534	256	133680	0	
4	 2	 2	 6	control	1684	5026	2056	120312	0	
4	 2	 3	 1	sample151	1034	4632	1028	161910	0	
4	 2	 3	 2	sample151	748	4090	770	150390	0	
4	 2	 3	 3	sample151	637	3721	514	123360	0	
4	 2	 3	 4	sample151	309	3393	258	123360	0	
4	 2	 3	 5	sample151	366	3194	256	113120	0	
4	 2	 3	 6	control	-161.19	2667	-257.99	113120	0	
4	 2	 4	 1	sample152	1867	4951	2056	129528	0	
4	 2	 4	 2	sample152	578	3406	770	113120	0	
4	 2	 4	 3	sample152	398	3226	256	113120	0	
4	 2	 4	 4	sample152	341	2911	514	102800	0	
4	 2	 4	 5	sample152	526	2840	514	92560	0	
4	 2	 4	 6	control	887	2943	772	82240	0	
4	 3	 1	 1	sample153	2939	6537	2826	179900	0	
4	 3	 1	 2	sample153	2874	6472	3084	154714	0	
4	 3	 1	 3	sample153	2005	5345	2056	133600	0	
4	 3	 1	 4	sample153	1600	4940	1800	90180	0	
4	 3	 1	 5	sample153	688	4028	772	133600	0	
4	 3	 1	 6	control	-148.24	2936	-257.99	123360	0	
4	 3	 2	 1	sample154	1310	4394	1284	123360	0	
4	 3	 2	 2	sample154	1496	4580	1542	104856	0	
4	 3	 2	 3	sample154	906	3732	772	113040	0	
4	 3	 2	 4	sample154	470	3296	514	113040	0	
4	 3	 2	 5	sample154	45.4	2871	0	113040	0	
4	 3	 2	 6	control	1854	4680	2056	107388	0	
4	 3	 3	 1	sample155	103	2415	0	92480	0	
4	 3	 3	 2	sample155	-346.54	1965	-255.99	92480	0	
4	 3	 3	 3	sample155	-429.94	1882	-255.99	92480	0	
4	 3	 3	 4	sample155	-166.54	2145	-255.99	92480	0	
4	 3	 3	 5	sample155	-468.44	1844	-513.99	92480	0	
4	 3	 3	 6	control	-186.99	1869	-257.99	82240	0	
4	 3	 4	 1	sample156	515	2313	772	71920	0	
4	 3	 4	 2	sample156	495	2293	772	71920	0	
4	 3	 4	 3	sample156	-44.39	1754	-255.99	71920	0	
4	 3	 4	 4	sample156	-5.94	1792	0	71920	0	
4	 3	 4	 5	sample156	71.1	1869	0	71920	0	
4	 3	 4	 6	control	495	2293	258	71920	0	
4	 4	 1	 1	sample157	501	3843	514	133680	0	
4	 4	 1	 2	sample157	-231.79	3110	-257.99	133680	0	
4	 4	 1	 3	sample157	-378.59	3219	-255.99	143920	0	
4	 4	 1	 4	sample157	-102.29	3496	0	143920	0	
4	 4	 1	 5	sample157	251	3849	0	143920	0	
4	 4	 1	 6	control	-166.49	3432	-255.99	143920	0	
4	 4	 2	 1	sample158	1302	4386	1286	95604	0	
4	 4	 2	 2	sample158	1157	4241	1028	123360	0	
4	 4	 2	 3	sample158	547	3631	514	123360	0	
4	 4	 2	 4	sample158	200	3284	258	123360	0	
4	 4	 2	 5	sample158	-224.39	2860	-255.99	123360	0	
4	 4	 2	 6	control	1220	4304	1286	120276	0	
4	 4	 3	 1	sample159	964	3534	1028	102800	0	
4	 4	 3	 2	sample159	129	2699	258	102800	0	
4	 4	 3	 3	sample159	26.3	2596	0	102800	0	
4	 4	 3	 4	sample159	-58.39	2770	0	113120	0	
4	 4	 3	 5	sample159	-256.44	2314	-255.99	102800	0	
4	 4	 3	 6	control	-360.39	2468	-513.99	113120	0	
4	 4	 4	 1	sample160	-410.64	1645	-513.99	82240	0	
4	 4	 4	 2	sample160	-327.14	1729	-513.99	82240	0	
4	 4	 4	 3	sample160	-680.59	1375	-769.99	82240	0	
4	 4	 4	 4	sample160	-180.49	2134	0	92560	0	
4	 4	 4	 5	sample160	-58.34	2256	256	92560	0	
4	 4	 4	 6	control	238	2808	258	102800	0	
4	 5	 1	 1	sample161	1609	4435	1542	175212	0	
4	 5	 1	 2	sample161	399	3225	514	113040	0	
4	 5	 1	 3	sample161	174	3000	258	113040	0	
4	 5	 1	 4	sample161	155	2981	258	113040	0	
4	 5	 1	 5	sample161	400	3226	258	50868	0	
4	 5	 1	 6	control	-482.44	2602	-513.99	123360	0	
4	 5	 2	 1	sample162	943	3255	1028	110976	0	
4	 5	 2	 2	sample162	296	2608	258	92480	0	
4	 5	 2	 3	sample162	-217.84	2094	-255.99	92480	0	
4	 5	 2	 4	sample162	-166.69	2145	-255.99	92480	0	
4	 5	 2	 5	sample162	-134.34	2178	-255.99	92480	0	
4	 5	 2	 6	control	1002	3572	770	257000	0	
4	 5	 3	 1	sample163	2170	4226	2312	156256	0	
4	 5	 3	 2	sample163	1118	3174	1028	98688	0	
4	 5	 3	 3	sample163	1204	3002	1286	39556	0	
4	 5	 3	 4	sample163	533	2589	514	82240	0	
4	 5	 3	 5	sample163	-45.34	2011	0	82240	0	
4	 5	 3	 6	control	-912.69	1143	-1027.99	82240	0	
4	 5	 4	 1	sample164	1611	3153	1542	80184	0	
4	 5	 4	 2	sample164	896	2438	770	78642	0	
4	 5	 4	 3	sample164	-141.74	1400	-257.99	61680	0	
4	 5	 4	 4	sample164	-116.04	1426	0	61680	0	
4	 5	 4	 5	sample164	353	1895	256	61680	0	
4	 5	 4	 6	control	957	2499	1028	72474	0	
4	 6	 1	 1	sample165	1521	5119	1542	179900	0	
4	 6	 1	 2	sample165	1048	4388	1028	177020	0	
4	 6	 1	 3	sample165	444	3784	514	133600	0	
4	 6	 1	 4	sample165	296	3636	258	133600	0	
4	 6	 1	 5	sample165	206	3546	258	133600	0	
4	 6	 1	 6	control	-474.89	2865	-513.99	133600	0	
4	 6	 2	 1	sample166	1530	4614	1542	138780	0	
4	 6	 2	 2	sample166	1257	4341	1284	141864	0	
4	 6	 2	 3	sample166	493	3577	514	157284	0	
4	 6	 2	 4	sample166	38	3122	256	123360	0	
4	 6	 2	 5	sample166	-148.24	2936	0	123360	0	
4	 6	 2	 6	control	1000	4084	770	289896	0	
4	 6	 3	 1	sample167	1164	3734	1028	125930	0	
4	 6	 3	 2	sample167	962	3532	770	172190	0	
4	 6	 3	 3	sample167	462	3032	514	102800	0	
4	 6	 3	 4	sample167	199	2769	0	102800	0	
4	 6	 3	 5	sample167	-418.04	2152	-513.99	102800	0	
4	 6	 3	 6	control	-668.79	1901	-771.99	102800	0	
4	 6	 4	 1	sample168	1521	3577	1542	104856	0	
4	 6	 4	 2	sample168	931	2987	1028	98688	0	
4	 6	 4	 3	sample168	237	2293	256	82240	0	
4	 6	 4	 4	sample168	89.6	2146	0	82240	0	
4	 6	 4	 5	sample168	76.6	2133	0	82240	0	
4	 6	 4	 6	control	615	2927	514	117912	0	
4	 7	 1	 1	sample169	1636	4206	1542	113080	0	
4	 7	 1	 2	sample169	1286	3856	1286	100230	0	
4	 7	 1	 3	sample169	662	3232	514	102800	0	
4	 7	 1	 4	sample169	295	2609	256	92560	0	
4	 7	 1	 5	sample169	-19.64	2294	0	92560	0	
4	 7	 1	 6	control	-597.99	1716	-513.99	92560	0	
4	 7	 2	 1	sample170	1507	3821	1542	171236	0	
4	 7	 2	 2	sample170	1577	3891	1542	118014	0	
4	 7	 2	 3	sample170	1023	3079	1028	104856	0	
4	 7	 2	 4	sample170	296	2352	258	82240	0	
4	 7	 2	 5	sample170	-140.84	1915	0	82240	0	
4	 7	 2	 6	control	1403	3459	1542	94576	0	
4	 7	 3	 1	sample171	1510	3310	1284	163800	0	
4	 7	 3	 2	sample171	1275	3331	1286	102800	0	
4	 7	 3	 3	sample171	699	2499	770	90000	0	
4	 7	 3	 4	sample171	276	2076	256	72000	0	
4	 7	 3	 5	sample171	45.5	1588	0	61680	0	
4	 7	 3	 6	control	-616.39	926	-513.99	61680	0	
4	 7	 4	 1	sample172	1388	2930	1286	77100	0	
4	 7	 4	 2	sample172	579	2121	514	61680	0	
4	 7	 4	 3	sample172	212	1498	256	51440	0	
4	 7	 4	 4	sample172	-39.24	1247	0	51440	0	
4	 7	 4	 5	sample172	31.7	1318	0	51440	0	
4	 7	 4	 6	control	563	1849	514	60442	0	
4	 8	 1	 1	sample173	2787	6385	2828	248262	0	
4	 8	 1	 2	sample173	1753	5351	1542	277046	0	
4	 8	 1	 3	sample173	1279	4621	1284	160416	0	
4	 8	 1	 4	sample173	1018	4360	770	90234	0	
4	 8	 1	 5	sample173	946	4288	770	137022	0	
4	 8	 1	 6	control	-25.09	3059	0	123360	0	
4	 8	 2	 1	sample174	1192	4534	1284	167100	0	
4	 8	 2	 2	sample174	109	3451	0	133680	0	
4	 8	 2	 3	sample174	-893.54	2448	-771.99	133680	0	
4	 8	 2	 4	sample174	77.7	3162	258	123360	0	
4	 8	 2	 5	sample174	-18.79	3065	0	123360	0	
4	 8	 2	 6	control	1231	4315	1286	117192	0	
4	 8	 3	 1	sample175	1101	4443	1028	163758	0	
4	 8	 3	 2	sample175	836	3920	772	123360	0	
4	 8	 3	 3	sample175	577	3661	514	138780	0	
4	 8	 3	 4	sample175	187	3271	258	123360	0	
4	 8	 3	 5	sample175	-584.14	2500	-769.99	123360	0	
4	 8	 3	 6	control	-552.04	2532	-513.99	123360	0	
4	 8	 4	 1	sample176	128	2956	256	101808	0	
4	 8	 4	 2	sample176	178	3006	256	101808	0	
4	 8	 4	 3	sample176	-1446.14	1382	-1541.99	113120	0	
4	 8	 4	 4	sample176	85.1	2913	256	101808	0	
4	 8	 4	 5	sample176	214	3042	256	101808	0	
4	 8	 4	 6	control	798	3626	770	104636	0	
4	 9	 1	 1	sample177	1564	3878	1542	104130	0	
4	 9	 1	 2	sample177	592	2906	514	83304	0	
4	 9	 1	 3	sample177	192	2506	256	83304	0	
4	 9	 1	 4	sample177	85.1	2399	0	83304	0	
4	 9	 1	 5	sample177	158	2214	258	74016	0	
4	 9	 1	 6	control	-156.66	1899	-255.99	74016	0	
4	 9	 2	 1	sample178	1470	3784	1284	108758	0	
4	 9	 2	 2	sample178	980	3294	1028	87932	0	
4	 9	 2	 3	sample178	624	2680	514	82240	0	
4	 9	 2	 4	sample178	123	2179	258	82240	0	
4	 9	 2	 5	sample178	154	1954	256	72000	0	
4	 9	 2	 6	control	1940	3482	2056	64764	0	
4	 9	 3	 1	sample179	1438	3752	1542	97188	0	
4	 9	 3	 2	sample179	777	3091	770	97188	0	
4	 9	 3	 3	sample179	501	2815	514	92560	0	
4	 9	 3	 4	sample179	315	2371	258	82240	0	
4	 9	 3	 5	sample179	-353.89	1446	-257.99	72000	0	
4	 9	 3	 6	control	-450.14	1350	-513.99	72000	0	
4	 9	 4	 1	sample180	873	3187	770	115700	0	
4	 9	 4	 2	sample180	554	2868	514	87932	0	
4	 9	 4	 3	sample180	-352.84	1703	-255.99	82240	0	
4	 9	 4	 4	sample180	25.2	2339	0	92560	0	
4	 9	 4	 5	sample180	367	2423	258	82240	0	
4	 9	 4	 6	control	798	2854	772	158312	0	
4	 10	 1	 1	sample181	1666	5006	1542	153640	0	
4	 10	 1	 2	sample181	1984	5068	2056	144948	0	
4	 10	 1	 3	sample181	1286	4112	1286	118692	0	
4	 10	 1	 4	sample181	801	3371	770	107940	0	
4	 10	 1	 5	sample181	515	2827	514	92480	0	
4	 10	 1	 6	control	-44.29	1754	0	71920	0	
4	 10	 2	 1	sample182	969	3539	1028	113080	0	
4	 10	 2	 2	sample182	283	2595	258	92480	0	
4	 10	 2	 3	sample182	0.45	2312	0	92480	0	
4	 10	 2	 4	sample182	282	2338	256	82240	0	
4	 10	 2	 5	sample182	348	2146	258	61132	0	
4	 10	 2	 6	control	1231	2773	1028	66306	0	
4	 10	 3	 1	sample183	2130	4956	2314	158256	0	
4	 10	 3	 2	sample183	1268	3838	1028	120790	0	
4	 10	 3	 3	sample183	1121	3433	1028	57800	0	
4	 10	 3	 4	sample183	548	2604	514	92520	0	
4	 10	 3	 5	sample183	269	1811	256	32382	0	
4	 10	 3	 6	control	-320.64	963	-255.99	51360	0	
4	 10	 4	 1	sample184	995	4079	1028	123360	0	
4	 10	 4	 2	sample184	444	3270	514	113040	0	
4	 10	 4	 3	sample184	251	2563	258	92480	0	
4	 10	 4	 4	sample184	199	2255	256	82240	0	
4	 10	 4	 5	sample184	0.55	1799	0	71920	0	
4	 10	 4	 6	control	463	1747	514	51360	0	
4	 11	 1	 1	sample185	1088	5972	1028	229548	0	
4	 11	 1	 2	sample185	642	5012	514	174800	0	
4	 11	 1	 3	sample185	462	4318	514	154240	0	
4	 11	 1	 4	sample185	283	3881	258	143920	0	
4	 11	 1	 5	sample185	301	3643	256	133680	0	
4	 11	 1	 6	control	359	3187	256	113120	0	
4	 11	 2	 1	sample186	1588	5700	1542	185040	0	
4	 11	 2	 2	sample186	986	4842	1028	188944	0	
4	 11	 2	 3	sample186	611	3695	514	123360	0	
4	 11	 2	 4	sample186	399	2969	514	102800	0	
4	 11	 2	 5	sample186	360	2416	258	82240	0	
4	 11	 2	 6	control	764	2564	770	72000	0	
4	 11	 3	 1	sample187	983	5095	772	164480	0	
4	 11	 3	 2	sample187	688	4286	772	143920	0	
4	 11	 3	 3	sample187	592	3676	514	123360	0	
4	 11	 3	 4	sample187	553	3123	514	102800	0	
4	 11	 3	 5	sample187	110	2166	0	82240	0	
4	 11	 3	 6	control	-37.94	1504	0	61680	0	
4	 11	 4	 1	sample188	661	5031	770	174800	0	
4	 11	 4	 2	sample188	168	4280	0	164480	0	
4	 11	 4	 3	sample188	64.6	3663	0	143920	0	
4	 11	 4	 4	sample188	213	3297	258	123360	0	
4	 11	 4	 5	sample188	373	2943	258	102800	0	
4	 11	 4	 6	control	134	2448	256	92560	0	
4	 12	 1	 1	sample189	1093	4435	1028	157074	0	
4	 12	 1	 2	sample189	741	3825	514	52428	0	
4	 12	 1	 3	sample189	385	3213	256	113120	0	
4	 12	 1	 4	sample189	302	2872	258	102800	0	
4	 12	 1	 5	sample189	245	2815	0	102800	0	
4	 12	 1	 6	control	135	2705	0	102800	0	
4	 12	 2	 1	sample190	650	2706	514	39064	0	
4	 12	 2	 2	sample190	417	2217	256	72000	0	
4	 12	 2	 3	sample190	115	1915	0	72000	0	
4	 12	 2	 4	sample190	134	1934	0	72000	0	
4	 12	 2	 5	sample190	-39.14	1761	0	72000	0	
4	 12	 2	 6	control	258	2314	258	82240	0	
4	 12	 3	 1	sample191	180	1980	0	72000	0	
4	 12	 3	 2	sample191	418	1960	258	61680	0	
4	 12	 3	 3	sample191	187	1729	0	61680	0	
4	 12	 3	 4	sample191	192	1478	256	51440	0	
4	 12	 3	 5	sample191	380	1922	258	61680	0	
4	 12	 3	 6	control	-315.24	1485	-513.99	72000	0	
4	 12	 4	 1	sample192	225	2795	258	102800	0	
4	 12	 4	 2	sample192	82.9	2397	0	92560	0	
4	 12	 4	 3	sample192	245	2301	258	82240	0	
4	 12	 4	 4	sample192	115	1915	0	72000	0	
4	 12	 4	 5	sample192	-64.74	1735	-257.99	72000	0	
4	 12	 4	 6	control	549	2349	514	39600	0	
