MicroVigene	 Version	 2501
Culture	en-US
9/27/2006 4:19:42 PM
Roi Row	 4	 Roi Col	 12	 Main Row	 4	 Main Col	 6	 Sub Row	 1	 Sub Col	 1
Main Row	 Main Col	 Sub Row	 Sub Col	  GeneID	mean_net	 mean_total	 median_net	 vol_bkg	 vol_dust	 
1	 1	 1	 1	sample1	915	2971	770	84296	0	
1	 1	 1	 2	sample1	1022	3592	770	118220	0	
1	 1	 1	 3	sample1	308	3392	256	123360	0	
1	 1	 1	 4	sample1	732	3816	770	123360	0	
1	 1	 1	 5	sample1	443	3527	514	123360	0	
1	 1	 1	 6	control	90.4	3430	0	133600	0	
1	 1	 2	 1	sample2	1038	2580	1028	75558	0	
1	 1	 2	 2	sample2	1702	4014	1286	115600	0	
1	 1	 2	 3	sample2	893	3463	770	102800	0	
1	 1	 2	 4	sample2	348	3174	258	113040	0	
1	 1	 2	 5	sample2	245	3071	258	113040	0	
1	 1	 2	 6	control	922	4006	1028	135696	0	
1	 1	 3	 1	sample3	1487	2771	1286	83460	0	
1	 1	 3	 2	sample3	1091	2889	1028	88102	0	
1	 1	 3	 3	sample3	905	2961	770	90464	0	
1	 1	 3	 4	sample3	637	2949	514	92480	0	
1	 1	 3	 5	sample3	335	2647	258	92480	0	
1	 1	 3	 6	control	63.8	2634	0	102800	0	
1	 1	 4	 1	sample4	2195	3223	2056	83268	0	
1	 1	 4	 2	sample4	1840	3382	1798	75558	0	
1	 1	 4	 3	sample4	1264	3062	1286	86304	0	
1	 1	 4	 4	sample4	359	2415	256	82240	0	
1	 1	 4	 5	sample4	334	2390	514	82240	0	
1	 1	 4	 6	control	736	3048	772	50864	0	
1	 2	 1	 1	sample5	2184	5012	1798	294112	0	
1	 2	 1	 2	sample5	2652	5480	2570	141400	0	
1	 2	 1	 3	sample5	1641	4469	1542	138572	0	
1	 2	 1	 4	sample5	1096	3666	1028	136210	0	
1	 2	 1	 5	sample5	1256	3826	1286	110510	0	
1	 2	 1	 6	control	290	2860	258	102800	0	
1	 2	 2	 1	sample6	2208	4522	2056	164294	0	
1	 2	 2	 2	sample6	1677	3991	1798	175864	0	
1	 2	 2	 3	sample6	1517	3831	1284	99502	0	
1	 2	 2	 4	sample6	924	3238	1028	108758	0	
1	 2	 2	 5	sample6	680	2994	770	92560	0	
1	 2	 2	 6	control	1407	3721	1284	97188	0	
1	 2	 3	 1	sample7	2217	4273	2056	164480	0	
1	 2	 3	 2	sample7	1800	3856	1542	88408	0	
1	 2	 3	 3	sample7	1414	3470	1286	82240	0	
1	 2	 3	 4	sample7	984	2784	1028	73800	0	
1	 2	 3	 5	sample7	443	2243	256	72000	0	
1	 2	 3	 6	control	123	2179	258	82240	0	
1	 2	 4	 1	sample8	2031	3831	1798	171000	0	
1	 2	 4	 2	sample8	1093	2893	1028	91800	0	
1	 2	 4	 3	sample8	912	2712	1028	91800	0	
1	 2	 4	 4	sample8	579	2121	514	61680	0	
1	 2	 4	 5	sample8	173	1973	256	72000	0	
1	 2	 4	 6	control	1310	3110	1284	36000	0	
1	 3	 1	 1	sample9	1723	4549	1800	209124	0	
1	 3	 1	 2	sample9	1608	4178	1798	169620	0	
1	 3	 1	 3	sample9	1193	3763	1284	179900	0	
1	 3	 1	 4	sample9	1108	3420	1028	104040	0	
1	 3	 1	 5	sample9	849	3419	1028	59110	0	
1	 3	 1	 6	control	89.6	2660	0	102800	0	
1	 3	 2	 1	sample10	1478	3790	1286	92480	0	
1	 3	 2	 2	sample10	1379	3691	1286	152592	0	
1	 3	 2	 3	sample10	1099	3411	1028	67048	0	
1	 3	 2	 4	sample10	504	2816	514	113288	0	
1	 3	 2	 5	sample10	225	2537	258	92480	0	
1	 3	 2	 6	control	1861	3917	1798	111024	0	
1	 3	 3	 1	sample11	1406	3718	1286	143344	0	
1	 3	 3	 2	sample11	1366	3678	1286	168776	0	
1	 3	 3	 3	sample11	1395	3451	1542	100744	0	
1	 3	 3	 4	sample11	896	2952	770	92520	0	
1	 3	 3	 5	sample11	663	2719	770	88408	0	
1	 3	 3	 6	control	231	2287	256	82240	0	
1	 3	 4	 1	sample12	2687	4743	2312	148032	0	
1	 3	 4	 2	sample12	1134	3190	1028	154200	0	
1	 3	 4	 3	sample12	1077	3133	1028	106912	0	
1	 3	 4	 4	sample12	527	2325	514	71920	0	
1	 3	 4	 5	sample12	369	2425	514	32896	0	
1	 3	 4	 6	control	425	2223	514	71920	0	
1	 4	 1	 1	sample13	2245	4045	2312	144000	0	
1	 4	 1	 2	sample13	2302	4102	2312	127800	0	
1	 4	 1	 3	sample13	1612	3412	1542	91800	0	
1	 4	 1	 4	sample13	912	2712	1028	72000	0	
1	 4	 1	 5	sample13	770	2570	770	73800	0	
1	 4	 1	 6	control	1007	2807	1028	91800	0	
1	 4	 2	 1	sample14	1744	3030	1798	60442	0	
1	 4	 2	 2	sample14	1217	2503	1028	68158	0	
1	 4	 2	 3	sample14	824	2110	770	61728	0	
1	 4	 2	 4	sample14	683	1969	770	52726	0	
1	 4	 2	 5	sample14	653	1939	770	61728	0	
1	 4	 2	 6	control	1624	2910	1542	104166	0	
1	 4	 3	 1	sample15	1528	2814	1542	24434	0	
1	 4	 3	 2	sample15	588	1874	770	61728	0	
1	 4	 3	 3	sample15	537	1823	514	55298	0	
1	 4	 3	 4	sample15	327	1613	256	51440	0	
1	 4	 3	 5	sample15	263	1549	256	51440	0	
1	 4	 3	 6	control	212	1498	0	51440	0	
1	 4	 4	 1	sample16	1566	2594	1542	79156	0	
1	 4	 4	 2	sample16	800	2086	770	55298	0	
1	 4	 4	 3	sample16	1035	2063	1028	41120	0	
1	 4	 4	 4	sample16	578	1864	514	30864	0	
1	 4	 4	 5	sample16	533	1819	514	51440	0	
1	 4	 4	 6	control	672	1700	772	45232	0	
1	 5	 1	 1	sample17	1530	3586	1542	133640	0	
1	 5	 1	 2	sample17	1330	3386	1284	92520	0	
1	 5	 1	 3	sample17	1005	3061	1028	92520	0	
1	 5	 1	 4	sample17	825	2881	770	96632	0	
1	 5	 1	 5	sample17	481	2537	256	82240	0	
1	 5	 1	 6	control	31.6	2088	0	82240	0	
1	 5	 2	 1	sample18	1311	2853	1284	87894	0	
1	 5	 2	 2	sample18	1183	2981	1028	116870	0	
1	 5	 2	 3	sample18	568	2366	514	86304	0	
1	 5	 2	 4	sample18	585	2127	514	66306	0	
1	 5	 2	 5	sample18	213	2011	258	71920	0	
1	 5	 2	 6	control	1634	3176	1542	72474	0	
1	 5	 3	 1	sample19	1589	3131	1542	109482	0	
1	 5	 3	 2	sample19	1311	2853	1284	74016	0	
1	 5	 3	 3	sample19	942	2484	770	78642	0	
1	 5	 3	 4	sample19	637	2179	514	77100	0	
1	 5	 3	 5	sample19	212	1754	256	61680	0	
1	 5	 3	 6	control	-96.94	1445	0	61680	0	
1	 5	 4	 1	sample20	1206	2748	1028	115650	0	
1	 5	 4	 2	sample20	498	2040	514	77100	0	
1	 5	 4	 3	sample20	652	2194	514	77100	0	
1	 5	 4	 4	sample20	321	1863	514	61680	0	
1	 5	 4	 5	sample20	1475	3017	1542	149574	0	
1	 5	 4	 6	control	295	1837	256	61680	0	
1	 6	 1	 1	sample21	1646	3960	1542	215202	0	
1	 6	 1	 2	sample21	1530	3844	1028	259168	0	
1	 6	 1	 3	sample21	1424	3480	1286	106912	0	
1	 6	 1	 4	sample21	941	2997	1028	96632	0	
1	 6	 1	 5	sample21	739	2795	772	98688	0	
1	 6	 1	 6	control	181	2237	258	82240	0	
1	 6	 2	 1	sample22	1742	3542	1798	129600	0	
1	 6	 2	 2	sample22	1877	3677	1798	129600	0	
1	 6	 2	 3	sample22	1857	3657	1798	126000	0	
1	 6	 2	 4	sample22	1038	2838	1028	84600	0	
1	 6	 2	 5	sample22	658	2458	770	86400	0	
1	 6	 2	 6	control	1061	2861	1028	82800	0	
1	 6	 3	 1	sample23	591	2391	514	72000	0	
1	 6	 3	 2	sample23	353	2153	256	72000	0	
1	 6	 3	 3	sample23	314	2114	256	72000	0	
1	 6	 3	 4	sample23	596	2138	514	67848	0	
1	 6	 3	 5	sample23	309	1851	258	61680	0	
1	 6	 3	 6	control	1161	2703	1028	146490	0	
1	 6	 4	 1	sample24	1604	3404	1542	73800	0	
1	 6	 4	 2	sample24	530	2330	514	82800	0	
1	 6	 4	 3	sample24	579	2379	514	77400	0	
1	 6	 4	 4	sample24	392	1934	514	61680	0	
1	 6	 4	 5	sample24	360	1902	258	61680	0	
1	 6	 4	 6	control	392	1934	258	61680	0	
1	 7	 1	 1	sample25	2271	4327	2314	148032	0	
1	 7	 1	 2	sample25	1969	4025	2056	156256	0	
1	 7	 1	 3	sample25	1404	3460	1286	106912	0	
1	 7	 1	 4	sample25	1013	3069	1028	102800	0	
1	 7	 1	 5	sample25	1648	3704	1542	129528	0	
1	 7	 1	 6	control	264	2320	258	82240	0	
1	 7	 2	 1	sample26	1261	3061	1284	77400	0	
1	 7	 2	 2	sample26	1370	3170	1284	70200	0	
1	 7	 2	 3	sample26	1046	2588	1028	66306	0	
1	 7	 2	 4	sample26	963	2505	772	66306	0	
1	 7	 2	 5	sample26	430	2230	256	72000	0	
1	 7	 2	 6	control	1239	3039	1028	111600	0	
1	 7	 3	 1	sample27	1099	2641	1028	67848	0	
1	 7	 3	 2	sample27	869	2411	772	69390	0	
1	 7	 3	 3	sample27	675	2217	514	74016	0	
1	 7	 3	 4	sample27	489	2031	258	61680	0	
1	 7	 3	 5	sample27	277	1819	258	61680	0	
1	 7	 3	 6	control	277	1819	258	61680	0	
1	 7	 4	 1	sample28	579	2121	514	61680	0	
1	 7	 4	 2	sample28	450	1992	258	61680	0	
1	 7	 4	 3	sample28	636	1922	514	51440	0	
1	 7	 4	 4	sample28	812	2098	770	32150	0	
1	 7	 4	 5	sample28	264	1806	258	61680	0	
1	 7	 4	 6	control	579	2121	514	61680	0	
1	 8	 1	 1	sample29	2328	4126	2056	156426	0	
1	 8	 1	 2	sample29	2968	4766	3342	154628	0	
1	 8	 1	 3	sample29	1870	3668	2056	131254	0	
1	 8	 1	 4	sample29	1114	2912	1028	86304	0	
1	 8	 1	 5	sample29	1148	2690	1028	49344	0	
1	 8	 1	 6	control	237	1779	256	61680	0	
1	 8	 2	 1	sample30	1291	2575	1286	59064	0	
1	 8	 2	 2	sample30	882	2424	770	70932	0	
1	 8	 2	 3	sample30	792	2076	772	62916	0	
1	 8	 2	 4	sample30	489	1773	514	51360	0	
1	 8	 2	 5	sample30	399	1683	258	51360	0	
1	 8	 2	 6	control	1273	2557	1286	78324	0	
1	 8	 3	 1	sample31	1102	2386	1028	125832	0	
1	 8	 3	 2	sample31	1263	2547	1286	57780	0	
1	 8	 3	 3	sample31	783	2067	772	57780	0	
1	 8	 3	 4	sample31	457	1741	514	51360	0	
1	 8	 3	 5	sample31	437	1465	514	41120	0	
1	 8	 3	 6	control	308	1336	256	41120	0	
1	 8	 4	 1	sample32	1610	2894	1542	92448	0	
1	 8	 4	 2	sample32	1013	2297	1028	65484	0	
1	 8	 4	 3	sample32	1014	2298	772	66768	0	
1	 8	 4	 4	sample32	481	1765	514	59064	0	
1	 8	 4	 5	sample32	360	1644	258	51360	0	
1	 8	 4	 6	control	540	1824	258	51360	0	
1	 9	 1	 1	sample33	1458	3258	1542	77400	0	
1	 9	 1	 2	sample33	852	2652	770	79200	0	
1	 9	 1	 3	sample33	463	2519	514	71960	0	
1	 9	 1	 4	sample33	687	2487	514	72000	0	
1	 9	 1	 5	sample33	539	2339	514	72000	0	
1	 9	 1	 6	control	238	2294	258	82240	0	
1	 9	 2	 1	sample34	1536	3078	1542	58596	0	
1	 9	 2	 2	sample34	1406	2948	1542	118734	0	
1	 9	 2	 3	sample34	1320	2862	1286	80184	0	
1	 9	 2	 4	sample34	811	2353	772	70932	0	
1	 9	 2	 5	sample34	772	2314	772	64764	0	
1	 9	 2	 6	control	1655	3197	1542	60138	0	
1	 9	 3	 1	sample35	825	2367	772	118734	0	
1	 9	 3	 2	sample35	1010	2296	1028	55298	0	
1	 9	 3	 3	sample35	815	2101	770	51440	0	
1	 9	 3	 4	sample35	835	2121	1028	20576	0	
1	 9	 3	 5	sample35	468	1754	514	51440	0	
1	 9	 3	 6	control	206	1748	258	61680	0	
1	 9	 4	 1	sample36	1273	2815	1028	124902	0	
1	 9	 4	 2	sample36	1105	2391	1028	55298	0	
1	 9	 4	 3	sample36	1106	2648	1028	66306	0	
1	 9	 4	 4	sample36	437	1979	258	61680	0	
1	 9	 4	 5	sample36	328	1870	258	61680	0	
1	 9	 4	 6	control	521	2063	514	61680	0	
1	 10	 1	 1	sample37	2094	3636	2056	61680	0	
1	 10	 1	 2	sample37	1727	3525	1800	57536	0	
1	 10	 1	 3	sample37	837	2635	772	77314	0	
1	 10	 1	 4	sample37	701	2499	514	71920	0	
1	 10	 1	 5	sample37	277	2075	258	71920	0	
1	 10	 1	 6	control	77.7	1876	-255.99	71920	0	
1	 10	 2	 1	sample38	1477	3019	1542	67848	0	
1	 10	 2	 2	sample38	1170	2712	1028	72474	0	
1	 10	 2	 3	sample38	930	2472	770	69390	0	
1	 10	 2	 4	sample38	588	2130	514	69390	0	
1	 10	 2	 5	sample38	670	2212	514	35466	0	
1	 10	 2	 6	control	930	2472	770	57054	0	
1	 10	 3	 1	sample39	2691	3975	2828	87312	0	
1	 10	 3	 2	sample39	1630	2914	1542	83460	0	
1	 10	 3	 3	sample39	1131	2415	1028	89880	0	
1	 10	 3	 4	sample39	765	2049	514	53928	0	
1	 10	 3	 5	sample39	907	2191	514	24396	0	
1	 10	 3	 6	control	296	1580	258	51360	0	
1	 10	 4	 1	sample40	1239	2523	1286	70620	0	
1	 10	 4	 2	sample40	849	2133	772	51360	0	
1	 10	 4	 3	sample40	977	2261	772	51360	0	
1	 10	 4	 4	sample40	437	1721	258	51360	0	
1	 10	 4	 5	sample40	386	1670	258	51360	0	
1	 10	 4	 6	control	988	2272	772	41088	0	
1	 11	 1	 1	sample41	1095	2637	1028	77100	0	
1	 11	 1	 2	sample41	630	2172	514	61680	0	
1	 11	 1	 3	sample41	1225	2767	1286	26214	0	
1	 11	 1	 4	sample41	718	2260	772	66306	0	
1	 11	 1	 5	sample41	385	2185	514	36000	0	
1	 11	 1	 6	control	481	2281	256	72000	0	
1	 11	 2	 1	sample42	1278	2564	1284	51440	0	
1	 11	 2	 2	sample42	1269	2555	1028	63014	0	
1	 11	 2	 3	sample42	963	2249	1028	66872	0	
1	 11	 2	 4	sample42	887	2173	770	28292	0	
1	 11	 2	 5	sample42	380	1922	258	61680	0	
1	 11	 2	 6	control	1285	2827	1286	95604	0	
1	 11	 3	 1	sample43	2214	3500	2056	104166	0	
1	 11	 3	 2	sample43	1980	3266	2056	83590	0	
1	 11	 3	 3	sample43	1571	2857	1542	56584	0	
1	 11	 3	 4	sample43	1124	2410	1028	61728	0	
1	 11	 3	 5	sample43	742	2028	514	57870	0	
1	 11	 3	 6	control	314	1600	256	51440	0	
1	 11	 4	 1	sample44	2909	4195	2826	104166	0	
1	 11	 4	 2	sample44	1938	3224	2056	118312	0	
1	 11	 4	 3	sample44	2454	3740	2312	105452	0	
1	 11	 4	 4	sample44	1295	2581	1284	64300	0	
1	 11	 4	 5	sample44	872	2158	770	55298	0	
1	 11	 4	 6	control	1137	2423	1028	51440	0	
1	 12	 1	 1	sample45	1430	3230	1542	54000	0	
1	 12	 1	 2	sample45	747	2803	514	65792	0	
1	 12	 1	 3	sample45	737	2793	772	61680	0	
1	 12	 1	 4	sample45	431	2487	514	82240	0	
1	 12	 1	 5	sample45	102	2416	0	92560	0	
1	 12	 1	 6	control	655	3483	514	113120	0	
1	 12	 2	 1	sample46	1016	2558	1028	61680	0	
1	 12	 2	 2	sample46	784	2584	770	68400	0	
1	 12	 2	 3	sample46	743	2543	770	66600	0	
1	 12	 2	 4	sample46	315	2371	258	82240	0	
1	 12	 2	 5	sample46	269	2583	256	92560	0	
1	 12	 2	 6	control	1409	3979	1286	69390	0	
1	 12	 3	 1	sample47	1336	2878	1286	78642	0	
1	 12	 3	 2	sample47	672	2214	772	47802	0	
1	 12	 3	 3	sample47	818	2618	770	48600	0	
1	 12	 3	 4	sample47	232	2288	258	82240	0	
1	 12	 3	 5	sample47	873	3187	770	92560	0	
1	 12	 3	 6	control	245	2301	0	82240	0	
1	 12	 4	 1	sample48	1253	2795	1028	61680	0	
1	 12	 4	 2	sample48	469	2269	514	72000	0	
1	 12	 4	 3	sample48	1266	3322	1286	82240	0	
1	 12	 4	 4	sample48	596	2652	772	39064	0	
1	 12	 4	 5	sample48	391	2191	256	72000	0	
1	 12	 4	 6	control	372	2172	256	72000	0	
2	 1	 1	 1	sample49	1399	2941	1542	111024	0	
2	 1	 1	 2	sample49	976	3032	1028	82240	0	
2	 1	 1	 3	sample49	954	3266	1028	104040	0	
2	 1	 1	 4	sample49	817	3129	772	78608	0	
2	 1	 1	 5	sample49	469	3039	514	102800	0	
2	 1	 1	 6	control	129	2955	0	113040	0	
2	 1	 2	 1	sample50	1558	3100	1542	118734	0	
2	 1	 2	 2	sample50	1975	3773	2056	142042	0	
2	 1	 2	 3	sample50	1728	3784	1542	82240	0	
2	 1	 2	 4	sample50	1112	3424	1028	106352	0	
2	 1	 2	 5	sample50	1086	3398	1028	104040	0	
2	 1	 2	 6	control	1394	3964	1284	102800	0	
2	 1	 3	 1	sample51	1827	3369	1798	27756	0	
2	 1	 3	 2	sample51	908	2706	772	80910	0	
2	 1	 3	 3	sample51	727	2783	770	84296	0	
2	 1	 3	 4	sample51	771	2827	770	82240	0	
2	 1	 3	 5	sample51	392	2704	258	92480	0	
2	 1	 3	 6	control	269	2839	0	102800	0	
2	 1	 4	 1	sample52	1075	2617	770	66306	0	
2	 1	 4	 2	sample52	844	2386	770	64764	0	
2	 1	 4	 3	sample52	334	2132	258	71920	0	
2	 1	 4	 4	sample52	359	2415	256	82240	0	
2	 1	 4	 5	sample52	322	2634	258	92480	0	
2	 1	 4	 6	control	669	2981	772	92480	0	
2	 2	 1	 1	sample53	1188	2986	1286	113274	0	
2	 2	 1	 2	sample53	761	2559	772	88102	0	
2	 2	 1	 3	sample53	743	2541	772	80910	0	
2	 2	 1	 4	sample53	534	2332	514	71920	0	
2	 2	 1	 5	sample53	527	2583	514	80184	0	
2	 2	 1	 6	control	411	2467	256	82240	0	
2	 2	 2	 1	sample54	1563	3105	1542	109482	0	
2	 2	 2	 2	sample54	1334	3132	1028	133052	0	
2	 2	 2	 3	sample54	1292	3090	1286	70122	0	
2	 2	 2	 4	sample54	993	2791	1028	79112	0	
2	 2	 2	 5	sample54	592	2390	514	71920	0	
2	 2	 2	 6	control	1246	3302	1284	82240	0	
2	 2	 3	 1	sample55	2009	3551	1798	94062	0	
2	 2	 3	 2	sample55	1848	3646	1800	115072	0	
2	 2	 3	 3	sample55	1170	2968	1028	71920	0	
2	 2	 3	 4	sample55	772	2570	772	71920	0	
2	 2	 3	 5	sample55	425	2223	514	71920	0	
2	 2	 3	 6	control	-90.39	1966	0	82240	0	
2	 2	 4	 1	sample56	2747	4289	2056	100230	0	
2	 2	 4	 2	sample56	1614	3156	1542	126444	0	
2	 2	 4	 3	sample56	953	2495	770	69390	0	
2	 2	 4	 4	sample56	910	2452	1028	37008	0	
2	 2	 4	 5	sample56	960	2502	1028	29298	0	
2	 2	 4	 6	control	470	2268	514	71920	0	
2	 3	 1	 1	sample57	1382	3180	1286	204972	0	
2	 3	 1	 2	sample57	1382	3180	1542	129456	0	
2	 3	 1	 3	sample57	1418	2960	1542	80184	0	
2	 3	 1	 4	sample57	830	2372	770	74016	0	
2	 3	 1	 5	sample57	770	2312	770	69390	0	
2	 3	 1	 6	control	443	1985	514	61680	0	
2	 3	 2	 1	sample58	1177	2975	1028	136648	0	
2	 3	 2	 2	sample58	1649	3191	1798	77100	0	
2	 3	 2	 3	sample58	1289	2831	1284	81726	0	
2	 3	 2	 4	sample58	719	2261	770	61680	0	
2	 3	 2	 5	sample58	469	2267	514	80910	0	
2	 3	 2	 6	control	2877	4419	3084	117192	0	
2	 3	 3	 1	sample59	3678	5220	3340	112566	0	
2	 3	 3	 2	sample59	3203	4745	3084	126444	0	
2	 3	 3	 3	sample59	1673	3215	1542	135696	0	
2	 3	 3	 4	sample59	1357	2899	1284	70932	0	
2	 3	 3	 5	sample59	1027	2569	1028	66306	0	
2	 3	 3	 6	control	-83.94	1458	0	61680	0	
2	 3	 4	 1	sample60	1844	3386	1798	140322	0	
2	 3	 4	 2	sample60	1083	2367	1028	66768	0	
2	 3	 4	 3	sample60	990	2274	1028	51360	0	
2	 3	 4	 4	sample60	812	2096	772	24396	0	
2	 3	 4	 5	sample60	263	1805	256	61680	0	
2	 3	 4	 6	control	494	2036	514	61680	0	
2	 4	 1	 1	sample61	1525	2811	1542	100308	0	
2	 4	 1	 2	sample61	1160	2702	1028	75558	0	
2	 4	 1	 3	sample61	807	2349	772	55512	0	
2	 4	 1	 4	sample61	612	2154	772	69390	0	
2	 4	 1	 5	sample61	706	1992	770	56584	0	
2	 4	 1	 6	control	97.1	1639	258	61680	0	
2	 4	 2	 1	sample62	1174	2460	1284	54012	0	
2	 4	 2	 2	sample62	904	2190	770	61728	0	
2	 4	 2	 3	sample62	648	1934	514	59156	0	
2	 4	 2	 4	sample62	200	1742	258	61680	0	
2	 4	 2	 5	sample62	444	1986	514	61680	0	
2	 4	 2	 6	control	1443	2985	1286	103314	0	
2	 4	 3	 1	sample63	1203	2489	1028	118312	0	
2	 4	 3	 2	sample63	1498	2784	1542	97736	0	
2	 4	 3	 3	sample63	1259	2545	1284	51440	0	
2	 4	 3	 4	sample63	1054	2340	1028	61728	0	
2	 4	 3	 5	sample63	755	2041	770	63014	0	
2	 4	 3	 6	control	161	1703	258	61680	0	
2	 4	 4	 1	sample64	558	1844	514	45010	0	
2	 4	 4	 2	sample64	552	1838	514	51440	0	
2	 4	 4	 3	sample64	826	2112	1028	18004	0	
2	 4	 4	 4	sample64	173	1459	0	51440	0	
2	 4	 4	 5	sample64	526	1812	514	51440	0	
2	 4	 4	 6	control	681	2223	514	26214	0	
2	 5	 1	 1	sample65	2140	3938	2056	133052	0	
2	 5	 1	 2	sample65	2301	4099	2314	71920	0	
2	 5	 1	 3	sample65	1690	3488	1800	109678	0	
2	 5	 1	 4	sample65	1265	3063	1286	89900	0	
2	 5	 1	 5	sample65	785	2583	772	68324	0	
2	 5	 1	 6	control	380	2178	258	71920	0	
2	 5	 2	 1	sample66	1215	3013	1286	71920	0	
2	 5	 2	 2	sample66	1324	3122	1286	71920	0	
2	 5	 2	 3	sample66	823	2621	772	89900	0	
2	 5	 2	 4	sample66	725	2523	514	39556	0	
2	 5	 2	 5	sample66	431	2229	258	71920	0	
2	 5	 2	 6	control	1268	3066	1286	107880	0	
2	 5	 3	 1	sample67	1966	3764	2056	133052	0	
2	 5	 3	 2	sample67	1312	3368	1284	96632	0	
2	 5	 3	 3	sample67	1133	2931	1028	88102	0	
2	 5	 3	 4	sample67	944	2486	1028	70932	0	
2	 5	 3	 5	sample67	380	2178	258	71920	0	
2	 5	 3	 6	control	123	1921	0	71920	0	
2	 5	 4	 1	sample68	3776	5574	3598	140244	0	
2	 5	 4	 2	sample68	2143	3941	2056	149234	0	
2	 5	 4	 3	sample68	1713	3511	1542	154628	0	
2	 5	 4	 4	sample68	855	2653	772	71920	0	
2	 5	 4	 5	sample68	897	2695	772	73718	0	
2	 5	 4	 6	control	867	2409	770	61680	0	
2	 6	 1	 1	sample69	1489	3289	1542	131400	0	
2	 6	 1	 2	sample69	2079	3879	1798	97200	0	
2	 6	 1	 3	sample69	1254	2540	1284	109310	0	
2	 6	 1	 4	sample69	824	2366	772	67848	0	
2	 6	 1	 5	sample69	1046	2332	1028	91306	0	
2	 6	 1	 6	control	141	1427	0	51440	0	
2	 6	 2	 1	sample70	1421	2963	1286	90978	0	
2	 6	 2	 2	sample70	1079	2365	1028	64300	0	
2	 6	 2	 3	sample70	634	1920	514	63014	0	
2	 6	 2	 4	sample70	571	1857	514	51440	0	
2	 6	 2	 5	sample70	712	1998	770	28292	0	
2	 6	 2	 6	control	1200	2486	1028	74588	0	
2	 6	 3	 1	sample71	1162	2448	1284	56584	0	
2	 6	 3	 2	sample71	827	2113	1028	59156	0	
2	 6	 3	 3	sample71	664	1950	514	52726	0	
2	 6	 3	 4	sample71	649	1935	770	21862	0	
2	 6	 3	 5	sample71	50.9	1337	0	51440	0	
2	 6	 3	 6	control	431	1459	258	41120	0	
2	 6	 4	 1	sample72	2941	4227	2312	115740	0	
2	 6	 4	 2	sample72	1415	2701	1284	106738	0	
2	 6	 4	 3	sample72	1324	2610	1284	66872	0	
2	 6	 4	 4	sample72	848	2134	770	25720	0	
2	 6	 4	 5	sample72	876	2162	770	21862	0	
2	 6	 4	 6	control	578	1864	256	51440	0	
2	 7	 1	 1	sample73	1796	3852	1542	150088	0	
2	 7	 1	 2	sample73	1666	3722	1800	102800	0	
2	 7	 1	 3	sample73	1572	3372	1542	91800	0	
2	 7	 1	 4	sample73	1011	2811	1028	84600	0	
2	 7	 1	 5	sample73	749	2549	514	63000	0	
2	 7	 1	 6	control	783	2583	770	72000	0	
2	 7	 2	 1	sample74	1140	2940	1028	86400	0	
2	 7	 2	 2	sample74	1158	2958	1028	142200	0	
2	 7	 2	 3	sample74	861	2661	770	86400	0	
2	 7	 2	 4	sample74	648	2448	514	72000	0	
2	 7	 2	 5	sample74	653	2453	514	86400	0	
2	 7	 2	 6	control	1197	2997	1284	95400	0	
2	 7	 3	 1	sample75	716	2516	514	34200	0	
2	 7	 3	 2	sample75	539	2339	514	73800	0	
2	 7	 3	 3	sample75	423	2223	256	72000	0	
2	 7	 3	 4	sample75	558	2358	514	72000	0	
2	 7	 3	 5	sample75	166	1966	0	72000	0	
2	 7	 3	 6	control	295	2095	256	72000	0	
2	 7	 4	 1	sample76	2169	3969	2312	122400	0	
2	 7	 4	 2	sample76	1024	2824	1028	154800	0	
2	 7	 4	 3	sample76	1099	2899	1028	90000	0	
2	 7	 4	 4	sample76	430	2230	256	72000	0	
2	 7	 4	 5	sample76	379	2179	256	72000	0	
2	 7	 4	 6	control	601	2401	514	79200	0	
2	 8	 1	 1	sample77	2336	4134	2314	167214	0	
2	 8	 1	 2	sample77	2232	4030	1800	199578	0	
2	 8	 1	 3	sample77	1836	3634	1800	138446	0	
2	 8	 1	 4	sample77	1070	3126	1028	86352	0	
2	 8	 1	 5	sample77	616	2672	514	82240	0	
2	 8	 1	 6	control	327	2383	256	82240	0	
2	 8	 2	 1	sample78	1023	2565	1028	81726	0	
2	 8	 2	 2	sample78	822	2364	770	61680	0	
2	 8	 2	 3	sample78	545	2087	514	63222	0	
2	 8	 2	 4	sample78	340	1882	256	61680	0	
2	 8	 2	 5	sample78	341	2139	258	71920	0	
2	 8	 2	 6	control	855	2653	772	71920	0	
2	 8	 3	 1	sample79	1566	3108	1542	127986	0	
2	 8	 3	 2	sample79	1627	3169	1798	74016	0	
2	 8	 3	 3	sample79	1044	2586	1028	72474	0	
2	 8	 3	 4	sample79	758	2300	770	63222	0	
2	 8	 3	 5	sample79	440	1982	514	21588	0	
2	 8	 3	 6	control	141	1683	0	61680	0	
2	 8	 4	 1	sample80	1489	3031	1284	106398	0	
2	 8	 4	 2	sample80	1002	2544	1028	78642	0	
2	 8	 4	 3	sample80	760	2302	770	77100	0	
2	 8	 4	 4	sample80	327	1869	256	61680	0	
2	 8	 4	 5	sample80	652	2194	514	20046	0	
2	 8	 4	 6	control	494	2036	256	61680	0	
2	 9	 1	 1	sample81	1337	3137	1284	79200	0	
2	 9	 1	 2	sample81	1396	3196	1542	82800	0	
2	 9	 1	 3	sample81	1086	2886	1028	86400	0	
2	 9	 1	 4	sample81	811	2611	770	81000	0	
2	 9	 1	 5	sample81	552	2352	514	72000	0	
2	 9	 1	 6	control	186	1986	256	72000	0	
2	 9	 2	 1	sample82	1677	3219	1542	64764	0	
2	 9	 2	 2	sample82	2074	3874	1798	124200	0	
2	 9	 2	 3	sample82	1985	4041	2056	125416	0	
2	 9	 2	 4	sample82	1505	3561	1542	98688	0	
2	 9	 2	 5	sample82	988	3044	1028	90464	0	
2	 9	 2	 6	control	1673	3729	1542	104856	0	
2	 9	 3	 1	sample83	1923	3209	1798	77160	0	
2	 9	 3	 2	sample83	1456	2742	1542	81018	0	
2	 9	 3	 3	sample83	1551	2837	1542	66872	0	
2	 9	 3	 4	sample83	1414	2956	1286	61680	0	
2	 9	 3	 5	sample83	1255	3055	1284	46800	0	
2	 9	 3	 6	control	713	2513	770	72000	0	
2	 9	 4	 1	sample84	2548	3834	2570	60442	0	
2	 9	 4	 2	sample84	1023	2309	1028	75874	0	
2	 9	 4	 3	sample84	829	2115	770	56584	0	
2	 9	 4	 4	sample84	359	1645	256	51440	0	
2	 9	 4	 5	sample84	257	1543	256	51440	0	
2	 9	 4	 6	control	495	1781	514	54012	0	
2	 10	 1	 1	sample85	1469	4039	1284	228730	0	
2	 10	 1	 2	sample85	1830	4400	1798	190180	0	
2	 10	 1	 3	sample85	1537	4107	1284	136210	0	
2	 10	 1	 4	sample85	876	3446	770	113080	0	
2	 10	 1	 5	sample85	546	3116	256	102800	0	
2	 10	 1	 6	control	237	2807	0	102800	0	
2	 10	 2	 1	sample86	1202	4028	1286	113040	0	
2	 10	 2	 2	sample86	1251	4077	1286	127170	0	
2	 10	 2	 3	sample86	1058	3628	1028	131070	0	
2	 10	 2	 4	sample86	706	3276	770	113080	0	
2	 10	 2	 5	sample86	443	3013	514	102800	0	
2	 10	 2	 6	control	1009	3579	1028	35980	0	
2	 10	 3	 1	sample87	1639	4209	1542	107940	0	
2	 10	 3	 2	sample87	1120	3432	1028	104040	0	
2	 10	 3	 3	sample87	826	3396	770	131070	0	
2	 10	 3	 4	sample87	314	2884	256	102800	0	
2	 10	 3	 5	sample87	115	2685	0	102800	0	
2	 10	 3	 6	control	257	2827	256	102800	0	
2	 10	 4	 1	sample88	1948	4004	1798	123360	0	
2	 10	 4	 2	sample88	930	2986	770	102800	0	
2	 10	 4	 3	sample88	974	3030	1028	98688	0	
2	 10	 4	 4	sample88	32.7	2345	258	92480	0	
2	 10	 4	 5	sample88	-141.89	2428	0	102800	0	
2	 10	 4	 6	control	685	3255	514	46260	0	
2	 11	 1	 1	sample89	1323	2609	1284	119598	0	
2	 11	 1	 2	sample89	1120	2406	1028	64300	0	
2	 11	 1	 3	sample89	1126	2412	1028	50154	0	
2	 11	 1	 4	sample89	867	2153	770	51440	0	
2	 11	 1	 5	sample89	899	2185	770	20576	0	
2	 11	 1	 6	control	57.3	1343	0	51440	0	
2	 11	 2	 1	sample90	1661	2947	1542	77160	0	
2	 11	 2	 2	sample90	1631	2917	1542	63014	0	
2	 11	 2	 3	sample90	1176	2462	1028	66872	0	
2	 11	 2	 4	sample90	910	2196	1028	59156	0	
2	 11	 2	 5	sample90	721	2007	514	66872	0	
2	 11	 2	 6	control	1564	2850	1542	74588	0	
2	 11	 3	 1	sample91	1601	3143	1542	81726	0	
2	 11	 3	 2	sample91	984	2526	1028	80184	0	
2	 11	 3	 3	sample91	917	2203	770	65586	0	
2	 11	 3	 4	sample91	854	2140	770	66872	0	
2	 11	 3	 5	sample91	308	1594	256	51440	0	
2	 11	 3	 6	control	-6.84	1279	0	51440	0	
2	 11	 4	 1	sample92	1208	2750	1028	61680	0	
2	 11	 4	 2	sample92	696	2238	772	67848	0	
2	 11	 4	 3	sample92	822	2364	772	70932	0	
2	 11	 4	 4	sample92	776	2062	770	59156	0	
2	 11	 4	 5	sample92	571	1857	514	51440	0	
2	 11	 4	 6	control	896	2182	770	55298	0	
2	 12	 1	 1	sample93	1103	4701	1028	122332	0	
2	 12	 1	 2	sample93	917	4515	1028	151116	0	
2	 12	 1	 3	sample93	810	4408	770	212282	0	
2	 12	 1	 4	sample93	488	4342	514	146452	0	
2	 12	 1	 5	sample93	674	4528	772	142598	0	
2	 12	 1	 6	control	340	4452	256	164480	0	
2	 12	 2	 1	sample94	1082	4680	1028	118734	0	
2	 12	 2	 2	sample94	1232	4830	1284	140322	0	
2	 12	 2	 3	sample94	1112	4452	1028	133600	0	
2	 12	 2	 4	sample94	848	4446	770	154714	0	
2	 12	 2	 5	sample94	674	4272	770	172704	0	
2	 12	 2	 6	control	1220	5074	1286	196554	0	
2	 12	 3	 1	sample95	3230	6570	2314	283900	0	
2	 12	 3	 2	sample95	895	4235	772	180360	0	
2	 12	 3	 3	sample95	1016	4356	1028	207080	0	
2	 12	 3	 4	sample95	759	4099	772	133600	0	
2	 12	 3	 5	sample95	359	3957	514	143920	0	
2	 12	 3	 6	control	58.3	3912	0	154160	0	
2	 12	 4	 1	sample96	1068	4408	1028	280560	0	
2	 12	 4	 2	sample96	1180	4520	1028	130260	0	
2	 12	 4	 3	sample96	696	4036	514	56780	0	
2	 12	 4	 4	sample96	829	4169	514	133600	0	
2	 12	 4	 5	sample96	308	3906	256	143920	0	
2	 12	 4	 6	control	1477	5075	1542	86352	0	
3	 1	 1	 1	sample97	1238	3038	1284	140400	0	
3	 1	 1	 2	sample97	846	2902	772	92520	0	
3	 1	 1	 3	sample97	698	2754	772	106912	0	
3	 1	 1	 4	sample97	514	2828	514	92560	0	
3	 1	 1	 5	sample97	578	2892	514	92560	0	
3	 1	 1	 6	control	200	2770	258	102800	0	
3	 1	 2	 1	sample98	3271	5071	3084	138600	0	
3	 1	 2	 2	sample98	2429	4229	2826	151200	0	
3	 1	 2	 3	sample98	245	2301	258	82240	0	
3	 1	 2	 4	sample98	823	2879	772	82240	0	
3	 1	 2	 5	sample98	542	2856	514	104130	0	
3	 1	 2	 6	control	1168	3738	1286	61680	0	
3	 1	 3	 1	sample99	1920	3462	1800	124902	0	
3	 1	 3	 2	sample99	1017	2817	1028	90000	0	
3	 1	 3	 3	sample99	1038	2838	1028	88200	0	
3	 1	 3	 4	sample99	1229	3029	1284	82800	0	
3	 1	 3	 5	sample99	746	2802	772	84296	0	
3	 1	 3	 6	control	77.7	2134	0	82240	0	
3	 1	 4	 1	sample100	1630	3172	1542	77100	0	
3	 1	 4	 2	sample100	1748	3290	1286	61680	0	
3	 1	 4	 3	sample100	379	2179	256	72000	0	
3	 1	 4	 4	sample100	353	2153	256	72000	0	
3	 1	 4	 5	sample100	327	2127	256	72000	0	
3	 1	 4	 6	control	969	2769	1028	39600	0	
3	 2	 1	 1	sample101	1178	2976	1028	64728	0	
3	 2	 1	 2	sample101	913	2711	772	71920	0	
3	 2	 1	 3	sample101	616	2672	514	82240	0	
3	 2	 1	 4	sample101	591	2647	514	82240	0	
3	 2	 1	 5	sample101	385	2441	256	82240	0	
3	 2	 1	 6	control	270	2582	258	92480	0	
3	 2	 2	 1	sample102	1079	2621	1028	30840	0	
3	 2	 2	 2	sample102	482	2280	258	71920	0	
3	 2	 2	 3	sample102	354	2152	258	71920	0	
3	 2	 2	 4	sample102	316	2114	258	71920	0	
3	 2	 2	 5	sample102	76.6	2133	0	82240	0	
3	 2	 2	 6	control	1226	3538	1286	99416	0	
3	 2	 3	 1	sample103	4603	6145	4368	104856	0	
3	 2	 3	 2	sample103	2548	4090	2570	126444	0	
3	 2	 3	 3	sample103	1889	3431	1798	114108	0	
3	 2	 3	 4	sample103	1361	3159	1286	127658	0	
3	 2	 3	 5	sample103	1148	2946	1286	73718	0	
3	 2	 3	 6	control	277	2075	258	71920	0	
3	 2	 4	 1	sample104	1012	2296	1028	100152	0	
3	 2	 4	 2	sample104	1054	2338	1028	51360	0	
3	 2	 4	 3	sample104	797	2081	772	64200	0	
3	 2	 4	 4	sample104	308	1850	256	61680	0	
3	 2	 4	 5	sample104	462	2004	514	61680	0	
3	 2	 4	 6	control	631	2429	514	79112	0	
3	 3	 1	 1	sample105	1759	3815	1798	92520	0	
3	 3	 1	 2	sample105	1568	3366	1542	89900	0	
3	 3	 1	 3	sample105	1394	3192	1286	68324	0	
3	 3	 1	 4	sample105	977	2775	1028	53940	0	
3	 3	 1	 5	sample105	550	2606	514	86352	0	
3	 3	 1	 6	control	295	2351	256	82240	0	
3	 3	 2	 1	sample106	1957	3755	1800	125860	0	
3	 3	 2	 2	sample106	1910	3708	1800	79112	0	
3	 3	 2	 3	sample106	1270	3068	1286	88102	0	
3	 3	 2	 4	sample106	649	2447	514	82708	0	
3	 3	 2	 5	sample106	637	2435	514	71920	0	
3	 3	 2	 6	control	1463	3261	1542	151032	0	
3	 3	 3	 1	sample107	1178	2720	1028	141864	0	
3	 3	 3	 2	sample107	1063	2861	1028	80910	0	
3	 3	 3	 3	sample107	734	2276	770	75558	0	
3	 3	 3	 4	sample107	639	2181	514	63222	0	
3	 3	 3	 5	sample107	174	1972	258	71920	0	
3	 3	 3	 6	control	148	1946	0	71920	0	
3	 3	 4	 1	sample108	1751	3293	1798	134154	0	
3	 3	 4	 2	sample108	1270	2812	1284	55512	0	
3	 3	 4	 3	sample108	1138	2422	1028	51360	0	
3	 3	 4	 4	sample108	475	2017	514	61680	0	
3	 3	 4	 5	sample108	946	2488	770	33924	0	
3	 3	 4	 6	control	934	2476	770	33924	0	
3	 4	 1	 1	sample109	1685	3227	1542	107940	0	
3	 4	 1	 2	sample109	2696	4238	2570	103314	0	
3	 4	 1	 3	sample109	1850	3392	2056	61680	0	
3	 4	 1	 4	sample109	1003	2801	1028	71920	0	
3	 4	 1	 5	sample109	771	2313	770	67848	0	
3	 4	 1	 6	control	744	2286	770	29298	0	
3	 4	 2	 1	sample110	1201	2743	1284	109482	0	
3	 4	 2	 2	sample110	1115	2657	1028	72474	0	
3	 4	 2	 3	sample110	597	2139	514	61680	0	
3	 4	 2	 4	sample110	469	2011	514	61680	0	
3	 4	 2	 5	sample110	549	2091	514	66306	0	
3	 4	 2	 6	control	1475	3017	1542	114108	0	
3	 4	 3	 1	sample111	2363	3905	2312	101772	0	
3	 4	 3	 2	sample111	2052	3594	1542	103314	0	
3	 4	 3	 3	sample111	1603	2887	1542	65484	0	
3	 4	 3	 4	sample111	1368	2652	1286	79608	0	
3	 4	 3	 5	sample111	823	2107	772	51360	0	
3	 4	 3	 6	control	238	1522	258	51360	0	
3	 4	 4	 1	sample112	1350	2634	1286	41088	0	
3	 4	 4	 2	sample112	953	2237	1028	56496	0	
3	 4	 4	 3	sample112	784	2068	772	52644	0	
3	 4	 4	 4	sample112	412	1696	258	51360	0	
3	 4	 4	 5	sample112	514	1798	514	46224	0	
3	 4	 4	 6	control	682	1966	772	51360	0	
3	 5	 1	 1	sample113	1628	3684	1542	166536	0	
3	 5	 1	 2	sample113	2635	4435	2570	113400	0	
3	 5	 1	 3	sample113	1509	3309	1284	84600	0	
3	 5	 1	 4	sample113	983	2783	1028	72000	0	
3	 5	 1	 5	sample113	623	2423	514	72000	0	
3	 5	 1	 6	control	321	2121	0	72000	0	
3	 5	 2	 1	sample114	1397	3197	1284	115200	0	
3	 5	 2	 2	sample114	1168	2968	1284	115200	0	
3	 5	 2	 3	sample114	1191	2991	1028	39600	0	
3	 5	 2	 4	sample114	643	2185	514	61680	0	
3	 5	 2	 5	sample114	366	2166	256	72000	0	
3	 5	 2	 6	control	1595	3395	1542	77400	0	
3	 5	 3	 1	sample115	1080	2622	1028	107940	0	
3	 5	 3	 2	sample115	945	2487	772	70932	0	
3	 5	 3	 3	sample115	792	2334	772	75558	0	
3	 5	 3	 4	sample115	583	2125	514	46260	0	
3	 5	 3	 5	sample115	470	2012	514	61680	0	
3	 5	 3	 6	control	463	2005	514	61680	0	
3	 5	 4	 1	sample116	890	2432	772	40092	0	
3	 5	 4	 2	sample116	476	2018	514	61680	0	
3	 5	 4	 3	sample116	483	2025	258	61680	0	
3	 5	 4	 4	sample116	908	2450	772	26214	0	
3	 5	 4	 5	sample116	489	2031	258	61680	0	
3	 5	 4	 6	control	412	1954	258	61680	0	
3	 6	 1	 1	sample117	2067	3867	1798	124200	0	
3	 6	 1	 2	sample117	1621	3421	1284	169200	0	
3	 6	 1	 3	sample117	1542	3342	1542	88200	0	
3	 6	 1	 4	sample117	1263	2805	1286	35466	0	
3	 6	 1	 5	sample117	648	2448	514	72000	0	
3	 6	 1	 6	control	751	2551	770	72000	0	
3	 6	 2	 1	sample118	757	2299	772	53970	0	
3	 6	 2	 2	sample118	1297	2839	1286	103314	0	
3	 6	 2	 3	sample118	701	2243	772	61680	0	
3	 6	 2	 4	sample118	800	2342	772	55512	0	
3	 6	 2	 5	sample118	707	2249	772	61680	0	
3	 6	 2	 6	control	1172	2972	1028	99000	0	
3	 6	 3	 1	sample119	1348	2890	1286	95604	0	
3	 6	 3	 2	sample119	1087	2629	1028	95604	0	
3	 6	 3	 3	sample119	888	2430	772	50886	0	
3	 6	 3	 4	sample119	707	2249	514	61680	0	
3	 6	 3	 5	sample119	353	2153	256	72000	0	
3	 6	 3	 6	control	399	2199	514	32400	0	
3	 6	 4	 1	sample120	1883	3425	1800	57054	0	
3	 6	 4	 2	sample120	1407	2949	1286	55512	0	
3	 6	 4	 3	sample120	963	2505	1028	60138	0	
3	 6	 4	 4	sample120	495	2037	514	61680	0	
3	 6	 4	 5	sample120	276	2076	256	72000	0	
3	 6	 4	 6	control	539	2339	514	72000	0	
3	 7	 1	 1	sample121	1856	3912	1800	160368	0	
3	 7	 1	 2	sample121	2165	4221	2056	150088	0	
3	 7	 1	 3	sample121	1772	3572	1798	88200	0	
3	 7	 1	 4	sample121	1186	2986	1028	84600	0	
3	 7	 1	 5	sample121	675	2475	770	91800	0	
3	 7	 1	 6	control	-63.64	1992	0	82240	0	
3	 7	 2	 1	sample122	1393	3193	1284	93600	0	
3	 7	 2	 2	sample122	756	2812	772	100744	0	
3	 7	 2	 3	sample122	501	2301	514	72000	0	
3	 7	 2	 4	sample122	449	2249	514	72000	0	
3	 7	 2	 5	sample122	276	2076	256	72000	0	
3	 7	 2	 6	control	1634	3434	1542	145800	0	
3	 7	 3	 1	sample123	1357	3413	1286	170648	0	
3	 7	 3	 2	sample123	1495	3551	1542	100744	0	
3	 7	 3	 3	sample123	1027	2827	1028	91800	0	
3	 7	 3	 4	sample123	507	2307	514	72000	0	
3	 7	 3	 5	sample123	224	2024	256	72000	0	
3	 7	 3	 6	control	70.2	1870	0	72000	0	
3	 7	 4	 1	sample124	3442	5242	3598	122400	0	
3	 7	 4	 2	sample124	1261	3317	1286	152144	0	
3	 7	 4	 3	sample124	1388	3188	1284	93600	0	
3	 7	 4	 4	sample124	109	1909	256	72000	0	
3	 7	 4	 5	sample124	70.1	1870	0	72000	0	
3	 7	 4	 6	control	147	1947	256	72000	0	
3	 8	 1	 1	sample125	3155	4697	2828	129528	0	
3	 8	 1	 2	sample125	3984	5526	3856	104856	0	
3	 8	 1	 3	sample125	1643	3185	1286	146490	0	
3	 8	 1	 4	sample125	1708	2994	1542	65586	0	
3	 8	 1	 5	sample125	1199	2485	1284	61728	0	
3	 8	 1	 6	control	244	1530	256	51440	0	
3	 8	 2	 1	sample126	1672	2958	1542	83590	0	
3	 8	 2	 2	sample126	1771	3313	1800	109482	0	
3	 8	 2	 3	sample126	1434	2720	1284	110596	0	
3	 8	 2	 4	sample126	951	2237	770	60442	0	
3	 8	 2	 5	sample126	841	2127	770	51440	0	
3	 8	 2	 6	control	1490	2776	1542	90020	0	
3	 8	 3	 1	sample127	1559	2845	1542	92592	0	
3	 8	 3	 2	sample127	1304	2590	1284	51440	0	
3	 8	 3	 3	sample127	751	2037	770	51440	0	
3	 8	 3	 4	sample127	668	1954	770	51440	0	
3	 8	 3	 5	sample127	751	2037	770	51440	0	
3	 8	 3	 6	control	-154.79	1131	0	51440	0	
3	 8	 4	 1	sample128	2248	3534	2056	72016	0	
3	 8	 4	 2	sample128	1799	3085	1542	27006	0	
3	 8	 4	 3	sample128	1156	2442	1028	51440	0	
3	 8	 4	 4	sample128	404	1690	256	51440	0	
3	 8	 4	 5	sample128	468	1754	514	51440	0	
3	 8	 4	 6	control	456	1742	514	51440	0	
3	 9	 1	 1	sample129	1542	3084	1542	77100	0	
3	 9	 1	 2	sample129	1606	3148	1542	98688	0	
3	 9	 1	 3	sample129	1229	2771	1284	64764	0	
3	 9	 1	 4	sample129	813	2355	770	64764	0	
3	 9	 1	 5	sample129	629	2171	514	61680	0	
3	 9	 1	 6	control	398	1940	256	61680	0	
3	 9	 2	 1	sample130	1452	2994	1284	70932	0	
3	 9	 2	 2	sample130	1616	3158	1798	90978	0	
3	 9	 2	 3	sample130	1658	2942	1542	62916	0	
3	 9	 2	 4	sample130	621	2163	514	77100	0	
3	 9	 2	 5	sample130	715	2257	514	70932	0	
3	 9	 2	 6	control	1506	3048	1542	55512	0	
3	 9	 3	 1	sample131	981	2523	1028	67848	0	
3	 9	 3	 2	sample131	771	2055	772	62916	0	
3	 9	 3	 3	sample131	875	2159	772	66768	0	
3	 9	 3	 4	sample131	578	2120	514	61680	0	
3	 9	 3	 5	sample131	167	1709	0	61680	0	
3	 9	 3	 6	control	154	1696	0	61680	0	
3	 9	 4	 1	sample132	2497	4039	2056	126444	0	
3	 9	 4	 2	sample132	1614	3156	1542	81726	0	
3	 9	 4	 3	sample132	1360	2902	1284	78642	0	
3	 9	 4	 4	sample132	501	2043	514	61680	0	
3	 9	 4	 5	sample132	398	1940	256	61680	0	
3	 9	 4	 6	control	685	2227	514	50886	0	
3	 10	 1	 1	sample133	2780	7150	2570	314640	0	
3	 10	 1	 2	sample133	2567	7193	2314	328446	0	
3	 10	 1	 3	sample133	1906	6276	2056	209760	0	
3	 10	 1	 4	sample133	945	5571	1028	212796	0	
3	 10	 1	 5	sample133	952	5322	770	179170	0	
3	 10	 1	 6	control	424	4794	256	174800	0	
3	 10	 2	 1	sample134	2143	6513	2056	257830	0	
3	 10	 2	 2	sample134	1925	6295	2056	310270	0	
3	 10	 2	 3	sample134	1248	5618	1284	218500	0	
3	 10	 2	 4	sample134	1149	5519	1028	166060	0	
3	 10	 2	 5	sample134	803	5173	770	205390	0	
3	 10	 2	 6	control	1269	5639	1284	297160	0	
3	 10	 3	 1	sample135	3887	8257	2826	69920	0	
3	 10	 3	 2	sample135	1840	6210	1798	187910	0	
3	 10	 3	 3	sample135	902	5272	770	179170	0	
3	 10	 3	 4	sample135	681	5051	514	174800	0	
3	 10	 3	 5	sample135	443	4813	256	174800	0	
3	 10	 3	 6	control	160	4530	0	174800	0	
3	 10	 4	 1	sample136	1259	5629	1028	174800	0	
3	 10	 4	 2	sample136	661	5031	770	174800	0	
3	 10	 4	 3	sample136	873	5243	770	109250	0	
3	 10	 4	 4	sample136	488	4858	256	174800	0	
3	 10	 4	 5	sample136	838	5208	514	100510	0	
3	 10	 4	 6	control	655	5025	514	174800	0	
3	 11	 1	 1	sample137	1429	2715	1284	102880	0	
3	 11	 1	 2	sample137	1485	2771	1542	64300	0	
3	 11	 1	 3	sample137	1124	2410	1028	51440	0	
3	 11	 1	 4	sample137	655	1941	514	51440	0	
3	 11	 1	 5	sample137	601	1887	514	64300	0	
3	 11	 1	 6	control	308	1594	256	51440	0	
3	 11	 2	 1	sample138	1092	2378	1028	51440	0	
3	 11	 2	 2	sample138	954	2240	1028	63014	0	
3	 11	 2	 3	sample138	927	2213	770	59156	0	
3	 11	 2	 4	sample138	469	1755	514	51440	0	
3	 11	 2	 5	sample138	481	1767	514	51440	0	
3	 11	 2	 6	control	1660	2946	1798	81018	0	
3	 11	 3	 1	sample139	2709	3995	2312	78446	0	
3	 11	 3	 2	sample139	1265	2551	1284	51440	0	
3	 11	 3	 3	sample139	947	2233	770	61728	0	
3	 11	 3	 4	sample139	856	2142	770	57870	0	
3	 11	 3	 5	sample139	321	1607	256	51440	0	
3	 11	 3	 6	control	128	1414	0	51440	0	
3	 11	 4	 1	sample140	1241	2527	1284	91306	0	
3	 11	 4	 2	sample140	950	2236	770	51440	0	
3	 11	 4	 3	sample140	803	2089	770	30864	0	
3	 11	 4	 4	sample140	542	2084	514	29298	0	
3	 11	 4	 5	sample140	264	1806	258	61680	0	
3	 11	 4	 6	control	753	2295	514	64764	0	
3	 12	 1	 1	sample141	1512	2798	1542	68158	0	
3	 12	 1	 2	sample141	1135	2421	1028	61728	0	
3	 12	 1	 3	sample141	637	2179	514	70932	0	
3	 12	 1	 4	sample141	624	2166	514	72474	0	
3	 12	 1	 5	sample141	256	2056	256	72000	0	
3	 12	 1	 6	control	232	2288	258	82240	0	
3	 12	 2	 1	sample142	1574	2860	1284	132458	0	
3	 12	 2	 2	sample142	1486	2772	1284	100308	0	
3	 12	 2	 3	sample142	771	2313	772	77100	0	
3	 12	 2	 4	sample142	818	2360	772	33924	0	
3	 12	 2	 5	sample142	571	2371	514	48600	0	
3	 12	 2	 6	control	1065	3121	1028	71960	0	
3	 12	 3	 1	sample143	1527	2813	1284	66872	0	
3	 12	 3	 2	sample143	1631	2917	1028	63014	0	
3	 12	 3	 3	sample143	661	1947	514	51440	0	
3	 12	 3	 4	sample143	399	1941	258	61680	0	
3	 12	 3	 5	sample143	180	1722	258	61680	0	
3	 12	 3	 6	control	160	1960	256	72000	0	
3	 12	 4	 1	sample144	1372	2658	1284	60442	0	
3	 12	 4	 2	sample144	793	2079	770	57870	0	
3	 12	 4	 3	sample144	488	1774	514	51440	0	
3	 12	 4	 4	sample144	360	1902	258	61680	0	
3	 12	 4	 5	sample144	200	1742	258	61680	0	
3	 12	 4	 6	control	655	2455	770	72000	0	
4	 1	 1	 1	sample145	1318	2604	1284	48868	0	
4	 1	 1	 2	sample145	800	2086	770	55298	0	
4	 1	 1	 3	sample145	475	1761	514	51440	0	
4	 1	 1	 4	sample145	481	1767	514	51440	0	
4	 1	 1	 5	sample145	751	2037	770	34722	0	
4	 1	 1	 6	control	148	1690	258	61680	0	
4	 1	 2	 1	sample146	963	2249	1028	20576	0	
4	 1	 2	 2	sample146	1505	2791	1284	36008	0	
4	 1	 2	 3	sample146	713	1999	514	51440	0	
4	 1	 2	 4	sample146	314	1856	514	27756	0	
4	 1	 2	 5	sample146	-5.84	1536	0	61680	0	
4	 1	 2	 6	control	539	2081	514	63222	0	
4	 1	 3	 1	sample147	1200	2742	1028	60138	0	
4	 1	 3	 2	sample147	1078	2620	1028	32382	0	
4	 1	 3	 3	sample147	624	2166	514	72474	0	
4	 1	 3	 4	sample147	503	2045	514	66306	0	
4	 1	 3	 5	sample147	335	1877	258	61680	0	
4	 1	 3	 6	control	200	1742	258	61680	0	
4	 1	 4	 1	sample148	1889	3945	2314	106912	0	
4	 1	 4	 2	sample148	1370	3170	1284	91800	0	
4	 1	 4	 3	sample148	1459	3259	1284	55800	0	
4	 1	 4	 4	sample148	468	2268	514	72000	0	
4	 1	 4	 5	sample148	192	1992	256	72000	0	
4	 1	 4	 6	control	327	2127	256	72000	0	
4	 2	 1	 1	sample149	335	1877	258	61680	0	
4	 2	 1	 2	sample149	283	1825	258	61680	0	
4	 2	 1	 3	sample149	328	1870	258	61680	0	
4	 2	 1	 4	sample149	295	2095	256	72000	0	
4	 2	 1	 5	sample149	276	2076	256	72000	0	
4	 2	 1	 6	control	224	2024	256	72000	0	
4	 2	 2	 1	sample150	514	2056	514	61680	0	
4	 2	 2	 2	sample150	489	2031	514	61680	0	
4	 2	 2	 3	sample150	173	1973	256	72000	0	
4	 2	 2	 4	sample150	109	1909	0	72000	0	
4	 2	 2	 5	sample150	147	1947	256	72000	0	
4	 2	 2	 6	control	559	2359	514	72000	0	
4	 2	 3	 1	sample151	533	2333	514	72000	0	
4	 2	 3	 2	sample151	321	2121	256	72000	0	
4	 2	 3	 3	sample151	179	1979	256	72000	0	
4	 2	 3	 4	sample151	154	1954	256	72000	0	
4	 2	 3	 5	sample151	282	2082	256	72000	0	
4	 2	 3	 6	control	301	2101	256	72000	0	
4	 2	 4	 1	sample152	993	2793	1028	108000	0	
4	 2	 4	 2	sample152	404	2204	256	72000	0	
4	 2	 4	 3	sample152	231	2031	256	72000	0	
4	 2	 4	 4	sample152	115	1915	0	72000	0	
4	 2	 4	 5	sample152	289	2089	256	72000	0	
4	 2	 4	 6	control	565	2365	514	72000	0	
4	 3	 1	 1	sample153	1292	3090	1028	151032	0	
4	 3	 1	 2	sample153	1449	3247	1286	138446	0	
4	 3	 1	 3	sample153	1294	3092	1286	55738	0	
4	 3	 1	 4	sample153	1040	2838	1028	41354	0	
4	 3	 1	 5	sample153	319	2375	256	59624	0	
4	 3	 1	 6	control	102	2158	0	82240	0	
4	 3	 2	 1	sample154	931	2473	1028	61680	0	
4	 3	 2	 2	sample154	1112	2910	1028	82708	0	
4	 3	 2	 3	sample154	849	2647	772	35960	0	
4	 3	 2	 4	sample154	588	2386	514	37758	0	
4	 3	 2	 5	sample154	476	2274	514	71920	0	
4	 3	 2	 6	control	1122	3178	1028	145976	0	
4	 3	 3	 1	sample155	456	1998	514	61680	0	
4	 3	 3	 2	sample155	232	2030	258	71920	0	
4	 3	 3	 3	sample155	180	1978	258	71920	0	
4	 3	 3	 4	sample155	96.9	1895	0	71920	0	
4	 3	 3	 5	sample155	290	2088	258	71920	0	
4	 3	 3	 6	control	26.3	1824	0	71920	0	
4	 3	 4	 1	sample156	1445	2987	1542	111024	0	
4	 3	 4	 2	sample156	1208	2750	1028	77100	0	
4	 3	 4	 3	sample156	629	2171	770	61680	0	
4	 3	 4	 4	sample156	379	1921	514	61680	0	
4	 3	 4	 5	sample156	180	1978	258	71920	0	
4	 3	 4	 6	control	200	1998	0	71920	0	
4	 4	 1	 1	sample157	856	2656	770	64800	0	
4	 4	 1	 2	sample157	788	2588	770	81000	0	
4	 4	 1	 3	sample157	665	2721	514	94576	0	
4	 4	 1	 4	sample157	887	2943	772	59624	0	
4	 4	 1	 5	sample157	669	2725	772	82240	0	
4	 4	 1	 6	control	173	2487	256	92560	0	
4	 4	 2	 1	sample158	1309	3109	1028	75600	0	
4	 4	 2	 2	sample158	1286	3342	1028	57568	0	
4	 4	 2	 3	sample158	817	2873	772	92520	0	
4	 4	 2	 4	sample158	637	2693	772	94576	0	
4	 4	 2	 5	sample158	592	2648	514	82240	0	
4	 4	 2	 6	control	872	3186	770	99502	0	
4	 4	 3	 1	sample159	1413	3213	1284	72000	0	
4	 4	 3	 2	sample159	1004	2804	1028	77400	0	
4	 4	 3	 3	sample159	688	2744	514	82240	0	
4	 4	 3	 4	sample159	748	2804	772	67848	0	
4	 4	 3	 5	sample159	444	2500	258	82240	0	
4	 4	 3	 6	control	360	2416	258	82240	0	
4	 4	 4	 1	sample160	1106	2648	1028	50886	0	
4	 4	 4	 2	sample160	689	2489	770	39600	0	
4	 4	 4	 3	sample160	456	2256	256	72000	0	
4	 4	 4	 4	sample160	417	2217	256	72000	0	
4	 4	 4	 5	sample160	837	2637	514	48600	0	
4	 4	 4	 6	control	450	2506	258	82240	0	
4	 5	 1	 1	sample161	1921	3721	1798	37800	0	
4	 5	 1	 2	sample161	1291	3091	1284	70200	0	
4	 5	 1	 3	sample161	896	2696	770	73800	0	
4	 5	 1	 4	sample161	985	2785	1028	64800	0	
4	 5	 1	 5	sample161	366	2166	256	72000	0	
4	 5	 1	 6	control	51	1851	0	72000	0	
4	 5	 2	 1	sample162	1352	3152	1284	117000	0	
4	 5	 2	 2	sample162	1236	3036	1284	66600	0	
4	 5	 2	 3	sample162	836	2636	770	84600	0	
4	 5	 2	 4	sample162	469	2269	514	72000	0	
4	 5	 2	 5	sample162	391	2191	514	72000	0	
4	 5	 2	 6	control	1264	3064	1284	68400	0	
4	 5	 3	 1	sample163	1725	3525	1798	131400	0	
4	 5	 3	 2	sample163	1266	3066	1284	75600	0	
4	 5	 3	 3	sample163	935	2735	770	95400	0	
4	 5	 3	 4	sample163	873	2673	770	72000	0	
4	 5	 3	 5	sample163	462	2262	514	72000	0	
4	 5	 3	 6	control	167	1967	0	72000	0	
4	 5	 4	 1	sample164	2156	3698	2056	103314	0	
4	 5	 4	 2	sample164	961	2503	1028	70932	0	
4	 5	 4	 3	sample164	1205	2747	1286	69390	0	
4	 5	 4	 4	sample164	411	1953	514	69390	0	
4	 5	 4	 5	sample164	528	2070	514	58596	0	
4	 5	 4	 6	control	741	2283	772	38550	0	
4	 6	 1	 1	sample165	1156	3212	1028	180928	0	
4	 6	 1	 2	sample165	1553	3609	1542	94576	0	
4	 6	 1	 3	sample165	1069	3125	1028	88408	0	
4	 6	 1	 4	sample165	1027	3083	1028	63736	0	
4	 6	 1	 5	sample165	648	2704	770	86352	0	
4	 6	 1	 6	control	537	2593	514	45232	0	
4	 6	 2	 1	sample166	1256	3312	1284	129528	0	
4	 6	 2	 2	sample166	1630	3686	1542	65792	0	
4	 6	 2	 3	sample166	1060	3116	1028	98688	0	
4	 6	 2	 4	sample166	699	2755	770	88408	0	
4	 6	 2	 5	sample166	532	2588	514	86352	0	
4	 6	 2	 6	control	1147	3203	1028	150088	0	
4	 6	 3	 1	sample167	1268	3324	1284	98688	0	
4	 6	 3	 2	sample167	1305	3361	1284	104856	0	
4	 6	 3	 3	sample167	707	3019	514	120224	0	
4	 6	 3	 4	sample167	648	2704	514	82240	0	
4	 6	 3	 5	sample167	454	2510	514	80184	0	
4	 6	 3	 6	control	476	2788	514	46240	0	
4	 6	 4	 1	sample168	1145	3201	1028	98688	0	
4	 6	 4	 2	sample168	912	2710	772	75516	0	
4	 6	 4	 3	sample168	353	2409	256	82240	0	
4	 6	 4	 4	sample168	250	2306	256	82240	0	
4	 6	 4	 5	sample168	212	2268	256	82240	0	
4	 6	 4	 6	control	610	2666	514	82240	0	
4	 7	 1	 1	sample169	2142	3684	2314	101772	0	
4	 7	 1	 2	sample169	2074	3616	2314	138780	0	
4	 7	 1	 3	sample169	1737	3279	1800	114108	0	
4	 7	 1	 4	sample169	1015	2815	1028	149400	0	
4	 7	 1	 5	sample169	798	2598	770	84600	0	
4	 7	 1	 6	control	44.5	1845	0	72000	0	
4	 7	 2	 1	sample170	2041	3583	1800	100230	0	
4	 7	 2	 2	sample170	2321	3863	1800	109482	0	
4	 7	 2	 3	sample170	1536	3078	1542	63222	0	
4	 7	 2	 4	sample170	983	2783	1028	63000	0	
4	 7	 2	 5	sample170	897	2439	772	57054	0	
4	 7	 2	 6	control	1169	2969	1028	124200	0	
4	 7	 3	 1	sample171	1424	2966	1286	60138	0	
4	 7	 3	 2	sample171	1432	2974	1286	75558	0	
4	 7	 3	 3	sample171	744	2544	770	88200	0	
4	 7	 3	 4	sample171	573	2373	514	77400	0	
4	 7	 3	 5	sample171	282	2082	256	72000	0	
4	 7	 3	 6	control	269	2069	256	72000	0	
4	 7	 4	 1	sample172	1718	3260	1542	58596	0	
4	 7	 4	 2	sample172	1201	2743	1028	107940	0	
4	 7	 4	 3	sample172	617	2159	772	61680	0	
4	 7	 4	 4	sample172	419	2219	514	68400	0	
4	 7	 4	 5	sample172	372	2172	256	72000	0	
4	 7	 4	 6	control	488	2288	514	72000	0	
4	 8	 1	 1	sample173	3722	5264	4112	101772	0	
4	 8	 1	 2	sample173	3537	5079	3340	104856	0	
4	 8	 1	 3	sample173	1877	3419	2056	121818	0	
4	 8	 1	 4	sample173	1880	3164	1800	98868	0	
4	 8	 1	 5	sample173	960	2502	1028	111024	0	
4	 8	 1	 6	control	-84.14	1458	-257.99	61680	0	
4	 8	 2	 1	sample174	1261	2803	1284	100230	0	
4	 8	 2	 2	sample174	1322	2864	1284	95604	0	
4	 8	 2	 3	sample174	503	2045	514	74016	0	
4	 8	 2	 4	sample174	366	1908	256	61680	0	
4	 8	 2	 5	sample174	553	2095	514	40092	0	
4	 8	 2	 6	control	1040	2582	1028	95604	0	
4	 8	 3	 1	sample175	1805	3347	1798	64764	0	
4	 8	 3	 2	sample175	827	2625	772	75516	0	
4	 8	 3	 3	sample175	1010	2552	1028	67848	0	
4	 8	 3	 4	sample175	546	2088	514	61680	0	
4	 8	 3	 5	sample175	199	1741	256	61680	0	
4	 8	 3	 6	control	96	1638	0	61680	0	
4	 8	 4	 1	sample176	546	2088	514	61680	0	
4	 8	 4	 2	sample176	801	2343	770	26214	0	
4	 8	 4	 3	sample176	417	1959	256	61680	0	
4	 8	 4	 4	sample176	26.1	1824	0	71920	0	
4	 8	 4	 5	sample176	347	1889	514	61680	0	
4	 8	 4	 6	control	701	2243	770	40092	0	
4	 9	 1	 1	sample177	1082	2624	1028	137238	0	
4	 9	 1	 2	sample177	1153	2695	1028	69390	0	
4	 9	 1	 3	sample177	783	2325	770	61680	0	
4	 9	 1	 4	sample177	565	2107	514	61680	0	
4	 9	 1	 5	sample177	359	1901	256	61680	0	
4	 9	 1	 6	control	488	2030	514	61680	0	
4	 9	 2	 1	sample178	1526	3068	1542	50886	0	
4	 9	 2	 2	sample178	1586	3128	1542	70932	0	
4	 9	 2	 3	sample178	1090	2632	1028	75558	0	
4	 9	 2	 4	sample178	609	2151	514	66306	0	
4	 9	 2	 5	sample178	583	2125	514	33924	0	
4	 9	 2	 6	control	1389	2931	1284	49344	0	
4	 9	 3	 1	sample179	994	2792	1028	80910	0	
4	 9	 3	 2	sample179	874	2672	772	71920	0	
4	 9	 3	 3	sample179	659	2457	772	73718	0	
4	 9	 3	 4	sample179	470	2268	514	71920	0	
4	 9	 3	 5	sample179	148	1946	258	71920	0	
4	 9	 3	 6	control	263	1805	256	61680	0	
4	 9	 4	 1	sample180	1631	3173	1542	92520	0	
4	 9	 4	 2	sample180	1186	2728	1284	52428	0	
4	 9	 4	 3	sample180	219	2017	258	71920	0	
4	 9	 4	 4	sample180	315	2113	258	71920	0	
4	 9	 4	 5	sample180	514	2312	514	39556	0	
4	 9	 4	 6	control	573	2371	514	39556	0	
4	 10	 1	 1	sample181	1715	3257	1542	104856	0	
4	 10	 1	 2	sample181	1950	3492	2056	67848	0	
4	 10	 1	 3	sample181	1542	3084	1542	58596	0	
4	 10	 1	 4	sample181	1292	2576	1286	52644	0	
4	 10	 1	 5	sample181	714	1998	772	51360	0	
4	 10	 1	 6	control	367	1651	258	51360	0	
4	 10	 2	 1	sample182	1659	3201	1542	90978	0	
4	 10	 2	 2	sample182	1848	3390	2056	95604	0	
4	 10	 2	 3	sample182	1673	3215	1542	66306	0	
4	 10	 2	 4	sample182	1284	2826	1284	60138	0	
4	 10	 2	 5	sample182	721	2263	514	72474	0	
4	 10	 2	 6	control	1312	2854	1284	57054	0	
4	 10	 3	 1	sample183	1555	3353	1286	109678	0	
4	 10	 3	 2	sample183	1023	2821	1028	82708	0	
4	 10	 3	 3	sample183	1043	2841	1028	61132	0	
4	 10	 3	 4	sample183	615	2413	514	82708	0	
4	 10	 3	 5	sample183	347	2145	258	71920	0	
4	 10	 3	 6	control	347	2145	258	71920	0	
4	 10	 4	 1	sample184	1298	3096	1286	73718	0	
4	 10	 4	 2	sample184	672	2470	772	64728	0	
4	 10	 4	 3	sample184	714	2512	772	71920	0	
4	 10	 4	 4	sample184	808	2606	772	37758	0	
4	 10	 4	 5	sample184	199	2255	0	82240	0	
4	 10	 4	 6	control	411	2467	256	82240	0	
4	 11	 1	 1	sample185	1313	3883	1284	185040	0	
4	 11	 1	 2	sample185	1123	3693	1028	131070	0	
4	 11	 1	 3	sample185	1189	3501	1028	92480	0	
4	 11	 1	 4	sample185	784	3096	772	92480	0	
4	 11	 1	 5	sample185	521	2833	514	92480	0	
4	 11	 1	 6	control	116	2428	0	92480	0	
4	 11	 2	 1	sample186	1747	4317	1542	115650	0	
4	 11	 2	 2	sample186	1396	4222	1286	178038	0	
4	 11	 2	 3	sample186	1095	3665	1028	118220	0	
4	 11	 2	 4	sample186	460	3030	514	110510	0	
4	 11	 2	 5	sample186	453	3023	514	97660	0	
4	 11	 2	 6	control	1152	3464	1286	57800	0	
4	 11	 3	 1	sample187	3313	6397	2570	203544	0	
4	 11	 3	 2	sample187	1537	4621	1542	185040	0	
4	 11	 3	 3	sample187	1258	4342	1284	151116	0	
4	 11	 3	 4	sample187	584	3668	514	123360	0	
4	 11	 3	 5	sample187	785	3611	772	56520	0	
4	 11	 3	 6	control	295	2865	256	102800	0	
4	 11	 4	 1	sample188	1353	4693	1286	63460	0	
4	 11	 4	 2	sample188	463	3803	514	133600	0	
4	 11	 4	 3	sample188	353	3437	256	123360	0	
4	 11	 4	 4	sample188	250	3334	256	123360	0	
4	 11	 4	 5	sample188	211	3295	256	123360	0	
4	 11	 4	 6	control	758	3584	772	53694	0	
4	 12	 1	 1	sample189	699	1983	772	109140	0	
4	 12	 1	 2	sample189	973	2257	772	35952	0	
4	 12	 1	 3	sample189	662	1946	772	51360	0	
4	 12	 1	 4	sample189	327	1869	256	61680	0	
4	 12	 1	 5	sample189	213	2011	258	71920	0	
4	 12	 1	 6	control	494	2550	256	82240	0	
4	 12	 2	 1	sample190	1196	2480	1028	59064	0	
4	 12	 2	 2	sample190	1051	2335	1028	88596	0	
4	 12	 2	 3	sample190	706	2248	514	74016	0	
4	 12	 2	 4	sample190	334	1876	256	61680	0	
4	 12	 2	 5	sample190	603	2145	514	61680	0	
4	 12	 2	 6	control	833	2889	770	76072	0	
4	 12	 3	 1	sample191	813	2355	514	27756	0	
4	 12	 3	 2	sample191	1000	2542	514	29298	0	
4	 12	 3	 3	sample191	1134	2676	1028	44718	0	
4	 12	 3	 4	sample191	353	1895	0	61680	0	
4	 12	 3	 5	sample191	596	2394	514	39556	0	
4	 12	 3	 6	control	26.2	2338	-255.99	92480	0	
4	 12	 4	 1	sample192	553	2351	514	84506	0	
4	 12	 4	 2	sample192	212	2010	0	71920	0	
4	 12	 4	 3	sample192	142	1940	0	71920	0	
4	 12	 4	 4	sample192	290	2088	258	71920	0	
4	 12	 4	 5	sample192	393	2191	258	71920	0	
4	 12	 4	 6	control	469	2525	514	82240	0	
