MicroVigene	 Version	 2501
Culture	en-US
9/30/2006 1:49:04 PM
Roi Row	 4	 Roi Col	 12	 Main Row	 4	 Main Col	 6	 Sub Row	 1	 Sub Col	 1
Main Row	 Main Col	 Sub Row	 Sub Col	  GeneID	mean_net	 mean_total	 median_net	 vol_bkg	 vol_dust	 
1	 1	 1	 1	sample1	1125	4209	1028	154200	0	
1	 1	 1	 2	sample1	873	3957	770	123360	0	
1	 1	 1	 3	sample1	1023	3849	1028	124344	0	
1	 1	 1	 4	sample1	1130	3442	1028	87856	0	
1	 1	 1	 5	sample1	372	1914	256	61680	0	
1	 1	 1	 6	control	129	1413	0	51360	0	
1	 1	 2	 1	sample2	1131	4985	772	154160	0	
1	 1	 2	 2	sample2	2099	5953	2056	188846	0	
1	 1	 2	 3	sample2	1437	4777	1542	146960	0	
1	 1	 2	 4	sample2	1156	3726	1028	107940	0	
1	 1	 2	 5	sample2	700	2242	514	61680	0	
1	 1	 2	 6	control	945	2229	1028	51360	0	
1	 1	 3	 1	sample3	836	4176	772	133600	0	
1	 1	 3	 2	sample3	1329	5183	1286	181138	0	
1	 1	 3	 3	sample3	1239	4579	1028	167000	0	
1	 1	 3	 4	sample3	1610	4180	1542	77100	0	
1	 1	 3	 5	sample3	610	2152	770	61680	0	
1	 1	 3	 6	control	232	1516	258	51360	0	
1	 1	 4	 1	sample4	1998	4310	1800	110976	0	
1	 1	 4	 2	sample4	2051	5391	2056	150300	0	
1	 1	 4	 3	sample4	1816	5156	1800	160320	0	
1	 1	 4	 4	sample4	1432	4258	1286	124344	0	
1	 1	 4	 5	sample4	592	2390	258	71920	0	
1	 1	 4	 6	control	1848	3390	1542	40092	0	
1	 2	 1	 1	sample5	867	3179	1028	99416	0	
1	 2	 1	 2	sample5	797	3109	772	92480	0	
1	 2	 1	 3	sample5	696	2752	514	98688	0	
1	 2	 1	 4	sample5	652	2450	514	77314	0	
1	 2	 1	 5	sample5	549	2347	514	53940	0	
1	 2	 1	 6	control	200	1998	0	64728	0	
1	 2	 2	 1	sample6	1029	3341	1028	101728	0	
1	 2	 2	 2	sample6	1134	3446	1028	117912	0	
1	 2	 2	 3	sample6	970	3026	1028	100744	0	
1	 2	 2	 4	sample6	1181	2723	1284	64764	0	
1	 2	 2	 5	sample6	1028	2570	1028	57054	0	
1	 2	 2	 6	control	1604	3146	1542	63222	0	
1	 2	 3	 1	sample7	943	3255	1028	97104	0	
1	 2	 3	 2	sample7	635	2691	514	78128	0	
1	 2	 3	 3	sample7	734	2532	772	48546	0	
1	 2	 3	 4	sample7	475	2017	256	61680	0	
1	 2	 3	 5	sample7	192	1734	256	61680	0	
1	 2	 3	 6	control	407	1691	258	46224	0	
1	 2	 4	 1	sample8	1259	3315	1284	82240	0	
1	 2	 4	 2	sample8	950	2492	770	50886	0	
1	 2	 4	 3	sample8	823	2107	772	51360	0	
1	 2	 4	 4	sample8	450	1734	258	51360	0	
1	 2	 4	 5	sample8	418	1702	258	51360	0	
1	 2	 4	 6	control	1029	2313	1028	25680	0	
1	 3	 1	 1	sample9	1389	2931	1284	140322	0	
1	 3	 1	 2	sample9	1443	3241	1542	120466	0	
1	 3	 1	 3	sample9	1257	3313	1284	133640	0	
1	 3	 1	 4	sample9	974	2772	1028	84506	0	
1	 3	 1	 5	sample9	579	2121	514	66306	0	
1	 3	 1	 6	control	174	1458	258	51360	0	
1	 3	 2	 1	sample10	526	2068	514	61680	0	
1	 3	 2	 2	sample10	1022	2820	1028	73718	0	
1	 3	 2	 3	sample10	950	3006	1028	88408	0	
1	 3	 2	 4	sample10	782	2580	772	86304	0	
1	 3	 2	 5	sample10	404	1946	256	61680	0	
1	 3	 2	 6	control	1197	2481	1028	89880	0	
1	 3	 3	 1	sample11	1873	3157	1800	84744	0	
1	 3	 3	 2	sample11	1086	2884	1028	71920	0	
1	 3	 3	 3	sample11	1137	3193	1028	82240	0	
1	 3	 3	 4	sample11	931	2987	770	82240	0	
1	 3	 3	 5	sample11	501	2043	514	61680	0	
1	 3	 3	 6	control	290	1574	258	51360	0	
1	 3	 4	 1	sample12	1341	2625	1286	59064	0	
1	 3	 4	 2	sample12	1060	2602	1028	61680	0	
1	 3	 4	 3	sample12	721	2777	514	96632	0	
1	 3	 4	 4	sample12	822	2878	770	82240	0	
1	 3	 4	 5	sample12	735	2277	770	78642	0	
1	 3	 4	 6	control	936	2220	772	74472	0	
1	 4	 1	 1	sample13	1068	3380	1028	120224	0	
1	 4	 1	 2	sample13	977	3289	1028	115600	0	
1	 4	 1	 3	sample13	866	2922	770	88408	0	
1	 4	 1	 4	sample13	669	2467	514	71920	0	
1	 4	 1	 5	sample13	508	2306	514	71920	0	
1	 4	 1	 6	control	193	1991	258	71920	0	
1	 4	 2	 1	sample14	993	3305	772	115600	0	
1	 4	 2	 2	sample14	940	2996	1028	96632	0	
1	 4	 2	 3	sample14	791	2589	772	71920	0	
1	 4	 2	 4	sample14	550	2348	514	77314	0	
1	 4	 2	 5	sample14	389	2187	258	73718	0	
1	 4	 2	 6	control	765	2563	514	71920	0	
1	 4	 3	 1	sample15	833	2889	770	100744	0	
1	 4	 3	 2	sample15	586	2384	514	44950	0	
1	 4	 3	 3	sample15	489	2287	514	89900	0	
1	 4	 3	 4	sample15	610	2152	514	49344	0	
1	 4	 3	 5	sample15	347	1889	256	61680	0	
1	 4	 3	 6	control	128	1670	0	61680	0	
1	 4	 4	 1	sample16	809	2865	770	96632	0	
1	 4	 4	 2	sample16	480	2278	514	80910	0	
1	 4	 4	 3	sample16	526	2068	514	61680	0	
1	 4	 4	 4	sample16	547	1831	514	51360	0	
1	 4	 4	 5	sample16	463	1747	514	51360	0	
1	 4	 4	 6	control	547	1831	514	51360	0	
1	 5	 1	 1	sample17	1542	3598	1542	82240	0	
1	 5	 1	 2	sample17	1202	3514	1286	99416	0	
1	 5	 1	 3	sample17	764	2820	770	82240	0	
1	 5	 1	 4	sample17	873	2671	772	68324	0	
1	 5	 1	 5	sample17	502	2300	514	71920	0	
1	 5	 1	 6	control	263	1805	256	61680	0	
1	 5	 2	 1	sample18	334	2390	256	82240	0	
1	 5	 2	 2	sample18	436	2492	514	82240	0	
1	 5	 2	 3	sample18	269	2325	256	82240	0	
1	 5	 2	 4	sample18	322	2120	258	71920	0	
1	 5	 2	 5	sample18	276	1818	256	61680	0	
1	 5	 2	 6	control	1214	2756	1284	61680	0	
1	 5	 3	 1	sample19	353	2409	256	82240	0	
1	 5	 3	 2	sample19	749	2547	772	82708	0	
1	 5	 3	 3	sample19	844	2642	772	70122	0	
1	 5	 3	 4	sample19	476	2274	514	35960	0	
1	 5	 3	 5	sample19	391	1933	256	61680	0	
1	 5	 3	 6	control	-32.74	1509	0	61680	0	
1	 5	 4	 1	sample20	358	1900	514	66306	0	
1	 5	 4	 2	sample20	495	1779	514	51360	0	
1	 5	 4	 3	sample20	360	1644	258	51360	0	
1	 5	 4	 4	sample20	335	1619	258	51360	0	
1	 5	 4	 5	sample20	373	1657	258	51360	0	
1	 5	 4	 6	control	550	1834	514	37236	0	
1	 6	 1	 1	sample21	764	5134	514	174800	0	
1	 6	 1	 2	sample21	900	5012	772	57568	0	
1	 6	 1	 3	sample21	607	4463	514	127248	0	
1	 6	 1	 4	sample21	772	4370	772	125930	0	
1	 6	 1	 5	sample21	1029	4627	772	53970	0	
1	 6	 1	 6	control	508	4106	514	140322	0	
1	 6	 2	 1	sample22	790	5160	770	174800	0	
1	 6	 2	 2	sample22	842	4954	772	193264	0	
1	 6	 2	 3	sample22	1140	4996	1028	158096	0	
1	 6	 2	 4	sample22	740	4338	772	147518	0	
1	 6	 2	 5	sample22	1038	4636	1028	97146	0	
1	 6	 2	 6	control	645	4243	514	424564	0	
1	 6	 3	 1	sample23	497	4609	514	185040	0	
1	 6	 3	 2	sample23	424	4280	514	154240	0	
1	 6	 3	 3	sample23	559	4157	514	82754	0	
1	 6	 3	 4	sample23	782	4124	770	70182	0	
1	 6	 3	 5	sample23	334	3676	256	133680	0	
1	 6	 3	 6	control	257	3599	256	133680	0	
1	 6	 4	 1	sample24	457	4313	514	158096	0	
1	 6	 4	 2	sample24	663	4261	772	93548	0	
1	 6	 4	 3	sample24	595	3937	514	137022	0	
1	 6	 4	 4	sample24	308	3650	256	133680	0	
1	 6	 4	 5	sample24	199	3541	256	133680	0	
1	 6	 4	 6	control	749	4091	770	80208	0	
1	 7	 1	 1	sample25	1015	3329	1028	48594	0	
1	 7	 1	 2	sample25	1041	3097	1028	82240	0	
1	 7	 1	 3	sample25	1112	2912	1028	93600	0	
1	 7	 1	 4	sample25	729	2529	770	90000	0	
1	 7	 1	 5	sample25	541	2341	514	84600	0	
1	 7	 1	 6	control	648	2448	770	37800	0	
1	 7	 2	 1	sample26	604	2660	514	100744	0	
1	 7	 2	 2	sample26	1238	3294	1286	88408	0	
1	 7	 2	 3	sample26	1043	2843	1028	88200	0	
1	 7	 2	 4	sample26	835	2635	770	72000	0	
1	 7	 2	 5	sample26	689	2489	770	68400	0	
1	 7	 2	 6	control	759	2559	770	79200	0	
1	 7	 3	 1	sample27	425	1967	258	61680	0	
1	 7	 3	 2	sample27	463	2005	514	61680	0	
1	 7	 3	 3	sample27	405	1947	258	61680	0	
1	 7	 3	 4	sample27	399	1941	258	61680	0	
1	 7	 3	 5	sample27	225	1767	258	61680	0	
1	 7	 3	 6	control	174	1716	258	61680	0	
1	 7	 4	 1	sample28	682	2224	772	75558	0	
1	 7	 4	 2	sample28	840	2126	770	47582	0	
1	 7	 4	 3	sample28	617	1903	514	66872	0	
1	 7	 4	 4	sample28	584	1870	514	51440	0	
1	 7	 4	 5	sample28	433	1719	514	45010	0	
1	 7	 4	 6	control	783	2069	770	51440	0	
1	 8	 1	 1	sample29	1803	4887	1798	188124	0	
1	 8	 1	 2	sample29	1798	4624	1542	398466	0	
1	 8	 1	 3	sample29	1317	4143	1542	234558	0	
1	 8	 1	 4	sample29	1336	3906	1284	64250	0	
1	 8	 1	 5	sample29	585	3155	514	110510	0	
1	 8	 1	 6	control	521	2833	514	92480	0	
1	 8	 2	 1	sample30	249	3333	256	111024	0	
1	 8	 2	 2	sample30	530	3356	514	141300	0	
1	 8	 2	 3	sample30	879	3449	770	66820	0	
1	 8	 2	 4	sample30	682	2994	772	106352	0	
1	 8	 2	 5	sample30	346	2916	256	110510	0	
1	 8	 2	 6	control	1559	3871	1542	71672	0	
1	 8	 3	 1	sample31	1359	4185	1286	79128	0	
1	 8	 3	 2	sample31	642	3212	514	128500	0	
1	 8	 3	 3	sample31	471	3041	514	107940	0	
1	 8	 3	 4	sample31	726	3038	772	39304	0	
1	 8	 3	 5	sample31	277	2589	258	92480	0	
1	 8	 3	 6	control	270	2582	258	92480	0	
1	 8	 4	 1	sample32	670	2982	514	87856	0	
1	 8	 4	 2	sample32	444	2756	514	92480	0	
1	 8	 4	 3	sample32	616	2928	514	110976	0	
1	 8	 4	 4	sample32	526	2582	514	82240	0	
1	 8	 4	 5	sample32	704	2760	770	63736	0	
1	 8	 4	 6	control	1830	4142	772	117912	0	
1	 9	 1	 1	sample33	647	2447	514	41400	0	
1	 9	 1	 2	sample33	608	2408	514	68400	0	
1	 9	 1	 3	sample33	579	2121	514	61680	0	
1	 9	 1	 4	sample33	283	1825	258	61680	0	
1	 9	 1	 5	sample33	461	1747	256	63014	0	
1	 9	 1	 6	control	340	1626	256	51440	0	
1	 9	 2	 1	sample34	494	2294	514	70200	0	
1	 9	 2	 2	sample34	626	2426	514	73800	0	
1	 9	 2	 3	sample34	739	2281	772	61680	0	
1	 9	 2	 4	sample34	572	2114	514	47802	0	
1	 9	 2	 5	sample34	486	1772	514	48868	0	
1	 9	 2	 6	control	1257	2543	1284	95164	0	
1	 9	 3	 1	sample35	643	2185	514	61680	0	
1	 9	 3	 2	sample35	592	2134	514	61680	0	
1	 9	 3	 3	sample35	547	2089	514	61680	0	
1	 9	 3	 4	sample35	573	1859	514	55298	0	
1	 9	 3	 5	sample35	725	2011	770	21862	0	
1	 9	 3	 6	control	231	1517	256	51440	0	
1	 9	 4	 1	sample36	778	2320	772	61680	0	
1	 9	 4	 2	sample36	487	2029	514	70932	0	
1	 9	 4	 3	sample36	772	2314	772	50886	0	
1	 9	 4	 4	sample36	435	1977	514	40092	0	
1	 9	 4	 5	sample36	543	1829	514	55298	0	
1	 9	 4	 6	control	653	1939	514	59156	0	
1	 10	 1	 1	sample37	733	2275	772	61680	0	
1	 10	 1	 2	sample37	1186	2472	1028	50154	0	
1	 10	 1	 3	sample37	963	2249	1028	51440	0	
1	 10	 1	 4	sample37	861	2147	770	51440	0	
1	 10	 1	 5	sample37	475	1761	514	51440	0	
1	 10	 1	 6	control	443	1729	256	51440	0	
1	 10	 2	 1	sample38	392	1934	258	61680	0	
1	 10	 2	 2	sample38	520	1806	256	51440	0	
1	 10	 2	 3	sample38	552	1838	514	51440	0	
1	 10	 2	 4	sample38	443	1729	256	51440	0	
1	 10	 2	 5	sample38	449	1735	256	51440	0	
1	 10	 2	 6	control	893	2179	1028	51440	0	
1	 10	 3	 1	sample39	2074	3616	1800	46260	0	
1	 10	 3	 2	sample39	1824	3110	1542	51440	0	
1	 10	 3	 3	sample39	975	2261	770	43724	0	
1	 10	 3	 4	sample39	830	1858	772	41120	0	
1	 10	 3	 5	sample39	820	1848	514	21588	0	
1	 10	 3	 6	control	295	1581	256	51440	0	
1	 10	 4	 1	sample40	642	1928	514	51440	0	
1	 10	 4	 2	sample40	985	2271	770	30864	0	
1	 10	 4	 3	sample40	1003	2031	772	41120	0	
1	 10	 4	 4	sample40	1186	2214	1028	18504	0	
1	 10	 4	 5	sample40	752	1780	514	41120	0	
1	 10	 4	 6	control	623	1909	514	51440	0	
1	 11	 1	 1	sample41	1204	3004	1284	81000	0	
1	 11	 1	 2	sample41	1186	2986	1284	84600	0	
1	 11	 1	 3	sample41	1112	2654	1028	61680	0	
1	 11	 1	 4	sample41	571	2371	514	72000	0	
1	 11	 1	 5	sample41	423	2223	256	72000	0	
1	 11	 1	 6	control	211	2011	256	72000	0	
1	 11	 2	 1	sample42	543	2599	514	74016	0	
1	 11	 2	 2	sample42	1137	3193	1028	78128	0	
1	 11	 2	 3	sample42	1341	2883	1286	57054	0	
1	 11	 2	 4	sample42	869	2411	1028	57054	0	
1	 11	 2	 5	sample42	542	2342	514	48600	0	
1	 11	 2	 6	control	1548	3348	1798	72000	0	
1	 11	 3	 1	sample43	1001	3057	1028	78128	0	
1	 11	 3	 2	sample43	2277	4077	2056	52200	0	
1	 11	 3	 3	sample43	709	2251	772	50886	0	
1	 11	 3	 4	sample43	930	2472	772	40092	0	
1	 11	 3	 5	sample43	272	1814	258	55512	0	
1	 11	 3	 6	control	379	1921	258	55512	0	
1	 11	 4	 1	sample44	1514	3056	1542	55512	0	
1	 11	 4	 2	sample44	1298	2840	1286	61680	0	
1	 11	 4	 3	sample44	1244	2786	1028	66306	0	
1	 11	 4	 4	sample44	964	2506	772	55512	0	
1	 11	 4	 5	sample44	714	2256	514	61680	0	
1	 11	 4	 6	control	1139	2681	1286	43176	0	
1	 12	 1	 1	sample45	1994	3794	2056	149400	0	
1	 12	 1	 2	sample45	1978	3778	2056	144000	0	
1	 12	 1	 3	sample45	2376	3918	2314	57054	0	
1	 12	 1	 4	sample45	1119	2661	1028	61680	0	
1	 12	 1	 5	sample45	507	2307	514	72000	0	
1	 12	 1	 6	control	539	2339	256	72000	0	
1	 12	 2	 1	sample46	732	2532	770	72000	0	
1	 12	 2	 2	sample46	945	2487	1028	52428	0	
1	 12	 2	 3	sample46	939	2481	772	70932	0	
1	 12	 2	 4	sample46	1047	2333	1028	51440	0	
1	 12	 2	 5	sample46	630	2172	514	61680	0	
1	 12	 2	 6	control	2882	4424	2828	72474	0	
1	 12	 3	 1	sample47	2335	4135	2056	41400	0	
1	 12	 3	 2	sample47	3190	4732	3084	33924	0	
1	 12	 3	 3	sample47	1755	3041	1798	68158	0	
1	 12	 3	 4	sample47	1429	2715	1284	41152	0	
1	 12	 3	 5	sample47	909	2195	770	47582	0	
1	 12	 3	 6	control	521	2063	258	61680	0	
1	 12	 4	 1	sample48	1444	2730	1284	57870	0	
1	 12	 4	 2	sample48	1424	2710	1284	30864	0	
1	 12	 4	 3	sample48	1592	2878	1542	59156	0	
1	 12	 4	 4	sample48	1563	2849	1284	30864	0	
1	 12	 4	 5	sample48	957	2243	770	51440	0	
1	 12	 4	 6	control	2511	4053	2314	40092	0	
2	 1	 1	 1	sample49	2072	4642	2056	125930	0	
2	 1	 1	 2	sample49	2473	5301	2312	149884	0	
2	 1	 1	 3	sample49	2658	5228	2570	113080	0	
2	 1	 1	 4	sample49	1553	3867	1542	159666	0	
2	 1	 1	 5	sample49	1664	3464	1798	82800	0	
2	 1	 1	 6	control	559	2359	514	72000	0	
2	 1	 2	 1	sample50	1489	4059	1542	110510	0	
2	 1	 2	 2	sample50	2095	4923	1798	313908	0	
2	 1	 2	 3	sample50	1771	4085	1798	256854	0	
2	 1	 2	 4	sample50	2255	4311	2314	143920	0	
2	 1	 2	 5	sample50	1947	3747	2056	93600	0	
2	 1	 2	 6	control	2537	4079	2570	118734	0	
2	 1	 3	 1	sample51	642	2442	514	64800	0	
2	 1	 3	 2	sample51	1829	4143	1542	118014	0	
2	 1	 3	 3	sample51	2102	4158	2056	92520	0	
2	 1	 3	 4	sample51	1535	3335	1542	66600	0	
2	 1	 3	 5	sample51	910	2452	772	60138	0	
2	 1	 3	 6	control	655	1941	770	51440	0	
2	 1	 4	 1	sample52	1477	2763	1542	46296	0	
2	 1	 4	 2	sample52	1374	2916	1286	44718	0	
2	 1	 4	 3	sample52	914	2456	772	72474	0	
2	 1	 4	 4	sample52	950	2492	1028	55512	0	
2	 1	 4	 5	sample52	761	2047	770	33436	0	
2	 1	 4	 6	control	1326	2354	1286	19532	0	
2	 2	 1	 1	sample53	1796	3852	1798	182984	0	
2	 2	 1	 2	sample53	1918	3716	2056	120466	0	
2	 2	 1	 3	sample53	1485	3283	1542	113274	0	
2	 2	 1	 4	sample53	1235	2777	1284	104856	0	
2	 2	 1	 5	sample53	1080	2622	1028	112566	0	
2	 2	 1	 6	control	481	2023	514	61680	0	
2	 2	 2	 1	sample54	1771	3827	1542	57568	0	
2	 2	 2	 2	sample54	1775	3831	1798	65792	0	
2	 2	 2	 3	sample54	1067	2865	1028	71920	0	
2	 2	 2	 4	sample54	958	2500	1028	103314	0	
2	 2	 2	 5	sample54	877	2419	770	63222	0	
2	 2	 2	 6	control	1799	3341	1542	50886	0	
2	 2	 3	 1	sample55	1330	3128	1286	230144	0	
2	 2	 3	 2	sample55	1542	3340	1542	138446	0	
2	 2	 3	 3	sample55	1057	2855	1028	115072	0	
2	 2	 3	 4	sample55	983	2525	1028	115650	0	
2	 2	 3	 5	sample55	738	2280	770	61680	0	
2	 2	 3	 6	control	379	1921	514	61680	0	
2	 2	 4	 1	sample56	1296	2838	1284	168078	0	
2	 2	 4	 2	sample56	1480	3022	1284	90978	0	
2	 2	 4	 3	sample56	1211	2753	1284	64764	0	
2	 2	 4	 4	sample56	1083	2881	1028	34162	0	
2	 2	 4	 5	sample56	738	2280	770	61680	0	
2	 2	 4	 6	control	1021	2563	1028	61680	0	
2	 3	 1	 1	sample57	2575	4631	2570	88408	0	
2	 3	 1	 2	sample57	2187	4243	2312	160368	0	
2	 3	 1	 3	sample57	2105	3903	2314	115072	0	
2	 3	 1	 4	sample57	1579	3377	1542	62930	0	
2	 3	 1	 5	sample57	1352	2894	1284	70932	0	
2	 3	 1	 6	control	154	1696	0	61680	0	
2	 3	 2	 1	sample58	681	2737	770	82240	0	
2	 3	 2	 2	sample58	372	2428	514	82240	0	
2	 3	 2	 3	sample58	662	2460	514	71920	0	
2	 3	 2	 4	sample58	386	2184	258	71920	0	
2	 3	 2	 5	sample58	404	1946	256	61680	0	
2	 3	 2	 6	control	1891	3175	1800	75756	0	
2	 3	 3	 1	sample59	1675	4245	1542	128500	0	
2	 3	 3	 2	sample59	3090	5402	2828	196520	0	
2	 3	 3	 3	sample59	2537	4593	2826	82240	0	
2	 3	 3	 4	sample59	1486	3284	1542	89900	0	
2	 3	 3	 5	sample59	1474	3016	1284	29298	0	
2	 3	 3	 6	control	83.2	1625	0	61680	0	
2	 3	 4	 1	sample60	1143	2685	1028	61680	0	
2	 3	 4	 2	sample60	489	2287	514	71920	0	
2	 3	 4	 3	sample60	296	2094	258	71920	0	
2	 3	 4	 4	sample60	436	1978	514	61680	0	
2	 3	 4	 5	sample60	295	1837	256	61680	0	
2	 3	 4	 6	control	713	2255	514	61680	0	
2	 4	 1	 1	sample61	1477	3277	1542	36000	0	
2	 4	 1	 2	sample61	1188	2730	1028	69390	0	
2	 4	 1	 3	sample61	688	2230	772	61680	0	
2	 4	 1	 4	sample61	756	2042	770	45010	0	
2	 4	 1	 5	sample61	559	1845	514	51440	0	
2	 4	 1	 6	control	212	1498	256	51440	0	
2	 4	 2	 1	sample62	1973	4029	1800	94576	0	
2	 4	 2	 2	sample62	1813	3613	1798	63000	0	
2	 4	 2	 3	sample62	1344	2886	1286	33924	0	
2	 4	 2	 4	sample62	809	2095	770	60442	0	
2	 4	 2	 5	sample62	651	1937	514	52726	0	
2	 4	 2	 6	control	912	2198	770	51440	0	
2	 4	 3	 1	sample63	873	3187	1028	92560	0	
2	 4	 3	 2	sample63	1406	3462	1286	96632	0	
2	 4	 3	 3	sample63	1157	2699	1286	61680	0	
2	 4	 3	 4	sample63	893	2435	1028	55512	0	
2	 4	 3	 5	sample63	737	2023	770	39866	0	
2	 4	 3	 6	control	351	1637	514	24434	0	
2	 4	 4	 1	sample64	1639	3439	1542	81000	0	
2	 4	 4	 2	sample64	912	2712	770	72000	0	
2	 4	 4	 3	sample64	739	2281	772	61680	0	
2	 4	 4	 4	sample64	359	1901	258	74016	0	
2	 4	 4	 5	sample64	621	1907	514	46296	0	
2	 4	 4	 6	control	894	2180	770	32150	0	
2	 5	 1	 1	sample65	1346	2888	1286	189666	0	
2	 5	 1	 2	sample65	1234	2776	1286	131070	0	
2	 5	 1	 3	sample65	1578	2864	1542	91306	0	
2	 5	 1	 4	sample65	1205	2491	1284	50154	0	
2	 5	 1	 5	sample65	816	2102	770	43724	0	
2	 5	 1	 6	control	282	1568	256	51440	0	
2	 5	 2	 1	sample66	566	2108	514	61680	0	
2	 5	 2	 2	sample66	707	2249	772	61680	0	
2	 5	 2	 3	sample66	939	2225	770	45010	0	
2	 5	 2	 4	sample66	713	1999	770	51440	0	
2	 5	 2	 5	sample66	385	1671	514	51440	0	
2	 5	 2	 6	control	873	2159	1028	51440	0	
2	 5	 3	 1	sample67	1187	2729	1028	132612	0	
2	 5	 3	 2	sample67	1114	2656	1028	60138	0	
2	 5	 3	 3	sample67	820	2362	772	57054	0	
2	 5	 3	 4	sample67	794	2080	770	42438	0	
2	 5	 3	 5	sample67	552	1838	514	51440	0	
2	 5	 3	 6	control	199	1485	0	51440	0	
2	 5	 4	 1	sample68	8531	10073	5398	40092	0	
2	 5	 4	 2	sample68	797	2339	772	61680	0	
2	 5	 4	 3	sample68	784	2326	772	61680	0	
2	 5	 4	 4	sample68	635	2177	772	23130	0	
2	 5	 4	 5	sample68	501	1787	514	51440	0	
2	 5	 4	 6	control	526	1812	514	51440	0	
2	 6	 1	 1	sample69	1749	3805	1798	127472	0	
2	 6	 1	 2	sample69	1229	3027	1028	269700	0	
2	 6	 1	 3	sample69	1271	2813	1028	177330	0	
2	 6	 1	 4	sample69	1051	2335	1028	105288	0	
2	 6	 1	 5	sample69	884	2168	772	73188	0	
2	 6	 1	 6	control	787	2071	772	21828	0	
2	 6	 2	 1	sample70	731	2787	770	106912	0	
2	 6	 2	 2	sample70	1661	3203	1542	63222	0	
2	 6	 2	 3	sample70	969	2511	1028	67848	0	
2	 6	 2	 4	sample70	936	2220	772	64200	0	
2	 6	 2	 5	sample70	397	1939	256	50886	0	
2	 6	 2	 6	control	1380	2664	1286	48792	0	
2	 6	 3	 1	sample71	788	2844	770	88408	0	
2	 6	 3	 2	sample71	1110	2652	1028	72474	0	
2	 6	 3	 3	sample71	954	2496	770	53970	0	
2	 6	 3	 4	sample71	702	2244	514	63222	0	
2	 6	 3	 5	sample71	331	1873	256	37008	0	
2	 6	 3	 6	control	251	1535	258	51360	0	
2	 6	 4	 1	sample72	940	2996	1028	102800	0	
2	 6	 4	 2	sample72	418	2216	258	71920	0	
2	 6	 4	 3	sample72	437	2235	258	71920	0	
2	 6	 4	 4	sample72	460	2258	514	84506	0	
2	 6	 4	 5	sample72	520	2062	514	57054	0	
2	 6	 4	 6	control	611	1895	514	51360	0	
2	 7	 1	 1	sample73	1203	2745	1284	29298	0	
2	 7	 1	 2	sample73	781	2323	770	80184	0	
2	 7	 1	 3	sample73	783	2067	772	59064	0	
2	 7	 1	 4	sample73	753	2037	772	53928	0	
2	 7	 1	 5	sample73	431	1715	258	62916	0	
2	 7	 1	 6	control	129	1413	258	51360	0	
2	 7	 2	 1	sample74	1417	2701	1286	52644	0	
2	 7	 2	 2	sample74	1441	2983	1284	70932	0	
2	 7	 2	 3	sample74	1178	2462	1028	55212	0	
2	 7	 2	 4	sample74	1061	2345	1028	60348	0	
2	 7	 2	 5	sample74	834	2118	772	57780	0	
2	 7	 2	 6	control	1234	2518	1028	70620	0	
2	 7	 3	 1	sample75	882	2166	772	56496	0	
2	 7	 3	 2	sample75	308	1850	256	61680	0	
2	 7	 3	 3	sample75	626	1910	514	59064	0	
2	 7	 3	 4	sample75	592	1876	514	55212	0	
2	 7	 3	 5	sample75	525	1809	514	60348	0	
2	 7	 3	 6	control	405	1689	258	51360	0	
2	 7	 4	 1	sample76	1093	2635	1028	66306	0	
2	 7	 4	 2	sample76	946	2488	1028	67848	0	
2	 7	 4	 3	sample76	652	2194	514	77100	0	
2	 7	 4	 4	sample76	702	1986	514	66768	0	
2	 7	 4	 5	sample76	1114	2398	1028	23112	0	
2	 7	 4	 6	control	999	2541	770	27756	0	
2	 8	 1	 1	sample77	1607	3405	1542	93496	0	
2	 8	 1	 2	sample77	1904	3702	1800	88102	0	
2	 8	 1	 3	sample77	1487	3029	1542	58596	0	
2	 8	 1	 4	sample77	1081	2623	1028	37008	0	
2	 8	 1	 5	sample77	770	2312	770	66306	0	
2	 8	 1	 6	control	359	1901	256	61680	0	
2	 8	 2	 1	sample78	1117	2915	1028	93496	0	
2	 8	 2	 2	sample78	1513	3311	1542	79112	0	
2	 8	 2	 3	sample78	1083	2881	1028	68324	0	
2	 8	 2	 4	sample78	1279	2821	1284	67848	0	
2	 8	 2	 5	sample78	854	2396	770	61680	0	
2	 8	 2	 6	control	2395	4193	2314	107880	0	
2	 8	 3	 1	sample79	1126	3182	1028	80184	0	
2	 8	 3	 2	sample79	1329	3385	1284	94576	0	
2	 8	 3	 3	sample79	1442	3240	1542	73718	0	
2	 8	 3	 4	sample79	1323	3121	1286	86304	0	
2	 8	 3	 5	sample79	790	2588	772	73718	0	
2	 8	 3	 6	control	418	2216	258	71920	0	
2	 8	 4	 1	sample80	784	2582	772	71920	0	
2	 8	 4	 2	sample80	852	2650	772	57536	0	
2	 8	 4	 3	sample80	302	2358	256	82240	0	
2	 8	 4	 4	sample80	444	2242	514	71920	0	
2	 8	 4	 5	sample80	617	2415	514	71920	0	
2	 8	 4	 6	control	1234	3290	1028	84296	0	
2	 9	 1	 1	sample81	2180	3722	2056	115650	0	
2	 9	 1	 2	sample81	1751	3293	2056	121818	0	
2	 9	 1	 3	sample81	1536	3078	1542	126444	0	
2	 9	 1	 4	sample81	1227	2769	1028	53970	0	
2	 9	 1	 5	sample81	1022	2564	1028	61680	0	
2	 9	 1	 6	control	553	2095	514	61680	0	
2	 9	 2	 1	sample82	2647	4447	2312	54000	0	
2	 9	 2	 2	sample82	2144	3944	2056	57600	0	
2	 9	 2	 3	sample82	2080	3880	2056	75600	0	
2	 9	 2	 4	sample82	2055	3855	2056	72000	0	
2	 9	 2	 5	sample82	1298	3098	1284	66600	0	
2	 9	 2	 6	control	2048	3848	2056	59400	0	
2	 9	 3	 1	sample83	1305	3361	1286	106912	0	
2	 9	 3	 2	sample83	1058	3114	1028	90464	0	
2	 9	 3	 3	sample83	1111	3167	1028	108968	0	
2	 9	 3	 4	sample83	720	2776	772	82240	0	
2	 9	 3	 5	sample83	694	2750	514	82240	0	
2	 9	 3	 6	control	425	2481	258	82240	0	
2	 9	 4	 1	sample84	1246	3302	1286	94576	0	
2	 9	 4	 2	sample84	888	2944	772	90464	0	
2	 9	 4	 3	sample84	776	3090	770	111072	0	
2	 9	 4	 4	sample84	817	2873	772	82240	0	
2	 9	 4	 5	sample84	771	2827	514	82240	0	
2	 9	 4	 6	control	1438	3494	1286	76072	0	
2	 10	 1	 1	sample85	1634	3690	1542	217936	0	
2	 10	 1	 2	sample85	2567	4365	2056	147436	0	
2	 10	 1	 3	sample85	1320	3118	1286	120466	0	
2	 10	 1	 4	sample85	1256	2798	1284	98688	0	
2	 10	 1	 5	sample85	904	2446	770	77100	0	
2	 10	 1	 6	control	354	2152	258	71920	0	
2	 10	 2	 1	sample86	1387	3699	1286	99416	0	
2	 10	 2	 2	sample86	1449	3505	1284	154200	0	
2	 10	 2	 3	sample86	1518	3316	1542	149234	0	
2	 10	 2	 4	sample86	1499	3297	1542	84506	0	
2	 10	 2	 5	sample86	1414	3212	1286	35960	0	
2	 10	 2	 6	control	1282	3080	1028	131254	0	
2	 10	 3	 1	sample87	1359	3671	1286	268192	0	
2	 10	 3	 2	sample87	1441	3753	1286	110976	0	
2	 10	 3	 3	sample87	1263	3061	1286	82708	0	
2	 10	 3	 4	sample87	975	2773	772	86304	0	
2	 10	 3	 5	sample87	765	2563	772	71920	0	
2	 10	 3	 6	control	489	2287	258	71920	0	
2	 10	 4	 1	sample88	1768	4080	1542	76296	0	
2	 10	 4	 2	sample88	1665	3721	1542	51400	0	
2	 10	 4	 3	sample88	655	2711	514	82240	0	
2	 10	 4	 4	sample88	783	2839	770	82240	0	
2	 10	 4	 5	sample88	630	2428	258	71920	0	
2	 10	 4	 6	control	819	2875	770	76072	0	
2	 11	 1	 1	sample89	2709	4765	2570	94576	0	
2	 11	 1	 2	sample89	2037	3579	2056	169620	0	
2	 11	 1	 3	sample89	2524	3808	2314	56496	0	
2	 11	 1	 4	sample89	1839	3381	1798	69390	0	
2	 11	 1	 5	sample89	1444	2986	1542	77100	0	
2	 11	 1	 6	control	379	1921	256	61680	0	
2	 11	 2	 1	sample90	1118	2916	1028	82708	0	
2	 11	 2	 2	sample90	949	2747	772	70122	0	
2	 11	 2	 3	sample90	1247	2789	1284	74016	0	
2	 11	 2	 4	sample90	1097	2639	1028	74016	0	
2	 11	 2	 5	sample90	918	2460	770	61680	0	
2	 11	 2	 6	control	2608	4150	2826	103314	0	
2	 11	 3	 1	sample91	1248	3046	1286	86304	0	
2	 11	 3	 2	sample91	1319	3117	1286	82708	0	
2	 11	 3	 3	sample91	1010	2552	1028	66306	0	
2	 11	 3	 4	sample91	1047	2589	1028	61680	0	
2	 11	 3	 5	sample91	688	1972	772	51360	0	
2	 11	 3	 6	control	610	2152	514	61680	0	
2	 11	 4	 1	sample92	1105	2647	1028	61680	0	
2	 11	 4	 2	sample92	983	2525	1028	61680	0	
2	 11	 4	 3	sample92	636	2178	514	61680	0	
2	 11	 4	 4	sample92	741	2283	770	53970	0	
2	 11	 4	 5	sample92	771	2055	514	51360	0	
2	 11	 4	 6	control	1724	3266	1798	58596	0	
2	 12	 1	 1	sample93	2844	4644	3084	129600	0	
2	 12	 1	 2	sample93	2820	4362	2828	107940	0	
2	 12	 1	 3	sample93	1925	3467	1542	117192	0	
2	 12	 1	 4	sample93	1688	3230	1800	57054	0	
2	 12	 1	 5	sample93	1284	3084	1284	52200	0	
2	 12	 1	 6	control	411	2211	514	72000	0	
2	 12	 2	 1	sample94	1941	3997	1542	104856	0	
2	 12	 2	 2	sample94	1897	3697	1798	75600	0	
2	 12	 2	 3	sample94	2233	4033	2312	75600	0	
2	 12	 2	 4	sample94	1642	3442	1798	82800	0	
2	 12	 2	 5	sample94	1639	3439	1798	81000	0	
2	 12	 2	 6	control	1990	4046	2056	119248	0	
2	 12	 3	 1	sample95	2983	5039	2570	88408	0	
2	 12	 3	 2	sample95	1417	3217	1542	55800	0	
2	 12	 3	 3	sample95	1534	3076	1542	47802	0	
2	 12	 3	 4	sample95	1334	2876	1286	49344	0	
2	 12	 3	 5	sample95	633	2433	770	54000	0	
2	 12	 3	 6	control	327	2127	256	72000	0	
2	 12	 4	 1	sample96	2742	4542	2312	153000	0	
2	 12	 4	 2	sample96	1984	3784	2056	32400	0	
2	 12	 4	 3	sample96	1438	2980	1542	64764	0	
2	 12	 4	 4	sample96	913	2455	772	61680	0	
2	 12	 4	 5	sample96	1050	2592	1028	55512	0	
2	 12	 4	 6	control	1602	3402	1542	68400	0	
3	 1	 1	 1	sample97	1012	3326	1028	76362	0	
3	 1	 1	 2	sample97	1457	4027	1542	100230	0	
3	 1	 1	 3	sample97	1005	3319	1028	106444	0	
3	 1	 1	 4	sample97	1799	3855	1800	47288	0	
3	 1	 1	 5	sample97	1178	3234	1286	74016	0	
3	 1	 1	 6	control	322	2378	258	82240	0	
3	 1	 2	 1	sample98	1955	4525	1800	123360	0	
3	 1	 2	 2	sample98	1731	4301	1800	115650	0	
3	 1	 2	 3	sample98	167	2481	0	92560	0	
3	 1	 2	 4	sample98	1333	3647	1284	37024	0	
3	 1	 2	 5	sample98	1122	3178	1028	67848	0	
3	 1	 2	 6	control	1849	3905	1800	226160	0	
3	 1	 3	 1	sample99	110	2680	0	102800	0	
3	 1	 3	 2	sample99	646	3216	514	115650	0	
3	 1	 3	 3	sample99	884	3198	770	120328	0	
3	 1	 3	 4	sample99	1128	3442	1028	106444	0	
3	 1	 3	 5	sample99	1050	3106	1028	49344	0	
3	 1	 3	 6	control	786	2842	514	34952	0	
3	 1	 4	 1	sample100	764	2564	770	72000	0	
3	 1	 4	 2	sample100	579	2635	514	41120	0	
3	 1	 4	 3	sample100	444	2500	514	82240	0	
3	 1	 4	 4	sample100	367	2423	258	82240	0	
3	 1	 4	 5	sample100	600	2656	514	37008	0	
3	 1	 4	 6	control	836	2892	772	82240	0	
3	 2	 1	 1	sample101	1761	3303	1542	188124	0	
3	 2	 1	 2	sample101	2770	4312	3084	118734	0	
3	 2	 1	 3	sample101	2100	3642	2056	97146	0	
3	 2	 1	 4	sample101	1604	3146	1542	75558	0	
3	 2	 1	 5	sample101	1664	3206	1542	70932	0	
3	 2	 1	 6	control	367	2165	258	71920	0	
3	 2	 2	 1	sample102	1671	3469	1542	82708	0	
3	 2	 2	 2	sample102	2117	3915	2314	91698	0	
3	 2	 2	 3	sample102	1665	3463	1542	82708	0	
3	 2	 2	 4	sample102	1353	3151	1286	75516	0	
3	 2	 2	 5	sample102	1272	3070	1286	34162	0	
3	 2	 2	 6	control	2529	4327	2570	111476	0	
3	 2	 3	 1	sample103	1991	4303	1800	117912	0	
3	 2	 3	 2	sample103	2536	5106	2312	118220	0	
3	 2	 3	 3	sample103	2492	4804	2570	113288	0	
3	 2	 3	 4	sample103	2532	4588	2570	84296	0	
3	 2	 3	 5	sample103	1507	3563	1542	92520	0	
3	 2	 3	 6	control	611	2409	514	71920	0	
3	 2	 4	 1	sample104	1357	3155	1286	89900	0	
3	 2	 4	 2	sample104	1514	3570	1542	76072	0	
3	 2	 4	 3	sample104	1683	3481	1800	55738	0	
3	 2	 4	 4	sample104	912	2710	772	75516	0	
3	 2	 4	 5	sample104	1003	2801	772	53940	0	
3	 2	 4	 6	control	1568	3366	1286	35960	0	
3	 3	 1	 1	sample105	3033	4831	2828	53940	0	
3	 3	 1	 2	sample105	2010	3808	2056	158224	0	
3	 3	 1	 3	sample105	1535	3077	1542	120276	0	
3	 3	 1	 4	sample105	1496	2780	1542	50076	0	
3	 3	 1	 5	sample105	1204	2488	1286	48792	0	
3	 3	 1	 6	control	444	1728	258	51360	0	
3	 3	 2	 1	sample106	1900	3956	1798	108968	0	
3	 3	 2	 2	sample106	1449	3505	1542	108968	0	
3	 3	 2	 3	sample106	1586	3128	1542	80184	0	
3	 3	 2	 4	sample106	915	2457	1028	74016	0	
3	 3	 2	 5	sample106	1180	2464	1028	28248	0	
3	 3	 2	 6	control	1581	3123	1542	111024	0	
3	 3	 3	 1	sample107	1600	3656	1542	108968	0	
3	 3	 3	 2	sample107	1702	3758	1798	49344	0	
3	 3	 3	 3	sample107	1214	3012	1286	89900	0	
3	 3	 3	 4	sample107	975	2517	770	67848	0	
3	 3	 3	 5	sample107	849	2133	772	51360	0	
3	 3	 3	 6	control	417	1959	256	61680	0	
3	 3	 4	 1	sample108	1482	3280	1542	84506	0	
3	 3	 4	 2	sample108	1200	2998	1286	64728	0	
3	 3	 4	 3	sample108	1121	2919	1286	70122	0	
3	 3	 4	 4	sample108	1070	2612	1028	37008	0	
3	 3	 4	 5	sample108	449	1991	514	61680	0	
3	 3	 4	 6	control	976	2518	1028	61680	0	
3	 4	 1	 1	sample109	1943	3485	1800	80184	0	
3	 4	 1	 2	sample109	2799	4341	2828	137238	0	
3	 4	 1	 3	sample109	1909	3195	2056	74588	0	
3	 4	 1	 4	sample109	1273	2559	1284	56584	0	
3	 4	 1	 5	sample109	1093	2121	1028	49344	0	
3	 4	 1	 6	control	347	1375	258	41120	0	
3	 4	 2	 1	sample110	1725	3781	1800	106912	0	
3	 4	 2	 2	sample110	2366	4422	2314	80184	0	
3	 4	 2	 3	sample110	2178	3720	2056	55512	0	
3	 4	 2	 4	sample110	1429	2715	1284	61728	0	
3	 4	 2	 5	sample110	1341	2627	1284	52726	0	
3	 4	 2	 6	control	1940	3226	2056	79732	0	
3	 4	 3	 1	sample111	1924	3724	1542	73800	0	
3	 4	 3	 2	sample111	1222	3022	1028	73800	0	
3	 4	 3	 3	sample111	1467	3009	1542	63222	0	
3	 4	 3	 4	sample111	1684	2970	1542	46296	0	
3	 4	 3	 5	sample111	803	2089	514	51440	0	
3	 4	 3	 6	control	520	1806	256	51440	0	
3	 4	 4	 1	sample112	1838	3380	2056	61680	0	
3	 4	 4	 2	sample112	1790	3332	1800	123360	0	
3	 4	 4	 3	sample112	1596	3138	1542	81726	0	
3	 4	 4	 4	sample112	988	2530	1028	78642	0	
3	 4	 4	 5	sample112	880	2166	770	51440	0	
3	 4	 4	 6	control	1078	2364	1028	52726	0	
3	 5	 1	 1	sample113	1223	3023	1028	82800	0	
3	 5	 1	 2	sample113	1458	3000	1542	191208	0	
3	 5	 1	 3	sample113	1204	2746	1028	63222	0	
3	 5	 1	 4	sample113	870	2412	772	72474	0	
3	 5	 1	 5	sample113	551	2093	514	43176	0	
3	 5	 1	 6	control	650	2192	514	29298	0	
3	 5	 2	 1	sample114	1263	3319	1286	94576	0	
3	 5	 2	 2	sample114	1396	3452	1286	172704	0	
3	 5	 2	 3	sample114	1321	3121	1284	75600	0	
3	 5	 2	 4	sample114	1096	2638	1028	58596	0	
3	 5	 2	 5	sample114	900	2442	1028	37008	0	
3	 5	 2	 6	control	1391	2933	1542	109482	0	
3	 5	 3	 1	sample115	1816	4130	1798	101816	0	
3	 5	 3	 2	sample115	2144	4200	2056	102800	0	
3	 5	 3	 3	sample115	1443	3243	1542	84600	0	
3	 5	 3	 4	sample115	959	2501	772	80184	0	
3	 5	 3	 5	sample115	782	2324	772	75558	0	
3	 5	 3	 6	control	180	1722	0	61680	0	
3	 5	 4	 1	sample116	983	3297	1028	120328	0	
3	 5	 4	 2	sample116	1036	3092	1028	150088	0	
3	 5	 4	 3	sample116	908	2708	770	73800	0	
3	 5	 4	 4	sample116	533	2333	514	72000	0	
3	 5	 4	 5	sample116	450	1992	514	61680	0	
3	 5	 4	 6	control	960	2502	772	69390	0	
3	 6	 1	 1	sample117	1954	3752	2056	80910	0	
3	 6	 1	 2	sample117	2162	4218	2312	94576	0	
3	 6	 1	 3	sample117	629	2427	258	64728	0	
3	 6	 1	 4	sample117	506	2562	514	74016	0	
3	 6	 1	 5	sample117	1058	2600	1028	26214	0	
3	 6	 1	 6	control	379	1663	258	46224	0	
3	 6	 2	 1	sample118	441	2239	258	62930	0	
3	 6	 2	 2	sample118	1286	3084	1286	75516	0	
3	 6	 2	 3	sample118	541	2597	514	78128	0	
3	 6	 2	 4	sample118	565	2621	770	82240	0	
3	 6	 2	 5	sample118	905	2447	1028	61680	0	
3	 6	 2	 6	control	2500	4042	2056	67848	0	
3	 6	 3	 1	sample119	893	2691	772	95294	0	
3	 6	 3	 2	sample119	1108	2906	1286	75516	0	
3	 6	 3	 3	sample119	696	2494	514	61132	0	
3	 6	 3	 4	sample119	553	2351	514	71920	0	
3	 6	 3	 5	sample119	661	2203	514	61680	0	
3	 6	 3	 6	control	76.6	1619	0	61680	0	
3	 6	 4	 1	sample120	1136	2678	1028	40092	0	
3	 6	 4	 2	sample120	492	2034	256	55512	0	
3	 6	 4	 3	sample120	533	2075	514	61680	0	
3	 6	 4	 4	sample120	456	1998	514	61680	0	
3	 6	 4	 5	sample120	489	2287	514	71920	0	
3	 6	 4	 6	control	822	2364	770	61680	0	
3	 7	 1	 1	sample121	1503	3301	1542	93496	0	
3	 7	 1	 2	sample121	1548	3346	1542	79112	0	
3	 7	 1	 3	sample121	1157	2441	1286	51360	0	
3	 7	 1	 4	sample121	791	2075	772	51360	0	
3	 7	 1	 5	sample121	662	1946	514	51360	0	
3	 7	 1	 6	control	174	1458	258	51360	0	
3	 7	 2	 1	sample122	1141	3197	1028	102800	0	
3	 7	 2	 2	sample122	1498	3296	1542	71920	0	
3	 7	 2	 3	sample122	1141	2683	1028	66306	0	
3	 7	 2	 4	sample122	973	2257	1028	59064	0	
3	 7	 2	 5	sample122	807	2091	772	55212	0	
3	 7	 2	 6	control	1902	3444	2056	95604	0	
3	 7	 3	 1	sample123	939	2995	1028	106912	0	
3	 7	 3	 2	sample123	746	2544	772	89900	0	
3	 7	 3	 3	sample123	661	2203	514	61680	0	
3	 7	 3	 4	sample123	837	2121	772	44940	0	
3	 7	 3	 5	sample123	450	1734	514	51360	0	
3	 7	 3	 6	control	521	1805	514	51360	0	
3	 7	 4	 1	sample124	1618	3416	1800	91698	0	
3	 7	 4	 2	sample124	1365	3163	1542	80910	0	
3	 7	 4	 3	sample124	885	2427	1028	55512	0	
3	 7	 4	 4	sample124	843	2127	772	55212	0	
3	 7	 4	 5	sample124	579	1863	514	46224	0	
3	 7	 4	 6	control	751	2035	772	64200	0	
3	 8	 1	 1	sample125	2857	4913	2828	108968	0	
3	 8	 1	 2	sample125	4324	6380	4112	104856	0	
3	 8	 1	 3	sample125	2995	4795	3084	93600	0	
3	 8	 1	 4	sample125	2027	3569	2056	66306	0	
3	 8	 1	 5	sample125	1759	3301	1800	78642	0	
3	 8	 1	 6	control	412	1954	258	61680	0	
3	 8	 2	 1	sample126	5500	8070	4626	51400	0	
3	 8	 2	 2	sample126	2596	4910	2312	113386	0	
3	 8	 2	 3	sample126	2012	4326	2056	122642	0	
3	 8	 2	 4	sample126	1720	3520	1798	82800	0	
3	 8	 2	 5	sample126	1284	3084	1284	86400	0	
3	 8	 2	 6	control	2578	4378	2570	108000	0	
3	 8	 3	 1	sample127	1279	3335	1286	82240	0	
3	 8	 3	 2	sample127	1612	3926	1542	118014	0	
3	 8	 3	 3	sample127	1337	3393	1286	82240	0	
3	 8	 3	 4	sample127	1780	3580	1798	77400	0	
3	 8	 3	 5	sample127	1895	3437	1542	53970	0	
3	 8	 3	 6	control	212	2012	256	72000	0	
3	 8	 4	 1	sample128	1302	2844	1286	74016	0	
3	 8	 4	 2	sample128	476	2018	514	61680	0	
3	 8	 4	 3	sample128	880	2680	770	72000	0	
3	 8	 4	 4	sample128	727	2269	772	61680	0	
3	 8	 4	 5	sample128	547	2089	258	61680	0	
3	 8	 4	 6	control	1408	2950	1286	61680	0	
3	 9	 1	 1	sample129	1942	3740	1800	84506	0	
3	 9	 1	 2	sample129	2535	4333	2570	167214	0	
3	 9	 1	 3	sample129	2203	4001	2314	91698	0	
3	 9	 1	 4	sample129	1426	3224	1286	79112	0	
3	 9	 1	 5	sample129	872	2670	772	82708	0	
3	 9	 1	 6	control	245	2043	258	71920	0	
3	 9	 2	 1	sample130	4184	6496	3598	108664	0	
3	 9	 2	 2	sample130	3427	5739	3342	76296	0	
3	 9	 2	 3	sample130	2697	4495	2570	120466	0	
3	 9	 2	 4	sample130	2055	3597	2056	66306	0	
3	 9	 2	 5	sample130	2079	3621	2056	67848	0	
3	 9	 2	 6	control	2628	4426	2570	113274	0	
3	 9	 3	 1	sample131	620	3446	772	96084	0	
3	 9	 3	 2	sample131	2217	4529	2056	122536	0	
3	 9	 3	 3	sample131	1934	3990	1798	108968	0	
3	 9	 3	 4	sample131	2022	3564	2056	70932	0	
3	 9	 3	 5	sample131	1268	2810	1028	72474	0	
3	 9	 3	 6	control	507	2049	514	61680	0	
3	 9	 4	 1	sample132	2135	4447	2056	113288	0	
3	 9	 4	 2	sample132	1583	3639	1542	51400	0	
3	 9	 4	 3	sample132	1498	3810	1286	106352	0	
3	 9	 4	 4	sample132	985	2783	1028	73718	0	
3	 9	 4	 5	sample132	918	2460	1028	61680	0	
3	 9	 4	 6	control	1358	2900	1284	53970	0	
3	 10	 1	 1	sample133	4534	7876	4626	177126	0	
3	 10	 1	 2	sample133	4926	7240	4882	122642	0	
3	 10	 1	 3	sample133	2784	4584	2826	118800	0	
3	 10	 1	 4	sample133	2146	3688	2056	70932	0	
3	 10	 1	 5	sample133	2181	3467	2312	57870	0	
3	 10	 1	 6	control	334	1620	0	51440	0	
3	 10	 2	 1	sample134	2810	6152	2826	157074	0	
3	 10	 2	 2	sample134	3629	6199	3856	131070	0	
3	 10	 2	 3	sample134	4121	5921	4112	95400	0	
3	 10	 2	 4	sample134	3436	4978	3342	29298	0	
3	 10	 2	 5	sample134	2016	3302	2056	59156	0	
3	 10	 2	 6	control	2522	3808	2570	48868	0	
3	 10	 3	 1	sample135	1528	4356	1542	113120	0	
3	 10	 3	 2	sample135	1232	3546	1284	101816	0	
3	 10	 3	 3	sample135	1079	2879	1028	72000	0	
3	 10	 3	 4	sample135	3074	4360	2570	66872	0	
3	 10	 3	 5	sample135	745	2031	514	51440	0	
3	 10	 3	 6	control	501	1787	514	51440	0	
3	 10	 4	 1	sample136	1647	3961	1542	118014	0	
3	 10	 4	 2	sample136	2365	4165	2312	70200	0	
3	 10	 4	 3	sample136	1640	3182	1800	57054	0	
3	 10	 4	 4	sample136	1107	2393	1028	50154	0	
3	 10	 4	 5	sample136	906	1934	772	41120	0	
3	 10	 4	 6	control	1253	2281	1028	41120	0	
3	 11	 1	 1	sample137	2792	4592	2826	95400	0	
3	 11	 1	 2	sample137	3111	4653	3342	149574	0	
3	 11	 1	 3	sample137	2486	3772	2570	91306	0	
3	 11	 1	 4	sample137	2120	3406	2056	51440	0	
3	 11	 1	 5	sample137	1566	2852	1542	54012	0	
3	 11	 1	 6	control	296	1838	258	61680	0	
3	 11	 2	 1	sample138	1577	3377	1542	77400	0	
3	 11	 2	 2	sample138	2651	4451	2570	79200	0	
3	 11	 2	 3	sample138	2215	3757	2570	132612	0	
3	 11	 2	 4	sample138	1162	2704	1286	77100	0	
3	 11	 2	 5	sample138	1604	2890	1542	52726	0	
3	 11	 2	 6	control	2306	3848	2314	49344	0	
3	 11	 3	 1	sample139	1542	3856	1542	113386	0	
3	 11	 3	 2	sample139	3283	5083	3084	72000	0	
3	 11	 3	 3	sample139	2368	3910	2314	80184	0	
3	 11	 3	 4	sample139	1840	3126	1798	55298	0	
3	 11	 3	 5	sample139	1186	2472	1284	50154	0	
3	 11	 3	 6	control	245	1787	0	61680	0	
3	 11	 4	 1	sample140	1029	2571	772	61680	0	
3	 11	 4	 2	sample140	425	1967	514	61680	0	
3	 11	 4	 3	sample140	494	1780	514	51440	0	
3	 11	 4	 4	sample140	366	1652	256	51440	0	
3	 11	 4	 5	sample140	404	1690	256	51440	0	
3	 11	 4	 6	control	1105	2647	1028	61680	0	
3	 12	 1	 1	sample141	1689	3487	1800	91698	0	
3	 12	 1	 2	sample141	2258	3800	2056	72474	0	
3	 12	 1	 3	sample141	1871	3155	1800	60348	0	
3	 12	 1	 4	sample141	1405	2947	1284	52428	0	
3	 12	 1	 5	sample141	950	2492	770	61680	0	
3	 12	 1	 6	control	32.7	1831	0	71920	0	
3	 12	 2	 1	sample142	1202	3258	1284	102800	0	
3	 12	 2	 2	sample142	1435	3233	1286	77314	0	
3	 12	 2	 3	sample142	2091	3889	2056	79112	0	
3	 12	 2	 4	sample142	1853	3395	1798	80184	0	
3	 12	 2	 5	sample142	1619	3161	1542	61680	0	
3	 12	 2	 6	control	2927	4725	3084	125860	0	
3	 12	 3	 1	sample143	2333	4389	2312	104856	0	
3	 12	 3	 2	sample143	1934	3732	1800	71920	0	
3	 12	 3	 3	sample143	2485	4283	2314	37758	0	
3	 12	 3	 4	sample143	1715	3257	1798	57054	0	
3	 12	 3	 5	sample143	873	2415	1028	61680	0	
3	 12	 3	 6	control	19.8	1818	0	71920	0	
3	 12	 4	 1	sample144	2442	4240	2570	165416	0	
3	 12	 4	 2	sample144	2547	4345	2570	134850	0	
3	 12	 4	 3	sample144	2242	3784	2312	129528	0	
3	 12	 4	 4	sample144	1444	2986	1542	77100	0	
3	 12	 4	 5	sample144	1269	2811	1284	50886	0	
3	 12	 4	 6	control	1357	3155	1286	64728	0	
4	 1	 1	 1	sample145	1021	2563	1028	61680	0	
4	 1	 1	 2	sample145	1314	3370	1284	88408	0	
4	 1	 1	 3	sample145	771	3341	770	102800	0	
4	 1	 1	 4	sample145	866	3436	770	89950	0	
4	 1	 1	 5	sample145	636	2692	514	94576	0	
4	 1	 1	 6	control	277	2075	258	71920	0	
4	 1	 2	 1	sample146	1180	3236	1028	55512	0	
4	 1	 2	 2	sample146	1054	3624	1284	100230	0	
4	 1	 2	 3	sample146	1219	4045	1286	129996	0	
4	 1	 2	 4	sample146	1192	3504	1028	101728	0	
4	 1	 2	 5	sample146	655	2711	514	82240	0	
4	 1	 2	 6	control	1039	3095	1028	178872	0	
4	 1	 3	 1	sample147	676	3246	770	125930	0	
4	 1	 3	 2	sample147	806	3632	772	146952	0	
4	 1	 3	 3	sample147	829	3655	772	113040	0	
4	 1	 3	 4	sample147	701	3013	514	92480	0	
4	 1	 3	 5	sample147	256	2312	256	82240	0	
4	 1	 3	 6	control	309	2107	258	71920	0	
4	 1	 4	 1	sample148	967	3023	1028	69904	0	
4	 1	 4	 2	sample148	1065	3377	1028	80920	0	
4	 1	 4	 3	sample148	972	3542	1028	107940	0	
4	 1	 4	 4	sample148	514	2826	514	85544	0	
4	 1	 4	 5	sample148	302	2358	256	82240	0	
4	 1	 4	 6	control	453	2509	514	104856	0	
4	 2	 1	 1	sample149	2013	3555	2314	117192	0	
4	 2	 1	 2	sample149	2100	3386	2312	96450	0	
4	 2	 1	 3	sample149	1521	2807	1542	96450	0	
4	 2	 1	 4	sample149	1398	2684	1284	55298	0	
4	 2	 1	 5	sample149	1340	2626	1284	59156	0	
4	 2	 1	 6	control	534	2076	514	61680	0	
4	 2	 2	 1	sample150	2236	3778	2314	77100	0	
4	 2	 2	 2	sample150	2335	3877	2314	72474	0	
4	 2	 2	 3	sample150	1931	3473	1800	60138	0	
4	 2	 2	 4	sample150	1921	3207	1798	29578	0	
4	 2	 2	 5	sample150	1092	2378	1028	66872	0	
4	 2	 2	 6	control	1923	3465	1800	118734	0	
4	 2	 3	 1	sample151	879	2421	514	29298	0	
4	 2	 3	 2	sample151	290	1832	258	61680	0	
4	 2	 3	 3	sample151	738	2024	770	51440	0	
4	 2	 3	 4	sample151	670	1956	770	23148	0	
4	 2	 3	 5	sample151	494	1780	514	51440	0	
4	 2	 3	 6	control	308	1594	256	51440	0	
4	 2	 4	 1	sample152	630	1916	514	54012	0	
4	 2	 4	 2	sample152	545	1831	256	51440	0	
4	 2	 4	 3	sample152	830	2116	770	33436	0	
4	 2	 4	 4	sample152	642	1928	770	46296	0	
4	 2	 4	 5	sample152	622	1908	770	48868	0	
4	 2	 4	 6	control	1708	2994	1798	21862	0	
4	 3	 1	 1	sample153	3049	4847	2828	194184	0	
4	 3	 1	 2	sample153	3653	5709	3854	172704	0	
4	 3	 1	 3	sample153	3347	5145	3342	84506	0	
4	 3	 1	 4	sample153	2286	4084	2056	116870	0	
4	 3	 1	 5	sample153	1330	3128	1286	71920	0	
4	 3	 1	 6	control	417	1959	514	61680	0	
4	 3	 2	 1	sample154	2327	4125	2314	68324	0	
4	 3	 2	 2	sample154	2033	4089	2056	94576	0	
4	 3	 2	 3	sample154	1830	3628	1800	75516	0	
4	 3	 2	 4	sample154	1553	3095	1542	70932	0	
4	 3	 2	 5	sample154	1129	2671	1028	58596	0	
4	 3	 2	 6	control	2456	3998	2312	107940	0	
4	 3	 3	 1	sample155	2322	3864	2312	81726	0	
4	 3	 3	 2	sample155	2932	4474	2826	26214	0	
4	 3	 3	 3	sample155	2097	3639	2056	77100	0	
4	 3	 3	 4	sample155	1386	2670	1286	65484	0	
4	 3	 3	 5	sample155	804	2088	772	51360	0	
4	 3	 3	 6	control	373	1657	514	51360	0	
4	 3	 4	 1	sample156	2025	3567	1798	77100	0	
4	 3	 4	 2	sample156	1735	3019	1800	51360	0	
4	 3	 4	 3	sample156	1920	3204	1800	60348	0	
4	 3	 4	 4	sample156	1071	2355	1028	62916	0	
4	 3	 4	 5	sample156	764	1792	770	41120	0	
4	 3	 4	 6	control	719	1747	770	41120	0	
4	 4	 1	 1	sample157	3495	5295	3598	27000	0	
4	 4	 1	 2	sample157	2368	3910	2570	131070	0	
4	 4	 1	 3	sample157	2223	3765	2314	87894	0	
4	 4	 1	 4	sample157	2064	3606	2056	57054	0	
4	 4	 1	 5	sample157	1645	3187	1800	61680	0	
4	 4	 1	 6	control	431	1973	258	61680	0	
4	 4	 2	 1	sample158	1581	3381	1542	82800	0	
4	 4	 2	 2	sample158	1371	2913	1286	55512	0	
4	 4	 2	 3	sample158	1226	2768	1286	66306	0	
4	 4	 2	 4	sample158	1436	2722	1542	21862	0	
4	 4	 2	 5	sample158	963	2249	770	51440	0	
4	 4	 2	 6	control	2468	4010	2314	46260	0	
4	 4	 3	 1	sample159	2086	3886	2312	91800	0	
4	 4	 3	 2	sample159	2253	4053	2056	77400	0	
4	 4	 3	 3	sample159	2245	4045	2312	82800	0	
4	 4	 3	 4	sample159	1998	3540	2056	53970	0	
4	 4	 3	 5	sample159	852	2394	772	53970	0	
4	 4	 3	 6	control	547	2089	514	61680	0	
4	 4	 4	 1	sample160	1946	3232	1798	51440	0	
4	 4	 4	 2	sample160	1279	2821	1286	57054	0	
4	 4	 4	 3	sample160	1414	2956	1542	77100	0	
4	 4	 4	 4	sample160	873	2415	772	66306	0	
4	 4	 4	 5	sample160	893	2179	770	51440	0	
4	 4	 4	 6	control	1002	2288	1028	51440	0	
4	 5	 1	 1	sample161	2684	5510	2570	429552	0	
4	 5	 1	 2	sample161	3261	6087	3342	234558	0	
4	 5	 1	 3	sample161	2047	4359	2314	194208	0	
4	 5	 1	 4	sample161	1274	3330	1028	310456	0	
4	 5	 1	 5	sample161	1382	3180	1286	71920	0	
4	 5	 1	 6	control	257	2055	258	71920	0	
4	 5	 2	 1	sample162	2616	5956	2570	133600	0	
4	 5	 2	 2	sample162	2033	4859	2056	251514	0	
4	 5	 2	 3	sample162	1708	4278	1542	249290	0	
4	 5	 2	 4	sample162	1401	3457	1542	172704	0	
4	 5	 2	 5	sample162	1195	2993	1028	71920	0	
4	 5	 2	 6	control	1673	3215	1798	117192	0	
4	 5	 3	 1	sample163	1651	4477	1800	146952	0	
4	 5	 3	 2	sample163	1362	3932	1284	102800	0	
4	 5	 3	 3	sample163	958	3270	1028	117912	0	
4	 5	 3	 4	sample163	717	2773	770	88408	0	
4	 5	 3	 5	sample163	495	2293	514	71920	0	
4	 5	 3	 6	control	442	1984	514	27756	0	
4	 5	 4	 1	sample164	2029	4341	2056	87856	0	
4	 5	 4	 2	sample164	1316	3628	1286	97104	0	
4	 5	 4	 3	sample164	1210	3266	1284	106912	0	
4	 5	 4	 4	sample164	801	2599	772	79112	0	
4	 5	 4	 5	sample164	571	2113	514	61680	0	
4	 5	 4	 6	control	758	2300	770	32382	0	
4	 6	 1	 1	sample165	1171	3485	1028	120328	0	
4	 6	 1	 2	sample165	1767	3823	1800	180928	0	
4	 6	 1	 3	sample165	1470	3270	1542	117000	0	
4	 6	 1	 4	sample165	1311	3111	1284	70200	0	
4	 6	 1	 5	sample165	974	2774	1028	43200	0	
4	 6	 1	 6	control	604	2146	514	30840	0	
4	 6	 2	 1	sample166	618	2932	514	97188	0	
4	 6	 2	 2	sample166	617	2673	514	92520	0	
4	 6	 2	 3	sample166	970	2770	1028	81000	0	
4	 6	 2	 4	sample166	985	2527	1028	63222	0	
4	 6	 2	 5	sample166	614	2156	772	67848	0	
4	 6	 2	 6	control	1344	2886	1286	53970	0	
4	 6	 3	 1	sample167	730	3044	770	118014	0	
4	 6	 3	 2	sample167	444	2500	514	90464	0	
4	 6	 3	 3	sample167	592	2392	514	82800	0	
4	 6	 3	 4	sample167	637	2179	514	61680	0	
4	 6	 3	 5	sample167	392	1934	258	61680	0	
4	 6	 3	 6	control	251	1793	258	61680	0	
4	 6	 4	 1	sample168	826	2626	770	75600	0	
4	 6	 4	 2	sample168	500	2300	514	34200	0	
4	 6	 4	 3	sample168	667	2209	514	57054	0	
4	 6	 4	 4	sample168	444	1986	514	33924	0	
4	 6	 4	 5	sample168	251	1793	258	61680	0	
4	 6	 4	 6	control	523	2065	514	47802	0	
4	 7	 1	 1	sample169	1524	3836	1286	94792	0	
4	 7	 1	 2	sample169	1374	3430	1284	164480	0	
4	 7	 1	 3	sample169	1579	3377	1542	75516	0	
4	 7	 1	 4	sample169	1114	2912	1028	59334	0	
4	 7	 1	 5	sample169	1028	2826	1028	30566	0	
4	 7	 1	 6	control	258	2056	258	71920	0	
4	 7	 2	 1	sample170	1255	3825	1284	133640	0	
4	 7	 2	 2	sample170	2121	4433	2056	55488	0	
4	 7	 2	 3	sample170	1114	2912	1028	91698	0	
4	 7	 2	 4	sample170	1218	3016	1286	75516	0	
4	 7	 2	 5	sample170	1065	2607	1028	74016	0	
4	 7	 2	 6	control	1057	2855	1028	113274	0	
4	 7	 3	 1	sample171	1006	3062	1028	74016	0	
4	 7	 3	 2	sample171	539	2595	514	82240	0	
4	 7	 3	 3	sample171	624	2422	772	71920	0	
4	 7	 3	 4	sample171	687	2229	514	61680	0	
4	 7	 3	 5	sample171	578	2120	514	61680	0	
4	 7	 3	 6	control	200	1998	0	71920	0	
4	 7	 4	 1	sample172	675	2473	514	71920	0	
4	 7	 4	 2	sample172	580	2378	514	62930	0	
4	 7	 4	 3	sample172	431	2229	258	71920	0	
4	 7	 4	 4	sample172	462	2004	514	61680	0	
4	 7	 4	 5	sample172	754	2296	770	24672	0	
4	 7	 4	 6	control	513	2055	514	61680	0	
4	 8	 1	 1	sample173	2719	5031	2828	120224	0	
4	 8	 1	 2	sample173	2487	5057	2570	128500	0	
4	 8	 1	 3	sample173	3159	5215	2826	90464	0	
4	 8	 1	 4	sample173	3113	4911	2570	129456	0	
4	 8	 1	 5	sample173	1913	3711	1800	122264	0	
4	 8	 1	 6	control	385	1927	256	61680	0	
4	 8	 2	 1	sample174	816	3128	772	92480	0	
4	 8	 2	 2	sample174	1689	4001	1800	80920	0	
4	 8	 2	 3	sample174	1353	3151	1286	75516	0	
4	 8	 2	 4	sample174	1151	2949	1028	75516	0	
4	 8	 2	 5	sample174	873	2415	770	61680	0	
4	 8	 2	 6	control	2188	3730	2312	50886	0	
4	 8	 3	 1	sample175	804	2602	772	71920	0	
4	 8	 3	 2	sample175	232	2030	0	71920	0	
4	 8	 3	 3	sample175	219	2017	258	71920	0	
4	 8	 3	 4	sample175	263	1805	256	61680	0	
4	 8	 3	 5	sample175	444	1728	514	51360	0	
4	 8	 3	 6	control	341	1625	258	51360	0	
4	 8	 4	 1	sample176	648	2190	514	61680	0	
4	 8	 4	 2	sample176	706	2248	514	61680	0	
4	 8	 4	 3	sample176	558	2100	514	61680	0	
4	 8	 4	 4	sample176	520	2062	514	61680	0	
4	 8	 4	 5	sample176	495	1779	514	51360	0	
4	 8	 4	 6	control	695	1979	772	51360	0	
4	 9	 1	 1	sample177	1308	3108	1284	180000	0	
4	 9	 1	 2	sample177	1574	3116	1542	152658	0	
4	 9	 1	 3	sample177	1344	2886	1286	114108	0	
4	 9	 1	 4	sample177	1460	2746	1542	93878	0	
4	 9	 1	 5	sample177	1040	2326	1028	51440	0	
4	 9	 1	 6	control	321	1607	256	51440	0	
4	 9	 2	 1	sample178	1103	2903	1028	91800	0	
4	 9	 2	 2	sample178	1109	2651	772	74016	0	
4	 9	 2	 3	sample178	1519	3061	1542	67848	0	
4	 9	 2	 4	sample178	1387	2673	1284	51440	0	
4	 9	 2	 5	sample178	741	2027	770	56584	0	
4	 9	 2	 6	control	1718	3004	1542	41152	0	
4	 9	 3	 1	sample179	1122	2922	1028	82800	0	
4	 9	 3	 2	sample179	1376	2918	1286	104856	0	
4	 9	 3	 3	sample179	1004	2546	1028	47802	0	
4	 9	 3	 4	sample179	783	2069	770	51440	0	
4	 9	 3	 5	sample179	391	1677	256	51440	0	
4	 9	 3	 6	control	579	1607	772	16448	0	
4	 9	 4	 1	sample180	905	2447	772	74016	0	
4	 9	 4	 2	sample180	701	2243	772	61680	0	
4	 9	 4	 3	sample180	354	1896	258	61680	0	
4	 9	 4	 4	sample180	276	1562	256	33436	0	
4	 9	 4	 5	sample180	360	1388	258	41120	0	
4	 9	 4	 6	control	536	1564	514	37008	0	
4	 10	 1	 1	sample181	1680	3478	1542	77314	0	
4	 10	 1	 2	sample181	1529	3071	1542	61680	0	
4	 10	 1	 3	sample181	1413	2955	1284	61680	0	
4	 10	 1	 4	sample181	1221	2505	1286	51360	0	
4	 10	 1	 5	sample181	751	2293	514	61680	0	
4	 10	 1	 6	control	430	1972	256	61680	0	
4	 10	 2	 1	sample182	1684	3482	1800	71920	0	
4	 10	 2	 2	sample182	2032	3574	2312	117192	0	
4	 10	 2	 3	sample182	1766	3308	2056	123360	0	
4	 10	 2	 4	sample182	1575	2859	1542	101436	0	
4	 10	 2	 5	sample182	1463	2747	1286	57780	0	
4	 10	 2	 6	control	2187	3729	2056	69390	0	
4	 10	 3	 1	sample183	1109	2907	1028	91698	0	
4	 10	 3	 2	sample183	771	2313	770	61680	0	
4	 10	 3	 3	sample183	899	2441	1028	43176	0	
4	 10	 3	 4	sample183	931	2215	772	37236	0	
4	 10	 3	 5	sample183	585	1869	514	51360	0	
4	 10	 3	 6	control	218	1760	256	61680	0	
4	 10	 4	 1	sample184	782	2324	770	67848	0	
4	 10	 4	 2	sample184	424	1966	514	61680	0	
4	 10	 4	 3	sample184	943	2227	772	30816	0	
4	 10	 4	 4	sample184	534	1818	514	51360	0	
4	 10	 4	 5	sample184	450	1734	514	51360	0	
4	 10	 4	 6	control	643	1927	514	51360	0	
4	 11	 1	 1	sample185	2174	3458	2056	146376	0	
4	 11	 1	 2	sample185	2830	4372	2826	121818	0	
4	 11	 1	 3	sample185	2712	3996	2828	79608	0	
4	 11	 1	 4	sample185	1810	3352	2056	100230	0	
4	 11	 1	 5	sample185	1606	3148	1542	67848	0	
4	 11	 1	 6	control	200	1998	0	71920	0	
4	 11	 2	 1	sample186	1542	3084	1542	50886	0	
4	 11	 2	 2	sample186	1079	2621	1028	152658	0	
4	 11	 2	 3	sample186	1738	3022	1800	86028	0	
4	 11	 2	 4	sample186	1648	2932	1800	65484	0	
4	 11	 2	 5	sample186	1416	2958	1284	57054	0	
4	 11	 2	 6	control	2538	4594	2570	135696	0	
4	 11	 3	 1	sample187	1588	3386	1542	91698	0	
4	 11	 3	 2	sample187	1715	3257	1798	137238	0	
4	 11	 3	 3	sample187	1269	2553	1028	123264	0	
4	 11	 3	 4	sample187	1612	2896	1542	47508	0	
4	 11	 3	 5	sample187	1623	3165	1542	87894	0	
4	 11	 3	 6	control	367	2165	258	71920	0	
4	 11	 4	 1	sample188	765	2049	772	50076	0	
4	 11	 4	 2	sample188	688	1972	514	51360	0	
4	 11	 4	 3	sample188	639	1667	770	42148	0	
4	 11	 4	 4	sample188	341	1625	258	51360	0	
4	 11	 4	 5	sample188	752	2036	772	51360	0	
4	 11	 4	 6	control	1542	3340	1542	50344	0	
4	 12	 1	 1	sample189	2489	4545	1798	32896	0	
4	 12	 1	 2	sample189	1848	3646	1800	37758	0	
4	 12	 1	 3	sample189	1426	3224	1286	75516	0	
4	 12	 1	 4	sample189	1551	3093	1028	41634	0	
4	 12	 1	 5	sample189	912	2454	770	61680	0	
4	 12	 1	 6	control	547	2345	258	71920	0	
4	 12	 2	 1	sample190	2950	5520	2570	310970	0	
4	 12	 2	 2	sample190	3420	5732	3342	143344	0	
4	 12	 2	 3	sample190	3901	5957	4368	170648	0	
4	 12	 2	 4	sample190	2752	4550	3084	140244	0	
4	 12	 2	 5	sample190	2666	4208	2570	61680	0	
4	 12	 2	 6	control	2523	4321	2570	116870	0	
4	 12	 3	 1	sample191	1222	3792	1284	115650	0	
4	 12	 3	 2	sample191	2068	4124	2056	86352	0	
4	 12	 3	 3	sample191	1949	3747	2056	111476	0	
4	 12	 3	 4	sample191	1658	3456	1800	55738	0	
4	 12	 3	 5	sample191	4990	6532	3598	37008	0	
4	 12	 3	 6	control	527	2325	514	71920	0	
4	 12	 4	 1	sample192	2183	4495	2056	154904	0	
4	 12	 4	 2	sample192	2126	3924	2056	46748	0	
4	 12	 4	 3	sample192	1765	3563	1800	39556	0	
4	 12	 4	 4	sample192	1051	2849	1028	80910	0	
4	 12	 4	 5	sample192	1098	2640	1028	61680	0	
4	 12	 4	 6	control	1254	3052	1028	73718	0	
