MicroVigene	 Version	 2650
Culture	en-US
8/16/2006 10:18:02 AM
Roi Row	 4	 Roi Col	 12	 Main Row	 4	 Main Col	 6	 Sub Row	 1	 Sub Col	 1
Main Row	 Main Col	 Sub Row	 Sub Col	  GeneID	mean_net	 mean_total	 median_net	 vol_bkg	 vol_dust	 
1	 1	 1	 1	sample1	5665	8749	5912	228216	0	
1	 1	 1	 2	sample1	6027	8855	6424	231896	0	
1	 1	 1	 3	sample1	4321	7149	4626	200788	0	
1	 1	 1	 4	sample1	2717	5287	2570	215880	0	
1	 1	 1	 5	sample1	2004	4318	1798	150410	0	
1	 1	 1	 6	control	693	3007	256	92560	0	
1	 1	 2	 1	sample2	5176	8004	5140	200788	0	
1	 1	 2	 2	sample2	7898	10468	8224	179900	0	
1	 1	 2	 3	sample2	6578	9148	7196	177330	0	
1	 1	 2	 4	sample2	4018	6332	4368	178178	0	
1	 1	 2	 5	sample2	4499	6555	4626	207656	0	
1	 1	 2	 6	control	6821	8877	7454	133640	0	
1	 1	 3	 1	sample3	9270	11840	10024	190180	0	
1	 1	 3	 2	sample3	8221	10791	8996	185040	0	
1	 1	 3	 3	sample3	6857	9171	7196	145782	0	
1	 1	 3	 4	sample3	4630	6686	4626	131584	0	
1	 1	 3	 5	sample3	2630	4686	2314	176816	0	
1	 1	 3	 6	control	836	2892	514	82240	0	
1	 1	 4	 1	sample4	9005	11575	11308	205600	0	
1	 1	 4	 2	sample4	7751	10065	8480	199004	0	
1	 1	 4	 3	sample4	6172	8228	6682	152144	0	
1	 1	 4	 4	sample4	3758	5814	3598	145976	0	
1	 1	 4	 5	sample4	2309	4109	2312	122400	0	
1	 1	 4	 6	control	3726	5526	3854	104400	0	
1	 2	 1	 1	sample5	8725	11039	8224	187434	0	
1	 2	 1	 2	sample5	8213	10527	8480	178178	0	
1	 2	 1	 3	sample5	5914	8228	6168	180492	0	
1	 2	 1	 4	sample5	4489	6803	5140	187434	0	
1	 2	 1	 5	sample5	3233	5547	3598	166608	0	
1	 2	 1	 6	control	758	3072	514	92560	0	
1	 2	 2	 1	sample6	8035	10349	8738	157352	0	
1	 2	 2	 2	sample6	7399	9455	7968	156256	0	
1	 2	 2	 3	sample6	7181	9495	7452	166608	0	
1	 2	 2	 4	sample6	6260	8574	6682	166608	0	
1	 2	 2	 5	sample6	4738	6794	4370	152144	0	
1	 2	 2	 6	control	7330	9386	7710	150088	0	
1	 2	 3	 1	sample7	7182	9238	7968	150088	0	
1	 2	 3	 2	sample7	7174	9230	7968	143920	0	
1	 2	 3	 3	sample7	5974	8030	5912	127472	0	
1	 2	 3	 4	sample7	4231	6287	4112	137752	0	
1	 2	 3	 5	sample7	2648	4448	3084	135000	0	
1	 2	 3	 6	control	469	2525	258	82240	0	
1	 2	 4	 1	sample8	6832	8632	7452	135000	0	
1	 2	 4	 2	sample8	3773	5829	4112	154200	0	
1	 2	 4	 3	sample8	5068	7124	5140	160368	0	
1	 2	 4	 4	sample8	2470	4526	2828	141864	0	
1	 2	 4	 5	sample8	2123	3923	2312	129600	0	
1	 2	 4	 6	control	4931	6731	5396	113400	0	
1	 3	 1	 1	sample9	9181	11751	10022	169620	0	
1	 3	 1	 2	sample9	8851	11421	8994	174760	0	
1	 3	 1	 3	sample9	6821	9391	7196	174760	0	
1	 3	 1	 4	sample9	4471	7041	4626	167050	0	
1	 3	 1	 5	sample9	2634	5204	2826	154200	0	
1	 3	 1	 6	control	282	2852	256	102800	0	
1	 3	 2	 1	sample10	5452	7764	6168	141032	0	
1	 3	 2	 2	sample10	6957	9269	8224	134096	0	
1	 3	 2	 3	sample10	5895	8207	6168	145656	0	
1	 3	 2	 4	sample10	3649	5961	3598	141032	0	
1	 3	 2	 5	sample10	2410	4722	2828	147968	0	
1	 3	 2	 6	control	6948	9260	7710	138720	0	
1	 3	 3	 1	sample11	6865	9177	7968	143344	0	
1	 3	 3	 2	sample11	5987	8299	6426	134096	0	
1	 3	 3	 3	sample11	4558	6870	4112	138720	0	
1	 3	 3	 4	sample11	2349	4661	2314	134096	0	
1	 3	 3	 5	sample11	1402	3714	1286	173400	0	
1	 3	 3	 6	control	264	2576	258	92480	0	
1	 3	 4	 1	sample12	8033	10345	8482	145656	0	
1	 3	 4	 2	sample12	5767	8079	6168	147968	0	
1	 3	 4	 3	sample12	6758	9070	7454	141032	0	
1	 3	 4	 4	sample12	3628	5940	3598	141032	0	
1	 3	 4	 5	sample12	1813	4125	1800	131784	0	
1	 3	 4	 6	control	4678	6990	5140	115600	0	
1	 4	 1	 1	sample13	9101	11671	9252	197890	0	
1	 4	 1	 2	sample13	8984	11554	9252	195320	0	
1	 4	 1	 3	sample13	5803	8373	5910	190180	0	
1	 4	 1	 4	sample13	3845	6157	3856	171088	0	
1	 4	 1	 5	sample13	2530	4842	2570	159528	0	
1	 4	 1	 6	control	372	2942	256	102800	0	
1	 4	 2	 1	sample14	6928	9498	7196	187610	0	
1	 4	 2	 2	sample14	6460	9030	6682	185040	0	
1	 4	 2	 3	sample14	5609	8179	5910	177330	0	
1	 4	 2	 4	sample14	4227	6539	4370	166464	0	
1	 4	 2	 5	sample14	2438	5008	2570	200460	0	
1	 4	 2	 6	control	6626	8938	7968	157216	0	
1	 4	 3	 1	sample15	5726	8038	5654	157216	0	
1	 4	 3	 2	sample15	3588	5900	3598	166464	0	
1	 4	 3	 3	sample15	3034	5346	3342	164152	0	
1	 4	 3	 4	sample15	1666	3978	1800	182648	0	
1	 4	 3	 5	sample15	1759	4071	1800	117912	0	
1	 4	 3	 6	control	765	3077	514	92480	0	
1	 4	 4	 1	sample16	5730	8042	5654	173400	0	
1	 4	 4	 2	sample16	3641	5953	3856	154904	0	
1	 4	 4	 3	sample16	4113	6425	4112	159528	0	
1	 4	 4	 4	sample16	1908	4220	1542	191896	0	
1	 4	 4	 5	sample16	1999	4311	2056	92480	0	
1	 4	 4	 6	control	3883	6195	4112	131784	0	
1	 5	 1	 1	sample17	8849	11419	9252	195320	0	
1	 5	 1	 2	sample17	7644	10214	7966	210740	0	
1	 5	 1	 3	sample17	5396	7966	5910	203030	0	
1	 5	 1	 4	sample17	4195	6765	4112	213310	0	
1	 5	 1	 5	sample17	2046	4616	2056	205600	0	
1	 5	 1	 6	control	514	3084	514	102800	0	
1	 5	 2	 1	sample18	4372	6942	4882	167050	0	
1	 5	 2	 2	sample18	5242	7812	4882	179900	0	
1	 5	 2	 3	sample18	4396	6966	4112	192750	0	
1	 5	 2	 4	sample18	2420	4732	2314	173400	0	
1	 5	 2	 5	sample18	1914	4484	1798	102800	0	
1	 5	 2	 6	control	7084	9654	7452	172190	0	
1	 5	 3	 1	sample19	10525	13095	11564	174760	0	
1	 5	 3	 2	sample19	7791	10361	7966	195320	0	
1	 5	 3	 3	sample19	7293	9605	7968	147968	0	
1	 5	 3	 4	sample19	4086	6398	3856	180336	0	
1	 5	 3	 5	sample19	3149	5461	3084	184960	0	
1	 5	 3	 6	control	309	2621	258	92480	0	
1	 5	 4	 1	sample20	7144	9456	6682	171088	0	
1	 5	 4	 2	sample20	4851	7163	4626	166464	0	
1	 5	 4	 3	sample20	4156	6726	3854	192750	0	
1	 5	 4	 4	sample20	1910	4480	1542	195320	0	
1	 5	 4	 5	sample20	1382	3952	1028	257000	0	
1	 5	 4	 6	control	2870	5182	3084	180336	0	
1	 6	 1	 1	sample21	7261	9831	7452	203030	0	
1	 6	 1	 2	sample21	8605	11431	7454	228906	0	
1	 6	 1	 3	sample21	4627	7453	4370	214776	0	
1	 6	 1	 4	sample21	2827	5397	3084	208170	0	
1	 6	 1	 5	sample21	1848	4418	1798	197890	0	
1	 6	 1	 6	control	533	3103	514	102800	0	
1	 6	 2	 1	sample22	7510	10080	7710	182470	0	
1	 6	 2	 2	sample22	9224	12050	8996	228906	0	
1	 6	 2	 3	sample22	8615	11441	9252	211950	0	
1	 6	 2	 4	sample22	5942	8512	5396	208170	0	
1	 6	 2	 5	sample22	4354	6666	4112	187272	0	
1	 6	 2	 6	control	6194	8764	7196	172190	0	
1	 6	 3	 1	sample23	4576	7146	4626	187610	0	
1	 6	 3	 2	sample23	4291	6861	4112	213310	0	
1	 6	 3	 3	sample23	2698	5268	2570	179900	0	
1	 6	 3	 4	sample23	1990	4302	1800	161840	0	
1	 6	 3	 5	sample23	992	3562	770	131070	0	
1	 6	 3	 6	control	418	2730	514	92480	0	
1	 6	 4	 1	sample24	7229	9799	6938	197890	0	
1	 6	 4	 2	sample24	4550	7120	4626	174760	0	
1	 6	 4	 3	sample24	4449	7019	4626	187610	0	
1	 6	 4	 4	sample24	2118	4430	2056	184960	0	
1	 6	 4	 5	sample24	1521	4091	1542	125930	0	
1	 6	 4	 6	control	4168	6738	4626	164480	0	
1	 7	 1	 1	sample25	7155	9211	7196	277560	0	
1	 7	 1	 2	sample25	7906	9962	7968	164480	0	
1	 7	 1	 3	sample25	5346	7402	5398	164480	0	
1	 7	 1	 4	sample25	3345	5401	3598	152144	0	
1	 7	 1	 5	sample25	2533	4333	2312	138600	0	
1	 7	 1	 6	control	495	2551	258	82240	0	
1	 7	 2	 1	sample26	6863	8663	6938	127800	0	
1	 7	 2	 2	sample26	6638	8438	6938	158400	0	
1	 7	 2	 3	sample26	6391	8191	6682	136800	0	
1	 7	 2	 4	sample26	3834	5634	3598	136800	0	
1	 7	 2	 5	sample26	2724	4524	2826	144000	0	
1	 7	 2	 6	control	7081	8881	6938	129600	0	
1	 7	 3	 1	sample27	2800	4600	3084	140400	0	
1	 7	 3	 2	sample27	2361	4161	2570	115200	0	
1	 7	 3	 3	sample27	2020	3562	2056	75558	0	
1	 7	 3	 4	sample27	1279	2821	1028	61680	0	
1	 7	 3	 5	sample27	1162	2704	1028	77100	0	
1	 7	 3	 6	control	553	2095	258	61680	0	
1	 7	 4	 1	sample28	5228	6770	4884	121818	0	
1	 7	 4	 2	sample28	3435	4977	3598	118734	0	
1	 7	 4	 3	sample28	3168	4454	3084	101594	0	
1	 7	 4	 4	sample28	2073	3359	2312	92592	0	
1	 7	 4	 5	sample28	1247	2533	1028	96450	0	
1	 7	 4	 6	control	3047	4333	3084	81018	0	
1	 8	 1	 1	sample29	11928	14498	11822	200460	0	
1	 8	 1	 2	sample29	12807	15635	14648	206444	0	
1	 8	 1	 3	sample29	8656	11484	8994	214928	0	
1	 8	 1	 4	sample29	5364	8192	4882	223412	0	
1	 8	 1	 5	sample29	4052	6880	3598	206444	0	
1	 8	 1	 6	control	391	3219	256	113120	0	
1	 8	 2	 1	sample30	5104	7418	5654	152724	0	
1	 8	 2	 2	sample30	5908	8478	6168	164480	0	
1	 8	 2	 3	sample30	5968	8282	6424	166608	0	
1	 8	 2	 4	sample30	3720	6290	3856	190180	0	
1	 8	 2	 5	sample30	2478	5048	2314	192750	0	
1	 8	 2	 6	control	7555	10125	8738	169620	0	
1	 8	 3	 1	sample31	7529	9585	8224	133640	0	
1	 8	 3	 2	sample31	5605	7919	5654	159666	0	
1	 8	 3	 3	sample31	3508	5822	3340	145782	0	
1	 8	 3	 4	sample31	3203	5259	2828	133640	0	
1	 8	 3	 5	sample31	1303	3617	1284	254540	0	
1	 8	 3	 6	control	411	2725	256	92560	0	
1	 8	 4	 1	sample32	7252	9052	6938	131400	0	
1	 8	 4	 2	sample32	4369	6425	4626	135696	0	
1	 8	 4	 3	sample32	4640	6696	5140	152144	0	
1	 8	 4	 4	sample32	2554	4610	2570	129528	0	
1	 8	 4	 5	sample32	1520	3576	1286	137752	0	
1	 8	 4	 6	control	4428	6484	4626	108968	0	
1	 9	 1	 1	sample33	11871	14441	12592	197890	0	
1	 9	 1	 2	sample33	11164	13734	11308	197890	0	
1	 9	 1	 3	sample33	6777	9347	6682	192750	0	
1	 9	 1	 4	sample33	6421	8991	6424	187610	0	
1	 9	 1	 5	sample33	3763	6333	3854	179900	0	
1	 9	 1	 6	control	738	3308	514	102800	0	
1	 9	 2	 1	sample34	5974	8286	6682	152592	0	
1	 9	 2	 2	sample34	7014	9584	7196	174760	0	
1	 9	 2	 3	sample34	6904	9216	7196	168776	0	
1	 9	 2	 4	sample34	4729	7041	4626	180336	0	
1	 9	 2	 5	sample34	4468	6780	4626	157216	0	
1	 9	 2	 6	control	7714	10026	8482	164152	0	
1	 9	 3	 1	sample35	6503	8815	6682	161840	0	
1	 9	 3	 2	sample35	3637	5949	3342	152592	0	
1	 9	 3	 3	sample35	2858	5170	3084	134096	0	
1	 9	 3	 4	sample35	2079	4391	2056	106352	0	
1	 9	 3	 5	sample35	2228	4284	2312	100744	0	
1	 9	 3	 6	control	828	2884	770	82240	0	
1	 9	 4	 1	sample36	7012	9068	7452	150088	0	
1	 9	 4	 2	sample36	6185	8241	6424	123360	0	
1	 9	 4	 3	sample36	6042	8098	5910	164480	0	
1	 9	 4	 4	sample36	3441	5497	3598	141864	0	
1	 9	 4	 5	sample36	2415	4471	2570	133640	0	
1	 9	 4	 6	control	4331	6387	4626	127472	0	
1	 10	 1	 1	sample37	8892	12748	9252	289200	0	
1	 10	 1	 2	sample37	8590	12446	8480	308480	0	
1	 10	 1	 3	sample37	6368	10224	6682	262208	0	
1	 10	 1	 4	sample37	3730	7586	4112	254496	0	
1	 10	 1	 5	sample37	2591	6447	2570	281488	0	
1	 10	 1	 6	control	552	4408	256	154240	0	
1	 10	 2	 1	sample38	6414	10270	6938	277632	0	
1	 10	 2	 2	sample38	5975	9831	6168	277632	0	
1	 10	 2	 3	sample38	5757	9355	4884	262654	0	
1	 10	 2	 4	sample38	4091	7689	4112	255458	0	
1	 10	 2	 5	sample38	2925	6523	2828	266252	0	
1	 10	 2	 6	control	6897	10495	7968	219478	0	
1	 10	 3	 1	sample39	14176	17774	16448	251860	0	
1	 10	 3	 2	sample39	10363	14219	11308	273776	0	
1	 10	 3	 3	sample39	6985	10583	6940	284242	0	
1	 10	 3	 4	sample39	2398	5996	2570	251860	0	
1	 10	 3	 5	sample39	2307	5905	2314	287840	0	
1	 10	 3	 6	control	727	4325	514	143920	0	
1	 10	 4	 1	sample40	4997	8595	5654	244664	0	
1	 10	 4	 2	sample40	4493	8091	4626	255458	0	
1	 10	 4	 3	sample40	7025	10623	7196	280644	0	
1	 10	 4	 4	sample40	2065	5663	1800	219478	0	
1	 10	 4	 5	sample40	1841	5439	1800	176302	0	
1	 10	 4	 6	control	3716	7314	4112	205086	0	
1	 11	 1	 1	sample41	8214	11042	8738	223412	0	
1	 11	 1	 2	sample41	7783	10867	7968	252888	0	
1	 11	 1	 3	sample41	3983	7067	4112	317652	0	
1	 11	 1	 4	sample41	4005	7089	4112	222048	0	
1	 11	 1	 5	sample41	2342	5426	2314	277560	0	
1	 11	 1	 6	control	1068	4152	1028	80184	0	
1	 11	 2	 1	sample42	7222	10050	7452	214928	0	
1	 11	 2	 2	sample42	7281	10365	7710	271392	0	
1	 11	 2	 3	sample42	6358	9442	5912	292980	0	
1	 11	 2	 4	sample42	6821	9905	6168	234384	0	
1	 11	 2	 5	sample42	3966	7050	3856	215880	0	
1	 11	 2	 6	control	8359	11187	10022	197960	0	
1	 11	 3	 1	sample43	8357	11185	10022	212100	0	
1	 11	 3	 2	sample43	8209	11037	8224	197960	0	
1	 11	 3	 3	sample43	5963	8791	6424	180992	0	
1	 11	 3	 4	sample43	3863	6691	3854	178164	0	
1	 11	 3	 5	sample43	3489	6317	3340	200788	0	
1	 11	 3	 6	control	655	3483	770	113120	0	
1	 11	 4	 1	sample44	11039	13609	13108	208170	0	
1	 11	 4	 2	sample44	9197	12025	10022	212100	0	
1	 11	 4	 3	sample44	7174	10002	8480	203616	0	
1	 11	 4	 4	sample44	5344	8172	4882	209272	0	
1	 11	 4	 5	sample44	3674	6244	3342	182470	0	
1	 11	 4	 6	control	4494	7064	4370	159340	0	
1	 12	 1	 1	sample45	8509	11079	8738	164480	0	
1	 12	 1	 2	sample45	7966	10536	8994	179900	0	
1	 12	 1	 3	sample45	4929	7499	4626	200460	0	
1	 12	 1	 4	sample45	3586	6156	3598	169620	0	
1	 12	 1	 5	sample45	2094	4664	2056	154200	0	
1	 12	 1	 6	control	1005	3831	1028	62172	0	
1	 12	 2	 1	sample46	6250	9076	5912	53694	0	
1	 12	 2	 2	sample46	4853	7423	5140	136210	0	
1	 12	 2	 3	sample46	5101	7671	5654	169620	0	
1	 12	 2	 4	sample46	3493	6063	3340	177330	0	
1	 12	 2	 5	sample46	2252	4822	2312	164480	0	
1	 12	 2	 6	control	6177	8747	6682	136210	0	
1	 12	 3	 1	sample47	4648	6960	4112	305184	0	
1	 12	 3	 2	sample47	4347	6659	4884	134096	0	
1	 12	 3	 3	sample47	3815	6127	3856	145656	0	
1	 12	 3	 4	sample47	1808	4120	1542	141032	0	
1	 12	 3	 5	sample47	1615	3927	1542	138720	0	
1	 12	 3	 6	control	398	2968	256	102800	0	
1	 12	 4	 1	sample48	5283	7339	5140	125416	0	
1	 12	 4	 2	sample48	3858	5914	3598	139808	0	
1	 12	 4	 3	sample48	6653	8709	6168	127472	0	
1	 12	 4	 4	sample48	3133	5189	3340	117192	0	
1	 12	 4	 5	sample48	1387	3699	1286	141032	0	
1	 12	 4	 6	control	3871	6183	3856	117912	0	
2	 1	 1	 1	sample49	9055	11881	9510	231732	0	
2	 1	 1	 2	sample49	7918	10744	8482	234558	0	
2	 1	 1	 3	sample49	7059	9629	7196	213310	0	
2	 1	 1	 4	sample49	3973	6543	3854	272420	0	
2	 1	 1	 5	sample49	3169	5739	3084	192750	0	
2	 1	 1	 6	control	263	2833	256	102800	0	
2	 1	 2	 1	sample50	8503	11329	8738	200646	0	
2	 1	 2	 2	sample50	9931	12757	10538	220428	0	
2	 1	 2	 3	sample50	9347	11917	10022	221020	0	
2	 1	 2	 4	sample50	6617	9187	6682	226160	0	
2	 1	 2	 5	sample50	5409	7979	5140	215880	0	
2	 1	 2	 6	control	5653	8223	4112	295550	0	
2	 1	 3	 1	sample51	6627	9453	7454	183690	0	
2	 1	 3	 2	sample51	7268	9838	6938	190180	0	
2	 1	 3	 3	sample51	5278	7848	4626	190180	0	
2	 1	 3	 4	sample51	3486	5798	3598	164152	0	
2	 1	 3	 5	sample51	2718	5030	2570	189584	0	
2	 1	 3	 6	control	605	2917	772	92480	0	
2	 1	 4	 1	sample52	7305	9875	7966	192750	0	
2	 1	 4	 2	sample52	5490	7802	5654	173400	0	
2	 1	 4	 3	sample52	3921	6233	3598	182648	0	
2	 1	 4	 4	sample52	2054	4366	1800	217328	0	
2	 1	 4	 5	sample52	1725	4037	1542	120224	0	
2	 1	 4	 6	control	5646	7958	5398	136408	0	
2	 2	 1	 1	sample53	7103	9931	8480	203616	0	
2	 2	 1	 2	sample53	5480	8308	5910	200788	0	
2	 2	 1	 3	sample53	4759	7587	4882	200788	0	
2	 2	 1	 4	sample53	3020	5848	3084	195132	0	
2	 2	 1	 5	sample53	2344	5172	2570	161196	0	
2	 2	 1	 6	control	507	3335	256	113120	0	
2	 2	 2	 1	sample54	7240	10068	7966	178164	0	
2	 2	 2	 2	sample54	6893	9721	7196	192304	0	
2	 2	 2	 3	sample54	6081	8909	6168	192304	0	
2	 2	 2	 4	sample54	4390	7218	4368	200788	0	
2	 2	 2	 5	sample54	3208	6036	3084	197960	0	
2	 2	 2	 6	control	6401	9229	7452	186648	0	
2	 2	 3	 1	sample55	9230	12058	10280	169680	0	
2	 2	 3	 2	sample55	8649	11477	9252	172508	0	
2	 2	 3	 3	sample55	5334	8162	5910	164024	0	
2	 2	 3	 4	sample55	3200	6028	3084	149884	0	
2	 2	 3	 5	sample55	1571	4399	1284	274316	0	
2	 2	 3	 6	control	308	3136	256	113120	0	
2	 2	 4	 1	sample56	9112	11940	9508	197960	0	
2	 2	 4	 2	sample56	10475	13303	10536	189476	0	
2	 2	 4	 3	sample56	6803	9631	6168	197960	0	
2	 2	 4	 4	sample56	4640	7468	4368	192304	0	
2	 2	 4	 5	sample56	2044	4872	1798	183820	0	
2	 2	 4	 6	control	4723	7551	4626	186648	0	
2	 3	 1	 1	sample57	10424	13508	11822	243636	0	
2	 3	 1	 2	sample57	9714	12798	10280	274476	0	
2	 3	 1	 3	sample57	8710	11794	8996	249804	0	
2	 3	 1	 4	sample57	5669	8497	5396	234724	0	
2	 3	 1	 5	sample57	4171	6999	4368	206444	0	
2	 3	 1	 6	control	481	3309	514	113120	0	
2	 3	 2	 1	sample58	5045	8129	5140	240552	0	
2	 3	 2	 2	sample58	6299	9383	5912	225132	0	
2	 3	 2	 3	sample58	5538	8622	5398	231300	0	
2	 3	 2	 4	sample58	3624	6708	3856	246720	0	
2	 3	 2	 5	sample58	2441	5269	2570	231896	0	
2	 3	 2	 6	control	8016	10844	7710	203616	0	
2	 3	 3	 1	sample59	12425	15509	14392	249804	0	
2	 3	 3	 2	sample59	11506	14590	12594	212796	0	
2	 3	 3	 3	sample59	7345	10429	7710	197376	0	
2	 3	 3	 4	sample59	4539	7623	4112	271392	0	
2	 3	 3	 5	sample59	4253	7081	4368	220584	0	
2	 3	 3	 6	control	359	3187	256	113120	0	
2	 3	 4	 1	sample60	7232	10060	7452	200788	0	
2	 3	 4	 2	sample60	3974	6802	4112	200788	0	
2	 3	 4	 3	sample60	4407	7235	4626	209272	0	
2	 3	 4	 4	sample60	2700	5528	2570	223412	0	
2	 3	 4	 5	sample60	1695	4523	1542	132916	0	
2	 3	 4	 6	control	3357	6185	3340	178164	0	
2	 4	 1	 1	sample61	6518	8574	6938	152144	0	
2	 4	 1	 2	sample61	6535	8591	6682	148032	0	
2	 4	 1	 3	sample61	5236	7292	5654	141864	0	
2	 4	 1	 4	sample61	3066	5122	2826	148032	0	
2	 4	 1	 5	sample61	1962	4018	2056	84296	0	
2	 4	 1	 6	control	449	2505	514	82240	0	
2	 4	 2	 1	sample62	5219	7275	5140	133640	0	
2	 4	 2	 2	sample62	4878	6934	4882	127472	0	
2	 4	 2	 3	sample62	3698	5754	3854	141864	0	
2	 4	 2	 4	sample62	2514	4570	2570	141864	0	
2	 4	 2	 5	sample62	2072	4128	2056	96632	0	
2	 4	 2	 6	control	7015	9071	7710	137752	0	
2	 4	 3	 1	sample63	8480	10536	8738	119248	0	
2	 4	 3	 2	sample63	6833	8889	6424	125416	0	
2	 4	 3	 3	sample63	4020	6076	3854	121304	0	
2	 4	 3	 4	sample63	2780	4836	2826	125416	0	
2	 4	 3	 5	sample63	1921	3977	1798	94576	0	
2	 4	 3	 6	control	449	2505	514	82240	0	
2	 4	 4	 1	sample64	6070	8126	6682	135696	0	
2	 4	 4	 2	sample64	4086	6142	4112	145976	0	
2	 4	 4	 3	sample64	2854	4910	2570	135696	0	
2	 4	 4	 4	sample64	1906	3962	2056	102800	0	
2	 4	 4	 5	sample64	1189	3245	1284	94576	0	
2	 4	 4	 6	control	4170	6226	4626	117192	0	
2	 5	 1	 1	sample65	9290	12630	9252	273880	0	
2	 5	 1	 2	sample65	9301	12641	9252	247160	0	
2	 5	 1	 3	sample65	7369	10709	7454	253840	0	
2	 5	 1	 4	sample65	4063	7403	3856	260520	0	
2	 5	 1	 5	sample65	2682	6022	2828	253840	0	
2	 5	 1	 6	control	701	4041	514	133600	0	
2	 5	 2	 1	sample66	5161	8245	5140	215880	0	
2	 5	 2	 2	sample66	5621	8705	5140	222048	0	
2	 5	 2	 3	sample66	4605	7945	4370	237140	0	
2	 5	 2	 4	sample66	3368	6452	3340	231300	0	
2	 5	 2	 5	sample66	2352	5436	2312	243636	0	
2	 5	 2	 6	control	6217	9301	6682	206628	0	
2	 5	 3	 1	sample67	9231	12571	10280	240480	0	
2	 5	 3	 2	sample67	8004	11344	8738	237140	0	
2	 5	 3	 3	sample67	5584	8668	5140	206628	0	
2	 5	 3	 4	sample67	3057	6141	3084	237468	0	
2	 5	 3	 5	sample67	2461	5545	2570	160368	0	
2	 5	 3	 6	control	610	3694	256	123360	0	
2	 5	 4	 1	sample68	13348	16432	14906	209712	0	
2	 5	 4	 2	sample68	9111	12195	8994	203544	0	
2	 5	 4	 3	sample68	9598	12682	10022	212796	0	
2	 5	 4	 4	sample68	7821	10905	6938	212796	0	
2	 5	 4	 5	sample68	4857	7941	4626	222048	0	
2	 5	 4	 6	control	3569	6653	4112	191208	0	
2	 6	 1	 1	sample69	9174	12258	8996	231300	0	
2	 6	 1	 2	sample69	8082	11166	8224	228216	0	
2	 6	 1	 3	sample69	7385	10469	8224	231300	0	
2	 6	 1	 4	sample69	4863	7947	4884	237468	0	
2	 6	 1	 5	sample69	3058	6142	2828	237468	0	
2	 6	 1	 6	control	701	3785	514	123360	0	
2	 6	 2	 1	sample70	5384	8212	5396	180992	0	
2	 6	 2	 2	sample70	4832	7660	4626	229068	0	
2	 6	 2	 3	sample70	4757	7841	4370	212796	0	
2	 6	 2	 4	sample70	3358	6186	3084	209272	0	
2	 6	 2	 5	sample70	2406	5490	2314	222048	0	
2	 6	 2	 6	control	6463	9547	7454	209712	0	
2	 6	 3	 1	sample71	5798	8626	5654	186648	0	
2	 6	 3	 2	sample71	4056	6884	3854	183820	0	
2	 6	 3	 3	sample71	3282	6110	3084	197960	0	
2	 6	 3	 4	sample71	1422	4506	1542	237468	0	
2	 6	 3	 5	sample71	1536	4364	1542	132916	0	
2	 6	 3	 6	control	437	3521	258	123360	0	
2	 6	 4	 1	sample72	11939	14767	12078	234724	0	
2	 6	 4	 2	sample72	6639	9467	6938	206444	0	
2	 6	 4	 3	sample72	6190	9274	6426	218964	0	
2	 6	 4	 4	sample72	4789	7873	4626	200460	0	
2	 6	 4	 5	sample72	2964	6048	2828	209712	0	
2	 6	 4	 6	control	4761	7589	4626	161196	0	
2	 7	 1	 1	sample73	7187	9757	6682	197890	0	
2	 7	 1	 2	sample73	6002	8830	6424	214928	0	
2	 7	 1	 3	sample73	5443	8013	5398	187610	0	
2	 7	 1	 4	sample73	3265	5579	3340	173550	0	
2	 7	 1	 5	sample73	2020	4334	2056	182806	0	
2	 7	 1	 6	control	623	2937	514	92560	0	
2	 7	 2	 1	sample74	5948	8518	6426	161910	0	
2	 7	 2	 2	sample74	6483	9053	6426	182470	0	
2	 7	 2	 3	sample74	6666	9236	6682	203030	0	
2	 7	 2	 4	sample74	4214	6528	4882	173550	0	
2	 7	 2	 5	sample74	2582	4896	2570	185120	0	
2	 7	 2	 6	control	6329	8643	6682	187434	0	
2	 7	 3	 1	sample75	1093	3663	1028	51400	0	
2	 7	 3	 2	sample75	841	3411	772	95090	0	
2	 7	 3	 3	sample75	1662	3976	1798	152724	0	
2	 7	 3	 4	sample75	1240	3554	1284	106444	0	
2	 7	 3	 5	sample75	1016	3330	1028	104130	0	
2	 7	 3	 6	control	469	2783	514	92560	0	
2	 7	 4	 1	sample76	8661	11231	9510	179900	0	
2	 7	 4	 2	sample76	6557	8871	7196	157352	0	
2	 7	 4	 3	sample76	5324	7638	5654	173550	0	
2	 7	 4	 4	sample76	2945	5259	3084	171236	0	
2	 7	 4	 5	sample76	1599	3913	1542	164294	0	
2	 7	 4	 6	control	4993	7307	4882	129584	0	
2	 8	 1	 1	sample77	8425	10995	8224	203030	0	
2	 8	 1	 2	sample77	9106	11676	8738	200460	0	
2	 8	 1	 3	sample77	5931	8501	6168	197890	0	
2	 8	 1	 4	sample77	3731	6301	3854	187610	0	
2	 8	 1	 5	sample77	2168	4738	2056	169620	0	
2	 8	 1	 6	control	1149	3719	1028	43690	0	
2	 8	 2	 1	sample78	4307	7133	4370	175212	0	
2	 8	 2	 2	sample78	4309	7135	4626	180864	0	
2	 8	 2	 3	sample78	3915	6485	3854	197890	0	
2	 8	 2	 4	sample78	2361	5187	2056	243036	0	
2	 8	 2	 5	sample78	1820	4390	1798	123360	0	
2	 8	 2	 6	control	6321	8891	6424	172190	0	
2	 8	 3	 1	sample79	9817	12643	10794	186516	0	
2	 8	 3	 2	sample79	6016	8842	6168	200646	0	
2	 8	 3	 3	sample79	4545	7371	4112	178038	0	
2	 8	 3	 4	sample79	2958	5784	2828	200646	0	
2	 8	 3	 5	sample79	1804	4374	1542	228730	0	
2	 8	 3	 6	control	610	3180	514	102800	0	
2	 8	 4	 1	sample80	6714	9284	6938	182470	0	
2	 8	 4	 2	sample80	5091	7917	5654	175212	0	
2	 8	 4	 3	sample80	4186	7012	4112	197820	0	
2	 8	 4	 4	sample80	2657	5483	2570	209124	0	
2	 8	 4	 5	sample80	1456	4282	1542	200646	0	
2	 8	 4	 6	control	4764	7590	3856	163908	0	
2	 9	 1	 1	sample81	5491	7547	5140	141864	0	
2	 9	 1	 2	sample81	3997	6053	4112	141864	0	
2	 9	 1	 3	sample81	3969	6025	4112	139808	0	
2	 9	 1	 4	sample81	2161	4217	2314	145976	0	
2	 9	 1	 5	sample81	1288	3602	1284	196690	0	
2	 9	 1	 6	control	443	2757	256	92560	0	
2	 9	 2	 1	sample82	7385	9441	9252	131584	0	
2	 9	 2	 2	sample82	9328	11384	10280	133640	0	
2	 9	 2	 3	sample82	7760	9816	7968	137752	0	
2	 9	 2	 4	sample82	4737	7051	4882	155038	0	
2	 9	 2	 5	sample82	3042	5356	3598	157352	0	
2	 9	 2	 6	control	6089	8403	7196	150410	0	
2	 9	 3	 1	sample83	7833	9889	8224	125416	0	
2	 9	 3	 2	sample83	6626	8682	7196	121304	0	
2	 9	 3	 3	sample83	4376	6690	4368	150410	0	
2	 9	 3	 4	sample83	4575	6889	5396	141154	0	
2	 9	 3	 5	sample83	1883	3939	1800	139808	0	
2	 9	 3	 6	control	572	2628	514	82240	0	
2	 9	 4	 1	sample84	9278	11592	10022	111072	0	
2	 9	 4	 2	sample84	5472	7786	5654	164294	0	
2	 9	 4	 3	sample84	4092	6406	4368	150410	0	
2	 9	 4	 4	sample84	3410	5724	3598	145782	0	
2	 9	 4	 5	sample84	1476	3790	1542	173550	0	
2	 9	 4	 6	control	3580	5636	4112	117192	0	
2	 10	 1	 1	sample85	7212	9526	6938	175864	0	
2	 10	 1	 2	sample85	7517	9831	7452	175864	0	
2	 10	 1	 3	sample85	4152	6466	3340	321646	0	
2	 10	 1	 4	sample85	3216	5530	3084	161980	0	
2	 10	 1	 5	sample85	2388	4702	2056	173550	0	
2	 10	 1	 6	control	1207	3521	514	92560	0	
2	 10	 2	 1	sample86	5964	8278	6424	155038	0	
2	 10	 2	 2	sample86	5015	7329	5396	171236	0	
2	 10	 2	 3	sample86	4042	6356	3340	222144	0	
2	 10	 2	 4	sample86	3572	5886	3854	161980	0	
2	 10	 2	 5	sample86	2435	4749	2570	150410	0	
2	 10	 2	 6	control	4845	7159	5396	141154	0	
2	 10	 3	 1	sample87	7515	9829	7710	152724	0	
2	 10	 3	 2	sample87	5840	7896	6426	133640	0	
2	 10	 3	 3	sample87	3581	5895	4112	143468	0	
2	 10	 3	 4	sample87	2158	4472	1798	150410	0	
2	 10	 3	 5	sample87	2143	4199	2056	152144	0	
2	 10	 3	 6	control	1003	3059	772	82240	0	
2	 10	 4	 1	sample88	5677	7991	5654	155038	0	
2	 10	 4	 2	sample88	4073	6129	4370	133640	0	
2	 10	 4	 3	sample88	3807	5863	4112	131584	0	
2	 10	 4	 4	sample88	2290	4346	2056	137752	0	
2	 10	 4	 5	sample88	1696	3752	1286	137752	0	
2	 10	 4	 6	control	4569	6625	4626	119248	0	
2	 11	 1	 1	sample89	9989	13073	11308	252888	0	
2	 11	 1	 2	sample89	8983	12067	9510	265224	0	
2	 11	 1	 3	sample89	7607	10435	7966	220584	0	
2	 11	 1	 4	sample89	4643	7471	4882	209272	0	
2	 11	 1	 5	sample89	3571	6399	3084	246036	0	
2	 11	 1	 6	control	398	3226	256	113120	0	
2	 11	 2	 1	sample90	6262	9090	6938	214928	0	
2	 11	 2	 2	sample90	6235	9063	6938	214928	0	
2	 11	 2	 3	sample90	5984	8812	6168	229068	0	
2	 11	 2	 4	sample90	4050	6878	4112	212100	0	
2	 11	 2	 5	sample90	2762	5590	2826	237552	0	
2	 11	 2	 6	control	5860	8688	5910	186648	0	
2	 11	 3	 1	sample91	7463	10291	8224	209272	0	
2	 11	 3	 2	sample91	6249	9077	6424	214928	0	
2	 11	 3	 3	sample91	4351	7179	3598	243208	0	
2	 11	 3	 4	sample91	10324	13152	10794	212100	0	
2	 11	 3	 5	sample91	1853	4681	1798	147056	0	
2	 11	 3	 6	control	630	3200	514	102800	0	
2	 11	 4	 1	sample92	4993	7563	5398	174760	0	
2	 11	 4	 2	sample92	4032	6602	3856	179900	0	
2	 11	 4	 3	sample92	3190	5760	3342	182470	0	
2	 11	 4	 4	sample92	1926	4496	1800	203030	0	
2	 11	 4	 5	sample92	1234	3804	1286	102800	0	
2	 11	 4	 6	control	5402	7972	5654	146490	0	
2	 12	 1	 1	sample93	5486	8056	5910	154200	0	
2	 12	 1	 2	sample93	4523	7349	4626	175212	0	
2	 12	 1	 3	sample93	3558	6384	3598	161082	0	
2	 12	 1	 4	sample93	2324	5150	2570	141300	0	
2	 12	 1	 5	sample93	1476	4302	1286	152604	0	
2	 12	 1	 6	control	392	3218	258	113040	0	
2	 12	 2	 1	sample94	5686	8256	5654	141350	0	
2	 12	 2	 2	sample94	5440	8266	5398	155430	0	
2	 12	 2	 3	sample94	4615	7441	4370	180864	0	
2	 12	 2	 4	sample94	3190	6016	3084	172386	0	
2	 12	 2	 5	sample94	6959	9785	7968	186516	0	
2	 12	 2	 6	control	5724	8550	6168	135648	0	
2	 12	 3	 1	sample95	7662	10232	8224	138780	0	
2	 12	 3	 2	sample95	4646	7472	5140	146952	0	
2	 12	 3	 3	sample95	4289	6859	4368	149060	0	
2	 12	 3	 4	sample95	2351	5177	2570	155430	0	
2	 12	 3	 5	sample95	1798	4368	1798	110510	0	
2	 12	 3	 6	control	212	3038	258	113040	0	
2	 12	 4	 1	sample96	7437	10007	7452	167050	0	
2	 12	 4	 2	sample96	4870	7440	5654	156770	0	
2	 12	 4	 3	sample96	3990	6560	4112	146490	0	
2	 12	 4	 4	sample96	2491	5061	2570	151630	0	
2	 12	 4	 5	sample96	1820	4390	2056	123360	0	
2	 12	 4	 6	control	6180	9006	6426	129996	0	
3	 1	 1	 1	sample97	8604	11432	8994	217756	0	
3	 1	 1	 2	sample97	8922	11236	10280	187434	0	
3	 1	 1	 3	sample97	5245	7559	5140	208260	0	
3	 1	 1	 4	sample97	4561	6875	4112	194376	0	
3	 1	 1	 5	sample97	2958	5272	3084	185120	0	
3	 1	 1	 6	control	481	2795	256	92560	0	
3	 1	 2	 1	sample98	14084	16912	16704	200788	0	
3	 1	 2	 2	sample98	12169	14739	14392	192750	0	
3	 1	 2	 3	sample98	2446	4760	2312	115700	0	
3	 1	 2	 4	sample98	5110	7424	5140	180492	0	
3	 1	 2	 5	sample98	4443	6757	4626	175864	0	
3	 1	 2	 6	control	8383	10697	9252	164294	0	
3	 1	 3	 1	sample99	10426	13254	11050	183820	0	
3	 1	 3	 2	sample99	8709	11537	8994	180992	0	
3	 1	 3	 3	sample99	6409	8723	6168	189748	0	
3	 1	 3	 4	sample99	6124	8438	6424	150410	0	
3	 1	 3	 5	sample99	7750	10064	7710	233714	0	
3	 1	 3	 6	control	276	2590	256	92560	0	
3	 1	 4	 1	sample100	7568	10396	7452	220584	0	
3	 1	 4	 2	sample100	6097	8667	6426	185040	0	
3	 1	 4	 3	sample100	4763	7077	4882	168922	0	
3	 1	 4	 4	sample100	2960	5274	2570	178178	0	
3	 1	 4	 5	sample100	1581	3895	1542	120328	0	
3	 1	 4	 6	control	3760	6074	3854	150410	0	
3	 2	 1	 1	sample101	6904	9988	7196	246720	0	
3	 2	 1	 2	sample101	6653	9737	6682	243636	0	
3	 2	 1	 3	sample101	4064	7148	4370	246720	0	
3	 2	 1	 4	sample101	2269	5353	2056	268308	0	
3	 2	 1	 5	sample101	1828	4912	1800	246720	0	
3	 2	 1	 6	control	418	3502	514	123360	0	
3	 2	 2	 1	sample102	6176	9260	6682	203544	0	
3	 2	 2	 2	sample102	4468	7552	4370	225132	0	
3	 2	 2	 3	sample102	3586	6670	3598	246720	0	
3	 2	 2	 4	sample102	2480	5564	2570	157284	0	
3	 2	 2	 5	sample102	1775	4859	1800	163452	0	
3	 2	 2	 6	control	7484	10568	7710	206628	0	
3	 2	 3	 1	sample103	13871	16955	16448	225132	0	
3	 2	 3	 2	sample103	12332	15674	14134	227256	0	
3	 2	 3	 3	sample103	9529	12613	9766	203544	0	
3	 2	 3	 4	sample103	7316	10400	7454	218964	0	
3	 2	 3	 5	sample103	5625	8709	5140	296064	0	
3	 2	 3	 6	control	354	3438	258	123360	0	
3	 2	 4	 1	sample104	8900	11984	9510	240552	0	
3	 2	 4	 2	sample104	7187	10271	8224	240552	0	
3	 2	 4	 3	sample104	6026	9110	6168	228216	0	
3	 2	 4	 4	sample104	2332	5416	2056	259056	0	
3	 2	 4	 5	sample104	2297	5381	2314	148032	0	
3	 2	 4	 6	control	3700	6784	3342	209712	0	
3	 3	 1	 1	sample105	8463	11033	8738	210740	0	
3	 3	 1	 2	sample105	7554	10124	8224	228730	0	
3	 3	 1	 3	sample105	6050	8620	6682	195320	0	
3	 3	 1	 4	sample105	3672	6242	3598	205600	0	
3	 3	 1	 5	sample105	2849	5419	2828	182470	0	
3	 3	 1	 6	control	727	3297	514	102800	0	
3	 3	 2	 1	sample106	8530	11358	8738	220584	0	
3	 3	 2	 2	sample106	7927	10755	7710	203616	0	
3	 3	 2	 3	sample106	7058	9886	7196	200788	0	
3	 3	 2	 4	sample106	4140	6968	4112	231896	0	
3	 3	 2	 5	sample106	2936	5506	2570	218450	0	
3	 3	 2	 6	control	9318	12146	10280	229068	0	
3	 3	 3	 1	sample107	7303	10131	7452	203616	0	
3	 3	 3	 2	sample107	5973	8801	5654	186648	0	
3	 3	 3	 3	sample107	5440	8010	5140	185040	0	
3	 3	 3	 4	sample107	3305	5875	3342	179900	0	
3	 3	 3	 5	sample107	1991	4819	2056	214928	0	
3	 3	 3	 6	control	604	3432	514	113120	0	
3	 3	 4	 1	sample108	8508	11336	8994	212100	0	
3	 3	 4	 2	sample108	5397	8225	5140	200788	0	
3	 3	 4	 3	sample108	6451	9021	6682	179900	0	
3	 3	 4	 4	sample108	3927	6497	3856	195320	0	
3	 3	 4	 5	sample108	2014	4584	2056	185040	0	
3	 3	 4	 6	control	3561	6389	3598	138572	0	
3	 4	 1	 1	sample109	7029	10113	6938	237468	0	
3	 4	 1	 2	sample109	9544	12628	8738	246720	0	
3	 4	 1	 3	sample109	6230	9314	5910	240552	0	
3	 4	 1	 4	sample109	3488	6572	3340	225132	0	
3	 4	 1	 5	sample109	2417	5501	2570	218964	0	
3	 4	 1	 6	control	468	3552	256	123360	0	
3	 4	 2	 1	sample110	8473	11813	9510	213760	0	
3	 4	 2	 2	sample110	8575	11915	9766	220440	0	
3	 4	 2	 3	sample110	7533	10873	8482	247160	0	
3	 4	 2	 4	sample110	4524	7608	4882	234384	0	
3	 4	 2	 5	sample110	2736	5820	2570	252888	0	
3	 4	 2	 6	control	6784	9868	7452	194292	0	
3	 4	 3	 1	sample111	13260	16600	14136	213760	0	
3	 4	 3	 2	sample111	13695	17035	14650	220440	0	
3	 4	 3	 3	sample111	7325	10665	7454	233800	0	
3	 4	 3	 4	sample111	6737	9821	6938	200460	0	
3	 4	 3	 5	sample111	4506	7590	4112	231300	0	
3	 4	 3	 6	control	430	3514	256	123360	0	
3	 4	 4	 1	sample112	8034	11118	8480	200460	0	
3	 4	 4	 2	sample112	6605	9945	6940	233800	0	
3	 4	 4	 3	sample112	5137	8477	5140	240480	0	
3	 4	 4	 4	sample112	2834	5918	3084	215880	0	
3	 4	 4	 5	sample112	2123	5207	2312	209712	0	
3	 4	 4	 6	control	5457	8541	5910	181956	0	
3	 5	 1	 1	sample113	7586	9900	7196	187434	0	
3	 5	 1	 2	sample113	10809	13123	12078	187434	0	
3	 5	 1	 3	sample113	6482	8796	6424	196690	0	
3	 5	 1	 4	sample113	5040	7096	4884	162424	0	
3	 5	 1	 5	sample113	2963	5019	3084	178872	0	
3	 5	 1	 6	control	720	2776	514	82240	0	
3	 5	 2	 1	sample114	6942	9256	6424	164294	0	
3	 5	 2	 2	sample114	7767	10081	7710	164294	0	
3	 5	 2	 3	sample114	5684	7998	5140	173550	0	
3	 5	 2	 4	sample114	3319	5375	3084	166536	0	
3	 5	 2	 5	sample114	2936	4992	3084	145976	0	
3	 5	 2	 6	control	7726	9782	7968	135696	0	
3	 5	 3	 1	sample115	5855	8169	6682	161980	0	
3	 5	 3	 2	sample115	5903	8217	6424	166608	0	
3	 5	 3	 3	sample115	3148	5462	3084	166608	0	
3	 5	 3	 4	sample115	1845	3901	1800	82240	0	
3	 5	 3	 5	sample115	2294	4350	2314	55512	0	
3	 5	 3	 6	control	592	2648	514	82240	0	
3	 5	 4	 1	sample116	6083	8397	6424	175864	0	
3	 5	 4	 2	sample116	4262	6576	4112	173550	0	
3	 5	 4	 3	sample116	2721	5035	2570	192062	0	
3	 5	 4	 4	sample116	2240	4554	2312	115700	0	
3	 5	 4	 5	sample116	1254	3568	1284	118014	0	
3	 5	 4	 6	control	3658	5972	3854	138840	0	
3	 6	 1	 1	sample117	7660	9972	7710	164152	0	
3	 6	 1	 2	sample117	8025	10337	8482	164152	0	
3	 6	 1	 3	sample117	4777	7089	4370	173400	0	
3	 6	 1	 4	sample117	2364	4676	2570	175712	0	
3	 6	 1	 5	sample117	1761	4073	1542	233512	0	
3	 6	 1	 6	control	701	3013	514	92480	0	
3	 6	 2	 1	sample118	2745	5057	2570	136408	0	
3	 6	 2	 2	sample118	6879	9191	7196	157216	0	
3	 6	 2	 3	sample118	5996	8308	5912	161840	0	
3	 6	 2	 4	sample118	3629	5941	3856	138720	0	
3	 6	 2	 5	sample118	2275	4587	2314	168776	0	
3	 6	 2	 6	control	6811	9123	7710	138720	0	
3	 6	 3	 1	sample119	7461	9773	7710	154904	0	
3	 6	 3	 2	sample119	6285	8597	7196	147968	0	
3	 6	 3	 3	sample119	3926	6238	4370	143344	0	
3	 6	 3	 4	sample119	2269	4581	2314	145656	0	
3	 6	 3	 5	sample119	1728	4298	2056	177330	0	
3	 6	 3	 6	control	547	2859	514	92480	0	
3	 6	 4	 1	sample120	5431	8001	5910	172190	0	
3	 6	 4	 2	sample120	6116	8686	6424	154200	0	
3	 6	 4	 3	sample120	3363	5933	3084	179900	0	
3	 6	 4	 4	sample120	1903	4473	2056	164480	0	
3	 6	 4	 5	sample120	1870	4440	1284	128500	0	
3	 6	 4	 6	control	4011	6581	4112	143920	0	
3	 7	 1	 1	sample121	8252	11080	7966	229068	0	
3	 7	 1	 2	sample121	8906	11734	9252	220584	0	
3	 7	 1	 3	sample121	6074	8902	6168	217756	0	
3	 7	 1	 4	sample121	4060	6630	4112	187610	0	
3	 7	 1	 5	sample121	2972	5542	3084	187610	0	
3	 7	 1	 6	control	263	3091	256	113120	0	
3	 7	 2	 1	sample122	6940	9510	7710	182470	0	
3	 7	 2	 2	sample122	5759	8329	5912	177330	0	
3	 7	 2	 3	sample122	5082	7652	5398	190180	0	
3	 7	 2	 4	sample122	3228	5798	3342	192750	0	
3	 7	 2	 5	sample122	1823	4393	1542	200460	0	
3	 7	 2	 6	control	7094	9664	7454	161910	0	
3	 7	 3	 1	sample123	8289	11117	8994	189476	0	
3	 7	 3	 2	sample123	6435	9263	6682	209272	0	
3	 7	 3	 3	sample123	3770	6340	3856	177330	0	
3	 7	 3	 4	sample123	2298	4868	2314	169620	0	
3	 7	 3	 5	sample123	2010	4580	2056	200460	0	
3	 7	 3	 6	control	302	2872	258	102800	0	
3	 7	 4	 1	sample124	12442	15270	14648	197960	0	
3	 7	 4	 2	sample124	9569	12397	10536	192304	0	
3	 7	 4	 3	sample124	7992	10562	8224	213310	0	
3	 7	 4	 4	sample124	5242	7812	5140	182470	0	
3	 7	 4	 5	sample124	2291	4861	2056	203030	0	
3	 7	 4	 6	control	4944	7514	5398	151630	0	
3	 8	 1	 1	sample125	11352	13666	10536	187434	0	
3	 8	 1	 2	sample125	11005	13319	11564	196690	0	
3	 8	 1	 3	sample125	8002	10572	7710	228730	0	
3	 8	 1	 4	sample125	6046	8360	5910	175864	0	
3	 8	 1	 5	sample125	4227	6797	4370	190180	0	
3	 8	 1	 6	control	418	2988	258	102800	0	
3	 8	 2	 1	sample126	10641	12697	12850	148032	0	
3	 8	 2	 2	sample126	9440	11754	9766	164294	0	
3	 8	 2	 3	sample126	7381	9695	7710	157352	0	
3	 8	 2	 4	sample126	4382	6696	4626	173550	0	
3	 8	 2	 5	sample126	3012	5326	2826	166608	0	
3	 8	 2	 6	control	6773	9343	7196	190180	0	
3	 8	 3	 1	sample127	8110	10166	8738	148032	0	
3	 8	 3	 2	sample127	7301	9357	7710	141864	0	
3	 8	 3	 3	sample127	4612	6668	4626	141864	0	
3	 8	 3	 4	sample127	4138	6194	4112	145976	0	
3	 8	 3	 5	sample127	3955	6269	4112	194376	0	
3	 8	 3	 6	control	385	2699	256	92560	0	
3	 8	 4	 1	sample128	7408	9464	7454	150088	0	
3	 8	 4	 2	sample128	4119	6433	4368	150410	0	
3	 8	 4	 3	sample128	4669	6725	4626	148032	0	
3	 8	 4	 4	sample128	2487	4801	2312	108758	0	
3	 8	 4	 5	sample128	2009	4323	2056	115700	0	
3	 8	 4	 6	control	3174	5488	2826	124956	0	
3	 9	 1	 1	sample129	8623	11451	8480	209272	0	
3	 9	 1	 2	sample129	10137	12965	11308	214928	0	
3	 9	 1	 3	sample129	7358	10186	7710	200788	0	
3	 9	 1	 4	sample129	4658	7228	4370	187610	0	
3	 9	 1	 5	sample129	2887	5457	2828	167050	0	
3	 9	 1	 6	control	733	3303	514	102800	0	
3	 9	 2	 1	sample130	7795	10365	8224	164480	0	
3	 9	 2	 2	sample130	9127	11955	9766	175336	0	
3	 9	 2	 3	sample130	7695	10523	7710	203616	0	
3	 9	 2	 4	sample130	3431	6001	3342	213310	0	
3	 9	 2	 5	sample130	3533	6103	3598	172190	0	
3	 9	 2	 6	control	7442	10012	8224	169620	0	
3	 9	 3	 1	sample131	5989	8559	6168	161910	0	
3	 9	 3	 2	sample131	7012	9582	7196	164480	0	
3	 9	 3	 3	sample131	4241	6811	4112	169620	0	
3	 9	 3	 4	sample131	3004	5318	2826	157352	0	
3	 9	 3	 5	sample131	2334	4648	2056	194376	0	
3	 9	 3	 6	control	648	2962	514	92560	0	
3	 9	 4	 1	sample132	9520	12090	10538	185040	0	
3	 9	 4	 2	sample132	6266	8836	6682	161910	0	
3	 9	 4	 3	sample132	7606	9920	7966	155038	0	
3	 9	 4	 4	sample132	3731	6045	3598	164294	0	
3	 9	 4	 5	sample132	2435	4749	2570	155038	0	
3	 9	 4	 6	control	2905	5219	2312	173550	0	
3	 10	 1	 1	sample133	11902	14214	11822	187272	0	
3	 10	 1	 2	sample133	11753	14323	12336	203030	0	
3	 10	 1	 3	sample133	7947	10517	8480	205600	0	
3	 10	 1	 4	sample133	5667	7979	5912	191896	0	
3	 10	 1	 5	sample133	3870	6182	4112	166464	0	
3	 10	 1	 6	control	630	2942	514	92480	0	
3	 10	 2	 1	sample134	8605	11175	9252	185040	0	
3	 10	 2	 2	sample134	9321	11891	8994	179900	0	
3	 10	 2	 3	sample134	7750	10062	7968	212704	0	
3	 10	 2	 4	sample134	5241	7553	4626	178024	0	
3	 10	 2	 5	sample134	3640	5952	3856	157216	0	
3	 10	 2	 6	control	6421	8733	7196	143344	0	
3	 10	 3	 1	sample135	6904	9216	8224	152592	0	
3	 10	 3	 2	sample135	7117	9429	7710	150280	0	
3	 10	 3	 3	sample135	3848	6160	3856	157216	0	
3	 10	 3	 4	sample135	3172	5484	3342	122536	0	
3	 10	 3	 5	sample135	2823	4879	2826	168592	0	
3	 10	 3	 6	control	444	2756	258	92480	0	
3	 10	 4	 1	sample136	9711	12023	10538	171088	0	
3	 10	 4	 2	sample136	7295	9607	7454	157216	0	
3	 10	 4	 3	sample136	6201	8513	6168	166464	0	
3	 10	 4	 4	sample136	3251	5563	3342	157216	0	
3	 10	 4	 5	sample136	1714	4026	1800	159528	0	
3	 10	 4	 6	control	4038	6350	3856	127160	0	
3	 11	 1	 1	sample137	12494	15064	15164	185040	0	
3	 11	 1	 2	sample137	8301	10871	8738	233870	0	
3	 11	 1	 3	sample137	6252	8822	6682	190180	0	
3	 11	 1	 4	sample137	4200	6514	4368	161980	0	
3	 11	 1	 5	sample137	3061	5375	3084	157352	0	
3	 11	 1	 6	control	411	2725	256	92560	0	
3	 11	 2	 1	sample138	6425	8995	7196	174760	0	
3	 11	 2	 2	sample138	7889	10459	8224	177330	0	
3	 11	 2	 3	sample138	8400	10970	9510	233870	0	
3	 11	 2	 4	sample138	3630	5944	3598	182806	0	
3	 11	 2	 5	sample138	2629	4943	2570	208260	0	
3	 11	 2	 6	control	4845	7415	4884	172190	0	
3	 11	 3	 1	sample139	6708	9278	7968	154200	0	
3	 11	 3	 2	sample139	8274	10844	9510	174760	0	
3	 11	 3	 3	sample139	5148	7718	5654	172190	0	
3	 11	 3	 4	sample139	2987	5301	3340	159666	0	
3	 11	 3	 5	sample139	2724	5038	2826	180492	0	
3	 11	 3	 6	control	513	2827	514	92560	0	
3	 11	 4	 1	sample140	7461	10031	8482	174760	0	
3	 11	 4	 2	sample140	5187	7757	5140	185040	0	
3	 11	 4	 3	sample140	4305	6875	4370	185040	0	
3	 11	 4	 4	sample140	2426	4740	2312	173550	0	
3	 11	 4	 5	sample140	2146	4460	2056	164294	0	
3	 11	 4	 6	control	4903	7473	5140	172190	0	
3	 12	 1	 1	sample141	6650	8962	7196	184960	0	
3	 12	 1	 2	sample141	5926	8496	6168	210740	0	
3	 12	 1	 3	sample141	4125	6695	4368	203030	0	
3	 12	 1	 4	sample141	2686	5256	2826	192750	0	
3	 12	 1	 5	sample141	2368	4938	2570	203030	0	
3	 12	 1	 6	control	938	3508	770	102800	0	
3	 12	 2	 1	sample142	7449	10019	8224	172190	0	
3	 12	 2	 2	sample142	6239	8809	6424	185040	0	
3	 12	 2	 3	sample142	6659	9485	6940	211950	0	
3	 12	 2	 4	sample142	4823	7393	5140	210740	0	
3	 12	 2	 5	sample142	3638	6208	3598	164480	0	
3	 12	 2	 6	control	6226	8796	6938	169620	0	
3	 12	 3	 1	sample143	5862	8174	4884	263568	0	
3	 12	 3	 2	sample143	8606	11176	9252	190180	0	
3	 12	 3	 3	sample143	5423	7993	5396	174760	0	
3	 12	 3	 4	sample143	3955	6525	3854	203030	0	
3	 12	 3	 5	sample143	2836	5406	2826	197890	0	
3	 12	 3	 6	control	392	3218	258	113040	0	
3	 12	 4	 1	sample144	8026	10338	8224	171088	0	
3	 12	 4	 2	sample144	7441	10011	8224	177330	0	
3	 12	 4	 3	sample144	6284	8854	6682	187610	0	
3	 12	 4	 4	sample144	2911	5481	2570	203030	0	
3	 12	 4	 5	sample144	2449	5019	2570	174760	0	
3	 12	 4	 6	control	6728	9298	7452	156770	0	
4	 1	 1	 1	sample145	7022	9078	7196	158312	0	
4	 1	 1	 2	sample145	7030	8828	7196	147436	0	
4	 1	 1	 3	sample145	5262	7060	5398	136648	0	
4	 1	 1	 4	sample145	3715	5513	3856	118668	0	
4	 1	 1	 5	sample145	2217	3759	2056	112566	0	
4	 1	 1	 6	control	391	1933	514	61680	0	
4	 1	 2	 1	sample146	4921	6977	5654	137752	0	
4	 1	 2	 2	sample146	6315	8371	6938	139808	0	
4	 1	 2	 3	sample146	6084	8140	6682	152144	0	
4	 1	 2	 4	sample146	3833	5889	3598	168592	0	
4	 1	 2	 5	sample146	3102	4900	3084	131254	0	
4	 1	 2	 6	control	5986	7784	6682	111476	0	
4	 1	 3	 1	sample147	7083	9395	8224	157216	0	
4	 1	 3	 2	sample147	7024	9336	7196	154904	0	
4	 1	 3	 3	sample147	4896	7208	4112	189584	0	
4	 1	 3	 4	sample147	2397	4709	2570	150280	0	
4	 1	 3	 5	sample147	2019	4331	2056	173400	0	
4	 1	 3	 6	control	513	2569	256	82240	0	
4	 1	 4	 1	sample148	7343	9913	8480	174760	0	
4	 1	 4	 2	sample148	5194	7764	5396	182470	0	
4	 1	 4	 3	sample148	5575	8145	6168	177330	0	
4	 1	 4	 4	sample148	3749	6319	4112	174760	0	
4	 1	 4	 5	sample148	2388	4700	2314	159528	0	
4	 1	 4	 6	control	6713	9025	6940	115600	0	
4	 2	 1	 1	sample149	5503	7303	5910	138600	0	
4	 2	 1	 2	sample149	4582	6382	5140	138600	0	
4	 2	 1	 3	sample149	3404	5204	3340	131400	0	
4	 2	 1	 4	sample149	2630	4430	2826	129600	0	
4	 2	 1	 5	sample149	1356	3412	1542	158312	0	
4	 2	 1	 6	control	604	2660	514	82240	0	
4	 2	 2	 1	sample150	9517	11573	10538	141864	0	
4	 2	 2	 2	sample150	8893	10949	9510	143920	0	
4	 2	 2	 3	sample150	5748	7804	5912	135696	0	
4	 2	 2	 4	sample150	4041	6097	4112	148032	0	
4	 2	 2	 5	sample150	2413	4727	2312	118014	0	
4	 2	 2	 6	control	8894	11464	8996	97660	0	
4	 2	 3	 1	sample151	3648	6218	4370	174760	0	
4	 2	 3	 2	sample151	3595	6165	3598	187610	0	
4	 2	 3	 3	sample151	2607	4921	2826	143468	0	
4	 2	 3	 4	sample151	1498	4068	1542	118220	0	
4	 2	 3	 5	sample151	839	3409	772	118220	0	
4	 2	 3	 6	control	476	3046	514	102800	0	
4	 2	 4	 1	sample152	8232	10802	8738	179900	0	
4	 2	 4	 2	sample152	5193	7763	5140	174760	0	
4	 2	 4	 3	sample152	4571	7141	4370	179900	0	
4	 2	 4	 4	sample152	2933	5503	2828	187610	0	
4	 2	 4	 5	sample152	2302	4616	2312	113386	0	
4	 2	 4	 6	control	7092	9662	6682	138780	0	
4	 3	 1	 1	sample153	7687	11541	7454	335298	0	
4	 3	 1	 2	sample153	14487	18085	15420	165508	0	
4	 3	 1	 3	sample153	6776	10374	7196	273448	0	
4	 3	 1	 4	sample153	5408	8748	5654	253840	0	
4	 3	 1	 5	sample153	3205	6545	3342	213760	0	
4	 3	 1	 6	control	173	3771	0	143920	0	
4	 3	 2	 1	sample154	4046	9700	4368	356202	0	
4	 3	 2	 2	sample154	12132	15986	12336	188846	0	
4	 3	 2	 3	sample154	5164	8762	5140	226674	0	
4	 3	 2	 4	sample154	3146	6744	3084	237468	0	
4	 3	 2	 5	sample154	2233	5831	2312	161910	0	
4	 3	 2	 6	control	13042	16640	15420	230272	0	
4	 3	 3	 1	sample155	10632	15000	10280	165984	0	
4	 3	 3	 2	sample155	5133	9245	5396	164480	0	
4	 3	 3	 3	sample155	3050	6904	3342	258218	0	
4	 3	 3	 4	sample155	2191	6045	2056	177284	0	
4	 3	 3	 5	sample155	1634	5232	1798	179900	0	
4	 3	 3	 6	control	251	4105	258	154160	0	
4	 3	 4	 1	sample156	11457	15569	12850	296064	0	
4	 3	 4	 2	sample156	10649	14761	12336	271392	0	
4	 3	 4	 3	sample156	8002	11856	8482	262072	0	
4	 3	 4	 4	sample156	5191	9045	4626	331444	0	
4	 3	 4	 5	sample156	4393	8247	4626	211970	0	
4	 3	 4	 6	control	5256	9110	4884	188846	0	
4	 4	 1	 1	sample157	6695	10293	7196	280644	0	
4	 4	 1	 2	sample157	7351	11205	7710	289050	0	
4	 4	 1	 3	sample157	4838	8692	5140	258218	0	
4	 4	 1	 4	sample157	3940	7538	4112	248262	0	
4	 4	 1	 5	sample157	2277	5875	2312	237468	0	
4	 4	 1	 6	control	436	4034	514	143920	0	
4	 4	 2	 1	sample158	5781	9635	6168	273634	0	
4	 4	 2	 2	sample158	6291	10145	6426	258218	0	
4	 4	 2	 3	sample158	4802	8656	4626	304466	0	
4	 4	 2	 4	sample158	3518	7116	3340	244664	0	
4	 4	 2	 5	sample158	1953	5551	1798	280644	0	
4	 4	 2	 6	control	5797	9651	5912	242802	0	
4	 4	 3	 1	sample159	13348	17460	15420	279616	0	
4	 4	 3	 2	sample159	10676	14788	10280	296064	0	
4	 4	 3	 3	sample159	9522	13376	9766	231240	0	
4	 4	 3	 4	sample159	6772	10626	7196	254364	0	
4	 4	 3	 5	sample159	5158	9012	4884	281342	0	
4	 4	 3	 6	control	200	4054	258	154160	0	
4	 4	 4	 1	sample160	8508	12362	8996	265926	0	
4	 4	 4	 2	sample160	5396	9508	5910	250832	0	
4	 4	 4	 3	sample160	4797	8651	4626	262072	0	
4	 4	 4	 4	sample160	3081	6935	3342	269780	0	
4	 4	 4	 5	sample160	2270	6124	2314	181138	0	
4	 4	 4	 6	control	6134	9988	5912	200408	0	
4	 5	 1	 1	sample161	9526	12352	9766	217602	0	
4	 5	 1	 2	sample161	9445	12271	9252	214776	0	
4	 5	 1	 3	sample161	7721	10547	7968	209124	0	
4	 5	 1	 4	sample161	4853	7679	4884	214776	0	
4	 5	 1	 5	sample161	2844	5414	2826	187610	0	
4	 5	 1	 6	control	546	3116	514	102800	0	
4	 5	 2	 1	sample162	14308	17392	14392	228216	0	
4	 5	 2	 2	sample162	13690	16774	14134	215880	0	
4	 5	 2	 3	sample162	12942	16026	14134	231300	0	
4	 5	 2	 4	sample162	10137	12963	9766	217602	0	
4	 5	 2	 5	sample162	7700	10526	7454	203472	0	
4	 5	 2	 6	control	5882	8708	5912	197820	0	
4	 5	 3	 1	sample163	8542	11626	9252	218964	0	
4	 5	 3	 2	sample163	7310	10394	7452	200460	0	
4	 5	 3	 3	sample163	4855	7681	5140	178038	0	
4	 5	 3	 4	sample163	2954	5780	2828	189342	0	
4	 5	 3	 5	sample163	2561	5387	2828	220428	0	
4	 5	 3	 6	control	354	3180	258	113040	0	
4	 5	 4	 1	sample164	11767	14851	13364	218964	0	
4	 5	 4	 2	sample164	9043	11869	9510	183690	0	
4	 5	 4	 3	sample164	7582	10408	8224	203472	0	
4	 5	 4	 4	sample164	5647	8473	5912	197820	0	
4	 5	 4	 5	sample164	4129	6699	4112	228730	0	
4	 5	 4	 6	control	5061	7631	5396	159340	0	
4	 6	 1	 1	sample165	7386	9698	7454	175712	0	
4	 6	 1	 2	sample165	8093	10405	8224	180336	0	
4	 6	 1	 3	sample165	5329	7641	4884	173400	0	
4	 6	 1	 4	sample165	3119	5431	2828	226576	0	
4	 6	 1	 5	sample165	1704	4016	1542	198832	0	
4	 6	 1	 6	control	437	2749	258	92480	0	
4	 6	 2	 1	sample166	6686	8998	7196	159528	0	
4	 6	 2	 2	sample166	6954	9266	6940	166464	0	
4	 6	 2	 3	sample166	5372	7684	5398	166464	0	
4	 6	 2	 4	sample166	3811	5867	3598	156256	0	
4	 6	 2	 5	sample166	1882	4194	1800	187272	0	
4	 6	 2	 6	control	5686	7998	6426	152592	0	
4	 6	 3	 1	sample167	7414	9726	8224	150280	0	
4	 6	 3	 2	sample167	5625	7937	5654	161840	0	
4	 6	 3	 3	sample167	4512	6824	4626	145656	0	
4	 6	 3	 4	sample167	1815	4127	2056	154904	0	
4	 6	 3	 5	sample167	1893	4205	1800	120224	0	
4	 6	 3	 6	control	669	2981	514	92480	0	
4	 6	 4	 1	sample168	7706	9762	7710	154200	0	
4	 6	 4	 2	sample168	5602	7658	5396	133640	0	
4	 6	 4	 3	sample168	4605	6661	4112	156256	0	
4	 6	 4	 4	sample168	2916	4972	2826	148032	0	
4	 6	 4	 5	sample168	1913	3969	2056	129528	0	
4	 6	 4	 6	control	7353	9409	6938	127472	0	
4	 7	 1	 1	sample169	9554	12638	10280	225132	0	
4	 7	 1	 2	sample169	11433	14517	13106	234384	0	
4	 7	 1	 3	sample169	8457	11541	8994	234384	0	
4	 7	 1	 4	sample169	6425	9251	5912	200646	0	
4	 7	 1	 5	sample169	2974	5800	2828	203472	0	
4	 7	 1	 6	control	540	3366	514	113040	0	
4	 7	 2	 1	sample170	8643	11727	8224	277560	0	
4	 7	 2	 2	sample170	9781	12865	10022	209712	0	
4	 7	 2	 3	sample170	7925	11009	7966	231300	0	
4	 7	 2	 4	sample170	5216	8042	5140	203472	0	
4	 7	 2	 5	sample170	3277	6103	3342	203472	0	
4	 7	 2	 6	control	6383	9209	6682	186516	0	
4	 7	 3	 1	sample171	6272	9356	6938	181956	0	
4	 7	 3	 2	sample171	5615	8699	5910	203544	0	
4	 7	 3	 3	sample171	4414	7240	4370	178038	0	
4	 7	 3	 4	sample171	1876	4702	1800	180864	0	
4	 7	 3	 5	sample171	2155	4981	2056	146952	0	
4	 7	 3	 6	control	463	3289	514	113040	0	
4	 7	 4	 1	sample172	4590	7416	4626	217602	0	
4	 7	 4	 2	sample172	3926	6752	4112	175212	0	
4	 7	 4	 3	sample172	2860	5686	2570	203472	0	
4	 7	 4	 4	sample172	1875	4701	1800	231732	0	
4	 7	 4	 5	sample172	971	3797	1028	113040	0	
4	 7	 4	 6	control	2233	5059	2314	152604	0	
4	 8	 1	 1	sample173	14847	18189	16704	264018	0	
4	 8	 1	 2	sample173	14699	18041	18246	270702	0	
4	 8	 1	 3	sample173	12973	16315	14134	243966	0	
4	 8	 1	 4	sample173	12018	15360	13364	267360	0	
4	 8	 1	 5	sample173	8683	12025	9508	220572	0	
4	 8	 1	 6	control	417	3759	256	133680	0	
4	 8	 2	 1	sample174	8377	11719	7710	207204	0	
4	 8	 2	 2	sample174	9179	12777	10024	226674	0	
4	 8	 2	 3	sample174	6975	10317	6424	233940	0	
4	 8	 2	 4	sample174	4118	7460	3854	247308	0	
4	 8	 2	 5	sample174	2674	6016	2826	270702	0	
4	 8	 2	 6	control	7126	10724	7968	223076	0	
4	 8	 3	 1	sample175	6213	9555	6682	207204	0	
4	 8	 3	 2	sample175	4394	7992	4370	190694	0	
4	 8	 3	 3	sample175	4474	8072	4884	212282	0	
4	 8	 3	 4	sample175	1848	5446	1800	226674	0	
4	 8	 3	 5	sample175	1913	5511	2056	179900	0	
4	 8	 3	 6	control	283	3881	258	143920	0	
4	 8	 4	 1	sample176	9296	12638	10280	230598	0	
4	 8	 4	 2	sample176	5368	8710	6168	207204	0	
4	 8	 4	 3	sample176	4303	7645	3854	223914	0	
4	 8	 4	 4	sample176	2598	5940	2312	243966	0	
4	 8	 4	 5	sample176	1757	5099	1798	167100	0	
4	 8	 4	 6	control	4776	8118	5396	153732	0	
4	 9	 1	 1	sample177	7743	9799	7966	158312	0	
4	 9	 1	 2	sample177	6331	8387	6168	158312	0	
4	 9	 1	 3	sample177	5054	7110	5140	160368	0	
4	 9	 1	 4	sample177	3698	5496	3856	125860	0	
4	 9	 1	 5	sample177	1882	3680	1800	129456	0	
4	 9	 1	 6	control	296	2094	258	71920	0	
4	 9	 2	 1	sample178	6916	9228	7454	150280	0	
4	 9	 2	 2	sample178	7296	9352	7710	131584	0	
4	 9	 2	 3	sample178	5762	7818	5396	160368	0	
4	 9	 2	 4	sample178	3279	5335	3084	154200	0	
4	 9	 2	 5	sample178	2139	4195	2056	158312	0	
4	 9	 2	 6	control	6504	8302	7196	106082	0	
4	 9	 3	 1	sample179	5535	7847	5654	159528	0	
4	 9	 3	 2	sample179	8278	10848	8994	156770	0	
4	 9	 3	 3	sample179	4164	6476	4370	138720	0	
4	 9	 3	 4	sample179	2921	5233	2828	171088	0	
4	 9	 3	 5	sample179	2814	4870	2570	166536	0	
4	 9	 3	 6	control	142	2454	258	92480	0	
4	 9	 4	 1	sample180	11207	13519	12336	141032	0	
4	 9	 4	 2	sample180	11494	14064	12336	131070	0	
4	 9	 4	 3	sample180	6053	8365	6682	154904	0	
4	 9	 4	 4	sample180	3708	5764	3598	133640	0	
4	 9	 4	 5	sample180	2573	4629	2312	150088	0	
4	 9	 4	 6	control	3120	5176	2826	115136	0	
4	 10	 1	 1	sample181	7173	9743	7452	174760	0	
4	 10	 1	 2	sample181	8891	11203	8738	159528	0	
4	 10	 1	 3	sample181	5709	8279	5140	203030	0	
4	 10	 1	 4	sample181	4321	6891	4368	179900	0	
4	 10	 1	 5	sample181	2525	5095	2570	161910	0	
4	 10	 1	 6	control	430	3000	514	102800	0	
4	 10	 2	 1	sample182	10077	12647	11822	133640	0	
4	 10	 2	 2	sample182	9000	11826	10538	180864	0	
4	 10	 2	 3	sample182	8488	11314	8738	228906	0	
4	 10	 2	 4	sample182	5786	8356	6168	174760	0	
4	 10	 2	 5	sample182	4638	7208	4882	164480	0	
4	 10	 2	 6	control	6497	9067	6682	146490	0	
4	 10	 3	 1	sample183	7496	10322	8738	186516	0	
4	 10	 3	 2	sample183	5104	7930	5654	158256	0	
4	 10	 3	 3	sample183	5588	8414	5912	163908	0	
4	 10	 3	 4	sample183	3594	6420	3856	158256	0	
4	 10	 3	 5	sample183	2153	4979	2314	194994	0	
4	 10	 3	 6	control	290	3116	258	113040	0	
4	 10	 4	 1	sample184	6438	9264	6940	169560	0	
4	 10	 4	 2	sample184	3480	6306	3856	152604	0	
4	 10	 4	 3	sample184	3673	6499	3856	175212	0	
4	 10	 4	 4	sample184	2353	5179	2570	203472	0	
4	 10	 4	 5	sample184	1133	4217	1028	135696	0	
4	 10	 4	 6	control	3184	6268	3340	157284	0	
4	 11	 1	 1	sample185	8965	11279	9508	159666	0	
4	 11	 1	 2	sample185	7300	9870	7710	185040	0	
4	 11	 1	 3	sample185	5835	8405	5654	182470	0	
4	 11	 1	 4	sample185	5654	8224	5912	190180	0	
4	 11	 1	 5	sample185	2007	4321	2056	173550	0	
4	 11	 1	 6	control	688	2744	514	82240	0	
4	 11	 2	 1	sample186	7337	9907	8482	164480	0	
4	 11	 2	 2	sample186	8351	10921	9252	161910	0	
4	 11	 2	 3	sample186	5300	7870	4626	203030	0	
4	 11	 2	 4	sample186	3620	6190	3856	185040	0	
4	 11	 2	 5	sample186	2400	4970	2570	167050	0	
4	 11	 2	 6	control	5667	7981	6424	136526	0	
4	 11	 3	 1	sample187	13356	16184	16448	189476	0	
4	 11	 3	 2	sample187	12029	15113	14392	203544	0	
4	 11	 3	 3	sample187	9803	12631	11050	175336	0	
4	 11	 3	 4	sample187	8085	10913	9766	178164	0	
4	 11	 3	 5	sample187	7522	10092	7968	174760	0	
4	 11	 3	 6	control	617	3187	514	102800	0	
4	 11	 4	 1	sample188	9691	12519	10794	186648	0	
4	 11	 4	 2	sample188	7750	10834	8482	200460	0	
4	 11	 4	 3	sample188	6133	8961	6682	189476	0	
4	 11	 4	 4	sample188	3625	6453	3598	186648	0	
4	 11	 4	 5	sample188	2815	5385	2828	159340	0	
4	 11	 4	 6	control	5925	8495	6426	146490	0	
4	 12	 1	 1	sample189	3102	5416	3084	189748	0	
4	 12	 1	 2	sample189	3810	5866	3856	150088	0	
4	 12	 1	 3	sample189	2673	4987	2826	166608	0	
4	 12	 1	 4	sample189	1856	3912	1800	139808	0	
4	 12	 1	 5	sample189	1453	3509	1286	82240	0	
4	 12	 1	 6	control	669	2725	514	82240	0	
4	 12	 2	 1	sample190	10434	13004	11822	172190	0	
4	 12	 2	 2	sample190	10303	12873	10280	179900	0	
4	 12	 2	 3	sample190	8680	11250	9252	179900	0	
4	 12	 2	 4	sample190	5987	8301	5910	178178	0	
4	 12	 2	 5	sample190	4322	6636	4368	166608	0	
4	 12	 2	 6	control	6878	9192	6938	148096	0	
4	 12	 3	 1	sample191	5372	8200	6424	175336	0	
4	 12	 3	 2	sample191	5197	8025	6168	178164	0	
4	 12	 3	 3	sample191	5238	8066	6682	192304	0	
4	 12	 3	 4	sample191	3661	6489	4112	183820	0	
4	 12	 3	 5	sample191	3182	5496	3340	168922	0	
4	 12	 3	 6	control	758	3072	514	92560	0	
4	 12	 4	 1	sample192	8807	11377	9766	174760	0	
4	 12	 4	 2	sample192	4702	7272	5140	192750	0	
4	 12	 4	 3	sample192	3789	6359	4112	169620	0	
4	 12	 4	 4	sample192	4358	6928	4884	169620	0	
4	 12	 4	 5	sample192	2012	4326	2056	122642	0	
4	 12	 4	 6	control	6339	8653	7196	152724	0	
