MicroVigene	 Version	 2501
Culture	en-US
9/30/2006 12:44:41 PM
Roi Row	 4	 Roi Col	 12	 Main Row	 4	 Main Col	 6	 Sub Row	 1	 Sub Col	 1
Main Row	 Main Col	 Sub Row	 Sub Col	  GeneID	mean_net	 mean_total	 median_net	 vol_bkg	 vol_dust	 
1	 1	 1	 1	sample1	1230	3544	1284	120328	0	
1	 1	 1	 2	sample1	1516	3830	1542	92560	0	
1	 1	 1	 3	sample1	1238	3294	1028	100744	0	
1	 1	 1	 4	sample1	945	3001	1028	82240	0	
1	 1	 1	 5	sample1	772	2828	772	82240	0	
1	 1	 1	 6	control	89.5	2404	0	92560	0	
1	 1	 2	 1	sample2	944	2744	770	72000	0	
1	 1	 2	 2	sample2	1472	3272	1284	93600	0	
1	 1	 2	 3	sample2	1141	2941	1028	90000	0	
1	 1	 2	 4	sample2	951	2493	1028	61680	0	
1	 1	 2	 5	sample2	648	2448	514	72000	0	
1	 1	 2	 6	control	3319	5119	3598	131400	0	
1	 1	 3	 1	sample3	1834	3634	1798	91800	0	
1	 1	 3	 2	sample3	2017	3559	2056	80184	0	
1	 1	 3	 3	sample3	1788	3330	1800	72474	0	
1	 1	 3	 4	sample3	1039	2581	1028	78642	0	
1	 1	 3	 5	sample3	920	2462	772	58596	0	
1	 1	 3	 6	control	257	1799	258	61680	0	
1	 1	 4	 1	sample4	2175	3717	2056	134154	0	
1	 1	 4	 2	sample4	2770	4056	2826	64300	0	
1	 1	 4	 3	sample4	1722	3008	1542	60442	0	
1	 1	 4	 4	sample4	1222	2508	1028	63014	0	
1	 1	 4	 5	sample4	1138	2424	1028	56584	0	
1	 1	 4	 6	control	2146	3432	2056	83590	0	
1	 2	 1	 1	sample5	2587	4901	2570	205946	0	
1	 2	 1	 2	sample5	2653	4967	2826	229086	0	
1	 2	 1	 3	sample5	2666	4980	2570	122642	0	
1	 2	 1	 4	sample5	1905	4219	2056	122642	0	
1	 2	 1	 5	sample5	1433	3489	1286	96632	0	
1	 2	 1	 6	control	424	2480	514	82240	0	
1	 2	 2	 1	sample6	1796	3852	1800	172704	0	
1	 2	 2	 2	sample6	2109	3909	2056	95400	0	
1	 2	 2	 3	sample6	1912	3712	2056	93600	0	
1	 2	 2	 4	sample6	1567	3367	1542	90000	0	
1	 2	 2	 5	sample6	884	2684	1028	90000	0	
1	 2	 2	 6	control	2106	3906	2312	172800	0	
1	 2	 3	 1	sample7	2200	3742	2314	118734	0	
1	 2	 3	 2	sample7	2169	3711	2056	120276	0	
1	 2	 3	 3	sample7	1969	3511	2056	131070	0	
1	 2	 3	 4	sample7	1507	3049	1542	77100	0	
1	 2	 3	 5	sample7	903	2445	1028	75558	0	
1	 2	 3	 6	control	-31.44	1511	-255.99	61680	0	
1	 2	 4	 1	sample8	1592	2878	1542	99022	0	
1	 2	 4	 2	sample8	1124	2410	1028	51440	0	
1	 2	 4	 3	sample8	845	2387	772	75558	0	
1	 2	 4	 4	sample8	531	2073	514	74016	0	
1	 2	 4	 5	sample8	1028	2314	1028	30864	0	
1	 2	 4	 6	control	2056	3342	2056	104166	0	
1	 3	 1	 1	sample9	2713	5283	2828	120790	0	
1	 3	 1	 2	sample9	2527	5097	2570	167050	0	
1	 3	 1	 3	sample9	2260	4830	2314	110510	0	
1	 3	 1	 4	sample9	1746	4316	1542	123360	0	
1	 3	 1	 5	sample9	1237	3807	1286	107940	0	
1	 3	 1	 6	control	359	2673	256	92560	0	
1	 3	 2	 1	sample10	706	3020	770	83304	0	
1	 3	 2	 2	sample10	963	3277	1028	74048	0	
1	 3	 2	 3	sample10	926	2982	1028	82240	0	
1	 3	 2	 4	sample10	849	2905	772	88408	0	
1	 3	 2	 5	sample10	827	2883	772	47288	0	
1	 3	 2	 6	control	2617	4673	2570	160368	0	
1	 3	 3	 1	sample11	2199	4255	2056	74016	0	
1	 3	 3	 2	sample11	2161	3961	2056	118800	0	
1	 3	 3	 3	sample11	2325	4125	2570	72000	0	
1	 3	 3	 4	sample11	1625	3425	1542	88200	0	
1	 3	 3	 5	sample11	933	2733	1028	82800	0	
1	 3	 3	 6	control	122	1922	0	72000	0	
1	 3	 4	 1	sample12	1975	3775	1798	120600	0	
1	 3	 4	 2	sample12	1496	3296	1542	111600	0	
1	 3	 4	 3	sample12	1789	3331	1800	117192	0	
1	 3	 4	 4	sample12	1312	2854	1286	74016	0	
1	 3	 4	 5	sample12	745	2545	770	72000	0	
1	 3	 4	 6	control	2240	4040	2312	108000	0	
1	 4	 1	 1	sample13	1426	3482	1286	108968	0	
1	 4	 1	 2	sample13	1986	3786	2056	93600	0	
1	 4	 1	 3	sample13	1348	3404	1286	84296	0	
1	 4	 1	 4	sample13	984	3040	1028	82240	0	
1	 4	 1	 5	sample13	752	2808	772	82240	0	
1	 4	 1	 6	control	258	2314	258	82240	0	
1	 4	 2	 1	sample14	2142	3684	2056	78642	0	
1	 4	 2	 2	sample14	1664	3206	1800	81726	0	
1	 4	 2	 3	sample14	1537	3079	1542	80184	0	
1	 4	 2	 4	sample14	1279	2821	1286	61680	0	
1	 4	 2	 5	sample14	1176	2718	1028	61680	0	
1	 4	 2	 6	control	2979	4521	3342	123360	0	
1	 4	 3	 1	sample15	2479	3765	2570	65586	0	
1	 4	 3	 2	sample15	2241	3527	2312	64300	0	
1	 4	 3	 3	sample15	1590	2876	1542	109310	0	
1	 4	 3	 4	sample15	1389	2675	1284	63014	0	
1	 4	 3	 5	sample15	1343	2629	1284	28292	0	
1	 4	 3	 6	control	308	1594	256	51440	0	
1	 4	 4	 1	sample16	1681	2967	1798	109310	0	
1	 4	 4	 2	sample16	1284	2570	1284	63014	0	
1	 4	 4	 3	sample16	1527	2813	1542	68158	0	
1	 4	 4	 4	sample16	1021	2307	1028	51440	0	
1	 4	 4	 5	sample16	820	2106	770	46296	0	
1	 4	 4	 6	control	2017	3303	2056	68158	0	
1	 5	 1	 1	sample17	2093	4149	2056	102800	0	
1	 5	 1	 2	sample17	2302	4358	2056	47288	0	
1	 5	 1	 3	sample17	1480	3536	1542	76072	0	
1	 5	 1	 4	sample17	1252	3308	1286	63736	0	
1	 5	 1	 5	sample17	693	2749	772	74016	0	
1	 5	 1	 6	control	144	2200	0	69904	0	
1	 5	 2	 1	sample18	636	2178	772	55512	0	
1	 5	 2	 2	sample18	476	2018	258	61680	0	
1	 5	 2	 3	sample18	534	2076	514	61680	0	
1	 5	 2	 4	sample18	237	2037	256	72000	0	
1	 5	 2	 5	sample18	295	2095	256	72000	0	
1	 5	 2	 6	control	3141	4941	3084	72000	0	
1	 5	 3	 1	sample19	2035	3577	2056	72474	0	
1	 5	 3	 2	sample19	1246	2532	1284	51440	0	
1	 5	 3	 3	sample19	1079	2365	770	51440	0	
1	 5	 3	 4	sample19	900	2442	772	55512	0	
1	 5	 3	 5	sample19	264	1806	258	61680	0	
1	 5	 3	 6	control	99.5	1386	256	46296	0	
1	 5	 4	 1	sample20	852	2138	770	52726	0	
1	 5	 4	 2	sample20	414	1700	256	46296	0	
1	 5	 4	 3	sample20	314	1600	256	46296	0	
1	 5	 4	 4	sample20	371	1657	256	46296	0	
1	 5	 4	 5	sample20	421	1707	514	46296	0	
1	 5	 4	 6	control	1728	3014	1798	51440	0	
1	 6	 1	 1	sample21	2192	4506	2056	118014	0	
1	 6	 1	 2	sample21	2727	5041	2570	113386	0	
1	 6	 1	 3	sample21	2050	4364	2056	118014	0	
1	 6	 1	 4	sample21	1409	3465	1286	106912	0	
1	 6	 1	 5	sample21	700	3014	770	92560	0	
1	 6	 1	 6	control	354	2410	258	82240	0	
1	 6	 2	 1	sample22	3562	5362	3340	90000	0	
1	 6	 2	 2	sample22	3136	4936	3084	194400	0	
1	 6	 2	 3	sample22	3039	4839	3084	154800	0	
1	 6	 2	 4	sample22	2952	4752	2570	88200	0	
1	 6	 2	 5	sample22	2327	4127	2312	95400	0	
1	 6	 2	 6	control	2329	4129	2570	144000	0	
1	 6	 3	 1	sample23	899	2185	770	51440	0	
1	 6	 3	 2	sample23	726	2268	772	61680	0	
1	 6	 3	 3	sample23	553	2095	514	61680	0	
1	 6	 3	 4	sample23	328	1870	258	61680	0	
1	 6	 3	 5	sample23	161	1703	258	61680	0	
1	 6	 3	 6	control	86	1628	0	55512	0	
1	 6	 4	 1	sample24	1045	2331	1028	57870	0	
1	 6	 4	 2	sample24	706	1992	514	46296	0	
1	 6	 4	 3	sample24	614	1900	514	46296	0	
1	 6	 4	 4	sample24	129	1671	258	55512	0	
1	 6	 4	 5	sample24	343	1885	258	55512	0	
1	 6	 4	 6	control	1748	3290	1800	61680	0	
1	 7	 1	 1	sample25	1628	3684	1542	92520	0	
1	 7	 1	 2	sample25	2010	4066	2056	102800	0	
1	 7	 1	 3	sample25	1309	3623	1284	97188	0	
1	 7	 1	 4	sample25	1086	3142	1028	100744	0	
1	 7	 1	 5	sample25	625	2939	514	106444	0	
1	 7	 1	 6	control	295	2609	256	92560	0	
1	 7	 2	 1	sample26	1162	2962	1028	37800	0	
1	 7	 2	 2	sample26	1063	2863	1028	39600	0	
1	 7	 2	 3	sample26	976	2776	1028	36000	0	
1	 7	 2	 4	sample26	636	2436	514	72000	0	
1	 7	 2	 5	sample26	456	2256	514	72000	0	
1	 7	 2	 6	control	2792	4848	2828	133640	0	
1	 7	 3	 1	sample27	903	2445	772	63222	0	
1	 7	 3	 2	sample27	1142	2684	1028	66306	0	
1	 7	 3	 3	sample27	1000	2542	1028	27756	0	
1	 7	 3	 4	sample27	640	2182	514	63222	0	
1	 7	 3	 5	sample27	393	1935	258	61680	0	
1	 7	 3	 6	control	200	1742	258	61680	0	
1	 7	 4	 1	sample28	1548	3090	1286	70932	0	
1	 7	 4	 2	sample28	1097	2639	1028	75558	0	
1	 7	 4	 3	sample28	760	2302	772	69390	0	
1	 7	 4	 4	sample28	463	2005	514	61680	0	
1	 7	 4	 5	sample28	393	1935	258	61680	0	
1	 7	 4	 6	control	1588	3130	1542	78642	0	
1	 8	 1	 1	sample29	1861	4431	2056	221020	0	
1	 8	 1	 2	sample29	2688	5258	2826	200460	0	
1	 8	 1	 3	sample29	1947	4517	2056	195320	0	
1	 8	 1	 4	sample29	1691	4261	1542	110510	0	
1	 8	 1	 5	sample29	1205	3775	1284	100230	0	
1	 8	 1	 6	control	231	2801	256	102800	0	
1	 8	 2	 1	sample30	950	3006	770	82240	0	
1	 8	 2	 2	sample30	1138	3194	1028	100744	0	
1	 8	 2	 3	sample30	865	2921	1028	106912	0	
1	 8	 2	 4	sample30	674	2730	770	82240	0	
1	 8	 2	 5	sample30	706	2762	514	82240	0	
1	 8	 2	 6	control	2853	4909	3084	121304	0	
1	 8	 3	 1	sample31	1658	3456	1542	71920	0	
1	 8	 3	 2	sample31	1548	3346	1542	77314	0	
1	 8	 3	 3	sample31	1410	2952	1284	66306	0	
1	 8	 3	 4	sample31	813	2611	772	66526	0	
1	 8	 3	 5	sample31	1265	3063	772	66526	0	
1	 8	 3	 6	control	213	2011	258	71920	0	
1	 8	 4	 1	sample32	804	2602	772	71920	0	
1	 8	 4	 2	sample32	1016	2558	1028	35466	0	
1	 8	 4	 3	sample32	709	2251	770	77100	0	
1	 8	 4	 4	sample32	560	2102	514	33924	0	
1	 8	 4	 5	sample32	732	2274	770	30840	0	
1	 8	 4	 6	control	1262	3060	1028	98890	0	
1	 9	 1	 1	sample33	713	2769	770	82240	0	
1	 9	 1	 2	sample33	844	2900	770	86352	0	
1	 9	 1	 3	sample33	854	2910	770	82240	0	
1	 9	 1	 4	sample33	755	2811	770	67848	0	
1	 9	 1	 5	sample33	270	2582	258	92480	0	
1	 9	 1	 6	control	418	2730	514	92480	0	
1	 9	 2	 1	sample34	742	2540	772	77314	0	
1	 9	 2	 2	sample34	1418	2960	1542	74016	0	
1	 9	 2	 3	sample34	850	2648	772	93496	0	
1	 9	 2	 4	sample34	1040	2582	1028	61680	0	
1	 9	 2	 5	sample34	823	2621	772	71920	0	
1	 9	 2	 6	control	2425	4223	2570	133052	0	
1	 9	 3	 1	sample35	1116	2400	1028	52644	0	
1	 9	 3	 2	sample35	1122	2406	1028	42372	0	
1	 9	 3	 3	sample35	999	2283	1028	55212	0	
1	 9	 3	 4	sample35	686	1970	514	57780	0	
1	 9	 3	 5	sample35	340	1882	514	61680	0	
1	 9	 3	 6	control	439	1981	514	37008	0	
1	 9	 4	 1	sample36	1728	2756	1542	41120	0	
1	 9	 4	 2	sample36	1204	2232	1028	65792	0	
1	 9	 4	 3	sample36	1044	2328	1028	65484	0	
1	 9	 4	 4	sample36	904	1932	770	49344	0	
1	 9	 4	 5	sample36	762	2046	772	34668	0	
1	 9	 4	 6	control	1588	2872	1542	107856	0	
1	 10	 1	 1	sample37	1166	3994	1284	104636	0	
1	 10	 1	 2	sample37	1410	4238	1542	110292	0	
1	 10	 1	 3	sample37	1250	4078	1284	127260	0	
1	 10	 1	 4	sample37	742	3570	770	50904	0	
1	 10	 1	 5	sample37	522	3606	514	111024	0	
1	 10	 1	 6	control	407	3235	256	101808	0	
1	 10	 2	 1	sample38	1867	4181	2056	94874	0	
1	 10	 2	 2	sample38	1734	4048	1798	83304	0	
1	 10	 2	 3	sample38	1947	4261	2056	120328	0	
1	 10	 2	 4	sample38	1498	4068	1542	118220	0	
1	 10	 2	 5	sample38	1174	3744	1028	136210	0	
1	 10	 2	 6	control	2966	5536	3084	95090	0	
1	 10	 3	 1	sample39	2057	4113	2056	148032	0	
1	 10	 3	 2	sample39	1440	3496	1542	82240	0	
1	 10	 3	 3	sample39	1534	3334	1542	61200	0	
1	 10	 3	 4	sample39	1059	2859	1028	59400	0	
1	 10	 3	 5	sample39	682	2738	772	88408	0	
1	 10	 3	 6	control	243	2299	258	74016	0	
1	 10	 4	 1	sample40	1292	2834	1286	57054	0	
1	 10	 4	 2	sample40	618	2418	514	66600	0	
1	 10	 4	 3	sample40	1061	2861	1028	95400	0	
1	 10	 4	 4	sample40	575	2375	514	68400	0	
1	 10	 4	 5	sample40	480	2280	514	41400	0	
1	 10	 4	 6	control	2215	4271	2314	69904	0	
1	 11	 1	 1	sample41	1820	4390	2056	125930	0	
1	 11	 1	 2	sample41	1625	4195	1542	120790	0	
1	 11	 1	 3	sample41	1346	4174	1284	141400	0	
1	 11	 1	 4	sample41	1317	4145	1284	132916	0	
1	 11	 1	 5	sample41	771	3855	772	135696	0	
1	 11	 1	 6	control	57.4	3399	0	133680	0	
1	 11	 2	 1	sample42	2384	4440	1800	82240	0	
1	 11	 2	 2	sample42	1626	3682	1542	82240	0	
1	 11	 2	 3	sample42	1313	3627	1284	104130	0	
1	 11	 2	 4	sample42	1220	3534	1284	92560	0	
1	 11	 2	 5	sample42	919	3489	772	102800	0	
1	 11	 2	 6	control	2937	5507	3084	102800	0	
1	 11	 3	 1	sample43	2136	3936	2312	81000	0	
1	 11	 3	 2	sample43	2505	4305	2312	79200	0	
1	 11	 3	 3	sample43	1864	3920	2056	90464	0	
1	 11	 3	 4	sample43	1774	3830	1800	82240	0	
1	 11	 3	 5	sample43	1064	3378	1028	97188	0	
1	 11	 3	 6	control	122	2436	0	92560	0	
1	 11	 4	 1	sample44	3342	4884	3598	148032	0	
1	 11	 4	 2	sample44	2501	4043	2828	135696	0	
1	 11	 4	 3	sample44	2082	3882	2056	88200	0	
1	 11	 4	 4	sample44	1483	3539	1542	106912	0	
1	 11	 4	 5	sample44	1291	3347	1286	104856	0	
1	 11	 4	 6	control	2279	4593	2312	87932	0	
1	 12	 1	 1	sample45	1234	3546	1286	115600	0	
1	 12	 1	 2	sample45	1108	3678	1284	131070	0	
1	 12	 1	 3	sample45	987	3813	1028	121518	0	
1	 12	 1	 4	sample45	852	3936	770	67848	0	
1	 12	 1	 5	sample45	442	4040	256	129528	0	
1	 12	 1	 6	control	123	3977	0	154160	0	
1	 12	 2	 1	sample46	1703	3501	1542	71920	0	
1	 12	 2	 2	sample46	1569	3625	1542	133640	0	
1	 12	 2	 3	sample46	2081	4137	2056	102800	0	
1	 12	 2	 4	sample46	1794	4106	1800	115600	0	
1	 12	 2	 5	sample46	843	3927	770	98688	0	
1	 12	 2	 6	control	2467	5807	2570	190380	0	
1	 12	 3	 1	sample47	2765	4049	2570	47508	0	
1	 12	 3	 2	sample47	1914	3456	1798	75558	0	
1	 12	 3	 3	sample47	1419	3217	1542	138446	0	
1	 12	 3	 4	sample47	1194	2992	1286	80910	0	
1	 12	 3	 5	sample47	746	2802	770	43176	0	
1	 12	 3	 6	control	245	2557	258	92480	0	
1	 12	 4	 1	sample48	1227	2255	1028	31868	0	
1	 12	 4	 2	sample48	850	2134	772	46224	0	
1	 12	 4	 3	sample48	520	2062	514	61680	0	
1	 12	 4	 4	sample48	961	2245	1028	24396	0	
1	 12	 4	 5	sample48	372	1914	256	61680	0	
1	 12	 4	 6	control	2496	4294	2570	93496	0	
2	 1	 1	 1	sample49	2358	4414	2312	92520	0	
2	 1	 1	 2	sample49	1893	3949	1798	94576	0	
2	 1	 1	 3	sample49	1521	3577	1284	104856	0	
2	 1	 1	 4	sample49	1305	3103	1286	93496	0	
2	 1	 1	 5	sample49	1130	2928	1286	86304	0	
2	 1	 1	 6	control	328	2126	258	71920	0	
2	 1	 2	 1	sample50	2663	4719	2826	187096	0	
2	 1	 2	 2	sample50	3593	5391	3856	160022	0	
2	 1	 2	 3	sample50	3144	4942	3084	178002	0	
2	 1	 2	 4	sample50	2490	4288	2314	190588	0	
2	 1	 2	 5	sample50	2498	4296	2570	160022	0	
2	 1	 2	 6	control	3035	4833	3084	158224	0	
2	 1	 3	 1	sample51	861	2659	772	82708	0	
2	 1	 3	 2	sample51	892	2690	772	80910	0	
2	 1	 3	 3	sample51	1001	2543	1028	74016	0	
2	 1	 3	 4	sample51	547	2345	514	71920	0	
2	 1	 3	 5	sample51	698	2496	772	25172	0	
2	 1	 3	 6	control	90.5	1889	0	71920	0	
2	 1	 4	 1	sample52	971	2769	1028	71920	0	
2	 1	 4	 2	sample52	841	2383	770	61680	0	
2	 1	 4	 3	sample52	584	2126	514	61680	0	
2	 1	 4	 4	sample52	347	1889	514	61680	0	
2	 1	 4	 5	sample52	578	2120	514	61680	0	
2	 1	 4	 6	control	2211	4009	2314	71920	0	
2	 2	 1	 1	sample53	1455	3253	1286	89900	0	
2	 2	 1	 2	sample53	1369	3167	1286	77314	0	
2	 2	 1	 3	sample53	1012	2810	1028	86304	0	
2	 2	 1	 4	sample53	836	2634	772	71920	0	
2	 2	 1	 5	sample53	617	2415	772	71920	0	
2	 2	 1	 6	control	180	1978	258	71920	0	
2	 2	 2	 1	sample54	796	2594	772	75516	0	
2	 2	 2	 2	sample54	805	2603	772	82708	0	
2	 2	 2	 3	sample54	876	2674	772	75516	0	
2	 2	 2	 4	sample54	723	2521	772	75516	0	
2	 2	 2	 5	sample54	579	2377	514	71920	0	
2	 2	 2	 6	control	3262	5060	3342	109678	0	
2	 2	 3	 1	sample55	1489	3287	1542	77314	0	
2	 2	 3	 2	sample55	1516	3314	1542	88102	0	
2	 2	 3	 3	sample55	960	2758	1028	80910	0	
2	 2	 3	 4	sample55	790	2588	772	73718	0	
2	 2	 3	 5	sample55	431	2229	514	71920	0	
2	 2	 3	 6	control	0.55	1799	0	71920	0	
2	 2	 4	 1	sample56	2734	4532	2828	163618	0	
2	 2	 4	 2	sample56	1927	3725	2056	167214	0	
2	 2	 4	 3	sample56	1558	3356	1542	89900	0	
2	 2	 4	 4	sample56	823	2621	772	80910	0	
2	 2	 4	 5	sample56	624	2422	514	71920	0	
2	 2	 4	 6	control	1349	2891	1284	61680	0	
2	 3	 1	 1	sample57	1280	2822	1286	75558	0	
2	 3	 1	 2	sample57	1334	2876	1286	74016	0	
2	 3	 1	 3	sample57	968	2510	1028	72474	0	
2	 3	 1	 4	sample57	656	2198	514	75558	0	
2	 3	 1	 5	sample57	425	1967	258	61680	0	
2	 3	 1	 6	control	251	1793	258	61680	0	
2	 3	 2	 1	sample58	1882	3424	1800	81726	0	
2	 3	 2	 2	sample58	2427	3969	2570	80184	0	
2	 3	 2	 3	sample58	2042	3584	1800	80184	0	
2	 3	 2	 4	sample58	1673	3215	1542	81726	0	
2	 3	 2	 5	sample58	1346	2888	1286	78642	0	
2	 3	 2	 6	control	2555	4097	2828	127986	0	
2	 3	 3	 1	sample59	2208	3750	2314	109482	0	
2	 3	 3	 2	sample59	2082	3624	2056	78642	0	
2	 3	 3	 3	sample59	1603	2889	1542	64300	0	
2	 3	 3	 4	sample59	1169	2455	1284	51440	0	
2	 3	 3	 5	sample59	702	2244	772	74016	0	
2	 3	 3	 6	control	123	1665	258	61680	0	
2	 3	 4	 1	sample60	1692	2978	1798	59156	0	
2	 3	 4	 2	sample60	1015	2301	1028	54012	0	
2	 3	 4	 3	sample60	828	2114	770	51440	0	
2	 3	 4	 4	sample60	945	2231	770	32150	0	
2	 3	 4	 5	sample60	881	2167	770	27006	0	
2	 3	 4	 6	control	1153	2439	1028	57870	0	
2	 4	 1	 1	sample61	1009	2551	1028	61680	0	
2	 4	 1	 2	sample61	1331	2873	1286	78642	0	
2	 4	 1	 3	sample61	1053	2595	1028	80184	0	
2	 4	 1	 4	sample61	744	2286	772	70932	0	
2	 4	 1	 5	sample61	624	2166	514	61680	0	
2	 4	 1	 6	control	354	1896	258	61680	0	
2	 4	 2	 1	sample62	922	2464	772	70932	0	
2	 4	 2	 2	sample62	897	2439	772	75558	0	
2	 4	 2	 3	sample62	611	2153	514	61680	0	
2	 4	 2	 4	sample62	559	2101	514	61680	0	
2	 4	 2	 5	sample62	515	2057	514	61680	0	
2	 4	 2	 6	control	2774	4316	2570	124902	0	
2	 4	 3	 1	sample63	2006	3548	2056	94062	0	
2	 4	 3	 2	sample63	2388	3930	2314	74016	0	
2	 4	 3	 3	sample63	1816	3358	1800	72474	0	
2	 4	 3	 4	sample63	1630	3172	1542	72474	0	
2	 4	 3	 5	sample63	993	2535	1028	78642	0	
2	 4	 3	 6	control	238	1780	258	61680	0	
2	 4	 4	 1	sample64	1040	2582	1028	69390	0	
2	 4	 4	 2	sample64	828	2114	770	51440	0	
2	 4	 4	 3	sample64	431	1973	258	61680	0	
2	 4	 4	 4	sample64	322	1864	258	61680	0	
2	 4	 4	 5	sample64	393	1935	258	61680	0	
2	 4	 4	 6	control	1221	2763	1286	61680	0	
2	 5	 1	 1	sample65	1237	2521	1028	53928	0	
2	 5	 1	 2	sample65	1492	2776	1542	65484	0	
2	 5	 1	 3	sample65	1664	2948	1542	24396	0	
2	 5	 1	 4	sample65	829	2113	772	51360	0	
2	 5	 1	 5	sample65	720	2004	514	51360	0	
2	 5	 1	 6	control	444	1728	258	51360	0	
2	 5	 2	 1	sample66	1653	2937	1542	65484	0	
2	 5	 2	 2	sample66	2137	3421	2056	61632	0	
2	 5	 2	 3	sample66	1502	2786	1542	65484	0	
2	 5	 2	 4	sample66	1437	2721	1542	28248	0	
2	 5	 2	 5	sample66	1106	2390	1028	55212	0	
2	 5	 2	 6	control	2873	4157	2828	80892	0	
2	 5	 3	 1	sample67	1674	2958	1542	57780	0	
2	 5	 3	 2	sample67	1360	2644	1286	61632	0	
2	 5	 3	 3	sample67	1196	2480	1028	51360	0	
2	 5	 3	 4	sample67	720	2004	514	51360	0	
2	 5	 3	 5	sample67	476	1760	258	51360	0	
2	 5	 3	 6	control	257	1541	258	51360	0	
2	 5	 4	 1	sample68	5106	6390	5654	105288	0	
2	 5	 4	 2	sample68	2717	4001	2828	101436	0	
2	 5	 4	 3	sample68	3444	4728	3342	115560	0	
2	 5	 4	 4	sample68	2282	3566	2314	62916	0	
2	 5	 4	 5	sample68	1384	2668	1542	66768	0	
2	 5	 4	 6	control	1016	2300	1028	51360	0	
2	 6	 1	 1	sample69	1295	2837	1284	72474	0	
2	 6	 1	 2	sample69	1414	2698	1542	59064	0	
2	 6	 1	 3	sample69	1152	2694	1028	57054	0	
2	 6	 1	 4	sample69	961	2245	1028	59064	0	
2	 6	 1	 5	sample69	599	2141	514	27756	0	
2	 6	 1	 6	control	398	1940	256	61680	0	
2	 6	 2	 1	sample70	1369	2653	1286	62916	0	
2	 6	 2	 2	sample70	1494	2778	1542	61632	0	
2	 6	 2	 3	sample70	1221	2505	1286	51360	0	
2	 6	 2	 4	sample70	941	2225	1028	64200	0	
2	 6	 2	 5	sample70	748	2032	772	42372	0	
2	 6	 2	 6	control	2633	3917	2828	84744	0	
2	 6	 3	 1	sample71	2230	3514	2314	55212	0	
2	 6	 3	 2	sample71	1767	3051	1800	51360	0	
2	 6	 3	 3	sample71	1549	2833	1542	50076	0	
2	 6	 3	 4	sample71	1073	2357	1028	59064	0	
2	 6	 3	 5	sample71	604	1888	514	51360	0	
2	 6	 3	 6	control	-31.49	1253	-255.99	51360	0	
2	 6	 4	 1	sample72	2556	4098	2570	141864	0	
2	 6	 4	 2	sample72	1701	2985	1800	110424	0	
2	 6	 4	 3	sample72	1800	3084	1800	55212	0	
2	 6	 4	 4	sample72	1164	2448	1028	21828	0	
2	 6	 4	 5	sample72	701	1985	772	51360	0	
2	 6	 4	 6	control	675	1959	514	51360	0	
2	 7	 1	 1	sample73	2036	4092	2056	230272	0	
2	 7	 1	 2	sample73	2767	4823	2828	156256	0	
2	 7	 1	 3	sample73	2883	4939	2828	94576	0	
2	 7	 1	 4	sample73	1999	3799	2056	90000	0	
2	 7	 1	 5	sample73	1769	3569	1798	79200	0	
2	 7	 1	 6	control	584	2384	514	72000	0	
2	 7	 2	 1	sample74	728	2528	770	64800	0	
2	 7	 2	 2	sample74	1180	2980	1028	88200	0	
2	 7	 2	 3	sample74	796	2596	770	72000	0	
2	 7	 2	 4	sample74	675	2475	770	82800	0	
2	 7	 2	 5	sample74	623	2423	514	72000	0	
2	 7	 2	 6	control	2862	4662	3084	118800	0	
2	 7	 3	 1	sample75	600	2142	258	55512	0	
2	 7	 3	 2	sample75	607	2149	514	55512	0	
2	 7	 3	 3	sample75	617	2159	514	61680	0	
2	 7	 3	 4	sample75	540	2082	514	61680	0	
2	 7	 3	 5	sample75	425	1967	258	61680	0	
2	 7	 3	 6	control	380	1922	258	61680	0	
2	 7	 4	 1	sample76	2174	3716	2056	70932	0	
2	 7	 4	 2	sample76	1467	3009	1286	63222	0	
2	 7	 4	 3	sample76	874	2416	772	53970	0	
2	 7	 4	 4	sample76	507	2049	514	55512	0	
2	 7	 4	 5	sample76	507	2049	258	55512	0	
2	 7	 4	 6	control	1186	2728	1028	67848	0	
2	 8	 1	 1	sample77	2768	4824	2828	185040	0	
2	 8	 1	 2	sample77	3243	5299	3598	193264	0	
2	 8	 1	 3	sample77	3457	5257	3598	151200	0	
2	 8	 1	 4	sample77	2764	4564	2826	81000	0	
2	 8	 1	 5	sample77	1717	3517	1798	79200	0	
2	 8	 1	 6	control	38.2	1838	0	72000	0	
2	 8	 2	 1	sample78	1255	3055	1284	79200	0	
2	 8	 2	 2	sample78	1150	2950	1028	72000	0	
2	 8	 2	 3	sample78	963	2763	770	64800	0	
2	 8	 2	 4	sample78	642	2442	514	61200	0	
2	 8	 2	 5	sample78	564	2364	514	64800	0	
2	 8	 2	 6	control	2544	4086	2570	104856	0	
2	 8	 3	 1	sample79	2005	3805	2056	73800	0	
2	 8	 3	 2	sample79	1779	3579	1798	46800	0	
2	 8	 3	 3	sample79	1350	3150	1284	84600	0	
2	 8	 3	 4	sample79	1330	2872	1542	70932	0	
2	 8	 3	 5	sample79	689	2489	770	39600	0	
2	 8	 3	 6	control	341	1883	258	52428	0	
2	 8	 4	 1	sample80	718	2518	770	79200	0	
2	 8	 4	 2	sample80	598	2140	514	61680	0	
2	 8	 4	 3	sample80	579	2121	514	43176	0	
2	 8	 4	 4	sample80	596	2138	514	33924	0	
2	 8	 4	 5	sample80	496	2038	514	43176	0	
2	 8	 4	 6	control	1312	3112	1284	50400	0	
2	 9	 1	 1	sample81	2421	4221	2312	81000	0	
2	 9	 1	 2	sample81	1773	3573	1798	72000	0	
2	 9	 1	 3	sample81	1323	3123	1542	72000	0	
2	 9	 1	 4	sample81	939	2739	1028	63000	0	
2	 9	 1	 5	sample81	746	2546	770	55800	0	
2	 9	 1	 6	control	481	2281	256	72000	0	
2	 9	 2	 1	sample82	995	2795	1028	72000	0	
2	 9	 2	 2	sample82	1991	3791	2056	72000	0	
2	 9	 2	 3	sample82	1886	3686	1542	79200	0	
2	 9	 2	 4	sample82	1811	3611	1798	72000	0	
2	 9	 2	 5	sample82	1342	3142	1284	55800	0	
2	 9	 2	 6	control	3443	5243	3598	117000	0	
2	 9	 3	 1	sample83	2312	4112	2312	30600	0	
2	 9	 3	 2	sample83	1724	3524	1798	68400	0	
2	 9	 3	 3	sample83	1246	3046	1284	72000	0	
2	 9	 3	 4	sample83	968	2510	1028	52428	0	
2	 9	 3	 5	sample83	994	2536	1028	46260	0	
2	 9	 3	 6	control	290	1832	258	61680	0	
2	 9	 4	 1	sample84	2263	4063	2312	64800	0	
2	 9	 4	 2	sample84	1917	3459	2056	70932	0	
2	 9	 4	 3	sample84	1168	2968	1028	75600	0	
2	 9	 4	 4	sample84	1157	2699	1028	74016	0	
2	 9	 4	 5	sample84	630	2172	514	61680	0	
2	 9	 4	 6	control	1376	2918	1286	61680	0	
2	 10	 1	 1	sample85	3016	5072	3084	86352	0	
2	 10	 1	 2	sample85	2557	4613	2826	166536	0	
2	 10	 1	 3	sample85	2704	4760	2826	94576	0	
2	 10	 1	 4	sample85	1595	3907	1542	113288	0	
2	 10	 1	 5	sample85	1280	3592	1286	106352	0	
2	 10	 1	 6	control	315	2627	258	92480	0	
2	 10	 2	 1	sample86	1190	3246	1284	84296	0	
2	 10	 2	 2	sample86	1363	3419	1284	94576	0	
2	 10	 2	 3	sample86	1424	3222	1542	93496	0	
2	 10	 2	 4	sample86	980	3036	770	100744	0	
2	 10	 2	 5	sample86	1060	3116	1028	82240	0	
2	 10	 2	 6	control	2314	4626	2314	143344	0	
2	 10	 3	 1	sample87	1208	3006	1286	89900	0	
2	 10	 3	 2	sample87	956	2754	772	82708	0	
2	 10	 3	 3	sample87	958	2756	772	71920	0	
2	 10	 3	 4	sample87	558	2614	514	82240	0	
2	 10	 3	 5	sample87	726	2782	514	82240	0	
2	 10	 3	 6	control	424	2480	256	82240	0	
2	 10	 4	 1	sample88	1928	3726	1800	71920	0	
2	 10	 4	 2	sample88	1371	3169	1286	75516	0	
2	 10	 4	 3	sample88	1275	3073	1028	84506	0	
2	 10	 4	 4	sample88	977	2775	1028	71920	0	
2	 10	 4	 5	sample88	1064	3120	1028	43176	0	
2	 10	 4	 6	control	1753	3809	1798	82240	0	
2	 11	 1	 1	sample89	2821	4621	2826	91800	0	
2	 11	 1	 2	sample89	2773	4573	2570	95400	0	
2	 11	 1	 3	sample89	2024	3824	2056	88200	0	
2	 11	 1	 4	sample89	1265	3321	1028	102800	0	
2	 11	 1	 5	sample89	1222	3022	1284	59400	0	
2	 11	 1	 6	control	96.9	2153	0	82240	0	
2	 11	 2	 1	sample90	2600	4400	2570	75600	0	
2	 11	 2	 2	sample90	2465	4265	2312	88200	0	
2	 11	 2	 3	sample90	2318	4118	2312	90000	0	
2	 11	 2	 4	sample90	2046	3846	2056	95400	0	
2	 11	 2	 5	sample90	1592	3392	1542	91800	0	
2	 11	 2	 6	control	3120	4920	3340	113400	0	
2	 11	 3	 1	sample91	1462	3004	1542	78642	0	
2	 11	 3	 2	sample91	1134	2676	1028	78642	0	
2	 11	 3	 3	sample91	996	2538	772	74016	0	
2	 11	 3	 4	sample91	804	2346	772	61680	0	
2	 11	 3	 5	sample91	450	1992	514	61680	0	
2	 11	 3	 6	control	142	1684	0	61680	0	
2	 11	 4	 1	sample92	1455	2997	1286	72474	0	
2	 11	 4	 2	sample92	1663	2949	1542	48868	0	
2	 11	 4	 3	sample92	1269	2555	1284	64300	0	
2	 11	 4	 4	sample92	643	2185	772	61680	0	
2	 11	 4	 5	sample92	457	1999	514	61680	0	
2	 11	 4	 6	control	1780	3322	1800	103314	0	
2	 12	 1	 1	sample93	1689	4259	1800	125930	0	
2	 12	 1	 2	sample93	1928	4498	1800	102800	0	
2	 12	 1	 3	sample93	1414	3984	1286	82240	0	
2	 12	 1	 4	sample93	681	3509	514	113120	0	
2	 12	 1	 5	sample93	770	3598	770	65044	0	
2	 12	 1	 6	control	290	3374	258	123360	0	
2	 12	 2	 1	sample94	1839	4409	1800	118220	0	
2	 12	 2	 2	sample94	2488	5058	2828	136210	0	
2	 12	 2	 3	sample94	2559	5129	2570	115650	0	
2	 12	 2	 4	sample94	2158	4728	2314	110510	0	
2	 12	 2	 5	sample94	1535	4363	1542	115948	0	
2	 12	 2	 6	control	2533	5617	2828	169620	0	
2	 12	 3	 1	sample95	1500	3814	1542	71734	0	
2	 12	 3	 2	sample95	1028	3342	1028	80990	0	
2	 12	 3	 3	sample95	1387	3701	1284	92560	0	
2	 12	 3	 4	sample95	936	3250	1028	64792	0	
2	 12	 3	 5	sample95	373	2943	514	102800	0	
2	 12	 3	 6	control	167	2995	256	113120	0	
2	 12	 4	 1	sample96	973	3029	1028	94576	0	
2	 12	 4	 2	sample96	800	2856	772	92520	0	
2	 12	 4	 3	sample96	680	2994	770	92560	0	
2	 12	 4	 4	sample96	353	2667	514	92560	0	
2	 12	 4	 5	sample96	456	2770	514	92560	0	
2	 12	 4	 6	control	2752	5580	2826	127260	0	
3	 1	 1	 1	sample97	2141	4197	2314	106912	0	
3	 1	 1	 2	sample97	2328	3870	2314	81726	0	
3	 1	 1	 3	sample97	1471	3013	1542	72474	0	
3	 1	 1	 4	sample97	1201	2487	1028	59156	0	
3	 1	 1	 5	sample97	957	2243	1028	51440	0	
3	 1	 1	 6	control	212	1498	256	51440	0	
3	 1	 2	 1	sample98	4655	6711	5398	148032	0	
3	 1	 2	 2	sample98	3854	5654	4626	160200	0	
3	 1	 2	 3	sample98	1375	2917	1286	61680	0	
3	 1	 2	 4	sample98	2366	3652	2312	68158	0	
3	 1	 2	 5	sample98	1834	3376	2056	80184	0	
3	 1	 2	 6	control	2072	3358	2312	120884	0	
3	 1	 3	 1	sample99	2715	4771	2570	102800	0	
3	 1	 3	 2	sample99	2134	3934	2056	88200	0	
3	 1	 3	 3	sample99	2391	3933	2314	77100	0	
3	 1	 3	 4	sample99	1553	3095	1542	74016	0	
3	 1	 3	 5	sample99	1512	2798	1284	66872	0	
3	 1	 3	 6	control	128	1414	0	51440	0	
3	 1	 4	 1	sample100	2756	4812	2570	102800	0	
3	 1	 4	 2	sample100	2361	4161	2312	95400	0	
3	 1	 4	 3	sample100	1620	3162	1542	81726	0	
3	 1	 4	 4	sample100	1241	2527	1284	68158	0	
3	 1	 4	 5	sample100	700	1986	770	51440	0	
3	 1	 4	 6	control	1995	3281	2056	82304	0	
3	 2	 1	 1	sample101	2099	3385	2056	60442	0	
3	 2	 1	 2	sample101	1938	3224	2056	61728	0	
3	 2	 1	 3	sample101	1440	2726	1284	55298	0	
3	 2	 1	 4	sample101	1015	2301	1028	51440	0	
3	 2	 1	 5	sample101	878	2164	770	64300	0	
3	 2	 1	 6	control	6.95	1549	0	61680	0	
3	 2	 2	 1	sample102	1481	2767	1542	65586	0	
3	 2	 2	 2	sample102	1206	2492	1028	63014	0	
3	 2	 2	 3	sample102	886	2172	1028	63014	0	
3	 2	 2	 4	sample102	694	1980	514	51440	0	
3	 2	 2	 5	sample102	431	1973	514	61680	0	
3	 2	 2	 6	control	2968	4510	3342	132612	0	
3	 2	 3	 1	sample103	2864	4150	3084	106738	0	
3	 2	 3	 2	sample103	2025	3567	2056	151116	0	
3	 2	 3	 3	sample103	2019	3561	1800	74016	0	
3	 2	 3	 4	sample103	1947	3233	1798	66872	0	
3	 2	 3	 5	sample103	1029	2571	1028	77100	0	
3	 2	 3	 6	control	71.9	1614	0	55512	0	
3	 2	 4	 1	sample104	1888	3174	1798	59156	0	
3	 2	 4	 2	sample104	937	2479	1028	74016	0	
3	 2	 4	 3	sample104	801	2343	772	66306	0	
3	 2	 4	 4	sample104	450	1992	258	55512	0	
3	 2	 4	 5	sample104	625	2167	514	32382	0	
3	 2	 4	 6	control	1701	3243	1542	80184	0	
3	 3	 1	 1	sample105	1906	3448	1800	81726	0	
3	 3	 1	 2	sample105	1430	2716	1542	133744	0	
3	 3	 1	 3	sample105	928	2214	1028	119598	0	
3	 3	 1	 4	sample105	648	1934	514	51440	0	
3	 3	 1	 5	sample105	642	1928	770	54012	0	
3	 3	 1	 6	control	398	1684	256	51440	0	
3	 3	 2	 1	sample106	1157	2699	1286	104856	0	
3	 3	 2	 2	sample106	1116	2402	1028	66872	0	
3	 3	 2	 3	sample106	952	2238	770	65586	0	
3	 3	 2	 4	sample106	494	1780	514	51440	0	
3	 3	 2	 5	sample106	759	2045	770	28292	0	
3	 3	 2	 6	control	2306	3592	2570	99022	0	
3	 3	 3	 1	sample107	888	2430	772	64764	0	
3	 3	 3	 2	sample107	712	1998	770	56584	0	
3	 3	 3	 3	sample107	646	1932	514	45010	0	
3	 3	 3	 4	sample107	205	1491	256	51440	0	
3	 3	 3	 5	sample107	302	1588	256	51440	0	
3	 3	 3	 6	control	76.5	1363	0	51440	0	
3	 3	 4	 1	sample108	1155	2697	1286	127986	0	
3	 3	 4	 2	sample108	846	2388	772	74016	0	
3	 3	 4	 3	sample108	1002	2288	1028	25720	0	
3	 3	 4	 4	sample108	481	1767	514	51440	0	
3	 3	 4	 5	sample108	488	1774	514	51440	0	
3	 3	 4	 6	control	1684	2970	1542	57870	0	
3	 4	 1	 1	sample109	2096	3638	2056	166536	0	
3	 4	 1	 2	sample109	3864	5406	3854	127986	0	
3	 4	 1	 3	sample109	2987	4529	2826	140322	0	
3	 4	 1	 4	sample109	1878	3676	1800	88102	0	
3	 4	 1	 5	sample109	1679	3477	1542	84506	0	
3	 4	 1	 6	control	270	2068	258	71920	0	
3	 4	 2	 1	sample110	732	2274	770	61680	0	
3	 4	 2	 2	sample110	865	2407	770	29298	0	
3	 4	 2	 3	sample110	719	2261	770	61680	0	
3	 4	 2	 4	sample110	430	1972	514	61680	0	
3	 4	 2	 5	sample110	443	1985	256	61680	0	
3	 4	 2	 6	control	2815	4613	2828	113274	0	
3	 4	 3	 1	sample111	1113	2655	1028	60138	0	
3	 4	 3	 2	sample111	1558	3100	1542	70932	0	
3	 4	 3	 3	sample111	1044	2586	1028	74016	0	
3	 4	 3	 4	sample111	912	2454	770	61680	0	
3	 4	 3	 5	sample111	674	2216	770	61680	0	
3	 4	 3	 6	control	89.6	1632	0	61680	0	
3	 4	 4	 1	sample112	2698	4240	2570	24672	0	
3	 4	 4	 2	sample112	1358	3156	1286	82708	0	
3	 4	 4	 3	sample112	1477	3019	1284	67848	0	
3	 4	 4	 4	sample112	668	2210	514	61680	0	
3	 4	 4	 5	sample112	1028	2570	1028	29298	0	
3	 4	 4	 6	control	1330	2872	1284	61680	0	
3	 5	 1	 1	sample113	1909	3707	1800	71920	0	
3	 5	 1	 2	sample113	2628	4170	2826	121818	0	
3	 5	 1	 3	sample113	2350	4148	2314	75516	0	
3	 5	 1	 4	sample113	1690	3232	1542	80184	0	
3	 5	 1	 5	sample113	1304	2846	1284	61680	0	
3	 5	 1	 6	control	142	1940	0	71920	0	
3	 5	 2	 1	sample114	1634	3176	1542	55512	0	
3	 5	 2	 2	sample114	1942	3484	1798	77100	0	
3	 5	 2	 3	sample114	1408	3206	1542	79112	0	
3	 5	 2	 4	sample114	1171	2713	1284	77100	0	
3	 5	 2	 5	sample114	976	2518	1028	61680	0	
3	 5	 2	 6	control	3021	4563	2826	114108	0	
3	 5	 3	 1	sample115	1834	3376	1798	66306	0	
3	 5	 3	 2	sample115	1701	3243	1542	77100	0	
3	 5	 3	 3	sample115	1080	2878	1028	80910	0	
3	 5	 3	 4	sample115	758	2300	770	61680	0	
3	 5	 3	 5	sample115	745	2287	770	61680	0	
3	 5	 3	 6	control	0.55	1799	-255.99	71920	0	
3	 5	 4	 1	sample116	1574	3116	1542	49344	0	
3	 5	 4	 2	sample116	1010	2552	1028	66306	0	
3	 5	 4	 3	sample116	873	2415	770	61680	0	
3	 5	 4	 4	sample116	700	2242	514	61680	0	
3	 5	 4	 5	sample116	437	2235	258	71920	0	
3	 5	 4	 6	control	964	2762	1028	71920	0	
3	 6	 1	 1	sample117	1674	3216	1800	60138	0	
3	 6	 1	 2	sample117	2504	3790	2570	91306	0	
3	 6	 1	 3	sample117	1744	3286	1800	70932	0	
3	 6	 1	 4	sample117	1015	2557	1028	60138	0	
3	 6	 1	 5	sample117	1273	2815	1286	32382	0	
3	 6	 1	 6	control	322	1864	258	61680	0	
3	 6	 2	 1	sample118	508	2050	514	61680	0	
3	 6	 2	 2	sample118	1676	3218	1542	77100	0	
3	 6	 2	 3	sample118	1520	3062	1542	70932	0	
3	 6	 2	 4	sample118	1277	2563	1284	42438	0	
3	 6	 2	 5	sample118	1053	2339	1028	51440	0	
3	 6	 2	 6	control	3002	4544	3342	90978	0	
3	 6	 3	 1	sample119	1007	2293	1028	48868	0	
3	 6	 3	 2	sample119	1021	2307	1028	52726	0	
3	 6	 3	 3	sample119	732	2018	770	51440	0	
3	 6	 3	 4	sample119	456	1742	514	51440	0	
3	 6	 3	 5	sample119	168	1710	258	61680	0	
3	 6	 3	 6	control	270	1812	258	61680	0	
3	 6	 4	 1	sample120	1940	3226	2056	51440	0	
3	 6	 4	 2	sample120	1590	3132	1542	66306	0	
3	 6	 4	 3	sample120	1190	2476	1284	52726	0	
3	 6	 4	 4	sample120	899	2185	770	38580	0	
3	 6	 4	 5	sample120	444	1986	258	61680	0	
3	 6	 4	 6	control	1377	2919	1542	64764	0	
3	 7	 1	 1	sample121	2745	4029	2570	60348	0	
3	 7	 1	 2	sample121	2561	3845	2570	105288	0	
3	 7	 1	 3	sample121	2486	3770	2314	66768	0	
3	 7	 1	 4	sample121	1448	2732	1542	62916	0	
3	 7	 1	 5	sample121	1291	2575	1286	59064	0	
3	 7	 1	 6	control	154	1696	256	61680	0	
3	 7	 2	 1	sample122	823	2107	772	51360	0	
3	 7	 2	 2	sample122	617	1901	514	51360	0	
3	 7	 2	 3	sample122	489	1773	514	51360	0	
3	 7	 2	 4	sample122	213	1497	258	51360	0	
3	 7	 2	 5	sample122	219	1503	258	51360	0	
3	 7	 2	 6	control	2146	3688	2312	109482	0	
3	 7	 3	 1	sample123	2995	4279	3084	59064	0	
3	 7	 3	 2	sample123	2495	3779	2570	65484	0	
3	 7	 3	 3	sample123	1968	2996	2056	51400	0	
3	 7	 3	 4	sample123	1514	2542	1542	47288	0	
3	 7	 3	 5	sample123	791	2075	772	68052	0	
3	 7	 3	 6	control	39.2	1323	0	51360	0	
3	 7	 4	 1	sample124	1291	2575	1286	57780	0	
3	 7	 4	 2	sample124	765	2049	772	51360	0	
3	 7	 4	 3	sample124	469	1753	514	51360	0	
3	 7	 4	 4	sample124	309	1593	258	51360	0	
3	 7	 4	 5	sample124	277	1561	258	51360	0	
3	 7	 4	 6	control	1562	2846	1542	51360	0	
3	 8	 1	 1	sample125	2409	3951	2570	160368	0	
3	 8	 1	 2	sample125	2829	4371	2826	138780	0	
3	 8	 1	 3	sample125	2474	3758	2570	98868	0	
3	 8	 1	 4	sample125	1730	3014	1800	100152	0	
3	 8	 1	 5	sample125	1902	3186	1542	51360	0	
3	 8	 1	 6	control	232	1516	258	51360	0	
3	 8	 2	 1	sample126	2287	3829	2312	77100	0	
3	 8	 2	 2	sample126	2128	3670	2312	131070	0	
3	 8	 2	 3	sample126	2371	3655	2314	115560	0	
3	 8	 2	 4	sample126	2355	3639	2314	64200	0	
3	 8	 2	 5	sample126	1913	3197	1800	64200	0	
3	 8	 2	 6	control	2611	4153	2826	123360	0	
3	 8	 3	 1	sample127	1307	2849	1284	70932	0	
3	 8	 3	 2	sample127	1447	2731	1542	59064	0	
3	 8	 3	 3	sample127	897	2181	772	62916	0	
3	 8	 3	 4	sample127	867	2151	772	34668	0	
3	 8	 3	 5	sample127	514	1798	514	51360	0	
3	 8	 3	 6	control	50.3	1334	0	46224	0	
3	 8	 4	 1	sample128	2765	4049	2828	125832	0	
3	 8	 4	 2	sample128	1795	3337	1798	109482	0	
3	 8	 4	 3	sample128	2280	3564	2314	59064	0	
3	 8	 4	 4	sample128	1154	2438	1028	52644	0	
3	 8	 4	 5	sample128	1001	2285	772	47508	0	
3	 8	 4	 6	control	1578	2862	1542	55212	0	
3	 9	 1	 1	sample129	996	2794	1028	71920	0	
3	 9	 1	 2	sample129	1411	3209	1286	91698	0	
3	 9	 1	 3	sample129	821	2619	772	84506	0	
3	 9	 1	 4	sample129	649	2447	514	71920	0	
3	 9	 1	 5	sample129	386	2184	258	71920	0	
3	 9	 1	 6	control	290	2088	258	71920	0	
3	 9	 2	 1	sample130	2639	4437	2828	88102	0	
3	 9	 2	 2	sample130	2828	4626	3084	138446	0	
3	 9	 2	 3	sample130	3029	4827	3084	151032	0	
3	 9	 2	 4	sample130	2539	4337	2570	88102	0	
3	 9	 2	 5	sample130	2693	4491	2828	82708	0	
3	 9	 2	 6	control	1791	3589	1542	172608	0	
3	 9	 3	 1	sample131	1099	2897	1028	71920	0	
3	 9	 3	 2	sample131	1297	3095	1286	39556	0	
3	 9	 3	 3	sample131	842	2640	772	71920	0	
3	 9	 3	 4	sample131	790	2332	770	61680	0	
3	 9	 3	 5	sample131	533	2075	514	61680	0	
3	 9	 3	 6	control	276	1818	256	61680	0	
3	 9	 4	 1	sample132	2025	3823	2056	160022	0	
3	 9	 4	 2	sample132	1803	3601	1800	125860	0	
3	 9	 4	 3	sample132	2008	3806	2056	192386	0	
3	 9	 4	 4	sample132	1590	3132	1542	74016	0	
3	 9	 4	 5	sample132	1130	2672	1028	69390	0	
3	 9	 4	 6	control	1473	3015	1284	63222	0	
3	 10	 1	 1	sample133	2365	4163	2314	71920	0	
3	 10	 1	 2	sample133	2102	3900	2314	143840	0	
3	 10	 1	 3	sample133	2260	3802	2312	60138	0	
3	 10	 1	 4	sample133	1211	3009	1286	80910	0	
3	 10	 1	 5	sample133	853	2651	1028	79112	0	
3	 10	 1	 6	control	411	1953	256	61680	0	
3	 10	 2	 1	sample134	1727	3525	1800	82708	0	
3	 10	 2	 2	sample134	1811	3609	1800	82708	0	
3	 10	 2	 3	sample134	1596	3138	1542	72474	0	
3	 10	 2	 4	sample134	855	2653	772	71920	0	
3	 10	 2	 5	sample134	872	2670	772	73718	0	
3	 10	 2	 6	control	2329	4127	2570	116870	0	
3	 10	 3	 1	sample135	1503	3045	1284	61680	0	
3	 10	 3	 2	sample135	1744	3286	1798	72474	0	
3	 10	 3	 3	sample135	1060	2602	1028	61680	0	
3	 10	 3	 4	sample135	995	2537	1028	61680	0	
3	 10	 3	 5	sample135	495	2293	258	71920	0	
3	 10	 3	 6	control	64.7	1863	0	71920	0	
3	 10	 4	 1	sample136	738	2280	770	37008	0	
3	 10	 4	 2	sample136	758	2300	770	61680	0	
3	 10	 4	 3	sample136	571	2113	514	61680	0	
3	 10	 4	 4	sample136	398	1940	256	61680	0	
3	 10	 4	 5	sample136	515	2313	514	71920	0	
3	 10	 4	 6	control	1456	3254	1286	127658	0	
3	 11	 1	 1	sample137	1537	3335	1542	152830	0	
3	 11	 1	 2	sample137	1850	3648	2056	91698	0	
3	 11	 1	 3	sample137	1419	3217	1542	89900	0	
3	 11	 1	 4	sample137	978	2776	1028	82708	0	
3	 11	 1	 5	sample137	579	2377	514	71920	0	
3	 11	 1	 6	control	129	1927	258	71920	0	
3	 11	 2	 1	sample138	817	2615	772	71920	0	
3	 11	 2	 2	sample138	994	2792	1028	66526	0	
3	 11	 2	 3	sample138	842	2640	772	71920	0	
3	 11	 2	 4	sample138	418	2216	514	71920	0	
3	 11	 2	 5	sample138	405	2203	514	71920	0	
3	 11	 2	 6	control	2274	4072	2314	93496	0	
3	 11	 3	 1	sample139	617	2415	772	89900	0	
3	 11	 3	 2	sample139	761	2559	772	86304	0	
3	 11	 3	 3	sample139	678	2476	772	79112	0	
3	 11	 3	 4	sample139	502	2300	514	71920	0	
3	 11	 3	 5	sample139	225	2023	258	71920	0	
3	 11	 3	 6	control	7	1805	0	71920	0	
3	 11	 4	 1	sample140	1226	3024	1286	77314	0	
3	 11	 4	 2	sample140	688	2486	772	88102	0	
3	 11	 4	 3	sample140	801	2599	772	93496	0	
3	 11	 4	 4	sample140	665	2463	514	82708	0	
3	 11	 4	 5	sample140	643	2441	514	71920	0	
3	 11	 4	 6	control	2231	4029	2570	100688	0	
3	 12	 1	 1	sample141	787	2329	770	72474	0	
3	 12	 1	 2	sample141	1028	2570	1028	61680	0	
3	 12	 1	 3	sample141	928	2470	1028	67848	0	
3	 12	 1	 4	sample141	463	2261	514	71920	0	
3	 12	 1	 5	sample141	920	2718	772	34162	0	
3	 12	 1	 6	control	64.8	2377	0	92480	0	
3	 12	 2	 1	sample142	886	2428	770	61680	0	
3	 12	 2	 2	sample142	1039	2581	1028	33924	0	
3	 12	 2	 3	sample142	1151	2693	1028	74016	0	
3	 12	 2	 4	sample142	998	2540	1028	67848	0	
3	 12	 2	 5	sample142	559	2357	514	71920	0	
3	 12	 2	 6	control	2333	4389	2570	176816	0	
3	 12	 3	 1	sample143	707	1991	514	51360	0	
3	 12	 3	 2	sample143	499	2041	514	52428	0	
3	 12	 3	 3	sample143	423	1965	514	61680	0	
3	 12	 3	 4	sample143	301	1843	256	61680	0	
3	 12	 3	 5	sample143	174	1972	0	71920	0	
3	 12	 3	 6	control	5.9	2062	0	82240	0	
3	 12	 4	 1	sample144	1433	2975	1284	80184	0	
3	 12	 4	 2	sample144	1183	2725	1028	74016	0	
3	 12	 4	 3	sample144	687	2229	770	75558	0	
3	 12	 4	 4	sample144	585	2127	514	72474	0	
3	 12	 4	 5	sample144	277	2075	258	71920	0	
3	 12	 4	 6	control	1914	4226	2314	166464	0	
4	 1	 1	 1	sample145	978	2776	1028	73718	0	
4	 1	 1	 2	sample145	1553	3095	1542	67848	0	
4	 1	 1	 3	sample145	1131	2415	1028	51360	0	
4	 1	 1	 4	sample145	527	1811	514	51360	0	
4	 1	 1	 5	sample145	404	1688	258	53928	0	
4	 1	 1	 6	control	379	1407	256	41120	0	
4	 1	 2	 1	sample146	1057	3113	1028	71960	0	
4	 1	 2	 2	sample146	919	2717	772	84506	0	
4	 1	 2	 3	sample146	920	2462	770	77100	0	
4	 1	 2	 4	sample146	714	1998	772	51360	0	
4	 1	 2	 5	sample146	883	2167	772	59064	0	
4	 1	 2	 6	control	2659	4201	2570	101772	0	
4	 1	 3	 1	sample147	1296	3866	1284	115650	0	
4	 1	 3	 2	sample147	1613	3925	1542	92480	0	
4	 1	 3	 3	sample147	960	2758	1028	80910	0	
4	 1	 3	 4	sample147	563	2361	514	75516	0	
4	 1	 3	 5	sample147	347	2145	514	71920	0	
4	 1	 3	 6	control	180	1978	258	71920	0	
4	 1	 4	 1	sample148	1394	4220	1542	107388	0	
4	 1	 4	 2	sample148	481	3051	514	102800	0	
4	 1	 4	 3	sample148	605	2917	514	92480	0	
4	 1	 4	 4	sample148	96	2152	0	82240	0	
4	 1	 4	 5	sample148	25.4	2081	0	82240	0	
4	 1	 4	 6	control	2051	4107	1798	125416	0	
4	 2	 1	 1	sample149	2718	4002	2828	96300	0	
4	 2	 1	 2	sample149	2122	3664	2056	118734	0	
4	 2	 1	 3	sample149	2045	3587	2056	77100	0	
4	 2	 1	 4	sample149	1531	3073	1542	78642	0	
4	 2	 1	 5	sample149	1039	2837	1028	86304	0	
4	 2	 1	 6	control	482	2280	514	71920	0	
4	 2	 2	 1	sample150	2244	3786	2312	69390	0	
4	 2	 2	 2	sample150	1915	3713	1800	91698	0	
4	 2	 2	 3	sample150	1315	3113	1286	93496	0	
4	 2	 2	 4	sample150	949	3005	1028	100744	0	
4	 2	 2	 5	sample150	848	2904	770	82240	0	
4	 2	 2	 6	control	2923	5235	3342	136408	0	
4	 2	 3	 1	sample151	2004	4060	2056	82240	0	
4	 2	 3	 2	sample151	1849	3905	1798	94576	0	
4	 2	 3	 3	sample151	1347	3659	1028	115600	0	
4	 2	 3	 4	sample151	1098	3410	1028	85544	0	
4	 2	 3	 5	sample151	791	3103	772	92480	0	
4	 2	 3	 6	control	179	2749	256	102800	0	
4	 2	 4	 1	sample152	1182	3494	1028	108664	0	
4	 2	 4	 2	sample152	855	3167	772	92480	0	
4	 2	 4	 3	sample152	392	2962	514	102800	0	
4	 2	 4	 4	sample152	136	2962	258	113040	0	
4	 2	 4	 5	sample152	218	3302	256	123360	0	
4	 2	 4	 6	control	2990	6074	2826	135696	0	
4	 3	 1	 1	sample153	3354	4896	3856	129528	0	
4	 3	 1	 2	sample153	4830	6372	5140	111024	0	
4	 3	 1	 3	sample153	3908	5450	3856	106398	0	
4	 3	 1	 4	sample153	2952	4494	3084	114108	0	
4	 3	 1	 5	sample153	2444	3986	2314	106398	0	
4	 3	 1	 6	control	462	1748	514	51440	0	
4	 3	 2	 1	sample154	1853	3653	1798	68400	0	
4	 3	 2	 2	sample154	2518	4318	2570	72000	0	
4	 3	 2	 3	sample154	2624	4680	2570	88408	0	
4	 3	 2	 4	sample154	2050	3850	2056	82800	0	
4	 3	 2	 5	sample154	1379	3435	1286	90464	0	
4	 3	 2	 6	control	3798	5854	4112	129528	0	
4	 3	 3	 1	sample155	1003	3059	1028	82240	0	
4	 3	 3	 2	sample155	842	2898	772	82240	0	
4	 3	 3	 3	sample155	598	2654	514	82240	0	
4	 3	 3	 4	sample155	359	2673	256	92560	0	
4	 3	 3	 5	sample155	366	2680	256	92560	0	
4	 3	 3	 6	control	32.5	2603	0	102800	0	
4	 3	 4	 1	sample156	2752	5322	2828	105370	0	
4	 3	 4	 2	sample156	1888	4716	1798	113120	0	
4	 3	 4	 3	sample156	1587	4157	1542	118220	0	
4	 3	 4	 4	sample156	791	3361	772	102800	0	
4	 3	 4	 5	sample156	282	3110	256	113120	0	
4	 3	 4	 6	control	1715	4543	1798	113120	0	
4	 4	 1	 1	sample157	2221	4277	2056	166536	0	
4	 4	 1	 2	sample157	2749	4549	2570	108000	0	
4	 4	 1	 3	sample157	2465	4007	2570	78642	0	
4	 4	 1	 4	sample157	1490	3032	1286	129528	0	
4	 4	 1	 5	sample157	1052	2594	1028	134154	0	
4	 4	 1	 6	control	335	1877	258	61680	0	
4	 4	 2	 1	sample158	1721	4549	1798	206444	0	
4	 4	 2	 2	sample158	2064	4634	2056	185040	0	
4	 4	 2	 3	sample158	2069	4639	2056	210740	0	
4	 4	 2	 4	sample158	1587	4157	1286	133640	0	
4	 4	 2	 5	sample158	1172	3486	1284	115700	0	
4	 4	 2	 6	control	3350	5664	3084	131898	0	
4	 4	 3	 1	sample159	1164	4506	1284	157074	0	
4	 4	 3	 2	sample159	934	4276	1028	137022	0	
4	 4	 3	 3	sample159	744	4086	770	160416	0	
4	 4	 3	 4	sample159	726	4068	770	133680	0	
4	 4	 3	 5	sample159	315	3913	258	143920	0	
4	 4	 3	 6	control	256	3598	256	133680	0	
4	 4	 4	 1	sample160	2404	6002	2314	183498	0	
4	 4	 4	 2	sample160	1163	4761	1286	158312	0	
4	 4	 4	 3	sample160	629	4485	770	154240	0	
4	 4	 4	 4	sample160	608	4720	514	180928	0	
4	 4	 4	 5	sample160	666	4778	772	139808	0	
4	 4	 4	 6	control	2982	7352	3084	144210	0	
4	 5	 1	 1	sample161	1956	3498	2056	78642	0	
4	 5	 1	 2	sample161	1571	3113	1542	151116	0	
4	 5	 1	 3	sample161	1317	2859	1286	138780	0	
4	 5	 1	 4	sample161	1067	2609	1028	72474	0	
4	 5	 1	 5	sample161	751	2293	772	77100	0	
4	 5	 1	 6	control	90.5	1633	0	61680	0	
4	 5	 2	 1	sample162	1205	3519	1284	60164	0	
4	 5	 2	 2	sample162	1156	3470	1028	55536	0	
4	 5	 2	 3	sample162	906	2962	772	82240	0	
4	 5	 2	 4	sample162	688	2744	772	82240	0	
4	 5	 2	 5	sample162	470	2526	514	82240	0	
4	 5	 2	 6	control	2820	4876	3084	135696	0	
4	 5	 3	 1	sample163	2101	5699	2056	143920	0	
4	 5	 3	 2	sample163	1573	4915	1542	160416	0	
4	 5	 3	 3	sample163	1331	4673	1284	110286	0	
4	 5	 3	 4	sample163	977	4061	1028	123360	0	
4	 5	 3	 5	sample163	803	3631	770	113120	0	
4	 5	 3	 6	control	167	2995	0	113120	0	
4	 5	 4	 1	sample164	3548	8174	3598	351576	0	
4	 5	 4	 2	sample164	2525	7151	2570	235926	0	
4	 5	 4	 3	sample164	3200	7570	2312	231610	0	
4	 5	 4	 4	sample164	1227	5597	1284	174800	0	
4	 5	 4	 5	sample164	1203	5315	1286	217936	0	
4	 5	 4	 6	control	2863	6975	3084	180928	0	
4	 6	 1	 1	sample165	1860	3658	1800	106082	0	
4	 6	 1	 2	sample165	2044	3586	1798	134154	0	
4	 6	 1	 3	sample165	1633	3175	1542	117192	0	
4	 6	 1	 4	sample165	1290	2832	1284	70932	0	
4	 6	 1	 5	sample165	795	2337	1028	49344	0	
4	 6	 1	 6	control	218	1760	256	61680	0	
4	 6	 2	 1	sample166	637	2949	772	101728	0	
4	 6	 2	 2	sample166	1125	3181	1028	92520	0	
4	 6	 2	 3	sample166	751	2807	770	82240	0	
4	 6	 2	 4	sample166	486	2542	514	94576	0	
4	 6	 2	 5	sample166	545	2601	514	84296	0	
4	 6	 2	 6	control	2309	4365	2056	154200	0	
4	 6	 3	 1	sample167	2103	5187	2056	117192	0	
4	 6	 3	 2	sample167	1720	4546	1800	118692	0	
4	 6	 3	 3	sample167	1914	4484	1798	102800	0	
4	 6	 3	 4	sample167	1028	3598	1028	102800	0	
4	 6	 3	 5	sample167	668	3238	770	89950	0	
4	 6	 3	 6	control	250	2820	256	102800	0	
4	 6	 4	 1	sample168	1823	5935	1798	213824	0	
4	 6	 4	 2	sample168	1260	5114	1286	196554	0	
4	 6	 4	 3	sample168	642	4240	514	143920	0	
4	 6	 4	 4	sample168	450	3790	514	133600	0	
4	 6	 4	 5	sample168	385	3469	514	123360	0	
4	 6	 4	 6	control	2296	5380	2056	194292	0	
4	 7	 1	 1	sample169	424	1966	256	61680	0	
4	 7	 1	 2	sample169	1000	2542	1028	70932	0	
4	 7	 1	 3	sample169	738	2280	770	74016	0	
4	 7	 1	 4	sample169	678	2220	770	72474	0	
4	 7	 1	 5	sample169	489	2031	514	64764	0	
4	 7	 1	 6	control	379	1921	256	61680	0	
4	 7	 2	 1	sample170	1560	3358	1542	79112	0	
4	 7	 2	 2	sample170	1673	3471	1800	124062	0	
4	 7	 2	 3	sample170	1298	3096	1028	181598	0	
4	 7	 2	 4	sample170	1157	2955	1028	82708	0	
4	 7	 2	 5	sample170	829	2627	772	71920	0	
4	 7	 2	 6	control	2678	4476	2570	107880	0	
4	 7	 3	 1	sample171	2294	4606	2314	154904	0	
4	 7	 3	 2	sample171	2500	4812	2314	168776	0	
4	 7	 3	 3	sample171	1918	4230	1800	175712	0	
4	 7	 3	 4	sample171	1427	3739	1542	87856	0	
4	 7	 3	 5	sample171	1221	3533	1286	55488	0	
4	 7	 3	 6	control	148	2460	0	92480	0	
4	 7	 4	 1	sample172	1758	4842	1798	271392	0	
4	 7	 4	 2	sample172	1794	4620	1800	135648	0	
4	 7	 4	 3	sample172	1336	4162	1286	129996	0	
4	 7	 4	 4	sample172	979	3549	1028	95090	0	
4	 7	 4	 5	sample172	616	3186	514	102800	0	
4	 7	 4	 6	control	1494	4064	1284	97660	0	
4	 8	 1	 1	sample173	1958	3500	2056	77100	0	
4	 8	 1	 2	sample173	1744	3286	2056	144948	0	
4	 8	 1	 3	sample173	1723	3265	1798	78642	0	
4	 8	 1	 4	sample173	1439	2981	1542	61680	0	
4	 8	 1	 5	sample173	1349	2891	1284	61680	0	
4	 8	 1	 6	control	76.6	1619	0	61680	0	
4	 8	 2	 1	sample174	1621	3419	1542	88102	0	
4	 8	 2	 2	sample174	1612	3668	1798	104856	0	
4	 8	 2	 3	sample174	1357	3155	1286	84506	0	
4	 8	 2	 4	sample174	964	2762	1028	71920	0	
4	 8	 2	 5	sample174	765	2563	772	71920	0	
4	 8	 2	 6	control	1811	3609	1286	154628	0	
4	 8	 3	 1	sample175	2416	4728	2570	69360	0	
4	 8	 3	 2	sample175	1440	3752	1542	92480	0	
4	 8	 3	 3	sample175	1836	3892	1542	69904	0	
4	 8	 3	 4	sample175	654	2966	772	80920	0	
4	 8	 3	 5	sample175	837	2893	770	71960	0	
4	 8	 3	 6	control	109	2165	0	82240	0	
4	 8	 4	 1	sample176	1129	3699	1028	123360	0	
4	 8	 4	 2	sample176	1154	3466	1028	104040	0	
4	 8	 4	 3	sample176	707	3019	514	92480	0	
4	 8	 4	 4	sample176	534	2846	514	92480	0	
4	 8	 4	 5	sample176	412	2724	514	92480	0	
4	 8	 4	 6	control	2211	4523	2314	92480	0	
4	 9	 1	 1	sample177	1805	3347	1542	75558	0	
4	 9	 1	 2	sample177	1625	3167	1542	111024	0	
4	 9	 1	 3	sample177	1361	2903	1542	78642	0	
4	 9	 1	 4	sample177	900	2442	772	64764	0	
4	 9	 1	 5	sample177	456	2256	514	32400	0	
4	 9	 1	 6	control	160	1960	0	72000	0	
4	 9	 2	 1	sample178	1269	3069	1284	91800	0	
4	 9	 2	 2	sample178	1629	3429	1542	90000	0	
4	 9	 2	 3	sample178	1464	3264	1284	90000	0	
4	 9	 2	 4	sample178	1185	2985	1284	79200	0	
4	 9	 2	 5	sample178	800	2600	770	93600	0	
4	 9	 2	 6	control	3030	5086	3598	115136	0	
4	 9	 3	 1	sample179	1006	3320	1028	113386	0	
4	 9	 3	 2	sample179	1757	4071	1798	113386	0	
4	 9	 3	 3	sample179	1257	3571	1284	106444	0	
4	 9	 3	 4	sample179	846	3160	770	94874	0	
4	 9	 3	 5	sample179	732	3046	770	92560	0	
4	 9	 3	 6	control	167	2481	0	92560	0	
4	 9	 4	 1	sample180	1915	4485	2056	102800	0	
4	 9	 4	 2	sample180	2420	4990	2570	118220	0	
4	 9	 4	 3	sample180	1568	4138	1542	131070	0	
4	 9	 4	 4	sample180	1285	3855	1286	92520	0	
4	 9	 4	 5	sample180	959	3273	1028	113386	0	
4	 9	 4	 6	control	1530	3844	1542	99502	0	
4	 10	 1	 1	sample181	1568	3110	1798	118734	0	
4	 10	 1	 2	sample181	2540	4082	2570	106398	0	
4	 10	 1	 3	sample181	1849	3391	1798	109482	0	
4	 10	 1	 4	sample181	1662	3204	1542	72474	0	
4	 10	 1	 5	sample181	1295	2837	1284	77100	0	
4	 10	 1	 6	control	199	1741	256	61680	0	
4	 10	 2	 1	sample182	1896	3694	2056	109678	0	
4	 10	 2	 2	sample182	1749	3547	2056	127658	0	
4	 10	 2	 3	sample182	2259	4057	2314	93496	0	
4	 10	 2	 4	sample182	1893	3691	2056	79112	0	
4	 10	 2	 5	sample182	1581	3379	1542	71920	0	
4	 10	 2	 6	control	1841	3639	1542	156426	0	
4	 10	 3	 1	sample183	992	3048	1028	104856	0	
4	 10	 3	 2	sample183	871	2927	770	94576	0	
4	 10	 3	 3	sample183	1113	3169	1284	86352	0	
4	 10	 3	 4	sample183	839	2895	770	92520	0	
4	 10	 3	 5	sample183	685	2741	770	43176	0	
4	 10	 3	 6	control	76.7	2133	0	82240	0	
4	 10	 4	 1	sample184	713	2769	770	82240	0	
4	 10	 4	 2	sample184	700	2756	514	82240	0	
4	 10	 4	 3	sample184	264	2576	258	92480	0	
4	 10	 4	 4	sample184	277	2589	258	92480	0	
4	 10	 4	 5	sample184	187	2499	258	92480	0	
4	 10	 4	 6	control	1885	4197	1800	69360	0	
4	 11	 1	 1	sample185	1586	2872	1542	52726	0	
4	 11	 1	 2	sample185	1882	3168	1798	55298	0	
4	 11	 1	 3	sample185	1736	3022	1542	52726	0	
4	 11	 1	 4	sample185	938	2224	1028	55298	0	
4	 11	 1	 5	sample185	611	1897	514	54012	0	
4	 11	 1	 6	control	237	1523	256	51440	0	
4	 11	 2	 1	sample186	1337	2879	1286	77100	0	
4	 11	 2	 2	sample186	1864	3406	2056	67848	0	
4	 11	 2	 3	sample186	1668	3210	1542	60138	0	
4	 11	 2	 4	sample186	1106	2648	1028	66306	0	
4	 11	 2	 5	sample186	688	2230	514	61680	0	
4	 11	 2	 6	control	2618	4160	2828	83268	0	
4	 11	 3	 1	sample187	765	2565	770	81000	0	
4	 11	 3	 2	sample187	893	2693	1028	72000	0	
4	 11	 3	 3	sample187	546	2346	514	72000	0	
4	 11	 3	 4	sample187	476	2018	514	61680	0	
4	 11	 3	 5	sample187	218	2018	256	72000	0	
4	 11	 3	 6	control	18.8	1819	0	72000	0	
4	 11	 4	 1	sample188	700	2500	514	52200	0	
4	 11	 4	 2	sample188	460	2260	514	43200	0	
4	 11	 4	 3	sample188	115	1915	0	72000	0	
4	 11	 4	 4	sample188	-26.14	1774	0	72000	0	
4	 11	 4	 5	sample188	121	1921	256	72000	0	
4	 11	 4	 6	control	1791	3591	1798	57600	0	
4	 12	 1	 1	sample189	1149	2691	1284	140322	0	
4	 12	 1	 2	sample189	1939	3481	1798	84810	0	
4	 12	 1	 3	sample189	1177	2719	1284	121818	0	
4	 12	 1	 4	sample189	872	2670	772	64728	0	
4	 12	 1	 5	sample189	507	2563	514	82240	0	
4	 12	 1	 6	control	232	2544	258	92480	0	
4	 12	 2	 1	sample190	1080	2878	1286	89900	0	
4	 12	 2	 2	sample190	1150	2948	1286	71920	0	
4	 12	 2	 3	sample190	1059	2857	1028	89900	0	
4	 12	 2	 4	sample190	737	2535	514	66526	0	
4	 12	 2	 5	sample190	290	2602	258	92480	0	
4	 12	 2	 6	control	1884	4196	2056	161840	0	
4	 12	 3	 1	sample191	430	2486	256	82240	0	
4	 12	 3	 2	sample191	630	2686	514	90464	0	
4	 12	 3	 3	sample191	713	2769	770	82240	0	
4	 12	 3	 4	sample191	501	2813	514	87856	0	
4	 12	 3	 5	sample191	434	3004	514	107940	0	
4	 12	 3	 6	control	19.8	2846	0	113040	0	
4	 12	 4	 1	sample192	1155	2953	1028	212164	0	
4	 12	 4	 2	sample192	951	3007	1028	76072	0	
4	 12	 4	 3	sample192	546	2602	514	82240	0	
4	 12	 4	 4	sample192	353	2409	514	82240	0	
4	 12	 4	 5	sample192	502	2814	514	92480	0	
4	 12	 4	 6	control	1087	3913	1028	124344	0	
