MicroVigene	 Version	 2501
Culture	en-US
9/30/2006 10:51:05 AM
Roi Row	 4	 Roi Col	 12	 Main Row	 4	 Main Col	 6	 Sub Row	 1	 Sub Col	 1
Main Row	 Main Col	 Sub Row	 Sub Col	  GeneID	mean_net	 mean_total	 median_net	 vol_bkg	 vol_dust	 
1	 1	 1	 1	sample1	629	2429	514	72000	0	
1	 1	 1	 2	sample1	289	2089	256	72000	0	
1	 1	 1	 3	sample1	579	2121	258	61680	0	
1	 1	 1	 4	sample1	604	2146	514	61680	0	
1	 1	 1	 5	sample1	418	1960	258	61680	0	
1	 1	 1	 6	control	437	1979	258	61680	0	
1	 1	 2	 1	sample2	873	2415	772	58596	0	
1	 1	 2	 2	sample2	1070	2612	1028	57054	0	
1	 1	 2	 3	sample2	759	2301	772	64764	0	
1	 1	 2	 4	sample2	742	2028	770	57870	0	
1	 1	 2	 5	sample2	603	1889	514	51440	0	
1	 1	 2	 6	control	2683	4225	2828	109482	0	
1	 1	 3	 1	sample3	565	2365	514	72000	0	
1	 1	 3	 2	sample3	592	2134	514	61680	0	
1	 1	 3	 3	sample3	488	1774	514	51440	0	
1	 1	 3	 4	sample3	552	1838	514	51440	0	
1	 1	 3	 5	sample3	398	1684	256	51440	0	
1	 1	 3	 6	control	302	1588	0	51440	0	
1	 1	 4	 1	sample4	1286	3342	1286	96632	0	
1	 1	 4	 2	sample4	1334	2876	1286	24672	0	
1	 1	 4	 3	sample4	578	1864	514	51440	0	
1	 1	 4	 4	sample4	507	1793	256	51440	0	
1	 1	 4	 5	sample4	475	1761	256	51440	0	
1	 1	 4	 6	control	2991	4277	2570	50154	0	
1	 2	 1	 1	sample5	770	2312	770	61680	0	
1	 2	 1	 2	sample5	1011	2553	1028	24672	0	
1	 2	 1	 3	sample5	436	2234	514	64728	0	
1	 2	 1	 4	sample5	429	2227	514	64728	0	
1	 2	 1	 5	sample5	415	2213	258	64728	0	
1	 2	 1	 6	control	221	2277	0	74016	0	
1	 2	 2	 1	sample6	666	1950	514	43656	0	
1	 2	 2	 2	sample6	657	1941	514	46224	0	
1	 2	 2	 3	sample6	630	1914	772	51360	0	
1	 2	 2	 4	sample6	475	2017	514	61680	0	
1	 2	 2	 5	sample6	520	2062	514	61680	0	
1	 2	 2	 6	control	4048	5846	4626	134850	0	
1	 2	 3	 1	sample7	1336	2620	1286	65484	0	
1	 2	 3	 2	sample7	1286	2570	1286	60348	0	
1	 2	 3	 3	sample7	1157	2441	1028	51360	0	
1	 2	 3	 4	sample7	802	2344	770	37008	0	
1	 2	 3	 5	sample7	456	1998	514	61680	0	
1	 2	 3	 6	control	469	2011	514	61680	0	
1	 2	 4	 1	sample8	1676	2704	1542	47288	0	
1	 2	 4	 2	sample8	945	2229	1028	51360	0	
1	 2	 4	 3	sample8	1189	2473	1028	51360	0	
1	 2	 4	 4	sample8	578	2120	514	61680	0	
1	 2	 4	 5	sample8	565	2107	514	61680	0	
1	 2	 4	 6	control	2566	4108	2570	111024	0	
1	 3	 1	 1	sample9	1593	3135	1542	46260	0	
1	 3	 1	 2	sample9	1330	3128	1286	71920	0	
1	 3	 1	 3	sample9	791	2589	772	71920	0	
1	 3	 1	 4	sample9	642	2184	514	61680	0	
1	 3	 1	 5	sample9	713	2255	770	61680	0	
1	 3	 1	 6	control	238	2036	258	71920	0	
1	 3	 2	 1	sample10	829	2113	772	51360	0	
1	 3	 2	 2	sample10	957	2499	1028	67848	0	
1	 3	 2	 3	sample10	852	2394	770	29298	0	
1	 3	 2	 4	sample10	984	2268	772	51360	0	
1	 3	 2	 5	sample10	637	1921	514	51360	0	
1	 3	 2	 6	control	3680	5222	3854	81726	0	
1	 3	 3	 1	sample11	1488	2772	1542	60348	0	
1	 3	 3	 2	sample11	1301	2585	1286	62916	0	
1	 3	 3	 3	sample11	1107	2135	1028	40092	0	
1	 3	 3	 4	sample11	841	1869	770	41120	0	
1	 3	 3	 5	sample11	418	1702	258	51360	0	
1	 3	 3	 6	control	360	1644	258	51360	0	
1	 3	 4	 1	sample12	1344	2628	1286	61632	0	
1	 3	 4	 2	sample12	1607	2891	1800	30816	0	
1	 3	 4	 3	sample12	1126	2410	1028	53928	0	
1	 3	 4	 4	sample12	758	1786	770	41120	0	
1	 3	 4	 5	sample12	328	1612	258	51360	0	
1	 3	 4	 6	control	3374	4658	2056	60348	0	
1	 4	 1	 1	sample13	7090	9404	6682	180492	0	
1	 4	 1	 2	sample13	6310	8624	6424	175864	0	
1	 4	 1	 3	sample13	4557	6871	4626	164294	0	
1	 4	 1	 4	sample13	2350	4664	2570	127270	0	
1	 4	 1	 5	sample13	2648	4704	2570	82240	0	
1	 4	 1	 6	control	444	2500	514	82240	0	
1	 4	 2	 1	sample14	945	3001	772	82240	0	
1	 4	 2	 2	sample14	810	2866	772	82240	0	
1	 4	 2	 3	sample14	431	2487	514	82240	0	
1	 4	 2	 4	sample14	520	2320	514	72000	0	
1	 4	 2	 5	sample14	507	2307	514	72000	0	
1	 4	 2	 6	control	4234	6034	4112	113400	0	
1	 4	 3	 1	sample15	713	2513	770	72000	0	
1	 4	 3	 2	sample15	687	2487	770	72000	0	
1	 4	 3	 3	sample15	449	2249	514	72000	0	
1	 4	 3	 4	sample15	585	2127	514	61680	0	
1	 4	 3	 5	sample15	418	1960	514	61680	0	
1	 4	 3	 6	control	76.6	1877	0	72000	0	
1	 4	 4	 1	sample16	1517	3059	1542	61680	0	
1	 4	 4	 2	sample16	571	2371	514	72000	0	
1	 4	 4	 3	sample16	855	2397	772	61680	0	
1	 4	 4	 4	sample16	489	2031	514	61680	0	
1	 4	 4	 5	sample16	476	2018	514	61680	0	
1	 4	 4	 6	control	817	2359	514	61680	0	
1	 5	 1	 1	sample17	1625	3423	1542	89900	0	
1	 5	 1	 2	sample17	1291	3089	1286	82708	0	
1	 5	 1	 3	sample17	870	2668	772	61132	0	
1	 5	 1	 4	sample17	515	2313	514	64728	0	
1	 5	 1	 5	sample17	507	2305	514	64728	0	
1	 5	 1	 6	control	205	2003	258	61132	0	
1	 5	 2	 1	sample18	804	2602	772	86304	0	
1	 5	 2	 2	sample18	1316	2858	1284	75558	0	
1	 5	 2	 3	sample18	674	2216	770	61680	0	
1	 5	 2	 4	sample18	430	1972	514	61680	0	
1	 5	 2	 5	sample18	411	1953	256	61680	0	
1	 5	 2	 6	control	4980	6522	4626	77100	0	
1	 5	 3	 1	sample19	1248	2790	1284	75558	0	
1	 5	 3	 2	sample19	1010	2552	1028	66306	0	
1	 5	 3	 3	sample19	911	2453	770	50886	0	
1	 5	 3	 4	sample19	853	2137	772	52644	0	
1	 5	 3	 5	sample19	529	1813	514	46224	0	
1	 5	 3	 6	control	310	1594	258	43656	0	
1	 5	 4	 1	sample20	491	2033	514	52428	0	
1	 5	 4	 2	sample20	309	1851	256	52428	0	
1	 5	 4	 3	sample20	486	1770	514	46224	0	
1	 5	 4	 4	sample20	329	1613	258	46224	0	
1	 5	 4	 5	sample20	308	1592	258	46224	0	
1	 5	 4	 6	control	2269	3553	2056	66768	0	
1	 6	 1	 1	sample21	1020	2820	770	64800	0	
1	 6	 1	 2	sample21	980	2780	770	77400	0	
1	 6	 1	 3	sample21	656	2456	770	64800	0	
1	 6	 1	 4	sample21	621	2421	514	64800	0	
1	 6	 1	 5	sample21	379	2179	256	72000	0	
1	 6	 1	 6	control	143	2199	0	74016	0	
1	 6	 2	 1	sample22	1760	3302	1542	80184	0	
1	 6	 2	 2	sample22	2109	3909	1798	95400	0	
1	 6	 2	 3	sample22	1823	3623	1798	93600	0	
1	 6	 2	 4	sample22	809	2609	770	72000	0	
1	 6	 2	 5	sample22	978	2520	772	63222	0	
1	 6	 2	 6	control	4106	5906	3598	81000	0	
1	 6	 3	 1	sample23	464	1750	514	46296	0	
1	 6	 3	 2	sample23	350	1892	258	55512	0	
1	 6	 3	 3	sample23	329	1871	258	55512	0	
1	 6	 3	 4	sample23	437	1979	514	30840	0	
1	 6	 3	 5	sample23	264	1806	258	61680	0	
1	 6	 3	 6	control	443	1985	258	55512	0	
1	 6	 4	 1	sample24	924	2210	770	66872	0	
1	 6	 4	 2	sample24	1000	2286	1028	59156	0	
1	 6	 4	 3	sample24	979	2265	1028	61728	0	
1	 6	 4	 4	sample24	498	1784	514	43724	0	
1	 6	 4	 5	sample24	435	1721	256	46296	0	
1	 6	 4	 6	control	2408	3950	2570	58596	0	
1	 7	 1	 1	sample25	5285	7085	4626	145800	0	
1	 7	 1	 2	sample25	4292	6092	4112	145800	0	
1	 7	 1	 3	sample25	4495	6037	4626	75558	0	
1	 7	 1	 4	sample25	2475	4017	2570	70932	0	
1	 7	 1	 5	sample25	2098	3384	2056	46296	0	
1	 7	 1	 6	control	334	1620	256	51440	0	
1	 7	 2	 1	sample26	1377	2919	1286	69390	0	
1	 7	 2	 2	sample26	1780	3322	1800	61680	0	
1	 7	 2	 3	sample26	1284	2570	1284	60442	0	
1	 7	 2	 4	sample26	1040	2326	1028	51440	0	
1	 7	 2	 5	sample26	874	1902	772	41120	0	
1	 7	 2	 6	control	2922	3950	2570	78128	0	
1	 7	 3	 1	sample27	764	2050	770	51440	0	
1	 7	 3	 2	sample27	623	1909	770	51440	0	
1	 7	 3	 3	sample27	449	1735	514	51440	0	
1	 7	 3	 4	sample27	380	1408	258	41120	0	
1	 7	 3	 5	sample27	180	1208	258	41120	0	
1	 7	 3	 6	control	187	1215	258	41120	0	
1	 7	 4	 1	sample28	886	2172	770	51440	0	
1	 7	 4	 2	sample28	565	1851	514	51440	0	
1	 7	 4	 3	sample28	263	1549	256	51440	0	
1	 7	 4	 4	sample28	322	1350	258	41120	0	
1	 7	 4	 5	sample28	341	1369	258	41120	0	
1	 7	 4	 6	control	2608	3636	2570	34952	0	
1	 8	 1	 1	sample29	1834	4404	1800	133640	0	
1	 8	 1	 2	sample29	2406	4720	2312	94874	0	
1	 8	 1	 3	sample29	1554	3868	1542	94874	0	
1	 8	 1	 4	sample29	1251	3307	1286	92520	0	
1	 8	 1	 5	sample29	764	2820	772	74016	0	
1	 8	 1	 6	control	215	2271	258	74016	0	
1	 8	 2	 1	sample30	2655	4969	2570	118014	0	
1	 8	 2	 2	sample30	3790	6104	3854	101816	0	
1	 8	 2	 3	sample30	3502	5558	3598	32896	0	
1	 8	 2	 4	sample30	2080	4136	2056	88408	0	
1	 8	 2	 5	sample30	1829	3629	1798	91800	0	
1	 8	 2	 6	control	5984	7784	5910	113400	0	
1	 8	 3	 1	sample31	2079	4135	2314	94576	0	
1	 8	 3	 2	sample31	2062	4118	1800	94576	0	
1	 8	 3	 3	sample31	1447	3247	1284	73800	0	
1	 8	 3	 4	sample31	860	2660	770	72000	0	
1	 8	 3	 5	sample31	604	2146	514	61680	0	
1	 8	 3	 6	control	187	1729	258	61680	0	
1	 8	 4	 1	sample32	1021	3077	1028	74016	0	
1	 8	 4	 2	sample32	534	2590	514	82240	0	
1	 8	 4	 3	sample32	584	2384	514	72000	0	
1	 8	 4	 4	sample32	398	2198	256	72000	0	
1	 8	 4	 5	sample32	386	1928	514	61680	0	
1	 8	 4	 6	control	887	2429	772	61680	0	
1	 9	 1	 1	sample33	1650	3962	1542	110976	0	
1	 9	 1	 2	sample33	1821	4133	1800	83232	0	
1	 9	 1	 3	sample33	1304	3360	1284	82240	0	
1	 9	 1	 4	sample33	1214	3270	1284	67848	0	
1	 9	 1	 5	sample33	585	2897	514	92480	0	
1	 9	 1	 6	control	245	2557	258	92480	0	
1	 9	 2	 1	sample34	1034	3090	1028	84296	0	
1	 9	 2	 2	sample34	1588	3644	1542	102800	0	
1	 9	 2	 3	sample34	1128	3184	1028	84296	0	
1	 9	 2	 4	sample34	1095	2893	1028	89900	0	
1	 9	 2	 5	sample34	1105	2903	1028	35960	0	
1	 9	 2	 6	control	4902	6700	5140	125860	0	
1	 9	 3	 1	sample35	971	2769	1028	71920	0	
1	 9	 3	 2	sample35	694	2492	514	71920	0	
1	 9	 3	 3	sample35	899	2441	770	61680	0	
1	 9	 3	 4	sample35	661	2203	514	61680	0	
1	 9	 3	 5	sample35	571	2113	514	61680	0	
1	 9	 3	 6	control	417	1959	256	61680	0	
1	 9	 4	 1	sample36	1147	2689	1028	63222	0	
1	 9	 4	 2	sample36	790	2332	770	61680	0	
1	 9	 4	 3	sample36	1184	2726	1028	63222	0	
1	 9	 4	 4	sample36	604	2146	514	61680	0	
1	 9	 4	 5	sample36	449	1991	514	61680	0	
1	 9	 4	 6	control	1741	3283	1798	109482	0	
1	 10	 1	 1	sample37	7139	9709	6168	210740	0	
1	 10	 1	 2	sample37	7160	9730	8224	205600	0	
1	 10	 1	 3	sample37	5015	7585	4882	185040	0	
1	 10	 1	 4	sample37	4650	7220	4368	107940	0	
1	 10	 1	 5	sample37	2552	5122	2570	113080	0	
1	 10	 1	 6	control	482	3052	514	102800	0	
1	 10	 2	 1	sample38	886	2942	770	82240	0	
1	 10	 2	 2	sample38	925	2981	770	82240	0	
1	 10	 2	 3	sample38	963	3019	1028	82240	0	
1	 10	 2	 4	sample38	893	2949	770	82240	0	
1	 10	 2	 5	sample38	783	2839	770	82240	0	
1	 10	 2	 6	control	5564	7620	4882	148032	0	
1	 10	 3	 1	sample39	894	2692	772	71920	0	
1	 10	 3	 2	sample39	995	2537	1028	61680	0	
1	 10	 3	 3	sample39	560	2358	514	71920	0	
1	 10	 3	 4	sample39	405	2203	514	71920	0	
1	 10	 3	 5	sample39	360	2158	258	71920	0	
1	 10	 3	 6	control	386	2184	258	71920	0	
1	 10	 4	 1	sample40	905	2447	770	61680	0	
1	 10	 4	 2	sample40	841	2383	770	61680	0	
1	 10	 4	 3	sample40	623	2165	514	61680	0	
1	 10	 4	 4	sample40	552	2094	514	61680	0	
1	 10	 4	 5	sample40	681	2223	514	61680	0	
1	 10	 4	 6	control	2884	4682	2828	122264	0	
1	 11	 1	 1	sample41	1272	3328	1284	88408	0	
1	 11	 1	 2	sample41	1182	3238	1284	82240	0	
1	 11	 1	 3	sample41	713	2769	770	82240	0	
1	 11	 1	 4	sample41	629	2685	770	82240	0	
1	 11	 1	 5	sample41	514	2570	514	82240	0	
1	 11	 1	 6	control	161	2473	0	92480	0	
1	 11	 2	 1	sample42	1003	2801	1028	71920	0	
1	 11	 2	 2	sample42	1148	2946	1028	80910	0	
1	 11	 2	 3	sample42	906	2704	772	71920	0	
1	 11	 2	 4	sample42	669	2467	514	71920	0	
1	 11	 2	 5	sample42	547	2345	514	71920	0	
1	 11	 2	 6	control	4830	6886	4882	150088	0	
1	 11	 3	 1	sample43	1625	3167	1542	61680	0	
1	 11	 3	 2	sample43	1927	3469	1798	61680	0	
1	 11	 3	 3	sample43	1644	3186	1798	23130	0	
1	 11	 3	 4	sample43	886	2428	770	61680	0	
1	 11	 3	 5	sample43	1008	2550	1028	61680	0	
1	 11	 3	 6	control	245	2043	258	71920	0	
1	 11	 4	 1	sample44	1754	3296	1798	53970	0	
1	 11	 4	 2	sample44	1089	2631	1028	70932	0	
1	 11	 4	 3	sample44	1106	2390	1028	51360	0	
1	 11	 4	 4	sample44	1202	2486	1286	51360	0	
1	 11	 4	 5	sample44	951	2235	1028	51360	0	
1	 11	 4	 6	control	2396	3938	2312	104856	0	
1	 12	 1	 1	sample45	2069	4125	2056	86352	0	
1	 12	 1	 2	sample45	1729	3785	1542	82240	0	
1	 12	 1	 3	sample45	1472	3528	1542	82240	0	
1	 12	 1	 4	sample45	867	3181	1028	92560	0	
1	 12	 1	 5	sample45	585	3155	514	102800	0	
1	 12	 1	 6	control	154	2982	256	113120	0	
1	 12	 2	 1	sample46	1523	3579	1542	82240	0	
1	 12	 2	 2	sample46	1850	3906	1800	94576	0	
1	 12	 2	 3	sample46	2770	4570	2570	73800	0	
1	 12	 2	 4	sample46	1772	3828	1542	96632	0	
1	 12	 2	 5	sample46	1265	3579	1284	92560	0	
1	 12	 2	 6	control	5635	8205	5654	133640	0	
1	 12	 3	 1	sample47	1317	3117	1284	72000	0	
1	 12	 3	 2	sample47	919	2461	772	61680	0	
1	 12	 3	 3	sample47	841	2641	770	72000	0	
1	 12	 3	 4	sample47	1041	2841	1028	34200	0	
1	 12	 3	 5	sample47	521	2577	514	82240	0	
1	 12	 3	 6	control	269	2583	0	92560	0	
1	 12	 4	 1	sample48	1003	2545	1028	61680	0	
1	 12	 4	 2	sample48	855	2397	772	61680	0	
1	 12	 4	 3	sample48	971	2513	1028	61680	0	
1	 12	 4	 4	sample48	922	2722	1028	30600	0	
1	 12	 4	 5	sample48	726	2526	770	72000	0	
1	 12	 4	 6	control	3001	5057	3084	139808	0	
2	 1	 1	 1	sample49	1844	3900	1800	106912	0	
2	 1	 1	 2	sample49	1691	3747	1542	106912	0	
2	 1	 1	 3	sample49	1616	3158	1542	75558	0	
2	 1	 1	 4	sample49	1120	2662	1286	64764	0	
2	 1	 1	 5	sample49	749	2035	770	46296	0	
2	 1	 1	 6	control	199	1485	0	46296	0	
2	 1	 2	 1	sample50	2831	5145	2570	118014	0	
2	 1	 2	 2	sample50	3651	5965	3598	111072	0	
2	 1	 2	 3	sample50	2644	4700	2570	86352	0	
2	 1	 2	 4	sample50	1992	3792	1798	95400	0	
2	 1	 2	 5	sample50	1473	3015	1542	80184	0	
2	 1	 2	 6	control	5337	6879	5140	111024	0	
2	 1	 3	 1	sample51	854	3168	770	92560	0	
2	 1	 3	 2	sample51	1098	3412	1028	92560	0	
2	 1	 3	 3	sample51	765	2821	772	82240	0	
2	 1	 3	 4	sample51	565	2365	514	72000	0	
2	 1	 3	 5	sample51	515	2057	514	61680	0	
2	 1	 3	 6	control	335	1877	258	61680	0	
2	 1	 4	 1	sample52	1770	3826	1800	88408	0	
2	 1	 4	 2	sample52	1196	3252	1028	82240	0	
2	 1	 4	 3	sample52	918	2718	1028	72000	0	
2	 1	 4	 4	sample52	810	2352	772	61680	0	
2	 1	 4	 5	sample52	604	2146	514	61680	0	
2	 1	 4	 6	control	3994	5536	2828	103314	0	
2	 2	 1	 1	sample53	1070	2612	1028	55512	0	
2	 2	 1	 2	sample53	624	2422	514	71920	0	
2	 2	 1	 3	sample53	707	2505	772	71920	0	
2	 2	 1	 4	sample53	392	2190	258	71920	0	
2	 2	 1	 5	sample53	571	2113	514	61680	0	
2	 2	 1	 6	control	315	2113	258	71920	0	
2	 2	 2	 1	sample54	1426	3482	1284	82240	0	
2	 2	 2	 2	sample54	1879	3935	1798	98688	0	
2	 2	 2	 3	sample54	1120	3176	1028	74016	0	
2	 2	 2	 4	sample54	870	2926	1028	74016	0	
2	 2	 2	 5	sample54	1043	2841	1028	64728	0	
2	 2	 2	 6	control	7512	9310	6940	95294	0	
2	 2	 3	 1	sample55	9449	11505	9766	152144	0	
2	 2	 3	 2	sample55	7982	10294	7968	166464	0	
2	 2	 3	 3	sample55	5853	7909	5654	129528	0	
2	 2	 3	 4	sample55	3653	5709	3598	143920	0	
2	 2	 3	 5	sample55	2164	3962	2056	64728	0	
2	 2	 3	 6	control	166	2222	256	82240	0	
2	 2	 4	 1	sample56	2289	4087	1800	113274	0	
2	 2	 4	 2	sample56	1657	3713	1284	82240	0	
2	 2	 4	 3	sample56	1008	3064	1028	82240	0	
2	 2	 4	 4	sample56	1048	2846	772	71920	0	
2	 2	 4	 5	sample56	817	2615	772	71920	0	
2	 2	 4	 6	control	3937	5735	3342	118668	0	
2	 3	 1	 1	sample57	1353	2637	1286	48792	0	
2	 3	 1	 2	sample57	1202	2744	1028	47802	0	
2	 3	 1	 3	sample57	964	2248	1028	51360	0	
2	 3	 1	 4	sample57	804	2088	772	51360	0	
2	 3	 1	 5	sample57	669	1953	772	51360	0	
2	 3	 1	 6	control	431	1715	514	51360	0	
2	 3	 2	 1	sample58	3248	4790	2826	81726	0	
2	 3	 2	 2	sample58	2507	4049	2312	138780	0	
2	 3	 2	 3	sample58	2852	4394	2826	78642	0	
2	 3	 2	 4	sample58	1891	3433	1542	81726	0	
2	 3	 2	 5	sample58	1314	2856	1284	67848	0	
2	 3	 2	 6	control	7192	8734	8224	103314	0	
2	 3	 3	 1	sample59	1541	3083	1542	61680	0	
2	 3	 3	 2	sample59	1594	3392	1542	89900	0	
2	 3	 3	 3	sample59	1382	2924	1284	69390	0	
2	 3	 3	 4	sample59	706	2248	770	61680	0	
2	 3	 3	 5	sample59	674	2216	770	61680	0	
2	 3	 3	 6	control	289	1831	256	61680	0	
2	 3	 4	 1	sample60	2263	3805	2312	80184	0	
2	 3	 4	 2	sample60	1759	3301	1798	70932	0	
2	 3	 4	 3	sample60	1632	3174	1542	61680	0	
2	 3	 4	 4	sample60	1196	2738	1284	80184	0	
2	 3	 4	 5	sample60	250	1792	256	61680	0	
2	 3	 4	 6	control	3417	4701	2828	96300	0	
2	 4	 1	 1	sample61	2389	3673	2056	92448	0	
2	 4	 1	 2	sample61	2196	3480	2056	95016	0	
2	 4	 1	 3	sample61	1971	3255	2056	61632	0	
2	 4	 1	 4	sample61	1234	2518	1286	51360	0	
2	 4	 1	 5	sample61	1106	2390	1286	51360	0	
2	 4	 1	 6	control	199	1741	256	61680	0	
2	 4	 2	 1	sample62	957	2499	1028	61680	0	
2	 4	 2	 2	sample62	777	2319	770	61680	0	
2	 4	 2	 3	sample62	662	1946	514	51360	0	
2	 4	 2	 4	sample62	424	1708	514	51360	0	
2	 4	 2	 5	sample62	547	1831	514	51360	0	
2	 4	 2	 6	control	8359	9901	6682	87894	0	
2	 4	 3	 1	sample63	1955	3497	1798	78642	0	
2	 4	 3	 2	sample63	1589	3131	1542	75558	0	
2	 4	 3	 3	sample63	1163	2705	1028	61680	0	
2	 4	 3	 4	sample63	906	2190	1028	51360	0	
2	 4	 3	 5	sample63	469	2011	256	61680	0	
2	 4	 3	 6	control	135	1677	0	61680	0	
2	 4	 4	 1	sample64	572	2114	514	61680	0	
2	 4	 4	 2	sample64	565	2107	514	61680	0	
2	 4	 4	 3	sample64	502	1786	514	51360	0	
2	 4	 4	 4	sample64	392	1676	514	51360	0	
2	 4	 4	 5	sample64	463	1747	514	51360	0	
2	 4	 4	 6	control	1948	3490	1798	47802	0	
2	 5	 1	 1	sample65	2039	3839	2056	84600	0	
2	 5	 1	 2	sample65	1869	3669	1798	91800	0	
2	 5	 1	 3	sample65	1763	3563	1798	90000	0	
2	 5	 1	 4	sample65	1118	2660	1286	61680	0	
2	 5	 1	 5	sample65	894	2436	772	61680	0	
2	 5	 1	 6	control	437	1979	258	61680	0	
2	 5	 2	 1	sample66	1435	3491	1286	88408	0	
2	 5	 2	 2	sample66	1651	3707	1800	92520	0	
2	 5	 2	 3	sample66	1402	3202	1542	86400	0	
2	 5	 2	 4	sample66	1280	2822	1286	69390	0	
2	 5	 2	 5	sample66	842	2384	772	61680	0	
2	 5	 2	 6	control	3806	5606	3854	95400	0	
2	 5	 3	 1	sample67	2880	4680	2826	52200	0	
2	 5	 3	 2	sample67	1945	3745	2056	79200	0	
2	 5	 3	 3	sample67	1356	3156	1284	84600	0	
2	 5	 3	 4	sample67	1052	2594	1028	67848	0	
2	 5	 3	 5	sample67	2541	4083	2056	40092	0	
2	 5	 3	 6	control	429	1971	258	55512	0	
2	 5	 4	 1	sample68	1622	3422	1542	63000	0	
2	 5	 4	 2	sample68	959	2759	770	73800	0	
2	 5	 4	 3	sample68	816	2616	770	91800	0	
2	 5	 4	 4	sample68	779	2321	772	52428	0	
2	 5	 4	 5	sample68	666	2208	514	52428	0	
2	 5	 4	 6	control	2381	4181	2056	61200	0	
2	 6	 1	 1	sample69	1332	4672	1286	240480	0	
2	 6	 1	 2	sample69	1549	4889	1542	140280	0	
2	 6	 1	 3	sample69	904	4502	1028	291438	0	
2	 6	 1	 4	sample69	993	4591	1028	133126	0	
2	 6	 1	 5	sample69	999	4597	1284	64764	0	
2	 6	 1	 6	control	508	4362	258	154160	0	
2	 6	 2	 1	sample70	765	4363	770	179900	0	
2	 6	 2	 2	sample70	953	4551	1028	172704	0	
2	 6	 2	 3	sample70	610	4208	514	143920	0	
2	 6	 2	 4	sample70	507	4105	514	143920	0	
2	 6	 2	 5	sample70	571	4169	514	143920	0	
2	 6	 2	 6	control	5020	8874	4884	254364	0	
2	 6	 3	 1	sample71	674	4272	770	143920	0	
2	 6	 3	 2	sample71	948	4546	1028	161910	0	
2	 6	 3	 3	sample71	655	4253	770	143920	0	
2	 6	 3	 4	sample71	680	4278	770	71960	0	
2	 6	 3	 5	sample71	277	4131	258	154160	0	
2	 6	 3	 6	control	322	4176	258	154160	0	
2	 6	 4	 1	sample72	1877	5731	1800	192700	0	
2	 6	 4	 2	sample72	1819	5673	1800	150306	0	
2	 6	 4	 3	sample72	1178	5032	1286	192700	0	
2	 6	 4	 4	sample72	849	4703	772	154160	0	
2	 6	 4	 5	sample72	521	4375	514	154160	0	
2	 6	 4	 6	control	1887	5741	1800	204262	0	
2	 7	 1	 1	sample73	3071	4613	2826	126444	0	
2	 7	 1	 2	sample73	2698	4240	2312	80184	0	
2	 7	 1	 3	sample73	1639	3181	1284	161910	0	
2	 7	 1	 4	sample73	1467	3009	1542	58596	0	
2	 7	 1	 5	sample73	1301	2843	1284	72474	0	
2	 7	 1	 6	control	534	1818	514	51360	0	
2	 7	 2	 1	sample74	1788	3330	1798	77100	0	
2	 7	 2	 2	sample74	2138	3680	2056	77100	0	
2	 7	 2	 3	sample74	1774	3316	1798	80184	0	
2	 7	 2	 4	sample74	1553	3095	1542	69390	0	
2	 7	 2	 5	sample74	931	2473	770	61680	0	
2	 7	 2	 6	control	6677	8219	7710	89436	0	
2	 7	 3	 1	sample75	539	2081	514	61680	0	
2	 7	 3	 2	sample75	475	2017	514	61680	0	
2	 7	 3	 3	sample75	693	2235	770	61680	0	
2	 7	 3	 4	sample75	488	2030	514	61680	0	
2	 7	 3	 5	sample75	250	1792	256	61680	0	
2	 7	 3	 6	control	192	1734	256	61680	0	
2	 7	 4	 1	sample76	1317	2859	1284	60138	0	
2	 7	 4	 2	sample76	925	2467	1028	61680	0	
2	 7	 4	 3	sample76	668	2210	514	61680	0	
2	 7	 4	 4	sample76	533	2075	514	61680	0	
2	 7	 4	 5	sample76	495	1779	514	51360	0	
2	 7	 4	 6	control	2149	3433	1800	86028	0	
2	 8	 1	 1	sample77	4350	6406	4370	108968	0	
2	 8	 1	 2	sample77	3656	5712	3598	145976	0	
2	 8	 1	 3	sample77	2575	4375	2570	82800	0	
2	 8	 1	 4	sample77	1394	3194	1284	72000	0	
2	 8	 1	 5	sample77	939	2481	1028	61680	0	
2	 8	 1	 6	control	129	1671	0	61680	0	
2	 8	 2	 1	sample78	719	3033	770	92560	0	
2	 8	 2	 2	sample78	842	2898	772	82240	0	
2	 8	 2	 3	sample78	617	2417	514	72000	0	
2	 8	 2	 4	sample78	746	2288	772	61680	0	
2	 8	 2	 5	sample78	547	2089	514	61680	0	
2	 8	 2	 6	control	9449	10991	10280	98688	0	
2	 8	 3	 1	sample79	2080	4394	2056	120328	0	
2	 8	 3	 2	sample79	1707	3763	1542	102800	0	
2	 8	 3	 3	sample79	1324	3380	1286	82240	0	
2	 8	 3	 4	sample79	1201	3001	1284	72000	0	
2	 8	 3	 5	sample79	520	2320	514	72000	0	
2	 8	 3	 6	control	-13.39	1787	0	72000	0	
2	 8	 4	 1	sample80	4093	6407	3598	157352	0	
2	 8	 4	 2	sample80	2934	5248	2826	111072	0	
2	 8	 4	 3	sample80	3492	5548	3598	108968	0	
2	 8	 4	 4	sample80	2143	3943	2312	95400	0	
2	 8	 4	 5	sample80	771	2571	770	72000	0	
2	 8	 4	 6	control	2340	4140	2312	117000	0	
2	 9	 1	 1	sample81	1307	3363	1284	92520	0	
2	 9	 1	 2	sample81	770	2826	770	74016	0	
2	 9	 1	 3	sample81	442	2498	514	74016	0	
2	 9	 1	 4	sample81	157	2213	256	74016	0	
2	 9	 1	 5	sample81	614	2412	514	64728	0	
2	 9	 1	 6	control	436	2234	258	64728	0	
2	 9	 2	 1	sample82	985	3041	1028	74016	0	
2	 9	 2	 2	sample82	841	2897	770	82240	0	
2	 9	 2	 3	sample82	571	2627	514	82240	0	
2	 9	 2	 4	sample82	520	2576	514	82240	0	
2	 9	 2	 5	sample82	346	2402	514	82240	0	
2	 9	 2	 6	control	6699	8755	6424	121304	0	
2	 9	 3	 1	sample83	928	3240	1028	83232	0	
2	 9	 3	 2	sample83	803	2859	770	82240	0	
2	 9	 3	 3	sample83	700	2756	770	82240	0	
2	 9	 3	 4	sample83	559	2615	514	82240	0	
2	 9	 3	 5	sample83	411	2467	514	82240	0	
2	 9	 3	 6	control	359	2415	256	82240	0	
2	 9	 4	 1	sample84	1250	3562	1286	83232	0	
2	 9	 4	 2	sample84	771	3083	772	92480	0	
2	 9	 4	 3	sample84	1093	3405	514	92480	0	
2	 9	 4	 4	sample84	514	2826	514	92480	0	
2	 9	 4	 5	sample84	494	2550	514	82240	0	
2	 9	 4	 6	control	2190	4502	2056	129472	0	
2	 10	 1	 1	sample85	1141	2683	1028	77100	0	
2	 10	 1	 2	sample85	1620	2904	1800	51360	0	
2	 10	 1	 3	sample85	1401	2685	1286	51360	0	
2	 10	 1	 4	sample85	720	2004	772	51360	0	
2	 10	 1	 5	sample85	443	1985	256	61680	0	
2	 10	 1	 6	control	321	1863	256	61680	0	
2	 10	 2	 1	sample86	1274	3072	1286	41354	0	
2	 10	 2	 2	sample86	1044	2586	1028	74016	0	
2	 10	 2	 3	sample86	1156	2698	1028	74016	0	
2	 10	 2	 4	sample86	738	2280	770	61680	0	
2	 10	 2	 5	sample86	771	2313	514	61680	0	
2	 10	 2	 6	control	2900	4442	2570	97146	0	
2	 10	 3	 1	sample87	1601	3143	1542	66306	0	
2	 10	 3	 2	sample87	1199	2741	1028	69390	0	
2	 10	 3	 3	sample87	790	2332	770	61680	0	
2	 10	 3	 4	sample87	732	2274	770	61680	0	
2	 10	 3	 5	sample87	578	2120	514	61680	0	
2	 10	 3	 6	control	116	1914	0	71920	0	
2	 10	 4	 1	sample88	859	2657	772	84506	0	
2	 10	 4	 2	sample88	694	2492	514	71920	0	
2	 10	 4	 3	sample88	566	2364	514	71920	0	
2	 10	 4	 4	sample88	540	2338	514	71920	0	
2	 10	 4	 5	sample88	251	2049	258	71920	0	
2	 10	 4	 6	control	2500	4298	2570	118668	0	
2	 11	 1	 1	sample89	1756	2784	1800	35980	0	
2	 11	 1	 2	sample89	1473	2501	1542	49344	0	
2	 11	 1	 3	sample89	758	2044	770	51440	0	
2	 11	 1	 4	sample89	874	1902	772	41120	0	
2	 11	 1	 5	sample89	765	1793	772	41120	0	
2	 11	 1	 6	control	412	1440	514	41120	0	
2	 11	 2	 1	sample90	616	1902	514	51440	0	
2	 11	 2	 2	sample90	681	1967	770	51440	0	
2	 11	 2	 3	sample90	944	2230	1028	51440	0	
2	 11	 2	 4	sample90	815	2101	770	51440	0	
2	 11	 2	 5	sample90	533	1819	514	51440	0	
2	 11	 2	 6	control	4741	6027	4368	86162	0	
2	 11	 3	 1	sample91	4876	6162	4112	51440	0	
2	 11	 3	 2	sample91	4206	5492	3854	63014	0	
2	 11	 3	 3	sample91	3555	4841	3340	54012	0	
2	 11	 3	 4	sample91	2163	3449	2056	61728	0	
2	 11	 3	 5	sample91	1174	2460	1028	65586	0	
2	 11	 3	 6	control	495	1523	514	41120	0	
2	 11	 4	 1	sample92	822	2108	770	51440	0	
2	 11	 4	 2	sample92	1094	2380	1028	39866	0	
2	 11	 4	 3	sample92	732	2018	770	51440	0	
2	 11	 4	 4	sample92	436	1722	514	51440	0	
2	 11	 4	 5	sample92	579	1607	514	41120	0	
2	 11	 4	 6	control	3375	4661	3340	87448	0	
2	 12	 1	 1	sample93	944	2230	1028	51440	0	
2	 12	 1	 2	sample93	822	2108	770	51440	0	
2	 12	 1	 3	sample93	521	2063	514	61680	0	
2	 12	 1	 4	sample93	470	2012	514	61680	0	
2	 12	 1	 5	sample93	521	2063	514	61680	0	
2	 12	 1	 6	control	103	2159	0	82240	0	
2	 12	 2	 1	sample94	1775	3061	1542	56584	0	
2	 12	 2	 2	sample94	1475	2761	1542	64300	0	
2	 12	 2	 3	sample94	1458	2744	1542	55298	0	
2	 12	 2	 4	sample94	1022	2564	1028	61680	0	
2	 12	 2	 5	sample94	1139	2681	1028	64764	0	
2	 12	 2	 6	control	7095	9151	8224	108968	0	
2	 12	 3	 1	sample95	1563	3105	1286	58596	0	
2	 12	 3	 2	sample95	1334	2620	1284	39866	0	
2	 12	 3	 3	sample95	893	2179	1028	51440	0	
2	 12	 3	 4	sample95	367	1909	258	61680	0	
2	 12	 3	 5	sample95	662	2204	514	61680	0	
2	 12	 3	 6	control	206	2262	258	82240	0	
2	 12	 4	 1	sample96	1645	3187	1542	61680	0	
2	 12	 4	 2	sample96	1051	2593	1028	53970	0	
2	 12	 4	 3	sample96	874	2416	772	61680	0	
2	 12	 4	 4	sample96	418	1960	514	61680	0	
2	 12	 4	 5	sample96	417	2217	514	72000	0	
2	 12	 4	 6	control	3797	5597	3854	97200	0	
3	 1	 1	 1	sample97	3558	5356	3598	138446	0	
3	 1	 1	 2	sample97	3697	5495	3856	131254	0	
3	 1	 1	 3	sample97	2216	4014	2314	113274	0	
3	 1	 1	 4	sample97	1932	3474	1798	74016	0	
3	 1	 1	 5	sample97	1547	3089	1542	75558	0	
3	 1	 1	 6	control	179	1977	258	64728	0	
3	 1	 2	 1	sample98	1912	3454	2056	77100	0	
3	 1	 2	 2	sample98	1196	2994	1286	71920	0	
3	 1	 2	 3	sample98	404	1946	256	61680	0	
3	 1	 2	 4	sample98	803	2345	770	61680	0	
3	 1	 2	 5	sample98	799	2341	770	55512	0	
3	 1	 2	 6	control	7385	9183	8224	134850	0	
3	 1	 3	 1	sample99	783	2325	770	61680	0	
3	 1	 3	 2	sample99	925	2467	1028	61680	0	
3	 1	 3	 3	sample99	950	2492	1028	61680	0	
3	 1	 3	 4	sample99	976	2518	1028	61680	0	
3	 1	 3	 5	sample99	878	2420	1028	55512	0	
3	 1	 3	 6	control	270	2068	258	71920	0	
3	 1	 4	 1	sample100	822	2364	770	61680	0	
3	 1	 4	 2	sample100	418	2216	514	71920	0	
3	 1	 4	 3	sample100	598	2396	514	71920	0	
3	 1	 4	 4	sample100	482	2280	514	71920	0	
3	 1	 4	 5	sample100	536	2334	514	64728	0	
3	 1	 4	 6	control	7800	9856	7966	123360	0	
3	 2	 1	 1	sample101	778	2576	772	71920	0	
3	 2	 1	 2	sample101	817	2615	772	71920	0	
3	 2	 1	 3	sample101	649	2447	514	71920	0	
3	 2	 1	 4	sample101	572	2370	514	71920	0	
3	 2	 1	 5	sample101	560	2358	514	71920	0	
3	 2	 1	 6	control	346	2402	256	82240	0	
3	 2	 2	 1	sample102	720	2518	772	71920	0	
3	 2	 2	 2	sample102	765	2563	772	71920	0	
3	 2	 2	 3	sample102	528	2326	514	71920	0	
3	 2	 2	 4	sample102	469	2267	514	71920	0	
3	 2	 2	 5	sample102	502	2300	514	71920	0	
3	 2	 2	 6	control	5077	7133	5654	135696	0	
3	 2	 3	 1	sample103	1419	3475	1542	94576	0	
3	 2	 3	 2	sample103	1447	3503	1284	84296	0	
3	 2	 3	 3	sample103	1008	3064	1028	82240	0	
3	 2	 3	 4	sample103	1444	3500	1284	86352	0	
3	 2	 3	 5	sample103	1172	2970	1286	44950	0	
3	 2	 3	 6	control	585	2383	514	71920	0	
3	 2	 4	 1	sample104	1665	3721	1542	98688	0	
3	 2	 4	 2	sample104	1676	3732	1542	86352	0	
3	 2	 4	 3	sample104	1426	3482	1284	78128	0	
3	 2	 4	 4	sample104	849	2647	772	71920	0	
3	 2	 4	 5	sample104	662	2460	772	71920	0	
3	 2	 4	 6	control	2390	4188	2314	120466	0	
3	 3	 1	 1	sample105	1617	3673	1542	98688	0	
3	 3	 1	 2	sample105	1671	3727	1542	82240	0	
3	 3	 1	 3	sample105	1350	3406	1286	82240	0	
3	 3	 1	 4	sample105	791	2847	772	82240	0	
3	 3	 1	 5	sample105	720	2776	772	82240	0	
3	 3	 1	 6	control	328	2384	258	82240	0	
3	 3	 2	 1	sample106	2262	4318	2314	82240	0	
3	 3	 2	 2	sample106	1946	4002	1800	100744	0	
3	 3	 2	 3	sample106	1896	3952	1800	98688	0	
3	 3	 2	 4	sample106	1286	3342	1286	49344	0	
3	 3	 2	 5	sample106	996	3052	1028	82240	0	
3	 3	 2	 6	control	4243	6299	4370	150088	0	
3	 3	 3	 1	sample107	2306	4106	1798	151200	0	
3	 3	 3	 2	sample107	2099	3899	2312	84600	0	
3	 3	 3	 3	sample107	1963	3763	2056	90000	0	
3	 3	 3	 4	sample107	1029	3085	1028	82240	0	
3	 3	 3	 5	sample107	617	2673	514	82240	0	
3	 3	 3	 6	control	264	2320	258	82240	0	
3	 3	 4	 1	sample108	7963	9763	7452	126000	0	
3	 3	 4	 2	sample108	6204	8004	5910	113400	0	
3	 3	 4	 3	sample108	5545	7345	6168	140400	0	
3	 3	 4	 4	sample108	3510	5310	3340	147600	0	
3	 3	 4	 5	sample108	1819	3619	1798	90000	0	
3	 3	 4	 6	control	2775	4575	2826	135000	0	
3	 4	 1	 1	sample109	2153	3953	2056	90000	0	
3	 4	 1	 2	sample109	3267	5067	2826	151200	0	
3	 4	 1	 3	sample109	2416	3958	2314	69390	0	
3	 4	 1	 4	sample109	1536	3078	1542	64764	0	
3	 4	 1	 5	sample109	1274	2816	1286	66306	0	
3	 4	 1	 6	control	244	2044	256	72000	0	
3	 4	 2	 1	sample110	2184	3984	2056	90000	0	
3	 4	 2	 2	sample110	1909	3709	2056	138600	0	
3	 4	 2	 3	sample110	1688	3488	1798	88200	0	
3	 4	 2	 4	sample110	957	2757	1028	72000	0	
3	 4	 2	 5	sample110	803	2603	770	72000	0	
3	 4	 2	 6	control	6502	8302	6938	113400	0	
3	 4	 3	 1	sample111	1054	2596	1028	61680	0	
3	 4	 3	 2	sample111	340	2140	256	72000	0	
3	 4	 3	 3	sample111	804	2346	772	61680	0	
3	 4	 3	 4	sample111	675	2217	514	61680	0	
3	 4	 3	 5	sample111	457	1999	514	61680	0	
3	 4	 3	 6	control	585	2127	514	61680	0	
3	 4	 4	 1	sample112	835	2121	770	51440	0	
3	 4	 4	 2	sample112	765	2307	772	61680	0	
3	 4	 4	 3	sample112	815	2101	770	51440	0	
3	 4	 4	 4	sample112	360	1902	258	61680	0	
3	 4	 4	 5	sample112	463	2005	514	61680	0	
3	 4	 4	 6	control	2339	3881	2314	107940	0	
3	 5	 1	 1	sample113	1867	3409	1798	69390	0	
3	 5	 1	 2	sample113	1916	3458	1798	148032	0	
3	 5	 1	 3	sample113	1636	3178	1542	70932	0	
3	 5	 1	 4	sample113	1092	2634	1028	61680	0	
3	 5	 1	 5	sample113	804	2602	772	71920	0	
3	 5	 1	 6	control	373	2171	258	71920	0	
3	 5	 2	 1	sample114	1536	3334	1542	71920	0	
3	 5	 2	 2	sample114	1609	3407	1542	160022	0	
3	 5	 2	 3	sample114	1613	3155	1542	72474	0	
3	 5	 2	 4	sample114	990	2788	1028	71920	0	
3	 5	 2	 5	sample114	990	2788	1028	71920	0	
3	 5	 2	 6	control	7685	9741	7196	131584	0	
3	 5	 3	 1	sample115	706	2248	770	61680	0	
3	 5	 3	 2	sample115	669	2467	514	71920	0	
3	 5	 3	 3	sample115	540	2338	514	71920	0	
3	 5	 3	 4	sample115	322	2120	258	71920	0	
3	 5	 3	 5	sample115	450	2248	514	71920	0	
3	 5	 3	 6	control	237	2293	256	82240	0	
3	 5	 4	 1	sample116	668	2210	770	61680	0	
3	 5	 4	 2	sample116	623	2165	514	61680	0	
3	 5	 4	 3	sample116	417	1959	514	61680	0	
3	 5	 4	 4	sample116	327	1869	256	61680	0	
3	 5	 4	 5	sample116	303	2101	258	71920	0	
3	 5	 4	 6	control	3079	5135	3084	123360	0	
3	 6	 1	 1	sample117	1913	4483	1542	254430	0	
3	 6	 1	 2	sample117	2313	4883	2056	239010	0	
3	 6	 1	 3	sample117	2043	4869	2056	110214	0	
3	 6	 1	 4	sample117	1085	3911	1028	101736	0	
3	 6	 1	 5	sample117	1114	3940	1286	93258	0	
3	 6	 1	 6	control	354	3180	258	113040	0	
3	 6	 2	 1	sample118	1054	3880	1028	113040	0	
3	 6	 2	 2	sample118	1664	4490	1286	257166	0	
3	 6	 2	 3	sample118	2126	4952	2056	135648	0	
3	 6	 2	 4	sample118	1517	4343	1542	141300	0	
3	 6	 2	 5	sample118	1157	3983	1028	113040	0	
3	 6	 2	 6	control	4862	7688	5140	172386	0	
3	 6	 3	 1	sample119	3437	6521	3084	222048	0	
3	 6	 3	 2	sample119	3648	6732	3340	203544	0	
3	 6	 3	 3	sample119	2184	5268	2312	148032	0	
3	 6	 3	 4	sample119	1644	4728	1542	138780	0	
3	 6	 3	 5	sample119	5439	8265	2314	70650	0	
3	 6	 3	 6	control	335	3161	258	113040	0	
3	 6	 4	 1	sample120	3344	6428	3340	215880	0	
3	 6	 4	 2	sample120	4707	8047	4884	160320	0	
3	 6	 4	 3	sample120	3257	6597	3342	223780	0	
3	 6	 4	 4	sample120	2364	5448	2312	154200	0	
3	 6	 4	 5	sample120	1485	4311	1286	101736	0	
3	 6	 4	 6	control	2703	5529	2570	163908	0	
3	 7	 1	 1	sample121	3372	5170	2828	91698	0	
3	 7	 1	 2	sample121	4395	6193	4370	71920	0	
3	 7	 1	 3	sample121	2242	3784	2312	61680	0	
3	 7	 1	 4	sample121	1535	3077	1542	66306	0	
3	 7	 1	 5	sample121	1143	2685	1284	61680	0	
3	 7	 1	 6	control	167	1709	256	61680	0	
3	 7	 2	 1	sample122	1819	3875	1798	104856	0	
3	 7	 2	 2	sample122	1956	3754	1800	91698	0	
3	 7	 2	 3	sample122	1150	2692	1028	61680	0	
3	 7	 2	 4	sample122	732	2274	770	61680	0	
3	 7	 2	 5	sample122	623	2165	514	61680	0	
3	 7	 2	 6	control	7025	8567	7196	100230	0	
3	 7	 3	 1	sample123	1702	3758	1542	82240	0	
3	 7	 3	 2	sample123	1440	3238	1286	71920	0	
3	 7	 3	 3	sample123	957	2499	770	61680	0	
3	 7	 3	 4	sample123	481	2023	514	61680	0	
3	 7	 3	 5	sample123	398	1940	256	61680	0	
3	 7	 3	 6	control	70.3	1612	0	61680	0	
3	 7	 4	 1	sample124	2740	4538	2828	79112	0	
3	 7	 4	 2	sample124	2345	3887	2312	24672	0	
3	 7	 4	 3	sample124	1443	2985	1284	60138	0	
3	 7	 4	 4	sample124	848	2390	770	61680	0	
3	 7	 4	 5	sample124	714	1998	772	51360	0	
3	 7	 4	 6	control	3177	4461	3084	68052	0	
3	 8	 1	 1	sample125	3027	5341	3084	115700	0	
3	 8	 1	 2	sample125	3487	5801	3340	101816	0	
3	 8	 1	 3	sample125	2603	4659	2828	82240	0	
3	 8	 1	 4	sample125	1348	3404	1286	67848	0	
3	 8	 1	 5	sample125	1395	3451	1286	82240	0	
3	 8	 1	 6	control	97	2153	0	82240	0	
3	 8	 2	 1	sample126	1106	3676	1028	102800	0	
3	 8	 2	 2	sample126	1291	3605	1284	85618	0	
3	 8	 2	 3	sample126	777	3091	770	92560	0	
3	 8	 2	 4	sample126	759	2815	772	82240	0	
3	 8	 2	 5	sample126	650	2706	514	82240	0	
3	 8	 2	 6	control	6119	8175	6168	160368	0	
3	 8	 3	 1	sample127	950	3264	770	92560	0	
3	 8	 3	 2	sample127	786	3100	1028	39338	0	
3	 8	 3	 3	sample127	650	2706	772	82240	0	
3	 8	 3	 4	sample127	835	2635	770	72000	0	
3	 8	 3	 5	sample127	578	2378	514	72000	0	
3	 8	 3	 6	control	327	2127	256	72000	0	
3	 8	 4	 1	sample128	3879	5935	3856	90464	0	
3	 8	 4	 2	sample128	1956	4012	1800	94576	0	
3	 8	 4	 3	sample128	3704	5504	3854	135000	0	
3	 8	 4	 4	sample128	1295	3095	1284	90000	0	
3	 8	 4	 5	sample128	835	2635	770	72000	0	
3	 8	 4	 6	control	3145	4945	3084	104400	0	
3	 9	 1	 1	sample129	2199	4769	2056	92520	0	
3	 9	 1	 2	sample129	3336	5906	3342	123360	0	
3	 9	 1	 3	sample129	2216	4530	2312	92560	0	
3	 9	 1	 4	sample129	1247	3561	1284	78676	0	
3	 9	 1	 5	sample129	665	2979	770	78676	0	
3	 9	 1	 6	control	401	2457	514	69904	0	
3	 9	 2	 1	sample130	13632	16460	15420	189476	0	
3	 9	 2	 2	sample130	12495	15323	12850	200788	0	
3	 9	 2	 3	sample130	10409	12979	10794	195320	0	
3	 9	 2	 4	sample130	7281	9595	6938	166608	0	
3	 9	 2	 5	sample130	6263	8319	5912	145976	0	
3	 9	 2	 6	control	3822	5878	4370	143920	0	
3	 9	 3	 1	sample131	465	3035	258	92520	0	
3	 9	 3	 2	sample131	611	3181	514	102800	0	
3	 9	 3	 3	sample131	674	2988	770	92560	0	
3	 9	 3	 4	sample131	778	2834	772	82240	0	
3	 9	 3	 5	sample131	483	2539	514	82240	0	
3	 9	 3	 6	control	277	2333	258	82240	0	
3	 9	 4	 1	sample132	1626	3682	1542	82240	0	
3	 9	 4	 2	sample132	1079	3135	1028	74016	0	
3	 9	 4	 3	sample132	1107	3163	1028	74016	0	
3	 9	 4	 4	sample132	1042	2842	1028	64800	0	
3	 9	 4	 5	sample132	635	2435	514	64800	0	
3	 9	 4	 6	control	3207	5007	3340	100800	0	
3	 10	 1	 1	sample133	2633	4433	2570	95400	0	
3	 10	 1	 2	sample133	3088	4630	3084	112566	0	
3	 10	 1	 3	sample133	2429	3971	2570	75558	0	
3	 10	 1	 4	sample133	1375	2917	1542	61680	0	
3	 10	 1	 5	sample133	1404	2946	1286	80184	0	
3	 10	 1	 6	control	264	1806	258	61680	0	
3	 10	 2	 1	sample134	1222	3022	1284	66600	0	
3	 10	 2	 2	sample134	1521	3063	1542	72474	0	
3	 10	 2	 3	sample134	1347	2889	1286	70932	0	
3	 10	 2	 4	sample134	830	2372	772	61680	0	
3	 10	 2	 5	sample134	868	2410	772	61680	0	
3	 10	 2	 6	control	5757	7299	5912	92520	0	
3	 10	 3	 1	sample135	2205	3747	2056	77100	0	
3	 10	 3	 2	sample135	2370	3912	2314	70932	0	
3	 10	 3	 3	sample135	1482	2768	1542	55298	0	
3	 10	 3	 4	sample135	1133	2419	1028	56584	0	
3	 10	 3	 5	sample135	726	2012	514	51440	0	
3	 10	 3	 6	control	282	1568	256	51440	0	
3	 10	 4	 1	sample136	1657	2943	1542	51440	0	
3	 10	 4	 2	sample136	1182	2468	1028	51440	0	
3	 10	 4	 3	sample136	1189	2475	1284	55298	0	
3	 10	 4	 4	sample136	836	1864	772	41120	0	
3	 10	 4	 5	sample136	624	1652	514	41120	0	
3	 10	 4	 6	control	3107	4135	2828	58596	0	
3	 11	 1	 1	sample137	1883	3681	1800	88102	0	
3	 11	 1	 2	sample137	1519	3317	1542	77314	0	
3	 11	 1	 3	sample137	1005	2803	1028	79112	0	
3	 11	 1	 4	sample137	765	2563	772	70122	0	
3	 11	 1	 5	sample137	850	2648	772	46748	0	
3	 11	 1	 6	control	371	2169	258	61132	0	
3	 11	 2	 1	sample138	1010	2808	1028	73718	0	
3	 11	 2	 2	sample138	1183	2981	1286	71920	0	
3	 11	 2	 3	sample138	969	2767	772	70122	0	
3	 11	 2	 4	sample138	553	2351	514	71920	0	
3	 11	 2	 5	sample138	540	2338	514	71920	0	
3	 11	 2	 6	control	4508	6306	3856	113274	0	
3	 11	 3	 1	sample139	1118	2916	1028	82708	0	
3	 11	 3	 2	sample139	1275	2817	1284	80184	0	
3	 11	 3	 3	sample139	846	2388	770	52428	0	
3	 11	 3	 4	sample139	492	2290	514	61132	0	
3	 11	 3	 5	sample139	687	2229	770	52428	0	
3	 11	 3	 6	control	310	2108	258	61132	0	
3	 11	 4	 1	sample140	1697	3239	1542	74016	0	
3	 11	 4	 2	sample140	1404	2946	1284	69390	0	
3	 11	 4	 3	sample140	1510	3052	1542	63222	0	
3	 11	 4	 4	sample140	303	2101	258	71920	0	
3	 11	 4	 5	sample140	527	2325	514	71920	0	
3	 11	 4	 6	control	2339	4137	2056	109678	0	
3	 12	 1	 1	sample141	6481	8795	5654	201318	0	
3	 12	 1	 2	sample141	5806	8120	5396	187434	0	
3	 12	 1	 3	sample141	3869	6183	3854	166608	0	
3	 12	 1	 4	sample141	2737	5051	2826	92560	0	
3	 12	 1	 5	sample141	1748	4318	1800	102800	0	
3	 12	 1	 6	control	308	3136	256	113120	0	
3	 12	 2	 1	sample142	1386	3956	1286	92520	0	
3	 12	 2	 2	sample142	1124	3438	1028	92560	0	
3	 12	 2	 3	sample142	1654	3968	1542	94874	0	
3	 12	 2	 4	sample142	1180	3750	1028	100230	0	
3	 12	 2	 5	sample142	894	3464	1028	102800	0	
3	 12	 2	 6	control	5877	8705	6424	195132	0	
3	 12	 3	 1	sample143	1395	3965	1286	102800	0	
3	 12	 3	 2	sample143	1118	3432	1028	92560	0	
3	 12	 3	 3	sample143	777	3091	770	92560	0	
3	 12	 3	 4	sample143	751	3065	770	92560	0	
3	 12	 3	 5	sample143	444	3014	258	102800	0	
3	 12	 3	 6	control	211	3039	256	113120	0	
3	 12	 4	 1	sample144	950	3264	1028	92560	0	
3	 12	 4	 2	sample144	938	3252	770	92560	0	
3	 12	 4	 3	sample144	937	3251	770	92560	0	
3	 12	 4	 4	sample144	584	2898	514	92560	0	
3	 12	 4	 5	sample144	360	2930	258	102800	0	
3	 12	 4	 6	control	3030	5600	3084	192750	0	
4	 1	 1	 1	sample145	3079	6163	3084	154200	0	
4	 1	 1	 2	sample145	3264	5320	3342	82240	0	
4	 1	 1	 3	sample145	1832	3374	1800	61680	0	
4	 1	 1	 4	sample145	1231	2773	1286	43176	0	
4	 1	 1	 5	sample145	996	2538	1028	61680	0	
4	 1	 1	 6	control	90.4	1632	0	61680	0	
4	 1	 2	 1	sample146	3389	8273	3340	156288	0	
4	 1	 2	 2	sample146	2397	5481	2314	141864	0	
4	 1	 2	 3	sample146	669	2725	772	82240	0	
4	 1	 2	 4	sample146	791	2333	772	61680	0	
4	 1	 2	 5	sample146	501	2301	514	72000	0	
4	 1	 2	 6	control	6928	8470	7196	100230	0	
4	 1	 3	 1	sample147	5494	12176	5398	354146	0	
4	 1	 3	 2	sample147	2114	4684	2056	102800	0	
4	 1	 3	 3	sample147	1105	3161	1028	82240	0	
4	 1	 3	 4	sample147	880	2680	770	72000	0	
4	 1	 3	 5	sample147	623	2423	514	72000	0	
4	 1	 3	 6	control	289	2089	256	72000	0	
4	 1	 4	 1	sample148	1215	3271	1286	82240	0	
4	 1	 4	 2	sample148	637	2179	772	61680	0	
4	 1	 4	 3	sample148	495	2037	514	61680	0	
4	 1	 4	 4	sample148	662	2204	514	61680	0	
4	 1	 4	 5	sample148	552	2352	514	72000	0	
4	 1	 4	 6	control	3793	5849	3598	185040	0	
4	 2	 1	 1	sample149	1464	3520	1542	88408	0	
4	 2	 1	 2	sample149	1118	3174	1028	82240	0	
4	 2	 1	 3	sample149	591	2647	514	82240	0	
4	 2	 1	 4	sample149	605	2403	772	71920	0	
4	 2	 1	 5	sample149	373	2171	258	71920	0	
4	 2	 1	 6	control	251	2049	258	71920	0	
4	 2	 2	 1	sample150	2756	5068	2828	108664	0	
4	 2	 2	 2	sample150	2570	4882	2314	67048	0	
4	 2	 2	 3	sample150	1528	3584	1542	80184	0	
4	 2	 2	 4	sample150	989	3045	770	82240	0	
4	 2	 2	 5	sample150	688	2486	772	71920	0	
4	 2	 2	 6	control	5085	6883	5654	116870	0	
4	 2	 3	 1	sample151	1175	3745	1028	102800	0	
4	 2	 3	 2	sample151	995	3565	1028	102800	0	
4	 2	 3	 3	sample151	592	2904	514	92480	0	
4	 2	 3	 4	sample151	507	2563	514	82240	0	
4	 2	 3	 5	sample151	353	2409	514	82240	0	
4	 2	 3	 6	control	314	2370	256	82240	0	
4	 2	 4	 1	sample152	1778	4604	1800	135648	0	
4	 2	 4	 2	sample152	1092	3662	1028	102800	0	
4	 2	 4	 3	sample152	868	3180	772	92480	0	
4	 2	 4	 4	sample152	732	2788	770	82240	0	
4	 2	 4	 5	sample152	411	2467	514	82240	0	
4	 2	 4	 6	control	2744	4800	2570	133640	0	
4	 3	 1	 1	sample153	2270	4068	2314	84506	0	
4	 3	 1	 2	sample153	2639	4695	2570	166536	0	
4	 3	 1	 3	sample153	2061	4117	2056	102800	0	
4	 3	 1	 4	sample153	1632	3430	1542	88102	0	
4	 3	 1	 5	sample153	1203	3001	1286	89900	0	
4	 3	 1	 6	control	283	2081	258	71920	0	
4	 3	 2	 1	sample154	1092	3148	1028	82240	0	
4	 3	 2	 2	sample154	1273	3329	1284	94576	0	
4	 3	 2	 3	sample154	681	2737	770	82240	0	
4	 3	 2	 4	sample154	842	2640	772	71920	0	
4	 3	 2	 5	sample154	797	2595	772	71920	0	
4	 3	 2	 6	control	4639	6437	4884	111476	0	
4	 3	 3	 1	sample155	642	2698	514	82240	0	
4	 3	 3	 2	sample155	648	2704	514	82240	0	
4	 3	 3	 3	sample155	591	2647	514	82240	0	
4	 3	 3	 4	sample155	501	2557	514	82240	0	
4	 3	 3	 5	sample155	379	2435	514	82240	0	
4	 3	 3	 6	control	250	2306	256	82240	0	
4	 3	 4	 1	sample156	1601	3657	1542	88408	0	
4	 3	 4	 2	sample156	1312	3624	1286	110976	0	
4	 3	 4	 3	sample156	1537	3849	1542	115600	0	
4	 3	 4	 4	sample156	1053	3109	1028	82240	0	
4	 3	 4	 5	sample156	894	2692	772	71920	0	
4	 3	 4	 6	control	3115	4913	3084	89900	0	
4	 4	 1	 1	sample157	1106	2648	1028	61680	0	
4	 4	 1	 2	sample157	1067	2609	1028	61680	0	
4	 4	 1	 3	sample157	849	2391	772	61680	0	
4	 4	 1	 4	sample157	1219	2761	1028	41634	0	
4	 4	 1	 5	sample157	669	2211	772	61680	0	
4	 4	 1	 6	control	218	2018	256	72000	0	
4	 4	 2	 1	sample158	2432	3974	2570	80184	0	
4	 4	 2	 2	sample158	1821	3363	1800	72474	0	
4	 4	 2	 3	sample158	1683	3225	1542	67848	0	
4	 4	 2	 4	sample158	990	2532	1028	61680	0	
4	 4	 2	 5	sample158	906	2448	1028	61680	0	
4	 4	 2	 6	control	4138	5938	4112	120600	0	
4	 4	 3	 1	sample159	1487	3287	1542	84600	0	
4	 4	 3	 2	sample159	1235	3035	1284	84600	0	
4	 4	 3	 3	sample159	969	2769	1028	79200	0	
4	 4	 3	 4	sample159	1748	3290	1542	61680	0	
4	 4	 3	 5	sample159	572	2114	514	61680	0	
4	 4	 3	 6	control	167	1967	0	72000	0	
4	 4	 4	 1	sample160	1198	2740	1028	63222	0	
4	 4	 4	 2	sample160	1121	2663	1028	60138	0	
4	 4	 4	 3	sample160	1075	2617	1028	60138	0	
4	 4	 4	 4	sample160	649	2191	514	61680	0	
4	 4	 4	 5	sample160	315	1857	258	61680	0	
4	 4	 4	 6	control	2593	4135	2314	70932	0	
4	 5	 1	 1	sample161	2040	3838	2056	84506	0	
4	 5	 1	 2	sample161	2462	4260	2056	93496	0	
4	 5	 1	 3	sample161	2204	4002	2314	71920	0	
4	 5	 1	 4	sample161	1324	3122	1286	71920	0	
4	 5	 1	 5	sample161	976	3032	1028	61680	0	
4	 5	 1	 6	control	237	2293	256	82240	0	
4	 5	 2	 1	sample162	1625	3423	1542	84506	0	
4	 5	 2	 2	sample162	1649	3447	1542	82708	0	
4	 5	 2	 3	sample162	1662	3460	1542	73718	0	
4	 5	 2	 4	sample162	1253	3051	1286	71920	0	
4	 5	 2	 5	sample162	964	2762	1028	71920	0	
4	 5	 2	 6	control	5407	7463	5654	145976	0	
4	 5	 3	 1	sample163	1628	3426	1542	91698	0	
4	 5	 3	 2	sample163	1245	3301	1284	106912	0	
4	 5	 3	 3	sample163	1496	3294	1542	79112	0	
4	 5	 3	 4	sample163	926	2724	772	71920	0	
4	 5	 3	 5	sample163	746	2544	772	71920	0	
4	 5	 3	 6	control	18.8	2075	0	82240	0	
4	 5	 4	 1	sample164	1252	2794	1284	61680	0	
4	 5	 4	 2	sample164	936	2734	772	64728	0	
4	 5	 4	 3	sample164	1361	2903	1284	57054	0	
4	 5	 4	 4	sample164	636	2178	770	61680	0	
4	 5	 4	 5	sample164	918	2460	1028	61680	0	
4	 5	 4	 6	control	2170	3712	2312	86352	0	
4	 6	 1	 1	sample165	1707	3763	1798	98688	0	
4	 6	 1	 2	sample165	2117	4173	2056	102800	0	
4	 6	 1	 3	sample165	1549	3347	1542	70122	0	
4	 6	 1	 4	sample165	932	2730	1028	71920	0	
4	 6	 1	 5	sample165	746	2544	772	71920	0	
4	 6	 1	 6	control	367	2165	258	71920	0	
4	 6	 2	 1	sample166	1503	3559	1542	108968	0	
4	 6	 2	 2	sample166	1437	3235	1542	79112	0	
4	 6	 2	 3	sample166	1298	3096	1286	75516	0	
4	 6	 2	 4	sample166	1188	2730	1028	61680	0	
4	 6	 2	 5	sample166	815	2357	770	61680	0	
4	 6	 2	 6	control	4911	6709	5140	116870	0	
4	 6	 3	 1	sample167	1607	3405	1542	93496	0	
4	 6	 3	 2	sample167	1343	3141	1286	80910	0	
4	 6	 3	 3	sample167	836	2634	772	71920	0	
4	 6	 3	 4	sample167	636	2178	514	61680	0	
4	 6	 3	 5	sample167	475	2017	514	61680	0	
4	 6	 3	 6	control	84.1	1882	0	71920	0	
4	 6	 4	 1	sample168	1200	2484	1286	46224	0	
4	 6	 4	 2	sample168	913	2197	772	51360	0	
4	 6	 4	 3	sample168	682	1966	772	51360	0	
4	 6	 4	 4	sample168	873	1901	770	41120	0	
4	 6	 4	 5	sample168	526	1554	514	41120	0	
4	 6	 4	 6	control	1971	2999	1798	59624	0	
4	 7	 1	 1	sample169	1265	3579	1284	92560	0	
4	 7	 1	 2	sample169	1162	3476	1028	92560	0	
4	 7	 1	 3	sample169	758	3072	770	92560	0	
4	 7	 1	 4	sample169	836	2892	772	82240	0	
4	 7	 1	 5	sample169	642	2442	770	72000	0	
4	 7	 1	 6	control	391	2191	514	72000	0	
4	 7	 2	 1	sample170	2658	5228	2570	128500	0	
4	 7	 2	 2	sample170	2457	4771	2312	111072	0	
4	 7	 2	 3	sample170	1504	3560	1800	82240	0	
4	 7	 2	 4	sample170	1497	3553	1542	104856	0	
4	 7	 2	 5	sample170	1027	2827	1028	72000	0	
4	 7	 2	 6	control	4929	6729	5396	109800	0	
4	 7	 3	 1	sample171	2426	4740	2312	120328	0	
4	 7	 3	 2	sample171	2470	4526	2570	104856	0	
4	 7	 3	 3	sample171	1992	4048	2056	41120	0	
4	 7	 3	 4	sample171	1250	3050	1284	81000	0	
4	 7	 3	 5	sample171	674	2474	770	72000	0	
4	 7	 3	 6	control	282	2082	256	72000	0	
4	 7	 4	 1	sample172	2165	3707	2056	77100	0	
4	 7	 4	 2	sample172	2201	3743	2056	74016	0	
4	 7	 4	 3	sample172	1279	2821	1286	61680	0	
4	 7	 4	 4	sample172	1196	2738	1286	61680	0	
4	 7	 4	 5	sample172	508	2050	514	61680	0	
4	 7	 4	 6	control	2283	3569	2056	68158	0	
4	 8	 1	 1	sample173	1936	4248	2056	108664	0	
4	 8	 1	 2	sample173	1781	4093	1800	32368	0	
4	 8	 1	 3	sample173	1523	3321	1542	71920	0	
4	 8	 1	 4	sample173	1286	3084	1286	75516	0	
4	 8	 1	 5	sample173	1196	2994	1286	71920	0	
4	 8	 1	 6	control	58.3	1856	0	71920	0	
4	 8	 2	 1	sample174	1671	3983	1800	120224	0	
4	 8	 2	 2	sample174	1497	3553	1542	106912	0	
4	 8	 2	 3	sample174	1151	2949	1028	71920	0	
4	 8	 2	 4	sample174	1046	2844	1028	80910	0	
4	 8	 2	 5	sample174	553	2351	514	71920	0	
4	 8	 2	 6	control	5145	6943	5398	113274	0	
4	 8	 3	 1	sample175	4254	6310	3340	185040	0	
4	 8	 3	 2	sample175	3555	5611	3598	98688	0	
4	 8	 3	 3	sample175	3038	5094	3340	92520	0	
4	 8	 3	 4	sample175	1631	3429	1542	93496	0	
4	 8	 3	 5	sample175	1060	2602	1028	61680	0	
4	 8	 3	 6	control	135	1933	0	71920	0	
4	 8	 4	 1	sample176	1422	2964	1284	69390	0	
4	 8	 4	 2	sample176	1111	2653	1028	61680	0	
4	 8	 4	 3	sample176	989	2531	1028	61680	0	
4	 8	 4	 4	sample176	771	2313	770	61680	0	
4	 8	 4	 5	sample176	392	1934	514	61680	0	
4	 8	 4	 6	control	1401	2943	1284	115650	0	
4	 9	 1	 1	sample177	1178	2976	1028	89900	0	
4	 9	 1	 2	sample177	1574	3116	1542	61680	0	
4	 9	 1	 3	sample177	1182	2724	1284	61680	0	
4	 9	 1	 4	sample177	893	2435	770	61680	0	
4	 9	 1	 5	sample177	552	2094	514	61680	0	
4	 9	 1	 6	control	231	1773	256	61680	0	
4	 9	 2	 1	sample178	1159	2701	1284	69390	0	
4	 9	 2	 2	sample178	1569	3111	1542	29298	0	
4	 9	 2	 3	sample178	1403	2945	1284	80184	0	
4	 9	 2	 4	sample178	1073	2615	1028	61680	0	
4	 9	 2	 5	sample178	539	2081	514	61680	0	
4	 9	 2	 6	control	4469	6011	4626	90978	0	
4	 9	 3	 1	sample179	1080	2878	1028	80910	0	
4	 9	 3	 2	sample179	1220	2762	1284	61680	0	
4	 9	 3	 3	sample179	1197	2739	1028	67848	0	
4	 9	 3	 4	sample179	672	2470	772	64728	0	
4	 9	 3	 5	sample179	405	2203	514	71920	0	
4	 9	 3	 6	control	77.7	1876	258	71920	0	
4	 9	 4	 1	sample180	809	2351	770	70932	0	
4	 9	 4	 2	sample180	1177	2719	1284	37008	0	
4	 9	 4	 3	sample180	713	2255	770	61680	0	
4	 9	 4	 4	sample180	610	2152	514	61680	0	
4	 9	 4	 5	sample180	443	1985	514	61680	0	
4	 9	 4	 6	control	1754	3296	1798	97146	0	
4	 10	 1	 1	sample181	1292	3090	1542	71920	0	
4	 10	 1	 2	sample181	1816	3358	1542	66306	0	
4	 10	 1	 3	sample181	1188	2730	1028	61680	0	
4	 10	 1	 4	sample181	919	2461	770	40092	0	
4	 10	 1	 5	sample181	674	2216	770	61680	0	
4	 10	 1	 6	control	141	1683	256	61680	0	
4	 10	 2	 1	sample182	1078	2876	1028	75516	0	
4	 10	 2	 2	sample182	1199	2741	1028	60138	0	
4	 10	 2	 3	sample182	1056	2598	1028	55512	0	
4	 10	 2	 4	sample182	764	2306	770	61680	0	
4	 10	 2	 5	sample182	558	2100	514	61680	0	
4	 10	 2	 6	control	6055	7597	6424	74016	0	
4	 10	 3	 1	sample183	1346	3144	1286	84506	0	
4	 10	 3	 2	sample183	1191	2733	1028	50886	0	
4	 10	 3	 3	sample183	977	2519	770	55512	0	
4	 10	 3	 4	sample183	436	1978	256	61680	0	
4	 10	 3	 5	sample183	488	2030	514	61680	0	
4	 10	 3	 6	control	346	1888	256	61680	0	
4	 10	 4	 1	sample184	764	2306	770	61680	0	
4	 10	 4	 2	sample184	552	2094	514	61680	0	
4	 10	 4	 3	sample184	649	2191	770	55512	0	
4	 10	 4	 4	sample184	468	2010	514	61680	0	
4	 10	 4	 5	sample184	379	1921	256	61680	0	
4	 10	 4	 6	control	2176	3718	2056	75558	0	
4	 11	 1	 1	sample185	2023	3309	2056	51440	0	
4	 11	 1	 2	sample185	2063	3605	2056	61680	0	
4	 11	 1	 3	sample185	1464	3006	1286	55512	0	
4	 11	 1	 4	sample185	1157	2699	1028	46260	0	
4	 11	 1	 5	sample185	894	2436	1028	61680	0	
4	 11	 1	 6	control	212	2012	256	72000	0	
4	 11	 2	 1	sample186	4740	6282	4370	107940	0	
4	 11	 2	 2	sample186	4682	6224	4884	107940	0	
4	 11	 2	 3	sample186	4906	6448	4884	107940	0	
4	 11	 2	 4	sample186	3327	4869	3342	80184	0	
4	 11	 2	 5	sample186	2044	3844	2056	79200	0	
4	 11	 2	 6	control	5554	7354	6168	97200	0	
4	 11	 3	 1	sample187	1109	2909	1028	79200	0	
4	 11	 3	 2	sample187	1485	3027	1542	61680	0	
4	 11	 3	 3	sample187	1129	2929	1028	68400	0	
4	 11	 3	 4	sample187	674	2474	770	72000	0	
4	 11	 3	 5	sample187	803	2603	770	72000	0	
4	 11	 3	 6	control	135	2191	0	82240	0	
4	 11	 4	 1	sample188	1333	2875	1286	58596	0	
4	 11	 4	 2	sample188	1355	3155	1284	91800	0	
4	 11	 4	 3	sample188	1015	2815	1028	72000	0	
4	 11	 4	 4	sample188	1040	2840	1028	72000	0	
4	 11	 4	 5	sample188	687	2487	770	72000	0	
4	 11	 4	 6	control	2971	5027	2828	102800	0	
4	 12	 1	 1	sample189	1199	2485	1284	34722	0	
4	 12	 1	 2	sample189	1355	2641	1284	51440	0	
4	 12	 1	 3	sample189	1284	2570	1284	25720	0	
4	 12	 1	 4	sample189	592	2134	514	61680	0	
4	 12	 1	 5	sample189	534	2076	514	61680	0	
4	 12	 1	 6	control	346	2146	256	72000	0	
4	 12	 2	 1	sample190	1542	3084	1542	63222	0	
4	 12	 2	 2	sample190	1578	3120	1542	66306	0	
4	 12	 2	 3	sample190	1617	2903	1542	56584	0	
4	 12	 2	 4	sample190	881	2423	772	61680	0	
4	 12	 2	 5	sample190	861	2403	772	61680	0	
4	 12	 2	 6	control	6016	7816	6424	118800	0	
4	 12	 3	 1	sample191	701	2243	514	61680	0	
4	 12	 3	 2	sample191	476	2018	514	61680	0	
4	 12	 3	 3	sample191	553	2095	514	61680	0	
4	 12	 3	 4	sample191	476	2018	514	61680	0	
4	 12	 3	 5	sample191	2525	4067	1028	61680	0	
4	 12	 3	 6	control	346	2146	256	72000	0	
4	 12	 4	 1	sample192	1913	3455	1800	66306	0	
4	 12	 4	 2	sample192	1383	2669	1284	33436	0	
4	 12	 4	 3	sample192	1047	2333	1028	51440	0	
4	 12	 4	 4	sample192	764	2050	770	51440	0	
4	 12	 4	 5	sample192	790	2076	770	51440	0	
4	 12	 4	 6	control	2964	4506	2828	78642	0	
