MicroVigene	 Version	 2650
Culture	en-US
8/15/2006 5:11:26 PM
Roi Row	 4	 Roi Col	 12	 Main Row	 4	 Main Col	 6	 Sub Row	 1	 Sub Col	 1
Main Row	 Main Col	 Sub Row	 Sub Col	  GeneID	mean_net	 mean_total	 median_net	 vol_bkg	 vol_dust	 
1	 1	 1	 1	sample1	1461	3261	1284	28800	0	
1	 1	 1	 2	sample1	1216	3016	1284	88200	0	
1	 1	 1	 3	sample1	1015	2815	770	72000	0	
1	 1	 1	 4	sample1	842	2898	514	59624	0	
1	 1	 1	 5	sample1	457	2513	258	82240	0	
1	 1	 1	 6	control	354	2410	258	82240	0	
1	 1	 2	 1	sample2	649	2191	514	70932	0	
1	 1	 2	 2	sample2	1180	2722	1028	26214	0	
1	 1	 2	 3	sample2	1171	2713	1028	27756	0	
1	 1	 2	 4	sample2	757	2557	514	66600	0	
1	 1	 2	 5	sample2	611	2411	514	66600	0	
1	 1	 2	 6	control	668	2468	770	81000	0	
1	 1	 3	 1	sample3	910	2196	770	45010	0	
1	 1	 3	 2	sample3	654	1940	514	56584	0	
1	 1	 3	 3	sample3	623	1909	514	51440	0	
1	 1	 3	 4	sample3	360	1902	258	61680	0	
1	 1	 3	 5	sample3	438	1980	258	57054	0	
1	 1	 3	 6	control	168	1710	0	61680	0	
1	 1	 4	 1	sample4	1063	2091	1028	61680	0	
1	 1	 4	 2	sample4	1168	2196	1028	35980	0	
1	 1	 4	 3	sample4	961	1989	772	47288	0	
1	 1	 4	 4	sample4	462	1748	514	51440	0	
1	 1	 4	 5	sample4	435	1721	514	59156	0	
1	 1	 4	 6	control	593	1879	514	54012	0	
1	 2	 1	 1	sample5	748	3318	514	321250	0	
1	 2	 1	 2	sample5	834	3146	772	208080	0	
1	 2	 1	 3	sample5	596	3166	514	71960	0	
1	 2	 1	 4	sample5	1234	3546	1028	34680	0	
1	 2	 1	 5	sample5	428	2998	514	107940	0	
1	 2	 1	 6	control	626	3196	514	41120	0	
1	 2	 2	 1	sample6	723	2779	514	88408	0	
1	 2	 2	 2	sample6	1103	3159	1028	49344	0	
1	 2	 2	 3	sample6	687	2743	514	82240	0	
1	 2	 2	 4	sample6	1027	3083	770	69904	0	
1	 2	 2	 5	sample6	960	3016	770	47288	0	
1	 2	 2	 6	control	760	3072	772	198832	0	
1	 2	 3	 1	sample7	1147	2945	1028	116870	0	
1	 2	 3	 2	sample7	671	2469	772	161820	0	
1	 2	 3	 3	sample7	555	2353	514	79112	0	
1	 2	 3	 4	sample7	575	2373	514	68324	0	
1	 2	 3	 5	sample7	463	2261	514	71920	0	
1	 2	 3	 6	control	418	2474	256	55512	0	
1	 2	 4	 1	sample8	1041	2583	1028	120276	0	
1	 2	 4	 2	sample8	729	2527	772	32364	0	
1	 2	 4	 3	sample8	558	2100	514	61680	0	
1	 2	 4	 4	sample8	842	2384	770	27756	0	
1	 2	 4	 5	sample8	586	2384	514	44950	0	
1	 2	 4	 6	control	598	2396	514	71920	0	
1	 3	 1	 1	sample9	1090	3660	1028	74530	0	
1	 3	 1	 2	sample9	735	3819	770	132612	0	
1	 3	 1	 3	sample9	603	3687	514	123360	0	
1	 3	 1	 4	sample9	437	3263	514	113040	0	
1	 3	 1	 5	sample9	488	3058	514	102800	0	
1	 3	 1	 6	control	348	2660	258	92480	0	
1	 3	 2	 1	sample10	1440	3752	1286	104040	0	
1	 3	 2	 2	sample10	903	3729	1028	115866	0	
1	 3	 2	 3	sample10	917	3487	770	131070	0	
1	 3	 2	 4	sample10	732	2788	770	82240	0	
1	 3	 2	 5	sample10	785	2583	772	34162	0	
1	 3	 2	 6	control	1031	2573	770	106398	0	
1	 3	 3	 1	sample11	972	3028	1028	94576	0	
1	 3	 3	 2	sample11	995	2793	1028	82708	0	
1	 3	 3	 3	sample11	651	2449	514	84506	0	
1	 3	 3	 4	sample11	497	2039	514	70932	0	
1	 3	 3	 5	sample11	669	1953	514	25680	0	
1	 3	 3	 6	control	155	1439	0	51360	0	
1	 3	 4	 1	sample12	1490	3032	1542	84810	0	
1	 3	 4	 2	sample12	613	2155	514	67848	0	
1	 3	 4	 3	sample12	611	1895	514	51360	0	
1	 3	 4	 4	sample12	405	1689	258	51360	0	
1	 3	 4	 5	sample12	449	1477	256	41120	0	
1	 3	 4	 6	control	636	1664	514	41120	0	
1	 4	 1	 1	sample13	1510	3824	1542	134212	0	
1	 4	 1	 2	sample13	1165	3221	1028	96632	0	
1	 4	 1	 3	sample13	700	2756	772	88408	0	
1	 4	 1	 4	sample13	494	2550	514	102800	0	
1	 4	 1	 5	sample13	444	2500	258	90464	0	
1	 4	 1	 6	control	71.2	2127	0	82240	0	
1	 4	 2	 1	sample14	884	2684	1028	93600	0	
1	 4	 2	 2	sample14	850	2650	770	46800	0	
1	 4	 2	 3	sample14	657	2199	514	72474	0	
1	 4	 2	 4	sample14	540	2082	514	61680	0	
1	 4	 2	 5	sample14	579	2121	514	61680	0	
1	 4	 2	 6	control	915	2457	1028	115650	0	
1	 4	 3	 1	sample15	425	1967	514	70932	0	
1	 4	 3	 2	sample15	636	1922	514	51440	0	
1	 4	 3	 3	sample15	584	1870	514	51440	0	
1	 4	 3	 4	sample15	257	1799	258	61680	0	
1	 4	 3	 5	sample15	129	1671	0	61680	0	
1	 4	 3	 6	control	-5.99	1536	0	61680	0	
1	 4	 4	 1	sample16	1002	2288	1028	77160	0	
1	 4	 4	 2	sample16	591	1877	514	51440	0	
1	 4	 4	 3	sample16	578	1864	514	51440	0	
1	 4	 4	 4	sample16	462	1748	514	51440	0	
1	 4	 4	 5	sample16	468	1754	256	51440	0	
1	 4	 4	 6	control	710	1996	514	60442	0	
1	 5	 1	 1	sample17	765	2821	514	88408	0	
1	 5	 1	 2	sample17	361	2417	258	96632	0	
1	 5	 1	 3	sample17	422	2478	258	102800	0	
1	 5	 1	 4	sample17	315	2371	258	82240	0	
1	 5	 1	 5	sample17	341	2397	258	82240	0	
1	 5	 1	 6	control	283	2339	258	82240	0	
1	 5	 2	 1	sample18	913	2455	772	78642	0	
1	 5	 2	 2	sample18	845	2387	772	32382	0	
1	 5	 2	 3	sample18	415	2215	514	84600	0	
1	 5	 2	 4	sample18	276	2076	256	72000	0	
1	 5	 2	 5	sample18	147	1947	0	72000	0	
1	 5	 2	 6	control	951	2751	770	48600	0	
1	 5	 3	 1	sample19	818	2360	772	67848	0	
1	 5	 3	 2	sample19	772	2314	772	35466	0	
1	 5	 3	 3	sample19	562	2104	514	66306	0	
1	 5	 3	 4	sample19	794	2336	772	35466	0	
1	 5	 3	 5	sample19	328	1870	258	61680	0	
1	 5	 3	 6	control	161	1703	258	61680	0	
1	 5	 4	 1	sample20	617	2159	514	84810	0	
1	 5	 4	 2	sample20	526	1812	514	51440	0	
1	 5	 4	 3	sample20	276	1818	258	66306	0	
1	 5	 4	 4	sample20	360	1902	258	61680	0	
1	 5	 4	 5	sample20	258	1800	258	61680	0	
1	 5	 4	 6	control	545	2087	514	64764	0	
1	 6	 1	 1	sample21	690	3004	514	111072	0	
1	 6	 1	 2	sample21	629	2943	770	92560	0	
1	 6	 1	 3	sample21	585	2641	514	82240	0	
1	 6	 1	 4	sample21	633	2689	772	26728	0	
1	 6	 1	 5	sample21	514	2570	514	84296	0	
1	 6	 1	 6	control	360	2416	258	82240	0	
1	 6	 2	 1	sample22	449	2249	514	72000	0	
1	 6	 2	 2	sample22	582	2382	514	73800	0	
1	 6	 2	 3	sample22	538	2338	514	75600	0	
1	 6	 2	 4	sample22	395	2195	256	66600	0	
1	 6	 2	 5	sample22	295	2095	256	72000	0	
1	 6	 2	 6	control	1039	2839	770	39600	0	
1	 6	 3	 1	sample23	438	2238	256	30600	0	
1	 6	 3	 2	sample23	476	2018	258	61680	0	
1	 6	 3	 3	sample23	290	1832	258	61680	0	
1	 6	 3	 4	sample23	296	1838	258	61680	0	
1	 6	 3	 5	sample23	354	1896	258	61680	0	
1	 6	 3	 6	control	302	1844	258	61680	0	
1	 6	 4	 1	sample24	536	2078	514	55512	0	
1	 6	 4	 2	sample24	526	2068	514	33924	0	
1	 6	 4	 3	sample24	609	2151	514	41634	0	
1	 6	 4	 4	sample24	427	1969	258	63222	0	
1	 6	 4	 5	sample24	330	1872	258	49344	0	
1	 6	 4	 6	control	245	1787	258	61680	0	
1	 7	 1	 1	sample25	917	3487	1028	125930	0	
1	 7	 1	 2	sample25	991	3561	770	89950	0	
1	 7	 1	 3	sample25	553	3123	514	118220	0	
1	 7	 1	 4	sample25	697	3267	514	53970	0	
1	 7	 1	 5	sample25	630	2942	514	92480	0	
1	 7	 1	 6	control	607	3177	514	56540	0	
1	 7	 2	 1	sample26	722	2778	514	76072	0	
1	 7	 2	 2	sample26	607	2663	514	84296	0	
1	 7	 2	 3	sample26	494	2550	256	82240	0	
1	 7	 2	 4	sample26	424	2480	256	82240	0	
1	 7	 2	 5	sample26	468	2524	256	82240	0	
1	 7	 2	 6	control	706	3018	514	108664	0	
1	 7	 3	 1	sample27	662	2460	514	71920	0	
1	 7	 3	 2	sample27	1157	2955	1028	32364	0	
1	 7	 3	 3	sample27	566	2364	258	71920	0	
1	 7	 3	 4	sample27	418	2216	258	71920	0	
1	 7	 3	 5	sample27	341	2139	0	71920	0	
1	 7	 3	 6	control	918	2716	772	25172	0	
1	 7	 4	 1	sample28	412	2210	258	71920	0	
1	 7	 4	 2	sample28	238	2036	0	71920	0	
1	 7	 4	 3	sample28	781	2323	770	37008	0	
1	 7	 4	 4	sample28	488	2030	256	61680	0	
1	 7	 4	 5	sample28	593	2135	514	44718	0	
1	 7	 4	 6	control	675	2217	514	41634	0	
1	 8	 1	 1	sample29	908	3736	770	127260	0	
1	 8	 1	 2	sample29	625	3453	514	124432	0	
1	 8	 1	 3	sample29	449	3277	514	113120	0	
1	 8	 1	 4	sample29	617	3187	514	102800	0	
1	 8	 1	 5	sample29	357	2927	258	92520	0	
1	 8	 1	 6	control	225	2795	258	102800	0	
1	 8	 2	 1	sample30	660	2974	770	113386	0	
1	 8	 2	 2	sample30	514	2828	514	115700	0	
1	 8	 2	 3	sample30	304	2618	256	99502	0	
1	 8	 2	 4	sample30	380	2436	258	82240	0	
1	 8	 2	 5	sample30	263	2577	256	92560	0	
1	 8	 2	 6	control	301	2615	256	92560	0	
1	 8	 3	 1	sample31	704	2760	514	86352	0	
1	 8	 3	 2	sample31	553	2609	514	82240	0	
1	 8	 3	 3	sample31	329	2385	258	74016	0	
1	 8	 3	 4	sample31	213	2269	258	82240	0	
1	 8	 3	 5	sample31	412	2468	258	82240	0	
1	 8	 3	 6	control	192	1992	256	72000	0	
1	 8	 4	 1	sample32	1093	2893	1028	120600	0	
1	 8	 4	 2	sample32	887	2687	770	39600	0	
1	 8	 4	 3	sample32	578	2378	514	72000	0	
1	 8	 4	 4	sample32	379	2179	256	72000	0	
1	 8	 4	 5	sample32	212	2012	256	72000	0	
1	 8	 4	 6	control	394	2194	256	81000	0	
1	 9	 1	 1	sample33	1203	3259	1028	51400	0	
1	 9	 1	 2	sample33	934	3248	770	50908	0	
1	 9	 1	 3	sample33	943	2999	772	49344	0	
1	 9	 1	 4	sample33	642	2956	514	60164	0	
1	 9	 1	 5	sample33	560	2616	514	82240	0	
1	 9	 1	 6	control	1061	3117	1028	32896	0	
1	 9	 2	 1	sample34	1098	2898	1028	39600	0	
1	 9	 2	 2	sample34	984	2784	770	73800	0	
1	 9	 2	 3	sample34	584	2384	514	79200	0	
1	 9	 2	 4	sample34	588	2388	514	86400	0	
1	 9	 2	 5	sample34	839	2381	772	58596	0	
1	 9	 2	 6	control	942	2742	770	54000	0	
1	 9	 3	 1	sample35	888	2430	772	33924	0	
1	 9	 3	 2	sample35	964	2250	1028	25720	0	
1	 9	 3	 3	sample35	649	1935	514	51440	0	
1	 9	 3	 4	sample35	713	1999	770	23148	0	
1	 9	 3	 5	sample35	501	1787	256	51440	0	
1	 9	 3	 6	control	430	1716	256	51440	0	
1	 9	 4	 1	sample36	749	2035	514	61728	0	
1	 9	 4	 2	sample36	788	2074	770	38580	0	
1	 9	 4	 3	sample36	711	1997	514	38580	0	
1	 9	 4	 4	sample36	359	1645	256	51440	0	
1	 9	 4	 5	sample36	534	1820	514	48868	0	
1	 9	 4	 6	control	807	2093	514	27006	0	
1	 10	 1	 1	sample37	951	3263	772	99416	0	
1	 10	 1	 2	sample37	739	3051	514	92480	0	
1	 10	 1	 3	sample37	657	2969	514	108664	0	
1	 10	 1	 4	sample37	527	2839	258	92480	0	
1	 10	 1	 5	sample37	730	3042	514	99416	0	
1	 10	 1	 6	control	598	2910	258	92480	0	
1	 10	 2	 1	sample38	746	2544	514	71920	0	
1	 10	 2	 2	sample38	682	2480	514	71920	0	
1	 10	 2	 3	sample38	579	2377	514	71920	0	
1	 10	 2	 4	sample38	669	2467	514	71920	0	
1	 10	 2	 5	sample38	405	2203	258	71920	0	
1	 10	 2	 6	control	704	2502	514	68324	0	
1	 10	 3	 1	sample39	1341	2883	1284	112566	0	
1	 10	 3	 2	sample39	1079	2621	1028	115650	0	
1	 10	 3	 3	sample39	556	2354	514	89900	0	
1	 10	 3	 4	sample39	648	2190	514	64764	0	
1	 10	 3	 5	sample39	379	1921	256	61680	0	
1	 10	 3	 6	control	443	1985	256	61680	0	
1	 10	 4	 1	sample40	678	2220	514	60138	0	
1	 10	 4	 2	sample40	584	2126	514	61680	0	
1	 10	 4	 3	sample40	918	2460	770	61680	0	
1	 10	 4	 4	sample40	453	1995	256	52428	0	
1	 10	 4	 5	sample40	224	1766	256	61680	0	
1	 10	 4	 6	control	491	2033	256	72474	0	
1	 11	 1	 1	sample41	693	2749	514	94576	0	
1	 11	 1	 2	sample41	765	2821	514	82240	0	
1	 11	 1	 3	sample41	700	3014	514	92560	0	
1	 11	 1	 4	sample41	610	2924	514	92560	0	
1	 11	 1	 5	sample41	526	3096	258	118220	0	
1	 11	 1	 6	control	418	2988	258	102800	0	
1	 11	 2	 1	sample42	716	2258	514	70932	0	
1	 11	 2	 2	sample42	849	2391	772	61680	0	
1	 11	 2	 3	sample42	992	2792	770	39600	0	
1	 11	 2	 4	sample42	938	2738	514	41400	0	
1	 11	 2	 5	sample42	642	2442	256	72000	0	
1	 11	 2	 6	control	1171	2971	1028	77400	0	
1	 11	 3	 1	sample43	1041	2327	770	24434	0	
1	 11	 3	 2	sample43	1148	2434	770	41152	0	
1	 11	 3	 3	sample43	1143	2429	770	25720	0	
1	 11	 3	 4	sample43	935	2221	770	32150	0	
1	 11	 3	 5	sample43	558	1844	256	51440	0	
1	 11	 3	 6	control	475	1761	256	51440	0	
1	 11	 4	 1	sample44	830	2116	770	95164	0	
1	 11	 4	 2	sample44	714	2000	514	93878	0	
1	 11	 4	 3	sample44	639	1925	256	60442	0	
1	 11	 4	 4	sample44	588	1874	514	61728	0	
1	 11	 4	 5	sample44	1096	2382	770	19290	0	
1	 11	 4	 6	control	592	1878	514	59156	0	
1	 12	 1	 1	sample45	572	3142	514	102800	0	
1	 12	 1	 2	sample45	412	2982	258	102800	0	
1	 12	 1	 3	sample45	386	2956	258	102800	0	
1	 12	 1	 4	sample45	308	3136	256	113120	0	
1	 12	 1	 5	sample45	206	3290	258	123360	0	
1	 12	 1	 6	control	417	3759	256	133680	0	
1	 12	 2	 1	sample46	295	2095	256	72000	0	
1	 12	 2	 2	sample46	404	2204	256	72000	0	
1	 12	 2	 3	sample46	200	2256	258	82240	0	
1	 12	 2	 4	sample46	102	2416	0	92560	0	
1	 12	 2	 5	sample46	380	2950	258	102800	0	
1	 12	 2	 6	control	251	3335	258	123360	0	
1	 12	 3	 1	sample47	612	2154	514	32382	0	
1	 12	 3	 2	sample47	489	2031	258	61680	0	
1	 12	 3	 3	sample47	526	2326	256	72000	0	
1	 12	 3	 4	sample47	277	2333	258	82240	0	
1	 12	 3	 5	sample47	314	2628	256	92560	0	
1	 12	 3	 6	control	257	3085	0	113120	0	
1	 12	 4	 1	sample48	720	2006	770	84876	0	
1	 12	 4	 2	sample48	647	1933	514	61728	0	
1	 12	 4	 3	sample48	727	2269	514	44718	0	
1	 12	 4	 4	sample48	494	2294	256	72000	0	
1	 12	 4	 5	sample48	833	2889	514	51400	0	
1	 12	 4	 6	control	823	3393	772	38550	0	
2	 1	 1	 1	sample49	1061	2347	1028	68158	0	
2	 1	 1	 2	sample49	1020	2562	1028	49344	0	
2	 1	 1	 3	sample49	809	2351	772	74016	0	
2	 1	 1	 4	sample49	600	2142	514	60138	0	
2	 1	 1	 5	sample49	546	2088	514	63222	0	
2	 1	 1	 6	control	328	1870	258	61680	0	
2	 1	 2	 1	sample50	1237	2523	1284	48868	0	
2	 1	 2	 2	sample50	1395	2681	1284	27006	0	
2	 1	 2	 3	sample50	1109	2395	1028	56584	0	
2	 1	 2	 4	sample50	706	2248	514	72474	0	
2	 1	 2	 5	sample50	592	2134	514	61680	0	
2	 1	 2	 6	control	1256	2798	1286	40092	0	
2	 1	 3	 1	sample51	1060	2346	770	30864	0	
2	 1	 3	 2	sample51	1285	2571	1028	50154	0	
2	 1	 3	 3	sample51	661	1947	514	51440	0	
2	 1	 3	 4	sample51	528	2070	258	61680	0	
2	 1	 3	 5	sample51	661	1947	514	51440	0	
2	 1	 3	 6	control	386	1928	258	61680	0	
2	 1	 4	 1	sample52	1475	2761	1284	29578	0	
2	 1	 4	 2	sample52	886	2172	770	37294	0	
2	 1	 4	 3	sample52	1149	2435	1028	70730	0	
2	 1	 4	 4	sample52	745	2031	514	51440	0	
2	 1	 4	 5	sample52	591	1877	514	51440	0	
2	 1	 4	 6	control	812	2098	770	64300	0	
2	 2	 1	 1	sample53	666	2208	514	52428	0	
2	 2	 1	 2	sample53	373	1915	258	61680	0	
2	 2	 1	 3	sample53	363	1905	258	60138	0	
2	 2	 1	 4	sample53	347	1889	258	61680	0	
2	 2	 1	 5	sample53	405	1947	514	61680	0	
2	 2	 1	 6	control	51	1851	0	72000	0	
2	 2	 2	 1	sample54	1101	2643	1028	98688	0	
2	 2	 2	 2	sample54	962	2504	1028	70932	0	
2	 2	 2	 3	sample54	772	2314	772	44718	0	
2	 2	 2	 4	sample54	643	2185	514	70932	0	
2	 2	 2	 5	sample54	515	2057	514	72474	0	
2	 2	 2	 6	control	1399	3199	1284	64800	0	
2	 2	 3	 1	sample55	1380	2922	1542	109482	0	
2	 2	 3	 2	sample55	932	2474	772	106398	0	
2	 2	 3	 3	sample55	739	2281	772	61680	0	
2	 2	 3	 4	sample55	544	2086	514	66306	0	
2	 2	 3	 5	sample55	425	1967	258	61680	0	
2	 2	 3	 6	control	44.5	1844	0	72000	0	
2	 2	 4	 1	sample56	1062	2604	1028	143406	0	
2	 2	 4	 2	sample56	629	2171	514	111024	0	
2	 2	 4	 3	sample56	666	1952	514	47582	0	
2	 2	 4	 4	sample56	627	1913	514	43724	0	
2	 2	 4	 5	sample56	270	1812	258	61680	0	
2	 2	 4	 6	control	611	2153	514	61680	0	
2	 3	 1	 1	sample57	886	2686	1028	160200	0	
2	 3	 1	 2	sample57	945	2487	772	52428	0	
2	 3	 1	 3	sample57	729	2271	772	74016	0	
2	 3	 1	 4	sample57	816	2102	770	57870	0	
2	 3	 1	 5	sample57	654	1940	514	54012	0	
2	 3	 1	 6	control	200	1742	258	61680	0	
2	 3	 2	 1	sample58	925	2725	770	81000	0	
2	 3	 2	 2	sample58	786	2328	772	80184	0	
2	 3	 2	 3	sample58	723	2265	772	24672	0	
2	 3	 2	 4	sample58	445	1987	514	74016	0	
2	 3	 2	 5	sample58	341	1883	258	61680	0	
2	 3	 2	 6	control	1288	2574	1284	104166	0	
2	 3	 3	 1	sample59	1051	2851	1028	158400	0	
2	 3	 3	 2	sample59	1247	2789	1286	72474	0	
2	 3	 3	 3	sample59	779	2321	772	53970	0	
2	 3	 3	 4	sample59	540	2082	514	77100	0	
2	 3	 3	 5	sample59	582	1868	514	57870	0	
2	 3	 3	 6	control	404	1690	256	51440	0	
2	 3	 4	 1	sample60	1052	2594	1028	66306	0	
2	 3	 4	 2	sample60	803	2089	770	41152	0	
2	 3	 4	 3	sample60	559	1845	514	51440	0	
2	 3	 4	 4	sample60	552	1838	514	25720	0	
2	 3	 4	 5	sample60	449	1735	256	51440	0	
2	 3	 4	 6	control	669	1955	770	55298	0	
2	 4	 1	 1	sample61	1286	3342	1286	34952	0	
2	 4	 1	 2	sample61	707	2763	772	82240	0	
2	 4	 1	 3	sample61	502	2558	514	82240	0	
2	 4	 1	 4	sample61	547	2603	514	96632	0	
2	 4	 1	 5	sample61	241	2555	256	78676	0	
2	 4	 1	 6	control	31.8	2346	0	92560	0	
2	 4	 2	 1	sample62	360	2416	258	71960	0	
2	 4	 2	 2	sample62	289	2345	258	84296	0	
2	 4	 2	 3	sample62	257	2313	258	82240	0	
2	 4	 2	 4	sample62	212	2268	258	82240	0	
2	 4	 2	 5	sample62	206	2262	258	82240	0	
2	 4	 2	 6	control	1094	3150	1028	113080	0	
2	 4	 3	 1	sample63	610	2666	514	94576	0	
2	 4	 3	 2	sample63	718	2774	772	88408	0	
2	 4	 3	 3	sample63	375	2431	258	90464	0	
2	 4	 3	 4	sample63	431	2487	514	76072	0	
2	 4	 3	 5	sample63	174	2230	258	82240	0	
2	 4	 3	 6	control	84.1	2140	0	82240	0	
2	 4	 4	 1	sample64	443	2243	514	72000	0	
2	 4	 4	 2	sample64	411	2211	256	72000	0	
2	 4	 4	 3	sample64	161	2217	258	82240	0	
2	 4	 4	 4	sample64	393	2449	258	74016	0	
2	 4	 4	 5	sample64	270	2326	258	82240	0	
2	 4	 4	 6	control	450	2506	514	82240	0	
2	 5	 1	 1	sample65	1006	2548	770	72474	0	
2	 5	 1	 2	sample65	854	2396	770	52428	0	
2	 5	 1	 3	sample65	665	2207	514	60138	0	
2	 5	 1	 4	sample65	507	2049	514	61680	0	
2	 5	 1	 5	sample65	472	2014	256	67848	0	
2	 5	 1	 6	control	366	1908	256	61680	0	
2	 5	 2	 1	sample66	627	2169	514	66306	0	
2	 5	 2	 2	sample66	823	2107	514	51360	0	
2	 5	 2	 3	sample66	302	1844	256	61680	0	
2	 5	 2	 4	sample66	481	2023	256	61680	0	
2	 5	 2	 5	sample66	385	1927	256	61680	0	
2	 5	 2	 6	control	854	2396	770	61680	0	
2	 5	 3	 1	sample67	845	2387	770	58596	0	
2	 5	 3	 2	sample67	864	2148	772	60348	0	
2	 5	 3	 3	sample67	546	2088	514	61680	0	
2	 5	 3	 4	sample67	499	2041	256	55512	0	
2	 5	 3	 5	sample67	205	1747	0	61680	0	
2	 5	 3	 6	control	482	1766	258	51360	0	
2	 5	 4	 1	sample68	1632	2916	1800	88596	0	
2	 5	 4	 2	sample68	963	2505	770	61680	0	
2	 5	 4	 3	sample68	806	2348	514	78642	0	
2	 5	 4	 4	sample68	981	2523	770	33924	0	
2	 5	 4	 5	sample68	501	2043	514	63222	0	
2	 5	 4	 6	control	652	2194	256	40092	0	
2	 6	 1	 1	sample69	753	2553	770	77400	0	
2	 6	 1	 2	sample69	647	2447	514	86400	0	
2	 6	 1	 3	sample69	411	2211	514	72000	0	
2	 6	 1	 4	sample69	515	2057	514	61680	0	
2	 6	 1	 5	sample69	686	2228	772	32382	0	
2	 6	 1	 6	control	661	2203	514	32382	0	
2	 6	 2	 1	sample70	589	2389	514	73800	0	
2	 6	 2	 2	sample70	442	2242	256	77400	0	
2	 6	 2	 3	sample70	313	2113	256	73800	0	
2	 6	 2	 4	sample70	367	1909	258	61680	0	
2	 6	 2	 5	sample70	539	2081	514	32382	0	
2	 6	 2	 6	control	1089	2631	1028	92520	0	
2	 6	 3	 1	sample71	302	2102	256	72000	0	
2	 6	 3	 2	sample71	218	2018	256	72000	0	
2	 6	 3	 3	sample71	574	2116	514	66306	0	
2	 6	 3	 4	sample71	296	1838	258	61680	0	
2	 6	 3	 5	sample71	110	1652	0	61680	0	
2	 6	 3	 6	control	885	2171	770	23148	0	
2	 6	 4	 1	sample72	1043	2843	1028	90000	0	
2	 6	 4	 2	sample72	682	2224	514	61680	0	
2	 6	 4	 3	sample72	461	2003	514	66306	0	
2	 6	 4	 4	sample72	770	2056	770	30864	0	
2	 6	 4	 5	sample72	696	1982	514	30864	0	
2	 6	 4	 6	control	1087	2373	1028	33436	0	
2	 7	 1	 1	sample73	1028	2828	1028	95400	0	
2	 7	 1	 2	sample73	717	2517	514	77400	0	
2	 7	 1	 3	sample73	579	2379	514	84600	0	
2	 7	 1	 4	sample73	697	2239	772	47802	0	
2	 7	 1	 5	sample73	380	1922	258	61680	0	
2	 7	 1	 6	control	309	1851	258	61680	0	
2	 7	 2	 1	sample74	605	2147	514	78642	0	
2	 7	 2	 2	sample74	635	2177	514	75558	0	
2	 7	 2	 3	sample74	634	2176	514	69390	0	
2	 7	 2	 4	sample74	357	1899	258	67848	0	
2	 7	 2	 5	sample74	373	1915	258	58596	0	
2	 7	 2	 6	control	887	2429	772	61680	0	
2	 7	 3	 1	sample75	339	1881	258	58596	0	
2	 7	 3	 2	sample75	232	1774	0	61680	0	
2	 7	 3	 3	sample75	245	1787	258	61680	0	
2	 7	 3	 4	sample75	443	1985	514	27756	0	
2	 7	 3	 5	sample75	232	1774	258	61680	0	
2	 7	 3	 6	control	180	1722	0	61680	0	
2	 7	 4	 1	sample76	1358	2900	1028	49344	0	
2	 7	 4	 2	sample76	600	2142	514	46260	0	
2	 7	 4	 3	sample76	694	1980	770	56584	0	
2	 7	 4	 4	sample76	627	1913	514	43724	0	
2	 7	 4	 5	sample76	559	1845	514	51440	0	
2	 7	 4	 6	control	961	2503	772	29298	0	
2	 8	 1	 1	sample77	735	2535	770	144000	0	
2	 8	 1	 2	sample77	878	2420	772	115650	0	
2	 8	 1	 3	sample77	385	2185	256	82800	0	
2	 8	 1	 4	sample77	495	2037	514	61680	0	
2	 8	 1	 5	sample77	399	1941	514	61680	0	
2	 8	 1	 6	control	232	1774	258	61680	0	
2	 8	 2	 1	sample78	380	1922	258	70932	0	
2	 8	 2	 2	sample78	441	1983	514	53970	0	
2	 8	 2	 3	sample78	84	1626	0	61680	0	
2	 8	 2	 4	sample78	238	1780	258	61680	0	
2	 8	 2	 5	sample78	200	1742	258	61680	0	
2	 8	 2	 6	control	1165	2707	1028	75558	0	
2	 8	 3	 1	sample79	718	2260	772	58596	0	
2	 8	 3	 2	sample79	559	2101	514	53970	0	
2	 8	 3	 3	sample79	692	1978	770	63014	0	
2	 8	 3	 4	sample79	274	1816	258	74016	0	
2	 8	 3	 5	sample79	13.4	1555	0	61680	0	
2	 8	 3	 6	control	123	1665	258	61680	0	
2	 8	 4	 1	sample80	583	2125	514	69390	0	
2	 8	 4	 2	sample80	552	1838	514	51440	0	
2	 8	 4	 3	sample80	530	2072	514	26214	0	
2	 8	 4	 4	sample80	435	1977	514	20046	0	
2	 8	 4	 5	sample80	309	1851	258	61680	0	
2	 8	 4	 6	control	575	2117	514	58596	0	
2	 9	 1	 1	sample81	864	2148	772	32100	0	
2	 9	 1	 2	sample81	805	2347	770	23130	0	
2	 9	 1	 3	sample81	438	1980	256	52428	0	
2	 9	 1	 4	sample81	514	1798	514	53928	0	
2	 9	 1	 5	sample81	470	1754	514	51360	0	
2	 9	 1	 6	control	476	1760	514	51360	0	
2	 9	 2	 1	sample82	1110	2394	1028	116844	0	
2	 9	 2	 2	sample82	1116	2658	1028	98688	0	
2	 9	 2	 3	sample82	1319	2603	1286	59064	0	
2	 9	 2	 4	sample82	1063	2347	1028	56496	0	
2	 9	 2	 5	sample82	658	1942	772	64200	0	
2	 9	 2	 6	control	992	2276	1028	73188	0	
2	 9	 3	 1	sample83	924	2208	1028	62916	0	
2	 9	 3	 2	sample83	854	2138	772	64200	0	
2	 9	 3	 3	sample83	753	2037	772	53928	0	
2	 9	 3	 4	sample83	1018	2302	1028	65484	0	
2	 9	 3	 5	sample83	405	1689	514	51360	0	
2	 9	 3	 6	control	6.9	1291	0	51360	0	
2	 9	 4	 1	sample84	547	1831	514	51360	0	
2	 9	 4	 2	sample84	437	1721	514	51360	0	
2	 9	 4	 3	sample84	341	1625	258	51360	0	
2	 9	 4	 4	sample84	526	1810	514	29532	0	
2	 9	 4	 5	sample84	364	1648	258	52644	0	
2	 9	 4	 6	control	609	1893	514	24396	0	
2	 10	 1	 1	sample85	928	3754	772	180864	0	
2	 10	 1	 2	sample85	661	3487	514	118692	0	
2	 10	 1	 3	sample85	446	3272	258	115866	0	
2	 10	 1	 4	sample85	699	3525	514	90432	0	
2	 10	 1	 5	sample85	441	3267	258	98910	0	
2	 10	 1	 6	control	232	3058	0	113040	0	
2	 10	 2	 1	sample86	418	3244	514	45216	0	
2	 10	 2	 2	sample86	341	3167	258	113040	0	
2	 10	 2	 3	sample86	322	3148	258	113040	0	
2	 10	 2	 4	sample86	290	3116	0	113040	0	
2	 10	 2	 5	sample86	335	3161	258	113040	0	
2	 10	 2	 6	control	669	3495	514	113040	0	
2	 10	 3	 1	sample87	695	3521	772	132822	0	
2	 10	 3	 2	sample87	412	3238	514	113040	0	
2	 10	 3	 3	sample87	287	3113	258	98910	0	
2	 10	 3	 4	sample87	283	3109	258	113040	0	
2	 10	 3	 5	sample87	206	3032	0	113040	0	
2	 10	 3	 6	control	398	2968	256	102800	0	
2	 10	 4	 1	sample88	811	3637	772	110214	0	
2	 10	 4	 2	sample88	84.1	2910	0	113040	0	
2	 10	 4	 3	sample88	529	3355	514	50868	0	
2	 10	 4	 4	sample88	318	3144	0	48042	0	
2	 10	 4	 5	sample88	315	3141	258	113040	0	
2	 10	 4	 6	control	360	3186	258	113040	0	
2	 11	 1	 1	sample89	726	2268	514	61680	0	
2	 11	 1	 2	sample89	804	2346	772	37008	0	
2	 11	 1	 3	sample89	480	2022	514	69390	0	
2	 11	 1	 4	sample89	506	2048	514	44718	0	
2	 11	 1	 5	sample89	817	2359	772	26214	0	
2	 11	 1	 6	control	258	1800	258	61680	0	
2	 11	 2	 1	sample90	654	2196	772	70932	0	
2	 11	 2	 2	sample90	1016	2558	1028	30840	0	
2	 11	 2	 3	sample90	566	2108	514	61680	0	
2	 11	 2	 4	sample90	494	1780	514	51440	0	
2	 11	 2	 5	sample90	270	1812	258	63222	0	
2	 11	 2	 6	control	652	2194	514	146490	0	
2	 11	 3	 1	sample91	1178	2464	1284	52726	0	
2	 11	 3	 2	sample91	637	2179	772	64764	0	
2	 11	 3	 3	sample91	522	2064	514	49344	0	
2	 11	 3	 4	sample91	497	2039	514	44718	0	
2	 11	 3	 5	sample91	110	1652	258	61680	0	
2	 11	 3	 6	control	-25.24	1517	0	61680	0	
2	 11	 4	 1	sample92	790	2332	772	43176	0	
2	 11	 4	 2	sample92	456	1742	514	51440	0	
2	 11	 4	 3	sample92	161	1703	258	61680	0	
2	 11	 4	 4	sample92	180	1722	0	61680	0	
2	 11	 4	 5	sample92	583	1869	514	33436	0	
2	 11	 4	 6	control	316	1858	258	74016	0	
2	 12	 1	 1	sample93	431	2229	258	71920	0	
2	 12	 1	 2	sample93	502	2300	514	71920	0	
2	 12	 1	 3	sample93	122	2178	256	82240	0	
2	 12	 1	 4	sample93	129	2441	0	92480	0	
2	 12	 1	 5	sample93	385	2955	514	102800	0	
2	 12	 1	 6	control	437	3521	256	123360	0	
2	 12	 2	 1	sample94	600	2398	514	70122	0	
2	 12	 2	 2	sample94	529	2585	514	67848	0	
2	 12	 2	 3	sample94	359	2415	256	82240	0	
2	 12	 2	 4	sample94	251	2563	258	92480	0	
2	 12	 2	 5	sample94	520	3346	514	124344	0	
2	 12	 2	 6	control	777	3861	770	120276	0	
2	 12	 3	 1	sample95	619	2417	514	88102	0	
2	 12	 3	 2	sample95	531	2329	514	82708	0	
2	 12	 3	 3	sample95	424	2480	514	82240	0	
2	 12	 3	 4	sample95	239	2551	258	99416	0	
2	 12	 3	 5	sample95	327	2897	256	102800	0	
2	 12	 3	 6	control	301	3385	256	123360	0	
2	 12	 4	 1	sample96	309	2107	258	71920	0	
2	 12	 4	 2	sample96	309	2107	258	71920	0	
2	 12	 4	 3	sample96	70.2	2126	0	82240	0	
2	 12	 4	 4	sample96	513	2569	514	39064	0	
2	 12	 4	 5	sample96	154	2724	256	102800	0	
2	 12	 4	 6	control	308	3392	256	123360	0	
3	 1	 1	 1	sample97	533	2333	514	72000	0	
3	 1	 1	 2	sample97	697	2239	514	69390	0	
3	 1	 1	 3	sample97	756	2298	772	26214	0	
3	 1	 1	 4	sample97	660	2202	514	57054	0	
3	 1	 1	 5	sample97	525	2067	514	72474	0	
3	 1	 1	 6	control	212	2012	0	72000	0	
3	 1	 2	 1	sample98	1162	2704	1028	124902	0	
3	 1	 2	 2	sample98	1181	2723	1286	98688	0	
3	 1	 2	 3	sample98	553	2095	514	61680	0	
3	 1	 2	 4	sample98	643	2185	514	61680	0	
3	 1	 2	 5	sample98	482	2024	514	61680	0	
3	 1	 2	 6	control	1144	2686	1286	61680	0	
3	 1	 3	 1	sample99	1114	2656	1028	55512	0	
3	 1	 3	 2	sample99	598	2140	514	61680	0	
3	 1	 3	 3	sample99	617	2159	514	61680	0	
3	 1	 3	 4	sample99	1110	2652	1028	29298	0	
3	 1	 3	 5	sample99	840	2382	772	69390	0	
3	 1	 3	 6	control	463	2005	258	61680	0	
3	 1	 4	 1	sample100	670	2212	514	74016	0	
3	 1	 4	 2	sample100	514	2056	514	69390	0	
3	 1	 4	 3	sample100	639	2181	514	53970	0	
3	 1	 4	 4	sample100	861	2403	514	30840	0	
3	 1	 4	 5	sample100	380	1922	514	61680	0	
3	 1	 4	 6	control	772	2314	772	38550	0	
3	 2	 1	 1	sample101	713	1997	772	61632	0	
3	 2	 1	 2	sample101	580	2122	514	41634	0	
3	 2	 1	 3	sample101	244	1786	256	61680	0	
3	 2	 1	 4	sample101	418	1702	258	51360	0	
3	 2	 1	 5	sample101	301	1843	256	61680	0	
3	 2	 1	 6	control	13.5	1811	0	71920	0	
3	 2	 2	 1	sample102	611	1895	514	51360	0	
3	 2	 2	 2	sample102	401	1943	514	49344	0	
3	 2	 2	 3	sample102	450	1734	258	51360	0	
3	 2	 2	 4	sample102	232	1516	258	51360	0	
3	 2	 2	 5	sample102	173	1715	256	61680	0	
3	 2	 2	 6	control	772	2570	772	71920	0	
3	 2	 3	 1	sample103	1221	2505	1286	112992	0	
3	 2	 3	 2	sample103	1461	2745	1286	52644	0	
3	 2	 3	 3	sample103	1123	2407	1028	62916	0	
3	 2	 3	 4	sample103	1075	2359	1028	56496	0	
3	 2	 3	 5	sample103	551	2093	514	74016	0	
3	 2	 3	 6	control	327	1869	256	61680	0	
3	 2	 4	 1	sample104	732	2016	772	59064	0	
3	 2	 4	 2	sample104	1212	2496	1286	17976	0	
3	 2	 4	 3	sample104	405	1689	258	51360	0	
3	 2	 4	 4	sample104	425	1709	258	51360	0	
3	 2	 4	 5	sample104	540	1824	514	51360	0	
3	 2	 4	 6	control	685	2227	514	55512	0	
3	 3	 1	 1	sample105	917	2459	1028	67848	0	
3	 3	 1	 2	sample105	548	2090	514	69390	0	
3	 3	 1	 3	sample105	376	1918	256	69390	0	
3	 3	 1	 4	sample105	579	1863	514	51360	0	
3	 3	 1	 5	sample105	656	1940	514	37236	0	
3	 3	 1	 6	control	257	1799	0	61680	0	
3	 3	 2	 1	sample106	1370	2912	1542	78642	0	
3	 3	 2	 2	sample106	834	2376	770	131070	0	
3	 3	 2	 3	sample106	765	2049	772	51360	0	
3	 3	 2	 4	sample106	714	1998	772	51360	0	
3	 3	 2	 5	sample106	442	1984	256	72474	0	
3	 3	 2	 6	control	1197	2739	1284	67848	0	
3	 3	 3	 1	sample107	1001	2543	1028	75558	0	
3	 3	 3	 2	sample107	802	2344	770	50886	0	
3	 3	 3	 3	sample107	857	2141	772	23112	0	
3	 3	 3	 4	sample107	547	1831	514	51360	0	
3	 3	 3	 5	sample107	560	1844	514	51360	0	
3	 3	 3	 6	control	513	2055	256	35466	0	
3	 3	 4	 1	sample108	1368	2910	1284	146490	0	
3	 3	 4	 2	sample108	750	2292	770	38550	0	
3	 3	 4	 3	sample108	900	2184	772	41088	0	
3	 3	 4	 4	sample108	566	1850	514	51360	0	
3	 3	 4	 5	sample108	495	1779	514	51360	0	
3	 3	 4	 6	control	720	2004	514	51360	0	
3	 4	 1	 1	sample109	851	2651	770	91800	0	
3	 4	 1	 2	sample109	999	2799	1028	81000	0	
3	 4	 1	 3	sample109	828	2628	770	72000	0	
3	 4	 1	 4	sample109	709	2509	770	75600	0	
3	 4	 1	 5	sample109	488	2288	514	72000	0	
3	 4	 1	 6	control	379	2179	256	72000	0	
3	 4	 2	 1	sample110	689	2489	770	79200	0	
3	 4	 2	 2	sample110	591	2391	514	72000	0	
3	 4	 2	 3	sample110	456	2256	514	72000	0	
3	 4	 2	 4	sample110	417	2217	514	72000	0	
3	 4	 2	 5	sample110	404	2204	256	72000	0	
3	 4	 2	 6	control	835	2635	1028	156600	0	
3	 4	 3	 1	sample111	4980	6780	4882	118800	0	
3	 4	 3	 2	sample111	3358	5158	3340	135000	0	
3	 4	 3	 3	sample111	2600	4400	2570	122400	0	
3	 4	 3	 4	sample111	1699	3499	1798	129600	0	
3	 4	 3	 5	sample111	872	2672	770	160200	0	
3	 4	 3	 6	control	141	1941	0	72000	0	
3	 4	 4	 1	sample112	346	2146	256	72000	0	
3	 4	 4	 2	sample112	616	2416	256	72000	0	
3	 4	 4	 3	sample112	404	2204	256	72000	0	
3	 4	 4	 4	sample112	385	2185	256	72000	0	
3	 4	 4	 5	sample112	424	2224	256	72000	0	
3	 4	 4	 6	control	507	2307	514	72000	0	
3	 5	 1	 1	sample113	714	2256	514	61680	0	
3	 5	 1	 2	sample113	1016	2558	772	30840	0	
3	 5	 1	 3	sample113	674	1960	514	51440	0	
3	 5	 1	 4	sample113	642	1928	514	51440	0	
3	 5	 1	 5	sample113	520	1806	256	51440	0	
3	 5	 1	 6	control	546	1832	514	51440	0	
3	 5	 2	 1	sample114	725	2011	514	51440	0	
3	 5	 2	 2	sample114	803	2089	514	51440	0	
3	 5	 2	 3	sample114	591	1877	514	51440	0	
3	 5	 2	 4	sample114	571	1857	514	51440	0	
3	 5	 2	 5	sample114	816	2102	514	21862	0	
3	 5	 2	 6	control	1355	2641	1284	56584	0	
3	 5	 3	 1	sample115	571	1857	514	51440	0	
3	 5	 3	 2	sample115	628	1914	514	34722	0	
3	 5	 3	 3	sample115	780	2066	770	33436	0	
3	 5	 3	 4	sample115	411	1697	256	51440	0	
3	 5	 3	 5	sample115	308	1594	256	51440	0	
3	 5	 3	 6	control	250	1536	0	51440	0	
3	 5	 4	 1	sample116	443	1729	256	51440	0	
3	 5	 4	 2	sample116	662	1948	514	24434	0	
3	 5	 4	 3	sample116	449	1735	256	51440	0	
3	 5	 4	 4	sample116	494	1780	256	51440	0	
3	 5	 4	 5	sample116	749	2035	514	30864	0	
3	 5	 4	 6	control	660	1946	514	45010	0	
3	 6	 1	 1	sample117	1050	3876	1028	67824	0	
3	 6	 1	 2	sample117	899	3469	770	102800	0	
3	 6	 1	 3	sample117	700	3270	770	102800	0	
3	 6	 1	 4	sample117	327	2897	256	102800	0	
3	 6	 1	 5	sample117	250	2820	256	102800	0	
3	 6	 1	 6	control	282	2852	256	102800	0	
3	 6	 2	 1	sample118	456	3026	514	102800	0	
3	 6	 2	 2	sample118	423	2993	514	102800	0	
3	 6	 2	 3	sample118	269	2839	256	102800	0	
3	 6	 2	 4	sample118	372	2942	256	102800	0	
3	 6	 2	 5	sample118	257	2827	256	102800	0	
3	 6	 2	 6	control	1940	4510	1028	154200	0	
3	 6	 3	 1	sample119	610	3180	514	102800	0	
3	 6	 3	 2	sample119	687	3257	514	95090	0	
3	 6	 3	 3	sample119	379	2949	256	102800	0	
3	 6	 3	 4	sample119	577	2889	514	94792	0	
3	 6	 3	 5	sample119	335	2647	258	92480	0	
3	 6	 3	 6	control	276	2846	256	102800	0	
3	 6	 4	 1	sample120	679	3249	514	107940	0	
3	 6	 4	 2	sample120	563	3133	514	120790	0	
3	 6	 4	 3	sample120	371	2941	256	115650	0	
3	 6	 4	 4	sample120	508	2820	514	92480	0	
3	 6	 4	 5	sample120	444	3014	256	66820	0	
3	 6	 4	 6	control	414	2984	256	113080	0	
3	 7	 1	 1	sample121	931	2731	770	95400	0	
3	 7	 1	 2	sample121	847	2647	770	84600	0	
3	 7	 1	 3	sample121	726	2526	770	72000	0	
3	 7	 1	 4	sample121	347	2147	256	66600	0	
3	 7	 1	 5	sample121	263	2063	256	72000	0	
3	 7	 1	 6	control	205	2005	256	72000	0	
3	 7	 2	 1	sample122	534	2334	514	91800	0	
3	 7	 2	 2	sample122	604	2404	514	30600	0	
3	 7	 2	 3	sample122	327	2127	256	72000	0	
3	 7	 2	 4	sample122	180	1980	0	72000	0	
3	 7	 2	 5	sample122	192	1992	256	72000	0	
3	 7	 2	 6	control	864	2664	770	144000	0	
3	 7	 3	 1	sample123	786	2586	770	88200	0	
3	 7	 3	 2	sample123	724	2524	770	59400	0	
3	 7	 3	 3	sample123	497	2297	514	86400	0	
3	 7	 3	 4	sample123	302	2102	256	61200	0	
3	 7	 3	 5	sample123	150	1950	0	73800	0	
3	 7	 3	 6	control	89.6	1890	0	72000	0	
3	 7	 4	 1	sample124	890	2690	770	77400	0	
3	 7	 4	 2	sample124	1071	2871	770	84600	0	
3	 7	 4	 3	sample124	366	2166	256	72000	0	
3	 7	 4	 4	sample124	134	1934	256	72000	0	
3	 7	 4	 5	sample124	115	1915	0	72000	0	
3	 7	 4	 6	control	412	2212	514	68400	0	
3	 8	 1	 1	sample125	1212	2754	1284	77100	0	
3	 8	 1	 2	sample125	1095	2637	1028	81726	0	
3	 8	 1	 3	sample125	878	2420	770	74016	0	
3	 8	 1	 4	sample125	650	2192	514	75558	0	
3	 8	 1	 5	sample125	508	2050	514	70932	0	
3	 8	 1	 6	control	346	1888	256	61680	0	
3	 8	 2	 1	sample126	1495	3037	1284	111024	0	
3	 8	 2	 2	sample126	1501	3043	1542	106398	0	
3	 8	 2	 3	sample126	1098	2640	1028	78642	0	
3	 8	 2	 4	sample126	690	2232	770	78642	0	
3	 8	 2	 5	sample126	633	2175	514	63222	0	
3	 8	 2	 6	control	1521	3063	1542	57054	0	
3	 8	 3	 1	sample127	977	2519	1028	63222	0	
3	 8	 3	 2	sample127	540	2082	514	75558	0	
3	 8	 3	 3	sample127	508	2050	514	72474	0	
3	 8	 3	 4	sample127	359	1901	256	61680	0	
3	 8	 3	 5	sample127	499	2041	514	27756	0	
3	 8	 3	 6	control	192	1734	256	61680	0	
3	 8	 4	 1	sample128	1017	2559	1028	37008	0	
3	 8	 4	 2	sample128	526	2068	514	61680	0	
3	 8	 4	 3	sample128	738	2280	770	49344	0	
3	 8	 4	 4	sample128	308	1850	256	61680	0	
3	 8	 4	 5	sample128	263	1805	256	61680	0	
3	 8	 4	 6	control	651	2193	514	63222	0	
3	 9	 1	 1	sample129	1086	2372	1028	39866	0	
3	 9	 1	 2	sample129	926	2468	772	38550	0	
3	 9	 1	 3	sample129	681	2223	514	57054	0	
3	 9	 1	 4	sample129	616	1902	514	51440	0	
3	 9	 1	 5	sample129	489	2031	258	61680	0	
3	 9	 1	 6	control	411	1697	256	51440	0	
3	 9	 2	 1	sample130	1369	2655	1284	101594	0	
3	 9	 2	 2	sample130	1740	3026	1798	90020	0	
3	 9	 2	 3	sample130	1418	2704	1284	64300	0	
3	 9	 2	 4	sample130	982	2524	772	33924	0	
3	 9	 2	 5	sample130	864	2150	770	52726	0	
3	 9	 2	 6	control	1610	2896	1284	19290	0	
3	 9	 3	 1	sample131	829	2115	770	28292	0	
3	 9	 3	 2	sample131	1172	2458	1028	20576	0	
3	 9	 3	 3	sample131	449	1735	256	51440	0	
3	 9	 3	 4	sample131	520	1806	256	51440	0	
3	 9	 3	 5	sample131	269	1555	0	51440	0	
3	 9	 3	 6	control	263	1549	256	51440	0	
3	 9	 4	 1	sample132	1122	2408	1028	52726	0	
3	 9	 4	 2	sample132	545	1831	514	51440	0	
3	 9	 4	 3	sample132	481	1767	256	51440	0	
3	 9	 4	 4	sample132	492	1778	514	46296	0	
3	 9	 4	 5	sample132	522	1808	514	37294	0	
3	 9	 4	 6	control	513	1799	256	51440	0	
3	 10	 1	 1	sample133	1079	2365	1028	120884	0	
3	 10	 1	 2	sample133	1031	2317	1028	83590	0	
3	 10	 1	 3	sample133	739	2025	514	51440	0	
3	 10	 1	 4	sample133	744	2030	770	63014	0	
3	 10	 1	 5	sample133	553	1839	514	57870	0	
3	 10	 1	 6	control	359	1645	256	51440	0	
3	 10	 2	 1	sample134	913	2199	770	48868	0	
3	 10	 2	 2	sample134	1370	2656	770	27006	0	
3	 10	 2	 3	sample134	904	2190	514	32150	0	
3	 10	 2	 4	sample134	974	2260	770	30864	0	
3	 10	 2	 5	sample134	1269	2555	1284	21862	0	
3	 10	 2	 6	control	1144	2430	1028	56584	0	
3	 10	 3	 1	sample135	749	2035	514	109310	0	
3	 10	 3	 2	sample135	885	2171	770	60442	0	
3	 10	 3	 3	sample135	481	1767	514	51440	0	
3	 10	 3	 4	sample135	552	1838	256	51440	0	
3	 10	 3	 5	sample135	469	1755	256	51440	0	
3	 10	 3	 6	control	231	1517	0	51440	0	
3	 10	 4	 1	sample136	749	2035	770	61728	0	
3	 10	 4	 2	sample136	758	2044	514	51440	0	
3	 10	 4	 3	sample136	398	1684	256	51440	0	
3	 10	 4	 4	sample136	501	1787	256	51440	0	
3	 10	 4	 5	sample136	1147	2433	770	19290	0	
3	 10	 4	 6	control	776	2062	770	60442	0	
3	 11	 1	 1	sample137	790	2076	770	68158	0	
3	 11	 1	 2	sample137	751	2037	514	34722	0	
3	 11	 1	 3	sample137	674	1960	514	51440	0	
3	 11	 1	 4	sample137	501	1787	514	55298	0	
3	 11	 1	 5	sample137	475	1761	514	51440	0	
3	 11	 1	 6	control	449	1735	514	51440	0	
3	 11	 2	 1	sample138	657	1943	514	64300	0	
3	 11	 2	 2	sample138	742	2028	770	57870	0	
3	 11	 2	 3	sample138	818	2360	772	103314	0	
3	 11	 2	 4	sample138	519	1805	514	59156	0	
3	 11	 2	 5	sample138	243	1785	258	55512	0	
3	 11	 2	 6	control	822	2364	772	70932	0	
3	 11	 3	 1	sample139	488	1774	256	51440	0	
3	 11	 3	 2	sample139	569	1855	514	54012	0	
3	 11	 3	 3	sample139	142	1684	0	61680	0	
3	 11	 3	 4	sample139	406	1948	514	69390	0	
3	 11	 3	 5	sample139	129	1671	0	61680	0	
3	 11	 3	 6	control	90.5	1632	0	61680	0	
3	 11	 4	 1	sample140	404	1690	256	51440	0	
3	 11	 4	 2	sample140	417	1703	514	51440	0	
3	 11	 4	 3	sample140	315	1857	258	61680	0	
3	 11	 4	 4	sample140	402	1944	514	24672	0	
3	 11	 4	 5	sample140	463	2005	514	61680	0	
3	 11	 4	 6	control	515	2057	514	61680	0	
3	 12	 1	 1	sample141	515	2057	514	57054	0	
3	 12	 1	 2	sample141	476	2018	514	61680	0	
3	 12	 1	 3	sample141	3262	5318	1286	119248	0	
3	 12	 1	 4	sample141	341	2397	258	82240	0	
3	 12	 1	 5	sample141	231	2545	256	92560	0	
3	 12	 1	 6	control	122	2950	0	113120	0	
3	 12	 2	 1	sample142	900	2442	772	74016	0	
3	 12	 2	 2	sample142	282	2082	256	72000	0	
3	 12	 2	 3	sample142	328	2384	258	82240	0	
3	 12	 2	 4	sample142	-6.79	2307	0	92560	0	
3	 12	 2	 5	sample142	308	2622	256	92560	0	
3	 12	 2	 6	control	250	3078	256	113120	0	
3	 12	 3	 1	sample143	560	2102	514	61680	0	
3	 12	 3	 2	sample143	270	2070	256	72000	0	
3	 12	 3	 3	sample143	142	2198	258	82240	0	
3	 12	 3	 4	sample143	213	2269	258	82240	0	
3	 12	 3	 5	sample143	244	2558	256	92560	0	
3	 12	 3	 6	control	263	3091	256	113120	0	
3	 12	 4	 1	sample144	109	1909	0	72000	0	
3	 12	 4	 2	sample144	3225	5281	772	45232	0	
3	 12	 4	 3	sample144	200	2256	0	82240	0	
3	 12	 4	 4	sample144	475	2531	258	26728	0	
3	 12	 4	 5	sample144	276	2590	256	92560	0	
3	 12	 4	 6	control	276	3104	256	113120	0	
4	 1	 1	 1	sample145	802	2086	772	32100	0	
4	 1	 1	 2	sample145	465	1749	514	60348	0	
4	 1	 1	 3	sample145	367	1651	514	51360	0	
4	 1	 1	 4	sample145	399	1683	258	51360	0	
4	 1	 1	 5	sample145	393	1677	514	48792	0	
4	 1	 1	 6	control	322	1606	258	51360	0	
4	 1	 2	 1	sample146	462	2004	256	61680	0	
4	 1	 2	 2	sample146	1340	2882	1284	57054	0	
4	 1	 2	 3	sample146	1170	2712	1284	27756	0	
4	 1	 2	 4	sample146	402	1944	256	67848	0	
4	 1	 2	 5	sample146	218	1760	0	61680	0	
4	 1	 2	 6	control	514	2056	514	60138	0	
4	 1	 3	 1	sample147	856	2912	770	37008	0	
4	 1	 3	 2	sample147	408	2464	256	90464	0	
4	 1	 3	 3	sample147	482	2280	514	43152	0	
4	 1	 3	 4	sample147	478	2276	514	75516	0	
4	 1	 3	 5	sample147	309	2107	258	71920	0	
4	 1	 3	 6	control	251	2049	258	71920	0	
4	 1	 4	 1	sample148	1656	3968	1800	78608	0	
4	 1	 4	 2	sample148	1533	3845	1542	60112	0	
4	 1	 4	 3	sample148	1064	3120	1028	115136	0	
4	 1	 4	 4	sample148	1107	3163	1028	92520	0	
4	 1	 4	 5	sample148	571	2627	514	82240	0	
4	 1	 4	 6	control	514	2570	514	82240	0	
4	 2	 1	 1	sample149	547	2089	514	61680	0	
4	 2	 1	 2	sample149	525	2067	514	37008	0	
4	 2	 1	 3	sample149	378	1920	258	75558	0	
4	 2	 1	 4	sample149	270	1812	258	61680	0	
4	 2	 1	 5	sample149	328	1870	258	61680	0	
4	 2	 1	 6	control	445	1987	514	40092	0	
4	 2	 2	 1	sample150	543	2343	514	77400	0	
4	 2	 2	 2	sample150	599	2399	770	32400	0	
4	 2	 2	 3	sample150	513	2313	514	52200	0	
4	 2	 2	 4	sample150	250	2050	256	72000	0	
4	 2	 2	 5	sample150	278	2078	256	63000	0	
4	 2	 2	 6	control	604	2404	514	174600	0	
4	 2	 3	 1	sample151	554	2610	514	94576	0	
4	 2	 3	 2	sample151	438	2494	258	96632	0	
4	 2	 3	 3	sample151	319	2375	258	86352	0	
4	 2	 3	 4	sample151	263	2319	258	106912	0	
4	 2	 3	 5	sample151	322	2378	258	82240	0	
4	 2	 3	 6	control	339	2395	258	84296	0	
4	 2	 4	 1	sample152	565	2879	514	92560	0	
4	 2	 4	 2	sample152	488	2802	514	92560	0	
4	 2	 4	 3	sample152	231	2545	256	92560	0	
4	 2	 4	 4	sample152	403	2717	256	48594	0	
4	 2	 4	 5	sample152	436	2750	256	46280	0	
4	 2	 4	 6	control	347	2661	256	92560	0	
4	 3	 1	 1	sample153	830	2116	770	78446	0	
4	 3	 1	 2	sample153	1045	2073	1028	48316	0	
4	 3	 1	 3	sample153	587	1873	514	63014	0	
4	 3	 1	 4	sample153	503	1789	514	61728	0	
4	 3	 1	 5	sample153	438	1724	514	56584	0	
4	 3	 1	 6	control	128	1414	0	51440	0	
4	 3	 2	 1	sample154	697	1983	770	54012	0	
4	 3	 2	 2	sample154	687	1973	770	55298	0	
4	 3	 2	 3	sample154	546	1832	514	51440	0	
4	 3	 2	 4	sample154	437	1723	514	51440	0	
4	 3	 2	 5	sample154	158	1700	258	55512	0	
4	 3	 2	 6	control	892	2434	772	69390	0	
4	 3	 3	 1	sample155	281	2081	256	75600	0	
4	 3	 3	 2	sample155	224	2024	256	72000	0	
4	 3	 3	 3	sample155	173	1973	256	72000	0	
4	 3	 3	 4	sample155	167	1967	256	72000	0	
4	 3	 3	 5	sample155	341	1883	258	61680	0	
4	 3	 3	 6	control	44.5	1844	0	72000	0	
4	 3	 4	 1	sample156	678	2734	772	67848	0	
4	 3	 4	 2	sample156	688	2744	772	82240	0	
4	 3	 4	 3	sample156	554	2610	514	80184	0	
4	 3	 4	 4	sample156	168	2224	258	82240	0	
4	 3	 4	 5	sample156	148	2204	258	82240	0	
4	 3	 4	 6	control	257	2313	258	82240	0	
4	 4	 1	 1	sample157	314	1600	256	51440	0	
4	 4	 1	 2	sample157	271	1557	256	23148	0	
4	 4	 1	 3	sample157	218	1504	256	51440	0	
4	 4	 1	 4	sample157	308	1594	256	51440	0	
4	 4	 1	 5	sample157	186	1472	256	51440	0	
4	 4	 1	 6	control	128	1414	256	51440	0	
4	 4	 2	 1	sample158	360	1902	258	61680	0	
4	 4	 2	 2	sample158	309	1851	258	61680	0	
4	 4	 2	 3	sample158	225	1767	258	61680	0	
4	 4	 2	 4	sample158	252	1794	258	72474	0	
4	 4	 2	 5	sample158	264	1806	258	61680	0	
4	 4	 2	 6	control	1029	2571	1028	40092	0	
4	 4	 3	 1	sample159	385	2185	514	72000	0	
4	 4	 3	 2	sample159	289	2089	256	72000	0	
4	 4	 3	 3	sample159	338	2138	256	84600	0	
4	 4	 3	 4	sample159	295	2095	256	72000	0	
4	 4	 3	 5	sample159	301	2101	256	72000	0	
4	 4	 3	 6	control	399	2199	514	81000	0	
4	 4	 4	 1	sample160	424	2224	514	72000	0	
4	 4	 4	 2	sample160	250	2050	256	72000	0	
4	 4	 4	 3	sample160	452	2252	514	37800	0	
4	 4	 4	 4	sample160	84	2140	0	82240	0	
4	 4	 4	 5	sample160	155	2211	0	82240	0	
4	 4	 4	 6	control	592	2648	514	82240	0	
4	 5	 1	 1	sample161	782	2324	772	74016	0	
4	 5	 1	 2	sample161	447	1989	514	58596	0	
4	 5	 1	 3	sample161	393	1935	258	61680	0	
4	 5	 1	 4	sample161	444	1986	514	61680	0	
4	 5	 1	 5	sample161	458	2000	514	63222	0	
4	 5	 1	 6	control	245	1787	258	61680	0	
4	 5	 2	 1	sample162	918	2460	772	107940	0	
4	 5	 2	 2	sample162	562	2362	514	86400	0	
4	 5	 2	 3	sample162	519	2319	514	82800	0	
4	 5	 2	 4	sample162	783	2583	770	37800	0	
4	 5	 2	 5	sample162	514	2314	514	72000	0	
4	 5	 2	 6	control	1012	2812	1028	59400	0	
4	 5	 3	 1	sample163	872	2928	772	205600	0	
4	 5	 3	 2	sample163	787	2843	772	100744	0	
4	 5	 3	 3	sample163	859	2915	772	96632	0	
4	 5	 3	 4	sample163	555	2869	514	71734	0	
4	 5	 3	 5	sample163	367	2681	256	113386	0	
4	 5	 3	 6	control	359	2673	256	92560	0	
4	 5	 4	 1	sample164	1324	3380	1286	67848	0	
4	 5	 4	 2	sample164	958	3272	770	60164	0	
4	 5	 4	 3	sample164	805	3375	772	59110	0	
4	 5	 4	 4	sample164	720	3290	514	51400	0	
4	 5	 4	 5	sample164	418	2988	258	102800	0	
4	 5	 4	 6	control	548	3376	514	84840	0	
4	 6	 1	 1	sample165	855	2397	772	61680	0	
4	 6	 1	 2	sample165	637	2179	514	61680	0	
4	 6	 1	 3	sample165	756	2298	772	24672	0	
4	 6	 1	 4	sample165	690	2232	772	33924	0	
4	 6	 1	 5	sample165	328	1870	258	61680	0	
4	 6	 1	 6	control	232	1774	258	61680	0	
4	 6	 2	 1	sample166	1066	2866	1028	118800	0	
4	 6	 2	 2	sample166	1125	2925	1028	90000	0	
4	 6	 2	 3	sample166	645	2445	770	88200	0	
4	 6	 2	 4	sample166	742	2542	770	48600	0	
4	 6	 2	 5	sample166	823	2623	770	79200	0	
4	 6	 2	 6	control	1083	2883	1028	66600	0	
4	 6	 3	 1	sample167	809	3123	770	92560	0	
4	 6	 3	 2	sample167	786	3100	770	113386	0	
4	 6	 3	 3	sample167	693	3007	770	92560	0	
4	 6	 3	 4	sample167	673	2987	770	85618	0	
4	 6	 3	 5	sample167	653	2967	514	55536	0	
4	 6	 3	 6	control	417	2731	256	55536	0	
4	 6	 4	 1	sample168	854	3682	1028	113120	0	
4	 6	 4	 2	sample168	539	3367	514	113120	0	
4	 6	 4	 3	sample168	431	3515	258	123360	0	
4	 6	 4	 4	sample168	430	3258	514	113120	0	
4	 6	 4	 5	sample168	186	3014	256	113120	0	
4	 6	 4	 6	control	412	2982	514	102800	0	
4	 7	 1	 1	sample169	1860	3144	1800	75756	0	
4	 7	 1	 2	sample169	1325	2609	1542	101436	0	
4	 7	 1	 3	sample169	832	2116	772	124548	0	
4	 7	 1	 4	sample169	765	2049	772	55212	0	
4	 7	 1	 5	sample169	596	1880	772	24396	0	
4	 7	 1	 6	control	219	1503	258	51360	0	
4	 7	 2	 1	sample170	845	2387	770	74016	0	
4	 7	 2	 2	sample170	815	2357	770	61680	0	
4	 7	 2	 3	sample170	525	2067	514	70932	0	
4	 7	 2	 4	sample170	295	1837	256	61680	0	
4	 7	 2	 5	sample170	476	1760	514	51360	0	
4	 7	 2	 6	control	687	2229	514	61680	0	
4	 7	 3	 1	sample171	804	2602	772	86304	0	
4	 7	 3	 2	sample171	665	2463	514	82708	0	
4	 7	 3	 3	sample171	412	2210	514	71920	0	
4	 7	 3	 4	sample171	258	2056	258	89900	0	
4	 7	 3	 5	sample171	578	2120	514	37008	0	
4	 7	 3	 6	control	697	2239	770	21588	0	
4	 7	 4	 1	sample172	476	2788	514	92480	0	
4	 7	 4	 2	sample172	211	2267	256	82240	0	
4	 7	 4	 3	sample172	258	2056	258	71920	0	
4	 7	 4	 4	sample172	353	1895	514	61680	0	
4	 7	 4	 5	sample172	385	1927	514	24672	0	
4	 7	 4	 6	control	481	2023	256	61680	0	
4	 8	 1	 1	sample173	1220	2504	1286	95016	0	
4	 8	 1	 2	sample173	1022	2306	1028	95016	0	
4	 8	 1	 3	sample173	857	2141	772	73188	0	
4	 8	 1	 4	sample173	861	2145	772	33384	0	
4	 8	 1	 5	sample173	526	1810	514	56496	0	
4	 8	 1	 6	control	200	1484	0	51360	0	
4	 8	 2	 1	sample174	606	2148	514	77100	0	
4	 8	 2	 2	sample174	536	2078	514	70932	0	
4	 8	 2	 3	sample174	579	1863	514	56496	0	
4	 8	 2	 4	sample174	412	1696	514	51360	0	
4	 8	 2	 5	sample174	485	1769	514	44940	0	
4	 8	 2	 6	control	1171	2455	1028	34668	0	
4	 8	 3	 1	sample175	781	2323	770	77100	0	
4	 8	 3	 2	sample175	661	2203	514	72474	0	
4	 8	 3	 3	sample175	564	2106	514	63222	0	
4	 8	 3	 4	sample175	391	1933	256	70932	0	
4	 8	 3	 5	sample175	205	1747	256	61680	0	
4	 8	 3	 6	control	121	1663	256	61680	0	
4	 8	 4	 1	sample176	391	1933	514	61680	0	
4	 8	 4	 2	sample176	489	2031	514	64764	0	
4	 8	 4	 3	sample176	527	2069	514	58596	0	
4	 8	 4	 4	sample176	115	1657	0	61680	0	
4	 8	 4	 5	sample176	199	1741	256	61680	0	
4	 8	 4	 6	control	520	2062	514	61680	0	
4	 9	 1	 1	sample177	907	4505	1028	129528	0	
4	 9	 1	 2	sample177	463	4061	514	161910	0	
4	 9	 1	 3	sample177	634	3976	514	157074	0	
4	 9	 1	 4	sample177	135	3733	258	143920	0	
4	 9	 1	 5	sample177	391	3733	256	133680	0	
4	 9	 1	 6	control	544	3886	514	56814	0	
4	 9	 2	 1	sample178	1028	4626	1028	118734	0	
4	 9	 2	 2	sample178	895	4493	772	89950	0	
4	 9	 2	 3	sample178	472	4070	514	176302	0	
4	 9	 2	 4	sample178	514	4112	514	68362	0	
4	 9	 2	 5	sample178	316	3914	258	125930	0	
4	 9	 2	 6	control	805	4403	772	136724	0	
4	 9	 3	 1	sample179	690	4546	770	173520	0	
4	 9	 3	 2	sample179	586	4442	514	150384	0	
4	 9	 3	 3	sample179	513	4369	514	177376	0	
4	 9	 3	 4	sample179	186	4042	256	154240	0	
4	 9	 3	 5	sample179	373	4229	514	42416	0	
4	 9	 3	 6	control	205	4061	256	96400	0	
4	 9	 4	 1	sample180	719	4575	770	154240	0	
4	 9	 4	 2	sample180	658	4514	770	185088	0	
4	 9	 4	 3	sample180	530	4386	514	177376	0	
4	 9	 4	 4	sample180	514	4370	514	61696	0	
4	 9	 4	 5	sample180	293	4149	256	80976	0	
4	 9	 4	 6	control	398	4254	514	188944	0	
4	 10	 1	 1	sample181	1063	2605	1028	89436	0	
4	 10	 1	 2	sample181	1020	2562	1028	55512	0	
4	 10	 1	 3	sample181	373	2171	258	88102	0	
4	 10	 1	 4	sample181	668	2210	514	61680	0	
4	 10	 1	 5	sample181	624	2166	514	64764	0	
4	 10	 1	 6	control	269	1811	256	61680	0	
4	 10	 2	 1	sample182	1169	2967	1028	39556	0	
4	 10	 2	 2	sample182	669	2467	514	62930	0	
4	 10	 2	 3	sample182	725	2523	514	79112	0	
4	 10	 2	 4	sample182	633	2175	514	66306	0	
4	 10	 2	 5	sample182	585	2127	514	72474	0	
4	 10	 2	 6	control	865	2663	772	59334	0	
4	 10	 3	 1	sample183	719	2775	514	82240	0	
4	 10	 3	 2	sample183	914	2712	772	64728	0	
4	 10	 3	 3	sample183	642	2698	514	37008	0	
4	 10	 3	 4	sample183	488	2544	514	61680	0	
4	 10	 3	 5	sample183	533	2589	514	82240	0	
4	 10	 3	 6	control	289	2345	256	82240	0	
4	 10	 4	 1	sample184	723	2779	770	88408	0	
4	 10	 4	 2	sample184	282	2338	256	82240	0	
4	 10	 4	 3	sample184	160	2216	0	82240	0	
4	 10	 4	 4	sample184	628	2684	514	37008	0	
4	 10	 4	 5	sample184	250	2306	256	82240	0	
4	 10	 4	 6	control	514	2570	514	82240	0	
4	 11	 1	 1	sample185	534	2332	514	71920	0	
4	 11	 1	 2	sample185	521	2319	514	77314	0	
4	 11	 1	 3	sample185	283	2081	258	71920	0	
4	 11	 1	 4	sample185	610	2666	514	65792	0	
4	 11	 1	 5	sample185	462	2518	514	82240	0	
4	 11	 1	 6	control	173	2229	256	82240	0	
4	 11	 2	 1	sample186	572	2370	514	71920	0	
4	 11	 2	 2	sample186	431	2487	256	96632	0	
4	 11	 2	 3	sample186	269	2325	256	86352	0	
4	 11	 2	 4	sample186	224	2280	256	82240	0	
4	 11	 2	 5	sample186	167	2223	256	82240	0	
4	 11	 2	 6	control	443	2499	256	82240	0	
4	 11	 3	 1	sample187	624	2936	514	92480	0	
4	 11	 3	 2	sample187	585	2897	514	92480	0	
4	 11	 3	 3	sample187	350	2662	258	108664	0	
4	 11	 3	 4	sample187	270	2582	258	92480	0	
4	 11	 3	 5	sample187	296	2608	258	92480	0	
4	 11	 3	 6	control	213	2525	258	92480	0	
4	 11	 4	 1	sample188	427	2739	514	94792	0	
4	 11	 4	 2	sample188	391	2703	514	115600	0	
4	 11	 4	 3	sample188	148	2460	258	92480	0	
4	 11	 4	 4	sample188	243	2555	258	80920	0	
4	 11	 4	 5	sample188	39.1	2351	0	92480	0	
4	 11	 4	 6	control	219	2531	258	92480	0	
4	 12	 1	 1	sample189	687	1973	514	51440	0	
4	 12	 1	 2	sample189	520	1806	256	51440	0	
4	 12	 1	 3	sample189	686	2228	514	32382	0	
4	 12	 1	 4	sample189	219	1761	258	61680	0	
4	 12	 1	 5	sample189	593	2393	514	75600	0	
4	 12	 1	 6	control	513	2827	256	92560	0	
4	 12	 2	 1	sample190	868	2154	770	27006	0	
4	 12	 2	 2	sample190	561	2103	258	33924	0	
4	 12	 2	 3	sample190	1195	2737	1028	26214	0	
4	 12	 2	 4	sample190	444	1986	258	61680	0	
4	 12	 2	 5	sample190	386	2442	258	82240	0	
4	 12	 2	 6	control	700	3014	514	92560	0	
4	 12	 3	 1	sample191	1171	2713	772	41634	0	
4	 12	 3	 2	sample191	1321	2863	1028	33924	0	
4	 12	 3	 3	sample191	1110	2910	770	45000	0	
4	 12	 3	 4	sample191	1004	2804	770	39600	0	
4	 12	 3	 5	sample191	973	3029	772	76072	0	
4	 12	 3	 6	control	508	3078	258	102800	0	
4	 12	 4	 1	sample192	405	1947	258	61680	0	
4	 12	 4	 2	sample192	937	2737	770	30600	0	
4	 12	 4	 3	sample192	263	2063	0	72000	0	
4	 12	 4	 4	sample192	399	2455	258	82240	0	
4	 12	 4	 5	sample192	224	2538	0	92560	0	
4	 12	 4	 6	control	866	3436	514	48830	0	
