MicroVigene	 Version	 2650
Culture	en-US
8/16/2006 3:23:03 PM
Roi Row	 4	 Roi Col	 12	 Main Row	 4	 Main Col	 6	 Sub Row	 1	 Sub Col	 1
Main Row	 Main Col	 Sub Row	 Sub Col	  GeneID	mean_net	 mean_total	 median_net	 vol_bkg	 vol_dust	 
1	 1	 1	 1	sample1	2258	5084	2314	209124	0	
1	 1	 1	 2	sample1	2099	4925	2056	257166	0	
1	 1	 1	 3	sample1	2301	5127	2056	113040	0	
1	 1	 1	 4	sample1	1718	4802	1542	157284	0	
1	 1	 1	 5	sample1	1208	4548	1028	133600	0	
1	 1	 1	 6	control	603	4201	256	143920	0	
1	 1	 2	 1	sample2	2887	5457	2826	174760	0	
1	 1	 2	 2	sample2	3833	6403	4112	218450	0	
1	 1	 2	 3	sample2	3554	6124	3598	195320	0	
1	 1	 2	 4	sample2	2137	4963	2056	206298	0	
1	 1	 2	 5	sample2	2244	5070	2314	135648	0	
1	 1	 2	 6	control	15389	18729	18504	247160	0	
1	 1	 3	 1	sample3	6931	9501	7196	182470	0	
1	 1	 3	 2	sample3	5287	7857	5654	187610	0	
1	 1	 3	 3	sample3	3988	6558	4112	187610	0	
1	 1	 3	 4	sample3	2622	5192	2570	177330	0	
1	 1	 3	 5	sample3	2139	4709	2056	254430	0	
1	 1	 3	 6	control	559	3643	256	123360	0	
1	 1	 4	 1	sample4	7654	9966	8482	201144	0	
1	 1	 4	 2	sample4	6612	8924	7710	184960	0	
1	 1	 4	 3	sample4	4617	6929	4884	182648	0	
1	 1	 4	 4	sample4	3440	5752	3084	168776	0	
1	 1	 4	 5	sample4	1697	4267	1284	208170	0	
1	 1	 4	 6	control	11042	13612	11308	161910	0	
1	 2	 1	 1	sample5	17543	21913	19788	380190	0	
1	 2	 1	 2	sample5	17976	22346	20302	353970	0	
1	 2	 1	 3	sample5	15552	19664	17220	345408	0	
1	 2	 1	 4	sample5	12183	16295	11566	345408	0	
1	 2	 1	 5	sample5	9549	13405	10280	316192	0	
1	 2	 1	 6	control	584	4440	256	154240	0	
1	 2	 2	 1	sample6	4347	8459	4370	287840	0	
1	 2	 2	 2	sample6	3304	7416	3084	312512	0	
1	 2	 2	 3	sample6	3591	7447	3854	300768	0	
1	 2	 2	 4	sample6	2833	6689	2826	300768	0	
1	 2	 2	 5	sample6	2826	6682	2570	204368	0	
1	 2	 2	 6	control	16398	19996	18504	273448	0	
1	 2	 3	 1	sample7	16425	20023	16448	392182	0	
1	 2	 3	 2	sample7	16542	19884	17732	253992	0	
1	 2	 3	 3	sample7	15739	19337	16706	241066	0	
1	 2	 3	 4	sample7	13167	16765	13878	262654	0	
1	 2	 3	 5	sample7	11551	14893	10022	260676	0	
1	 2	 3	 6	control	462	3804	256	133680	0	
1	 2	 4	 1	sample8	3206	6290	3084	228216	0	
1	 2	 4	 2	sample8	2402	5486	2570	160368	0	
1	 2	 4	 3	sample8	2003	4831	2056	277144	0	
1	 2	 4	 4	sample8	1477	4305	1542	113120	0	
1	 2	 4	 5	sample8	996	4080	1028	123360	0	
1	 2	 4	 6	control	14808	17892	15934	200460	0	
1	 3	 1	 1	sample9	1228	5082	1286	154160	0	
1	 3	 1	 2	sample9	1343	5197	1542	154160	0	
1	 3	 1	 3	sample9	1009	4863	1028	154160	0	
1	 3	 1	 4	sample9	669	4523	514	154160	0	
1	 3	 1	 5	sample9	611	4465	514	154160	0	
1	 3	 1	 6	control	431	4285	258	154160	0	
1	 3	 2	 1	sample10	15365	19477	17476	271392	0	
1	 3	 2	 2	sample10	17873	21985	19018	263168	0	
1	 3	 2	 3	sample10	16324	20178	19790	254364	0	
1	 3	 2	 4	sample10	14272	18126	15164	246656	0	
1	 3	 2	 5	sample10	12269	16123	12594	235094	0	
1	 3	 2	 6	control	16053	20165	16704	254944	0	
1	 3	 3	 1	sample11	7035	10633	6682	248262	0	
1	 3	 3	 2	sample11	6463	10061	5654	215880	0	
1	 3	 3	 3	sample11	4916	8770	4884	211970	0	
1	 3	 3	 4	sample11	2913	6767	2828	208116	0	
1	 3	 3	 5	sample11	2710	6564	2828	235094	0	
1	 3	 3	 6	control	206	4574	258	174720	0	
1	 3	 4	 1	sample12	11392	14732	10794	217100	0	
1	 3	 4	 2	sample12	9042	12382	7968	203740	0	
1	 3	 4	 3	sample12	7975	11315	8224	217100	0	
1	 3	 4	 4	sample12	5393	8733	5398	210420	0	
1	 3	 4	 5	sample12	3514	7112	3598	143920	0	
1	 3	 4	 6	control	14054	17908	16192	208116	0	
1	 4	 1	 1	sample13	1466	5064	1286	143920	0	
1	 4	 1	 2	sample13	1536	5392	1542	173520	0	
1	 4	 1	 3	sample13	1408	5006	1286	143920	0	
1	 4	 1	 4	sample13	925	4781	770	154240	0	
1	 4	 1	 5	sample13	828	4684	770	154240	0	
1	 4	 1	 6	control	553	4665	514	164480	0	
1	 4	 2	 1	sample14	6639	10495	6938	258352	0	
1	 4	 2	 2	sample14	5639	9495	5140	269920	0	
1	 4	 2	 3	sample14	4861	8717	4626	273776	0	
1	 4	 2	 4	sample14	3829	7685	4112	269920	0	
1	 4	 2	 5	sample14	2926	6782	2826	258352	0	
1	 4	 2	 6	control	15937	19793	16704	281488	0	
1	 4	 3	 1	sample15	16052	19908	17732	358608	0	
1	 4	 3	 2	sample15	14454	18566	15678	308400	0	
1	 4	 3	 3	sample15	15289	19145	15934	296912	0	
1	 4	 3	 4	sample15	11311	15167	11050	254496	0	
1	 4	 3	 5	sample15	8577	12175	8738	269850	0	
1	 4	 3	 6	control	276	4132	256	154240	0	
1	 4	 4	 1	sample16	23198	26796	24415	190694	0	
1	 4	 4	 2	sample16	16441	20039	16962	255458	0	
1	 4	 4	 3	sample16	15347	18945	16706	277046	0	
1	 4	 4	 4	sample16	11529	15127	10538	255458	0	
1	 4	 4	 5	sample16	7457	11055	7196	266252	0	
1	 4	 4	 6	control	12925	16523	13108	197890	0	
1	 5	 1	 1	sample17	17684	22054	19532	349600	0	
1	 5	 1	 2	sample17	16491	20861	17990	358340	0	
1	 5	 1	 3	sample17	13503	17615	12594	365968	0	
1	 5	 1	 4	sample17	12394	16506	13878	296064	0	
1	 5	 1	 5	sample17	7780	11892	7454	304288	0	
1	 5	 1	 6	control	508	4620	514	164480	0	
1	 5	 2	 1	sample18	15081	19451	15420	332120	0	
1	 5	 2	 2	sample18	16749	20861	17734	312512	0	
1	 5	 2	 3	sample18	15738	19850	18248	312512	0	
1	 5	 2	 4	sample18	12319	16175	13364	308480	0	
1	 5	 2	 5	sample18	10326	14182	10022	316192	0	
1	 5	 2	 6	control	16012	19868	20046	289200	0	
1	 5	 3	 1	sample19	9139	13251	8996	398864	0	
1	 5	 3	 2	sample19	6758	10614	6168	273776	0	
1	 5	 3	 3	sample19	5842	9698	5910	262208	0	
1	 5	 3	 4	sample19	3833	7431	3856	244664	0	
1	 5	 3	 5	sample19	3429	6771	3340	250650	0	
1	 5	 3	 6	control	244	3586	256	133680	0	
1	 5	 4	 1	sample20	14224	17822	13622	302232	0	
1	 5	 4	 2	sample20	12195	15537	11050	250650	0	
1	 5	 4	 3	sample20	10824	14166	10794	257334	0	
1	 5	 4	 4	sample20	7116	10458	6938	237282	0	
1	 5	 4	 5	sample20	4112	7454	3340	237282	0	
1	 5	 4	 6	control	11667	14751	13364	194292	0	
1	 6	 1	 1	sample21	12767	17137	12850	380190	0	
1	 6	 1	 2	sample21	14271	18383	14906	320736	0	
1	 6	 1	 3	sample21	10813	14669	10280	308480	0	
1	 6	 1	 4	sample21	8458	12570	8738	312512	0	
1	 6	 1	 5	sample21	5752	9864	5654	337184	0	
1	 6	 1	 6	control	957	5327	1028	174800	0	
1	 6	 2	 1	sample22	12834	16690	12592	316192	0	
1	 6	 2	 2	sample22	16429	20285	16704	335472	0	
1	 6	 2	 3	sample22	14356	18212	15420	339328	0	
1	 6	 2	 4	sample22	12955	16553	13364	291438	0	
1	 6	 2	 5	sample22	10465	14321	11050	293056	0	
1	 6	 2	 6	control	16786	20642	18760	266064	0	
1	 6	 3	 1	sample23	2246	5588	2312	243966	0	
1	 6	 3	 2	sample23	2402	5744	2312	173784	0	
1	 6	 3	 3	sample23	1587	4929	1542	133680	0	
1	 6	 3	 4	sample23	1008	4350	1028	133680	0	
1	 6	 3	 5	sample23	854	4196	770	133680	0	
1	 6	 3	 6	control	431	4029	514	143920	0	
1	 6	 4	 1	sample24	3491	6575	3598	243636	0	
1	 6	 4	 2	sample24	2615	5443	2312	192304	0	
1	 6	 4	 3	sample24	2466	5294	2312	203616	0	
1	 6	 4	 4	sample24	1458	4286	1284	113120	0	
1	 6	 4	 5	sample24	913	3997	772	123360	0	
1	 6	 4	 6	control	15109	18193	18504	203544	0	
1	 7	 1	 1	sample25	18294	22406	19532	534560	0	
1	 7	 1	 2	sample25	22305	26159	25185	273634	0	
1	 7	 1	 3	sample25	17372	21226	21332	331444	0	
1	 7	 1	 4	sample25	17021	20619	18246	262654	0	
1	 7	 1	 5	sample25	14108	17706	15420	280644	0	
1	 7	 1	 6	control	513	4111	514	143920	0	
1	 7	 2	 1	sample26	4366	8220	4112	262072	0	
1	 7	 2	 2	sample26	4817	8415	4882	266252	0	
1	 7	 2	 3	sample26	4545	8143	4368	251860	0	
1	 7	 2	 4	sample26	2995	6593	2826	187096	0	
1	 7	 2	 5	sample26	2275	5873	2312	244664	0	
1	 7	 2	 6	control	16097	19695	19274	259056	0	
1	 7	 3	 1	sample27	12608	15948	12080	243820	0	
1	 7	 3	 2	sample27	10262	13602	9510	237140	0	
1	 7	 3	 3	sample27	7670	10754	7452	262140	0	
1	 7	 3	 4	sample27	6452	9792	6168	257180	0	
1	 7	 3	 5	sample27	5372	8456	4626	259056	0	
1	 7	 3	 6	control	495	3835	514	133600	0	
1	 7	 4	 1	sample28	13566	16392	14906	248688	0	
1	 7	 4	 2	sample28	10802	13628	11052	200646	0	
1	 7	 4	 3	sample28	7782	10608	5654	293904	0	
1	 7	 4	 4	sample28	7577	10403	7196	194994	0	
1	 7	 4	 5	sample28	4069	6895	3856	214776	0	
1	 7	 4	 6	control	12624	15708	13106	200460	0	
1	 8	 1	 1	sample29	9831	13943	9766	337184	0	
1	 8	 1	 2	sample29	11275	15129	11308	296758	0	
1	 8	 1	 3	sample29	8165	12019	8224	281342	0	
1	 8	 1	 4	sample29	5231	8829	5396	251860	0	
1	 8	 1	 5	sample29	4005	7345	3856	280560	0	
1	 8	 1	 6	control	457	3797	258	133600	0	
1	 8	 2	 1	sample30	17620	21732	20302	283728	0	
1	 8	 2	 2	sample30	17820	21932	20560	287840	0	
1	 8	 2	 3	sample30	15821	19675	17476	350714	0	
1	 8	 2	 4	sample30	15403	19257	16448	292904	0	
1	 8	 2	 5	sample30	13587	17185	14906	277046	0	
1	 8	 2	 6	control	16600	19940	18762	237140	0	
1	 8	 3	 1	sample31	16534	20388	19532	300612	0	
1	 8	 3	 2	sample31	15667	19521	17220	277488	0	
1	 8	 3	 3	sample31	13444	17042	13878	251860	0	
1	 8	 3	 4	sample31	9424	12764	9510	220440	0	
1	 8	 3	 5	sample31	9367	12451	8994	240552	0	
1	 8	 3	 6	control	218	3302	256	123360	0	
1	 8	 4	 1	sample32	14606	17946	11052	380760	0	
1	 8	 4	 2	sample32	15744	19084	18248	257180	0	
1	 8	 4	 3	sample32	14744	18084	15678	307280	0	
1	 8	 4	 4	sample32	13753	16837	14392	203544	0	
1	 8	 4	 5	sample32	9139	12223	8738	197376	0	
1	 8	 4	 6	control	9361	12187	8738	166734	0	
1	 9	 1	 1	sample33	4750	8090	4626	257180	0	
1	 9	 1	 2	sample33	4408	7748	4370	247160	0	
1	 9	 1	 3	sample33	2561	5901	2570	263860	0	
1	 9	 1	 4	sample33	2349	5689	2570	243820	0	
1	 9	 1	 5	sample33	1721	5061	1800	120240	0	
1	 9	 1	 6	control	669	4009	514	133600	0	
1	 9	 2	 1	sample34	17233	20573	19018	240480	0	
1	 9	 2	 2	sample34	18009	21607	19274	277046	0	
1	 9	 2	 3	sample34	17778	21118	20304	267200	0	
1	 9	 2	 4	sample34	15368	18708	16192	260520	0	
1	 9	 2	 5	sample34	15074	18414	17476	240480	0	
1	 9	 2	 6	control	15239	18579	17220	260520	0	
1	 9	 3	 1	sample35	4678	7762	4626	212796	0	
1	 9	 3	 2	sample35	3150	6234	3084	141864	0	
1	 9	 3	 3	sample35	2142	5226	2056	200460	0	
1	 9	 3	 4	sample35	2097	4923	2056	144126	0	
1	 9	 3	 5	sample35	1958	4784	2056	146952	0	
1	 9	 3	 6	control	276	3360	0	123360	0	
1	 9	 4	 1	sample36	15184	18268	16704	259056	0	
1	 9	 4	 2	sample36	15007	18091	14392	203544	0	
1	 9	 4	 3	sample36	13485	16311	13622	223254	0	
1	 9	 4	 4	sample36	8629	11455	8482	211950	0	
1	 9	 4	 5	sample36	7422	10248	7196	186516	0	
1	 9	 4	 6	control	13907	16733	13878	180864	0	
1	 10	 1	 1	sample37	4059	6885	4112	189342	0	
1	 10	 1	 2	sample37	3982	6808	3598	211950	0	
1	 10	 1	 3	sample37	2472	5298	2570	206298	0	
1	 10	 1	 4	sample37	2176	4746	2312	125930	0	
1	 10	 1	 5	sample37	1619	4189	1542	102800	0	
1	 10	 1	 6	control	796	3366	514	102800	0	
1	 10	 2	 1	sample38	14959	17785	15678	192168	0	
1	 10	 2	 2	sample38	15402	18228	16706	197820	0	
1	 10	 2	 3	sample38	14735	17305	16190	190180	0	
1	 10	 2	 4	sample38	12684	15254	12592	187610	0	
1	 10	 2	 5	sample38	9999	12569	9508	192750	0	
1	 10	 2	 6	control	15336	17906	16448	167050	0	
1	 10	 3	 1	sample39	8403	10973	8738	161910	0	
1	 10	 3	 2	sample39	7568	10138	8224	177330	0	
1	 10	 3	 3	sample39	4726	7038	4370	143344	0	
1	 10	 3	 4	sample39	2455	4767	2570	117912	0	
1	 10	 3	 5	sample39	2393	4705	2570	120224	0	
1	 10	 3	 6	control	714	3026	514	92480	0	
1	 10	 4	 1	sample40	3307	5363	3598	139808	0	
1	 10	 4	 2	sample40	2834	4890	2570	135696	0	
1	 10	 4	 3	sample40	3031	5087	3084	131584	0	
1	 10	 4	 4	sample40	1458	3514	1542	88408	0	
1	 10	 4	 5	sample40	1201	3257	1028	82240	0	
1	 10	 4	 6	control	13385	15441	12592	123360	0	
1	 11	 1	 1	sample41	6936	9762	6682	226080	0	
1	 11	 1	 2	sample41	6070	9154	5654	243636	0	
1	 11	 1	 3	sample41	3902	6986	3854	249804	0	
1	 11	 1	 4	sample41	3752	6836	3598	123360	0	
1	 11	 1	 5	sample41	2319	5403	2570	123360	0	
1	 11	 1	 6	control	539	3623	514	123360	0	
1	 11	 2	 1	sample42	7261	10087	6940	214776	0	
1	 11	 2	 2	sample42	7580	10406	7196	206298	0	
1	 11	 2	 3	sample42	6556	9382	6168	217602	0	
1	 11	 2	 4	sample42	5577	8403	4884	206298	0	
1	 11	 2	 5	sample42	4151	6977	3856	149778	0	
1	 11	 2	 6	control	15311	18137	17220	211950	0	
1	 11	 3	 1	sample43	17357	20183	18248	200646	0	
1	 11	 3	 2	sample43	14112	16938	14650	214776	0	
1	 11	 3	 3	sample43	11632	14458	11308	197820	0	
1	 11	 3	 4	sample43	8908	11734	9252	183690	0	
1	 11	 3	 5	sample43	8638	11464	7968	217602	0	
1	 11	 3	 6	control	315	3141	258	113040	0	
1	 11	 4	 1	sample44	8622	10934	8482	173400	0	
1	 11	 4	 2	sample44	6229	8541	5912	187272	0	
1	 11	 4	 3	sample44	5090	7660	5140	185040	0	
1	 11	 4	 4	sample44	4927	7497	4882	133640	0	
1	 11	 4	 5	sample44	3161	5731	3340	128500	0	
1	 11	 4	 6	control	14360	16930	17218	146490	0	
1	 12	 1	 1	sample45	6991	10847	6682	246784	0	
1	 12	 1	 2	sample45	5932	9788	5910	277632	0	
1	 12	 1	 3	sample45	4630	8486	4882	250640	0	
1	 12	 1	 4	sample45	2885	6741	3084	235216	0	
1	 12	 1	 5	sample45	2004	5860	1798	154240	0	
1	 12	 1	 6	control	502	4614	258	164480	0	
1	 12	 2	 1	sample46	2571	6169	2828	50372	0	
1	 12	 2	 2	sample46	2280	5878	2314	165508	0	
1	 12	 2	 3	sample46	2211	5809	2314	143920	0	
1	 12	 2	 4	sample46	1825	5423	1800	143920	0	
1	 12	 2	 5	sample46	1265	5121	1284	154240	0	
1	 12	 2	 6	control	13699	17555	14134	215936	0	
1	 12	 3	 1	sample47	3435	6777	3598	190494	0	
1	 12	 3	 2	sample47	2637	6235	3084	223076	0	
1	 12	 3	 3	sample47	3407	7005	3598	140322	0	
1	 12	 3	 4	sample47	1304	5160	1284	154240	0	
1	 12	 3	 5	sample47	1247	4845	1028	143920	0	
1	 12	 3	 6	control	366	4222	0	154240	0	
1	 12	 4	 1	sample48	22438	25780	24927	160416	0	
1	 12	 4	 2	sample48	16849	20447	17990	212282	0	
1	 12	 4	 3	sample48	17646	21244	21074	277046	0	
1	 12	 4	 4	sample48	12537	16135	13622	212282	0	
1	 12	 4	 5	sample48	7989	11587	7454	212282	0	
1	 12	 4	 6	control	11882	15480	13364	187096	0	
2	 1	 1	 1	sample49	7302	10900	6940	305830	0	
2	 1	 1	 2	sample49	6655	10511	6938	300768	0	
2	 1	 1	 3	sample49	5791	9647	5654	316192	0	
2	 1	 1	 4	sample49	4315	7913	4370	269850	0	
2	 1	 1	 5	sample49	3388	6986	3598	179900	0	
2	 1	 1	 6	control	404	3746	514	133680	0	
2	 1	 2	 1	sample50	14570	17912	14134	330858	0	
2	 1	 2	 2	sample50	17944	21542	18762	298634	0	
2	 1	 2	 3	sample50	16621	20219	16192	320222	0	
2	 1	 2	 4	sample50	14717	18315	14392	313026	0	
2	 1	 2	 5	sample50	13745	17343	13364	305830	0	
2	 1	 2	 6	control	16277	20133	18760	296912	0	
2	 1	 3	 1	sample51	3239	6323	3084	154200	0	
2	 1	 3	 2	sample51	3462	6546	3598	157284	0	
2	 1	 3	 3	sample51	2318	5660	2312	167100	0	
2	 1	 3	 4	sample51	1464	4806	1542	133680	0	
2	 1	 3	 5	sample51	1336	4678	1284	133680	0	
2	 1	 3	 6	control	309	3907	258	143920	0	
2	 1	 4	 1	sample52	4950	7778	4626	226240	0	
2	 1	 4	 2	sample52	3363	6191	3084	229068	0	
2	 1	 4	 3	sample52	3251	6335	3084	157284	0	
2	 1	 4	 4	sample52	2062	5146	2056	157284	0	
2	 1	 4	 5	sample52	1138	4222	1028	123360	0	
2	 1	 4	 6	control	14468	17810	16704	237282	0	
2	 2	 1	 1	sample53	3627	7739	3598	283728	0	
2	 2	 1	 2	sample53	2890	7002	3340	267280	0	
2	 2	 1	 3	sample53	2492	6604	2826	271392	0	
2	 2	 1	 4	sample53	2050	6162	2056	201488	0	
2	 2	 1	 5	sample53	1535	5647	1542	164480	0	
2	 2	 1	 6	control	560	4928	514	174720	0	
2	 2	 2	 1	sample54	1607	5975	1542	174720	0	
2	 2	 2	 2	sample54	1561	5929	1542	179088	0	
2	 2	 2	 3	sample54	1458	5570	1542	164480	0	
2	 2	 2	 4	sample54	1169	5281	1028	164480	0	
2	 2	 2	 5	sample54	720	5088	772	174720	0	
2	 2	 2	 6	control	16471	20839	16962	292656	0	
2	 2	 3	 1	sample55	19166	24048	23644	346622	0	
2	 2	 3	 2	sample55	19552	24434	21846	307566	0	
2	 2	 3	 3	sample55	18337	22705	21332	275184	0	
2	 2	 3	 4	sample55	16873	21241	18504	227136	0	
2	 2	 3	 5	sample55	14477	18589	14906	296064	0	
2	 2	 3	 6	control	353	4465	256	164480	0	
2	 2	 4	 1	sample56	11541	15653	11564	275504	0	
2	 2	 4	 2	sample56	9631	13743	9252	250832	0	
2	 2	 4	 3	sample56	6106	10218	5910	291952	0	
2	 2	 4	 4	sample56	4681	8535	4112	254364	0	
2	 2	 4	 5	sample56	3059	6913	2570	154160	0	
2	 2	 4	 6	control	15988	19842	18504	238948	0	
2	 3	 1	 1	sample57	6857	10711	6940	323736	0	
2	 3	 1	 2	sample57	7083	10937	6940	296758	0	
2	 3	 1	 3	sample57	5685	9539	5654	289050	0	
2	 3	 1	 4	sample57	3324	7436	3598	324848	0	
2	 3	 1	 5	sample57	2524	6636	2312	185040	0	
2	 3	 1	 6	control	603	4715	514	164480	0	
2	 3	 2	 1	sample58	17236	21090	17734	292904	0	
2	 3	 2	 2	sample58	18013	22125	20046	308400	0	
2	 3	 2	 3	sample58	16893	20747	18762	316028	0	
2	 3	 2	 4	sample58	15107	18961	15934	300612	0	
2	 3	 2	 5	sample58	12603	16457	12336	308320	0	
2	 3	 2	 6	control	16976	20830	21074	292904	0	
2	 3	 3	 1	sample59	6147	9745	6682	273448	0	
2	 3	 3	 2	sample59	5412	9010	5396	244664	0	
2	 3	 3	 3	sample59	3887	7485	3854	143920	0	
2	 3	 3	 4	sample59	2722	6320	2826	176302	0	
2	 3	 3	 5	sample59	2215	5813	2312	179900	0	
2	 3	 3	 6	control	295	3893	256	143920	0	
2	 3	 4	 1	sample60	5303	8643	4884	263860	0	
2	 3	 4	 2	sample60	3625	6965	3598	227120	0	
2	 3	 4	 3	sample60	2911	6251	2828	247160	0	
2	 3	 4	 4	sample60	2679	6019	2314	167000	0	
2	 3	 4	 5	sample60	1176	4774	1028	143920	0	
2	 3	 4	 6	control	12796	16136	14906	220440	0	
2	 4	 1	 1	sample61	18897	23267	21330	345230	0	
2	 4	 1	 2	sample61	17694	22064	20302	353970	0	
2	 4	 1	 3	sample61	17253	21623	19788	323380	0	
2	 4	 1	 4	sample61	14079	18449	15162	305900	0	
2	 4	 1	 5	sample61	9243	13355	8996	345408	0	
2	 4	 1	 6	control	269	4639	256	174800	0	
2	 4	 2	 1	sample62	1414	5526	1286	164480	0	
2	 4	 2	 2	sample62	1317	5429	1286	164480	0	
2	 4	 2	 3	sample62	1464	5320	1284	154240	0	
2	 4	 2	 4	sample62	1074	5186	1028	164480	0	
2	 4	 2	 5	sample62	1138	5250	1028	164480	0	
2	 4	 2	 6	control	17018	21130	20046	283728	0	
2	 4	 3	 1	sample63	7828	11684	7710	242928	0	
2	 4	 3	 2	sample63	6078	9934	5396	254496	0	
2	 4	 3	 3	sample63	4125	7723	4112	215880	0	
2	 4	 3	 4	sample63	2456	6312	2312	289200	0	
2	 4	 3	 5	sample63	2300	6156	2312	154240	0	
2	 4	 3	 6	control	417	4273	514	154240	0	
2	 4	 4	 1	sample64	1862	5460	1800	223076	0	
2	 4	 4	 2	sample64	1699	5297	1800	165508	0	
2	 4	 4	 3	sample64	1151	4749	1028	143920	0	
2	 4	 4	 4	sample64	810	4408	772	143920	0	
2	 4	 4	 5	sample64	874	4472	772	143920	0	
2	 4	 4	 6	control	12931	16787	15420	327760	0	
2	 5	 1	 1	sample65	6730	10584	6940	312174	0	
2	 5	 1	 2	sample65	6492	10346	6168	296758	0	
2	 5	 1	 3	sample65	5446	9300	4626	304466	0	
2	 5	 1	 4	sample65	3282	7136	3084	281342	0	
2	 5	 1	 5	sample65	2205	5803	2056	259056	0	
2	 5	 1	 6	control	565	4163	514	143920	0	
2	 5	 2	 1	sample66	17215	21327	16962	300176	0	
2	 5	 2	 2	sample66	16277	20131	17476	323736	0	
2	 5	 2	 3	sample66	15779	19633	17220	319882	0	
2	 5	 2	 4	sample66	15522	19376	15678	300612	0	
2	 5	 2	 5	sample66	13825	17423	13620	262654	0	
2	 5	 2	 6	control	15633	18973	16192	230460	0	
2	 5	 3	 1	sample67	2903	6501	2826	255458	0	
2	 5	 3	 2	sample67	3282	6880	3084	79156	0	
2	 5	 3	 3	sample67	1866	5464	1798	165508	0	
2	 5	 3	 4	sample67	1124	4722	1028	143920	0	
2	 5	 3	 5	sample67	1221	4561	1286	133600	0	
2	 5	 3	 6	control	553	3893	514	133600	0	
2	 5	 4	 1	sample68	6631	10229	6682	255458	0	
2	 5	 4	 2	sample68	4566	8164	4368	233870	0	
2	 5	 4	 3	sample68	4466	8064	4368	266252	0	
2	 5	 4	 4	sample68	4037	7377	3856	250500	0	
2	 5	 4	 5	sample68	3115	6455	3342	167000	0	
2	 5	 4	 6	control	13402	16742	13878	207080	0	
2	 6	 1	 1	sample69	5341	9709	5398	358176	0	
2	 6	 1	 2	sample69	4828	9196	4884	323232	0	
2	 6	 1	 3	sample69	4429	8797	3856	318864	0	
2	 6	 1	 4	sample69	2466	6834	2314	375648	0	
2	 6	 1	 5	sample69	1967	6335	1800	314496	0	
2	 6	 1	 6	control	642	5268	514	185040	0	
2	 6	 2	 1	sample70	2202	6570	2314	200928	0	
2	 6	 2	 2	sample70	2036	6404	2314	218400	0	
2	 6	 2	 3	sample70	1831	5943	1542	263168	0	
2	 6	 2	 4	sample70	1343	5711	1286	174720	0	
2	 6	 2	 5	sample70	1266	5634	1286	174720	0	
2	 6	 2	 6	control	17370	21738	19790	305760	0	
2	 6	 3	 1	sample71	4874	9242	4370	336336	0	
2	 6	 3	 2	sample71	3510	7878	3598	305760	0	
2	 6	 3	 3	sample71	3337	7449	3340	267280	0	
2	 6	 3	 4	sample71	2026	6138	1798	246720	0	
2	 6	 3	 5	sample71	1567	5679	1542	164480	0	
2	 6	 3	 6	control	366	4478	256	164480	0	
2	 6	 4	 1	sample72	11061	15429	11566	340704	0	
2	 6	 4	 2	sample72	5786	10154	4884	419328	0	
2	 6	 4	 3	sample72	5831	9943	6168	279616	0	
2	 6	 4	 4	sample72	3908	8276	4112	279552	0	
2	 6	 4	 5	sample72	2636	6748	2570	254944	0	
2	 6	 4	 6	control	13603	17715	15676	242608	0	
2	 7	 1	 1	sample73	16108	19964	15934	312336	0	
2	 7	 1	 2	sample73	15740	19852	15934	304288	0	
2	 7	 1	 3	sample73	15583	19439	15676	266064	0	
2	 7	 1	 4	sample73	10114	13970	10794	293056	0	
2	 7	 1	 5	sample73	6987	10843	5654	289200	0	
2	 7	 1	 6	control	881	4993	772	164480	0	
2	 7	 2	 1	sample74	5012	8610	5140	237468	0	
2	 7	 2	 2	sample74	5111	8709	4626	280644	0	
2	 7	 2	 3	sample74	4964	8562	5140	241066	0	
2	 7	 2	 4	sample74	3569	7167	3598	280644	0	
2	 7	 2	 5	sample74	2930	6786	2826	181232	0	
2	 7	 2	 6	control	14729	18585	14134	358608	0	
2	 7	 3	 1	sample75	398	3740	256	133680	0	
2	 7	 3	 2	sample75	796	4138	770	133680	0	
2	 7	 3	 3	sample75	1598	4940	1798	106944	0	
2	 7	 3	 4	sample75	951	4549	1028	143920	0	
2	 7	 3	 5	sample75	746	4344	772	143920	0	
2	 7	 3	 6	control	412	4010	258	143920	0	
2	 7	 4	 1	sample76	7906	11248	8480	213888	0	
2	 7	 4	 2	sample76	5737	9079	5396	237282	0	
2	 7	 4	 3	sample76	4655	8253	4884	255458	0	
2	 7	 4	 4	sample76	2672	6014	2826	217230	0	
2	 7	 4	 5	sample76	1696	5038	1798	133680	0	
2	 7	 4	 6	control	13935	17533	16192	212282	0	
2	 8	 1	 1	sample77	20241	24353	25185	374192	0	
2	 8	 1	 2	sample77	20020	24390	24927	397670	0	
2	 8	 1	 3	sample77	19876	24246	22616	371450	0	
2	 8	 1	 4	sample77	17333	21445	17990	324848	0	
2	 8	 1	 5	sample77	14395	18251	14648	293056	0	
2	 8	 1	 6	control	469	4325	514	154240	0	
2	 8	 2	 1	sample78	1777	5889	1800	189152	0	
2	 8	 2	 2	sample78	1729	5841	1542	164480	0	
2	 8	 2	 3	sample78	1446	5558	1542	164480	0	
2	 8	 2	 4	sample78	1124	4980	1028	154240	0	
2	 8	 2	 5	sample78	925	4781	1028	154240	0	
2	 8	 2	 6	control	10293	14149	11308	455008	0	
2	 8	 3	 1	sample79	18682	22538	20302	293056	0	
2	 8	 3	 2	sample79	14765	18621	15162	262208	0	
2	 8	 3	 3	sample79	12059	15915	11564	258352	0	
2	 8	 3	 4	sample79	9668	13266	9252	244664	0	
2	 8	 3	 5	sample79	7522	11120	6168	284242	0	
2	 8	 3	 6	control	604	4202	514	143920	0	
2	 8	 4	 1	sample80	4420	8018	4112	255458	0	
2	 8	 4	 2	sample80	2943	6285	2826	207204	0	
2	 8	 4	 3	sample80	3222	6564	3340	173784	0	
2	 8	 4	 4	sample80	2121	5463	2056	157074	0	
2	 8	 4	 5	sample80	1221	4819	1286	143920	0	
2	 8	 4	 6	control	14460	18058	16192	205086	0	
2	 9	 1	 1	sample81	16001	19343	16962	227256	0	
2	 9	 1	 2	sample81	13762	17104	14134	200520	0	
2	 9	 1	 3	sample81	11481	14823	12336	227256	0	
2	 9	 1	 4	sample81	7071	10413	7452	220572	0	
2	 9	 1	 5	sample81	4832	8174	4882	220572	0	
2	 9	 1	 6	control	540	3624	514	123360	0	
2	 9	 2	 1	sample82	3349	6691	3084	207204	0	
2	 9	 2	 2	sample82	5226	8568	5140	217230	0	
2	 9	 2	 3	sample82	4014	7356	4368	220572	0	
2	 9	 2	 4	sample82	2805	6147	2570	203862	0	
2	 9	 2	 5	sample82	2206	5548	2056	153732	0	
2	 9	 2	 6	control	16325	19667	19274	217230	0	
2	 9	 3	 1	sample83	8392	11734	8480	213888	0	
2	 9	 3	 2	sample83	8288	11630	7452	200520	0	
2	 9	 3	 3	sample83	5710	9052	5654	213888	0	
2	 9	 3	 4	sample83	3358	6700	3854	193836	0	
2	 9	 3	 5	sample83	3546	6630	3598	135696	0	
2	 9	 3	 6	control	192	3534	256	133680	0	
2	 9	 4	 1	sample84	17592	20934	19018	250650	0	
2	 9	 4	 2	sample84	15039	18381	15676	237282	0	
2	 9	 4	 3	sample84	13625	16709	14392	215880	0	
2	 9	 4	 4	sample84	11109	14193	11566	206628	0	
2	 9	 4	 5	sample84	6063	9405	5140	213888	0	
2	 9	 4	 6	control	12287	15629	13878	193836	0	
2	 10	 1	 1	sample85	1478	5076	1028	143920	0	
2	 10	 1	 2	sample85	1848	5446	1542	115136	0	
2	 10	 1	 3	sample85	1510	5108	1028	143920	0	
2	 10	 1	 4	sample85	1118	4716	772	143920	0	
2	 10	 1	 5	sample85	1234	4832	772	143920	0	
2	 10	 1	 6	control	803	4659	256	154240	0	
2	 10	 2	 1	sample86	4439	8295	4368	254496	0	
2	 10	 2	 2	sample86	3898	7496	4112	241066	0	
2	 10	 2	 3	sample86	3318	6916	3084	277046	0	
2	 10	 2	 4	sample86	1888	5744	1542	343184	0	
2	 10	 2	 5	sample86	2625	6481	2570	88688	0	
2	 10	 2	 6	control	13608	17464	14392	239072	0	
2	 10	 3	 1	sample87	12523	16379	12078	269920	0	
2	 10	 3	 2	sample87	8806	12662	8224	316192	0	
2	 10	 3	 3	sample87	6725	10323	5912	259056	0	
2	 10	 3	 4	sample87	3929	7785	3854	239072	0	
2	 10	 3	 5	sample87	3981	7837	4112	296912	0	
2	 10	 3	 6	control	495	4607	258	164480	0	
2	 10	 4	 1	sample88	14037	17893	14392	254496	0	
2	 10	 4	 2	sample88	12520	16376	12592	258352	0	
2	 10	 4	 3	sample88	10340	13938	10024	248262	0	
2	 10	 4	 4	sample88	8341	12197	7452	227504	0	
2	 10	 4	 5	sample88	5446	9302	5396	239072	0	
2	 10	 4	 6	control	11878	15476	12594	215880	0	
2	 11	 1	 1	sample89	9476	12560	9508	243636	0	
2	 11	 1	 2	sample89	7260	10600	7454	270540	0	
2	 11	 1	 3	sample89	5555	8895	5654	267200	0	
2	 11	 1	 4	sample89	3521	6861	3598	253840	0	
2	 11	 1	 5	sample89	3226	6566	3084	163660	0	
2	 11	 1	 6	control	302	3642	0	133600	0	
2	 11	 2	 1	sample90	12353	15693	11308	257180	0	
2	 11	 2	 2	sample90	12523	16377	11566	296758	0	
2	 11	 2	 3	sample90	11699	15297	11564	309428	0	
2	 11	 2	 4	sample90	8908	12506	8480	298634	0	
2	 11	 2	 5	sample90	7543	11141	6682	266252	0	
2	 11	 2	 6	control	15215	18555	18762	233800	0	
2	 11	 3	 1	sample91	18766	22364	20560	313026	0	
2	 11	 3	 2	sample91	17215	21327	16962	316624	0	
2	 11	 3	 3	sample91	15147	19001	15164	308320	0	
2	 11	 3	 4	sample91	12717	16571	11822	289050	0	
2	 11	 3	 5	sample91	10536	14134	9508	313026	0	
2	 11	 3	 6	control	290	3630	258	133600	0	
2	 11	 4	 1	sample92	2908	5992	2312	234384	0	
2	 11	 4	 2	sample92	3088	6172	3340	160368	0	
2	 11	 4	 3	sample92	2484	5568	2570	157284	0	
2	 11	 4	 4	sample92	1638	4722	1542	123360	0	
2	 11	 4	 5	sample92	1002	4086	1028	123360	0	
2	 11	 4	 6	control	14416	17500	16190	194292	0	
2	 12	 1	 1	sample93	3010	6352	2826	70182	0	
2	 12	 1	 2	sample93	2172	5514	2056	147048	0	
2	 12	 1	 3	sample93	1432	4774	1542	133680	0	
2	 12	 1	 4	sample93	1149	4491	1284	133680	0	
2	 12	 1	 5	sample93	810	4408	772	143920	0	
2	 12	 1	 6	control	232	3830	258	143920	0	
2	 12	 2	 1	sample94	15729	19327	16448	197890	0	
2	 12	 2	 2	sample94	16667	20265	17734	194292	0	
2	 12	 2	 3	sample94	15066	18664	15420	208684	0	
2	 12	 2	 4	sample94	12247	15845	11566	215880	0	
2	 12	 2	 5	sample94	9858	13456	9252	201488	0	
2	 12	 2	 6	control	14712	18310	14906	190694	0	
2	 12	 3	 1	sample95	1272	4614	1284	133680	0	
2	 12	 3	 2	sample95	668	4010	514	133680	0	
2	 12	 3	 3	sample95	636	3978	514	133680	0	
2	 12	 3	 4	sample95	424	3766	514	133680	0	
2	 12	 3	 5	sample95	327	3669	256	133680	0	
2	 12	 3	 6	control	71.1	3669	0	143920	0	
2	 12	 4	 1	sample96	8011	11353	9252	193836	0	
2	 12	 4	 2	sample96	5587	8929	5910	193836	0	
2	 12	 4	 3	sample96	3891	7233	3598	187152	0	
2	 12	 4	 4	sample96	2827	6169	3084	180468	0	
2	 12	 4	 5	sample96	1779	5121	1798	133680	0	
2	 12	 4	 6	control	14207	17805	17990	194292	0	
3	 1	 1	 1	sample97	20180	25064	24671	493284	0	
3	 1	 1	 2	sample97	19362	23732	24158	432630	0	
3	 1	 1	 3	sample97	19739	24109	23386	388930	0	
3	 1	 1	 4	sample97	17972	22084	21074	353632	0	
3	 1	 1	 5	sample97	16992	20848	18760	358608	0	
3	 1	 1	 6	control	309	3907	258	143920	0	
3	 1	 2	 1	sample98	6919	11031	7196	304288	0	
3	 1	 2	 2	sample98	5372	9228	5910	323904	0	
3	 1	 2	 3	sample98	841	4697	770	154240	0	
3	 1	 2	 4	sample98	3407	7263	3598	192800	0	
3	 1	 2	 5	sample98	2934	6790	3084	192800	0	
3	 1	 2	 6	control	18629	22227	22102	244664	0	
3	 1	 3	 1	sample99	963	4819	1028	154240	0	
3	 1	 3	 2	sample99	823	4421	772	143920	0	
3	 1	 3	 3	sample99	778	4376	772	143920	0	
3	 1	 3	 4	sample99	637	4235	514	143920	0	
3	 1	 3	 5	sample99	579	4177	514	143920	0	
3	 1	 3	 6	control	251	3849	258	143920	0	
3	 1	 4	 1	sample100	15438	19550	16448	349520	0	
3	 1	 4	 2	sample100	13577	17433	14648	316192	0	
3	 1	 4	 3	sample100	10327	14183	9766	331616	0	
3	 1	 4	 4	sample100	9570	13168	10280	273448	0	
3	 1	 4	 5	sample100	5077	8675	4884	248262	0	
3	 1	 4	 6	control	12850	16448	13622	215880	0	
3	 2	 1	 1	sample101	1622	4962	1542	280560	0	
3	 2	 1	 2	sample101	1773	5113	1800	163660	0	
3	 2	 1	 3	sample101	1246	4330	1284	123360	0	
3	 2	 1	 4	sample101	989	4073	1028	123360	0	
3	 2	 1	 5	sample101	720	4060	772	133600	0	
3	 2	 1	 6	control	160	3758	0	143920	0	
3	 2	 2	 1	sample102	2099	5439	2314	223780	0	
3	 2	 2	 2	sample102	1931	5271	1800	170340	0	
3	 2	 2	 3	sample102	1369	4709	1286	133600	0	
3	 2	 2	 4	sample102	874	4214	772	133600	0	
3	 2	 2	 5	sample102	745	4343	770	143920	0	
3	 2	 2	 6	control	16738	20592	20560	304466	0	
3	 2	 3	 1	sample103	8958	12298	9510	250500	0	
3	 2	 3	 2	sample103	7010	10350	6940	253840	0	
3	 2	 3	 3	sample103	5941	9025	5910	209712	0	
3	 2	 3	 4	sample103	4078	7162	4112	215880	0	
3	 2	 3	 5	sample103	3819	7159	3856	260520	0	
3	 2	 3	 6	control	264	3604	258	133600	0	
3	 2	 4	 1	sample104	10297	13637	11052	253840	0	
3	 2	 4	 2	sample104	7872	11212	7968	243820	0	
3	 2	 4	 3	sample104	6001	9085	5910	228216	0	
3	 2	 4	 4	sample104	3351	6435	3084	228216	0	
3	 2	 4	 5	sample104	2538	5622	2056	225132	0	
3	 2	 4	 6	control	15090	18430	17734	210420	0	
3	 3	 1	 1	sample105	7733	11331	7966	277046	0	
3	 3	 1	 2	sample105	6700	10298	6424	302232	0	
3	 3	 1	 3	sample105	5143	8741	5396	277046	0	
3	 3	 1	 4	sample105	2998	6596	2570	313026	0	
3	 3	 1	 5	sample105	2970	6310	2828	150300	0	
3	 3	 1	 6	control	257	3855	256	143920	0	
3	 3	 2	 1	sample106	18927	23039	20560	328960	0	
3	 3	 2	 2	sample106	17466	21578	19018	333072	0	
3	 3	 2	 3	sample106	17160	21272	17218	328960	0	
3	 3	 2	 4	sample106	15446	19300	15420	304466	0	
3	 3	 2	 5	sample106	12779	16377	11050	273448	0	
3	 3	 2	 6	control	15378	18976	15162	269850	0	
3	 3	 3	 1	sample107	11753	15607	11566	285196	0	
3	 3	 3	 2	sample107	9590	13444	8482	258218	0	
3	 3	 3	 3	sample107	7734	11846	6938	386528	0	
3	 3	 3	 4	sample107	5292	8890	5396	291438	0	
3	 3	 3	 5	sample107	5512	8852	5398	240480	0	
3	 3	 3	 6	control	348	3688	258	133600	0	
3	 3	 4	 1	sample108	8504	11844	7968	270540	0	
3	 3	 4	 2	sample108	5647	8987	5140	240480	0	
3	 3	 4	 3	sample108	4370	7710	3856	240480	0	
3	 3	 4	 4	sample108	3493	6833	3598	237140	0	
3	 3	 4	 5	sample108	2255	5595	2056	177020	0	
3	 3	 4	 6	control	11921	15261	11822	200400	0	
3	 4	 1	 1	sample109	6096	9952	4882	304624	0	
3	 4	 1	 2	sample109	8542	12398	8480	304624	0	
3	 4	 1	 3	sample109	5905	9503	5912	280644	0	
3	 4	 1	 4	sample109	3168	7024	3084	269920	0	
3	 4	 1	 5	sample109	2147	6003	2056	293056	0	
3	 4	 1	 6	control	470	4582	258	164480	0	
3	 4	 2	 1	sample110	6765	10363	7196	233870	0	
3	 4	 2	 2	sample110	6706	10304	6426	233870	0	
3	 4	 2	 3	sample110	5173	8771	5912	287840	0	
3	 4	 2	 4	sample110	3080	6936	2826	293056	0	
3	 4	 2	 5	sample110	2392	6248	2312	200512	0	
3	 4	 2	 6	control	16517	20373	17990	254496	0	
3	 4	 3	 1	sample111	2240	5838	2314	226674	0	
3	 4	 3	 2	sample111	2203	5801	2314	251860	0	
3	 4	 3	 3	sample111	1530	5128	1542	143920	0	
3	 4	 3	 4	sample111	1369	4967	1542	143920	0	
3	 4	 3	 5	sample111	1228	4826	1286	143920	0	
3	 4	 3	 6	control	476	4074	514	143920	0	
3	 4	 4	 1	sample112	8847	12703	9252	254496	0	
3	 4	 4	 2	sample112	7416	11014	8224	273448	0	
3	 4	 4	 3	sample112	5878	9476	6168	273448	0	
3	 4	 4	 4	sample112	3011	6609	3084	291438	0	
3	 4	 4	 5	sample112	2423	6021	2314	237468	0	
3	 4	 4	 6	control	12395	15993	13108	219478	0	
3	 5	 1	 1	sample113	14158	18270	14906	378304	0	
3	 5	 1	 2	sample113	18960	22816	23386	331616	0	
3	 5	 1	 3	sample113	15806	19918	17220	320736	0	
3	 5	 1	 4	sample113	13210	17066	13364	296912	0	
3	 5	 1	 5	sample113	9970	13826	10794	281488	0	
3	 5	 1	 6	control	449	4305	256	154240	0	
3	 5	 2	 1	sample114	3117	6973	3084	266064	0	
3	 5	 2	 2	sample114	3582	7438	3854	262208	0	
3	 5	 2	 3	sample114	2763	6619	2826	204368	0	
3	 5	 2	 4	sample114	2035	5891	2056	196656	0	
3	 5	 2	 5	sample114	1816	5928	1800	189152	0	
3	 5	 2	 6	control	16959	21071	20560	300176	0	
3	 5	 3	 1	sample115	1649	5247	1542	165508	0	
3	 5	 3	 2	sample115	1526	5124	1542	172704	0	
3	 5	 3	 3	sample115	1048	4646	1028	143920	0	
3	 5	 3	 4	sample115	617	4215	514	143920	0	
3	 5	 3	 5	sample115	629	4485	514	154240	0	
3	 5	 3	 6	control	738	4594	514	154240	0	
3	 5	 4	 1	sample116	1753	5095	1798	150390	0	
3	 5	 4	 2	sample116	964	4562	1028	143920	0	
3	 5	 4	 3	sample116	1143	4485	1028	133680	0	
3	 5	 4	 4	sample116	848	4190	770	133680	0	
3	 5	 4	 5	sample116	759	4357	514	143920	0	
3	 5	 4	 6	control	15316	18914	16448	212282	0	
3	 6	 1	 1	sample117	4380	7978	4626	241066	0	
3	 6	 1	 2	sample117	4185	8039	4370	273634	0	
3	 6	 1	 3	sample117	3084	6682	3084	233870	0	
3	 6	 1	 4	sample117	2033	5631	2056	208684	0	
3	 6	 1	 5	sample117	1675	5273	1798	262654	0	
3	 6	 1	 6	control	913	4767	772	154160	0	
3	 6	 2	 1	sample118	15598	19966	17220	227136	0	
3	 6	 2	 2	sample118	16775	21143	19276	323232	0	
3	 6	 2	 3	sample118	16476	20588	17476	365968	0	
3	 6	 2	 4	sample118	13554	17408	14136	250510	0	
3	 6	 2	 5	sample118	10430	14284	9510	265926	0	
3	 6	 2	 6	control	16392	20246	19276	246656	0	
3	 6	 3	 1	sample119	17779	21891	18504	382416	0	
3	 6	 3	 2	sample119	15853	19965	17476	328960	0	
3	 6	 3	 3	sample119	16946	20800	17734	246656	0	
3	 6	 3	 4	sample119	13413	17267	12594	242802	0	
3	 6	 3	 5	sample119	11223	15077	10280	289050	0	
3	 6	 3	 6	control	463	4317	514	154160	0	
3	 6	 4	 1	sample120	745	4343	770	143920	0	
3	 6	 4	 2	sample120	809	4407	770	143920	0	
3	 6	 4	 3	sample120	610	4208	514	143920	0	
3	 6	 4	 4	sample120	655	4253	770	143920	0	
3	 6	 4	 5	sample120	810	4150	772	133600	0	
3	 6	 4	 6	control	14249	17847	16190	194292	0	
3	 7	 1	 1	sample121	19016	23898	21332	488200	0	
3	 7	 1	 2	sample121	20374	25256	23902	390560	0	
3	 7	 1	 3	sample121	18871	23753	20046	366150	0	
3	 7	 1	 4	sample121	14955	19581	15676	360828	0	
3	 7	 1	 5	sample121	12428	16796	13108	331968	0	
3	 7	 1	 6	control	386	4754	258	174720	0	
3	 7	 2	 1	sample122	1093	5975	1028	195280	0	
3	 7	 2	 2	sample122	1144	6026	1028	195280	0	
3	 7	 2	 3	sample122	912	5538	770	185040	0	
3	 7	 2	 4	sample122	713	5339	514	185040	0	
3	 7	 2	 5	sample122	610	5236	770	185040	0	
3	 7	 2	 6	control	17419	22045	22358	314568	0	
3	 7	 3	 1	sample123	17460	22342	19018	380796	0	
3	 7	 3	 2	sample123	17464	22090	18760	319194	0	
3	 7	 3	 3	sample123	11315	15941	11050	328446	0	
3	 7	 3	 4	sample123	9628	13996	9252	283920	0	
3	 7	 3	 5	sample123	8438	12806	8738	336336	0	
3	 7	 3	 6	control	57.3	4683	0	185040	0	
3	 7	 4	 1	sample124	2636	7004	2828	358176	0	
3	 7	 4	 2	sample124	2528	6896	2828	266448	0	
3	 7	 4	 3	sample124	2275	6643	2314	231504	0	
3	 7	 4	 4	sample124	1363	5731	1286	174720	0	
3	 7	 4	 5	sample124	939	5307	1028	174720	0	
3	 7	 4	 6	control	14285	18911	16448	268308	0	
3	 8	 1	 1	sample125	9061	12917	8994	312336	0	
3	 8	 1	 2	sample125	10619	14217	10538	331016	0	
3	 8	 1	 3	sample125	7394	11250	6682	304624	0	
3	 8	 1	 4	sample125	5178	8776	4626	273448	0	
3	 8	 1	 5	sample125	3448	6790	3084	304122	0	
3	 8	 1	 6	control	296	3894	258	143920	0	
3	 8	 2	 1	sample126	11097	15209	11052	374192	0	
3	 8	 2	 2	sample126	12035	15891	12336	269920	0	
3	 8	 2	 3	sample126	9617	13473	9252	273776	0	
3	 8	 2	 4	sample126	7735	11333	7968	187096	0	
3	 8	 2	 5	sample126	4925	8523	4626	248262	0	
3	 8	 2	 6	control	16037	19893	18504	316192	0	
3	 8	 3	 1	sample127	5802	9658	5654	273776	0	
3	 8	 3	 2	sample127	4989	8845	5396	269920	0	
3	 8	 3	 3	sample127	3876	7474	3856	179900	0	
3	 8	 3	 4	sample127	3104	6702	3084	187096	0	
3	 8	 3	 5	sample127	2243	5841	2314	183498	0	
3	 8	 3	 6	control	251	3849	258	143920	0	
3	 8	 4	 1	sample128	16840	20696	17732	358608	0	
3	 8	 4	 2	sample128	14855	18711	15934	273776	0	
3	 8	 4	 3	sample128	13243	17099	12078	354752	0	
3	 8	 4	 4	sample128	9935	13533	8996	262654	0	
3	 8	 4	 5	sample128	8606	12204	8996	237468	0	
3	 8	 4	 6	control	13029	16627	14136	212282	0	
3	 9	 1	 1	sample129	4275	8129	3856	292904	0	
3	 9	 1	 2	sample129	4940	8794	5398	296758	0	
3	 9	 1	 3	sample129	3620	7474	3598	184992	0	
3	 9	 1	 4	sample129	2256	6110	2314	154160	0	
3	 9	 1	 5	sample129	1498	5352	1542	154160	0	
3	 9	 1	 6	control	559	4413	514	154160	0	
3	 9	 2	 1	sample130	15774	20142	15678	358176	0	
3	 9	 2	 2	sample130	18195	22563	20046	323232	0	
3	 9	 2	 3	sample130	18196	22564	20560	349440	0	
3	 9	 2	 4	sample130	15858	19970	15934	308400	0	
3	 9	 2	 5	sample130	14945	19057	15162	291952	0	
3	 9	 2	 6	control	16684	20796	17990	308400	0	
3	 9	 3	 1	sample131	2914	7026	3084	180928	0	
3	 9	 3	 2	sample131	3047	7159	3340	172704	0	
3	 9	 3	 3	sample131	1792	5904	1798	164480	0	
3	 9	 3	 4	sample131	1600	5712	1542	90464	0	
3	 9	 3	 5	sample131	1066	5178	1028	164480	0	
3	 9	 3	 6	control	347	4459	256	164480	0	
3	 9	 4	 1	sample132	18189	22301	19532	333072	0	
3	 9	 4	 2	sample132	14064	18176	13878	316624	0	
3	 9	 4	 3	sample132	14604	18716	14906	333072	0	
3	 9	 4	 4	sample132	9609	13721	7966	304288	0	
3	 9	 4	 5	sample132	5963	10075	5140	279616	0	
3	 9	 4	 6	control	9350	13204	10024	223532	0	
3	 10	 1	 1	sample133	10274	13100	9766	220428	0	
3	 10	 1	 2	sample133	10312	13138	9766	206298	0	
3	 10	 1	 3	sample133	7714	10540	8224	189342	0	
3	 10	 1	 4	sample133	4962	7788	4884	203472	0	
3	 10	 1	 5	sample133	2947	5773	2828	237384	0	
3	 10	 1	 6	control	547	3373	258	113040	0	
3	 10	 2	 1	sample134	3518	6602	2826	259056	0	
3	 10	 2	 2	sample134	4041	7125	3854	212796	0	
3	 10	 2	 3	sample134	3344	6428	2826	234384	0	
3	 10	 2	 4	sample134	2423	5249	2314	211950	0	
3	 10	 2	 5	sample134	2154	4980	2314	141300	0	
3	 10	 2	 6	control	15236	18062	16706	200646	0	
3	 10	 3	 1	sample135	16975	20059	16704	228216	0	
3	 10	 3	 2	sample135	16657	19997	18504	230460	0	
3	 10	 3	 3	sample135	11916	15256	10538	210420	0	
3	 10	 3	 4	sample135	11503	14587	10536	194292	0	
3	 10	 3	 5	sample135	10230	13056	8996	217602	0	
3	 10	 3	 6	control	579	3405	514	113040	0	
3	 10	 4	 1	sample136	6498	9582	5910	225132	0	
3	 10	 4	 2	sample136	4314	7398	4368	218964	0	
3	 10	 4	 3	sample136	3792	6876	3598	215880	0	
3	 10	 4	 4	sample136	2270	5354	2312	151116	0	
3	 10	 4	 5	sample136	1568	4394	1542	113040	0	
3	 10	 4	 6	control	11840	14666	12850	169560	0	
3	 11	 1	 1	sample137	8429	10999	9510	187610	0	
3	 11	 1	 2	sample137	8500	10814	9508	187434	0	
3	 11	 1	 3	sample137	5936	8250	6424	182806	0	
3	 11	 1	 4	sample137	3374	5944	3084	203030	0	
3	 11	 1	 5	sample137	2348	4918	2314	210740	0	
3	 11	 1	 6	control	405	2975	258	102800	0	
3	 11	 2	 1	sample138	4712	7282	4884	177330	0	
3	 11	 2	 2	sample138	5493	8063	5912	172190	0	
3	 11	 2	 3	sample138	4820	7390	5140	187610	0	
3	 11	 2	 4	sample138	2407	4977	2314	190180	0	
3	 11	 2	 5	sample138	2134	4704	2314	179900	0	
3	 11	 2	 6	control	15154	17982	17218	180992	0	
3	 11	 3	 1	sample139	2138	4708	2314	161910	0	
3	 11	 3	 2	sample139	2267	4837	2570	182470	0	
3	 11	 3	 3	sample139	1625	4195	1800	120790	0	
3	 11	 3	 4	sample139	836	3406	772	102800	0	
3	 11	 3	 5	sample139	1028	3598	1028	102800	0	
3	 11	 3	 6	control	218	3046	256	113120	0	
3	 11	 4	 1	sample140	4007	6577	4370	174760	0	
3	 11	 4	 2	sample140	2899	5469	3084	167050	0	
3	 11	 4	 3	sample140	2513	5083	2570	115650	0	
3	 11	 4	 4	sample140	1652	4222	1800	120790	0	
3	 11	 4	 5	sample140	1498	4068	1286	102800	0	
3	 11	 4	 6	control	13734	16562	11308	237552	0	
3	 12	 1	 1	sample141	5674	8502	5654	212100	0	
3	 12	 1	 2	sample141	4930	7758	4882	229068	0	
3	 12	 1	 3	sample141	3416	6244	3598	203616	0	
3	 12	 1	 4	sample141	2080	4908	2056	206444	0	
3	 12	 1	 5	sample141	2319	5403	2314	135696	0	
3	 12	 1	 6	control	283	3367	258	123360	0	
3	 12	 2	 1	sample142	18674	21758	21332	265224	0	
3	 12	 2	 2	sample142	17276	20874	20046	262654	0	
3	 12	 2	 3	sample142	17270	20868	20818	309428	0	
3	 12	 2	 4	sample142	16021	19363	18504	264018	0	
3	 12	 2	 5	sample142	12554	15896	11822	247308	0	
3	 12	 2	 6	control	15428	19026	19532	255458	0	
3	 12	 3	 1	sample143	3209	6293	3084	222048	0	
3	 12	 3	 2	sample143	3252	6336	2828	212796	0	
3	 12	 3	 3	sample143	2235	5577	2056	167100	0	
3	 12	 3	 4	sample143	1362	4704	1284	133680	0	
3	 12	 3	 5	sample143	1247	4331	1286	123360	0	
3	 12	 3	 6	control	109	3451	0	133680	0	
3	 12	 4	 1	sample144	1970	4798	2056	144228	0	
3	 12	 4	 2	sample144	1782	4610	1798	132916	0	
3	 12	 4	 3	sample144	1567	4395	1542	113120	0	
3	 12	 4	 4	sample144	675	3759	772	123360	0	
3	 12	 4	 5	sample144	823	3907	772	123360	0	
3	 12	 4	 6	control	14279	17877	16448	219478	0	
4	 1	 1	 1	sample145	18226	21824	20818	302232	0	
4	 1	 1	 2	sample145	17897	21753	20046	343184	0	
4	 1	 1	 3	sample145	17226	20824	17990	284242	0	
4	 1	 1	 4	sample145	14903	18501	16706	266252	0	
4	 1	 1	 5	sample145	10685	14283	9766	269850	0	
4	 1	 1	 6	control	592	4190	514	143920	0	
4	 1	 2	 1	sample146	6308	10164	6424	239072	0	
4	 1	 2	 2	sample146	5521	9377	5654	269920	0	
4	 1	 2	 3	sample146	5526	9124	5912	237468	0	
4	 1	 2	 4	sample146	4489	8087	4626	248262	0	
4	 1	 2	 5	sample146	2871	6727	2570	308480	0	
4	 1	 2	 6	control	16346	20202	20046	254496	0	
4	 1	 3	 1	sample147	3814	7412	3598	244664	0	
4	 1	 3	 2	sample147	3381	6979	3342	255458	0	
4	 1	 3	 3	sample147	2559	6157	2314	154714	0	
4	 1	 3	 4	sample147	1653	5251	1542	176302	0	
4	 1	 3	 5	sample147	1751	5349	1542	172704	0	
4	 1	 3	 6	control	276	4132	256	154240	0	
4	 1	 4	 1	sample148	2326	5668	2570	253992	0	
4	 1	 4	 2	sample148	2134	5476	2312	274044	0	
4	 1	 4	 3	sample148	2374	5716	2570	167100	0	
4	 1	 4	 4	sample148	1680	5022	1798	167100	0	
4	 1	 4	 5	sample148	963	4819	1028	154240	0	
4	 1	 4	 6	control	15365	19477	19018	230272	0	
4	 2	 1	 1	sample149	17785	21897	19274	300176	0	
4	 2	 1	 2	sample149	15576	19688	16962	304288	0	
4	 2	 1	 3	sample149	14290	18144	15164	269780	0	
4	 2	 1	 4	sample149	11229	15083	11822	273634	0	
4	 2	 1	 5	sample149	7431	11029	6938	262654	0	
4	 2	 1	 6	control	778	4632	772	154160	0	
4	 2	 2	 1	sample150	11439	15807	11566	301392	0	
4	 2	 2	 2	sample150	10158	14270	9766	312512	0	
4	 2	 2	 3	sample150	6935	11047	6938	337184	0	
4	 2	 2	 4	sample150	5832	9944	5910	296064	0	
4	 2	 2	 5	sample150	3663	7517	3342	277488	0	
4	 2	 2	 6	control	17431	21285	20560	242802	0	
4	 2	 3	 1	sample151	14318	18686	14906	301392	0	
4	 2	 3	 2	sample151	12627	16995	12080	301392	0	
4	 2	 3	 3	sample151	10575	14687	10794	275504	0	
4	 2	 3	 4	sample151	7413	11525	6682	267280	0	
4	 2	 3	 5	sample151	6086	9940	5140	277488	0	
4	 2	 3	 6	control	232	4086	258	154160	0	
4	 2	 4	 1	sample152	21143	25511	24157	227136	0	
4	 2	 4	 2	sample152	16051	20163	17218	304288	0	
4	 2	 4	 3	sample152	14905	19017	16448	316624	0	
4	 2	 4	 4	sample152	13364	17218	15420	273634	0	
4	 2	 4	 5	sample152	8899	12753	8482	289050	0	
4	 2	 4	 6	control	15963	19561	18760	219478	0	
4	 3	 1	 1	sample153	17209	21321	17990	304288	0	
4	 3	 1	 2	sample153	19361	23473	21332	320736	0	
4	 3	 1	 3	sample153	17875	21987	20560	267280	0	
4	 3	 1	 4	sample153	15547	19659	17734	283728	0	
4	 3	 1	 5	sample153	10522	14378	10794	277632	0	
4	 3	 1	 6	control	289	4145	256	154240	0	
4	 3	 2	 1	sample154	6850	10962	6426	271392	0	
4	 3	 2	 2	sample154	7947	12059	8738	254944	0	
4	 3	 2	 3	sample154	5779	9891	5654	279616	0	
4	 3	 2	 4	sample154	4128	8240	4626	267280	0	
4	 3	 2	 5	sample154	3063	7175	3084	193264	0	
4	 3	 2	 6	control	17435	21547	21074	279616	0	
4	 3	 3	 1	sample155	526	4382	514	154240	0	
4	 3	 3	 2	sample155	700	4556	770	154240	0	
4	 3	 3	 3	sample155	346	4202	256	154240	0	
4	 3	 3	 4	sample155	359	4215	256	154240	0	
4	 3	 3	 5	sample155	353	4209	256	154240	0	
4	 3	 3	 6	control	237	4093	256	154240	0	
4	 3	 4	 1	sample156	3186	6784	3598	273448	0	
4	 3	 4	 2	sample156	2600	6198	2828	251860	0	
4	 3	 4	 3	sample156	2437	6035	2314	187096	0	
4	 3	 4	 4	sample156	2016	5614	2056	161910	0	
4	 3	 4	 5	sample156	1570	5426	1542	69408	0	
4	 3	 4	 6	control	16902	20758	18760	200512	0	
4	 4	 1	 1	sample157	9268	11838	9508	195320	0	
4	 4	 1	 2	sample157	8084	10654	8994	208170	0	
4	 4	 1	 3	sample157	6178	8748	6682	185040	0	
4	 4	 1	 4	sample157	4913	7483	5140	172190	0	
4	 4	 1	 5	sample157	2906	5476	2570	200460	0	
4	 4	 1	 6	control	367	3193	514	113040	0	
4	 4	 2	 1	sample158	12529	15355	12594	192168	0	
4	 4	 2	 2	sample158	13261	16345	13106	200460	0	
4	 4	 2	 3	sample158	12783	15609	14392	183690	0	
4	 4	 2	 4	sample158	8952	11778	8996	197820	0	
4	 4	 2	 5	sample158	6809	9635	5912	189342	0	
4	 4	 2	 6	control	16563	19647	19532	191208	0	
4	 4	 3	 1	sample159	2448	5274	2570	113040	0	
4	 4	 3	 2	sample159	1864	4690	1800	124344	0	
4	 4	 3	 3	sample159	1555	4381	1542	113040	0	
4	 4	 3	 4	sample159	1285	4369	1284	123360	0	
4	 4	 3	 5	sample159	1227	4311	1284	123360	0	
4	 4	 3	 6	control	817	4157	772	133600	0	
4	 4	 4	 1	sample160	8500	11070	9252	172190	0	
4	 4	 4	 2	sample160	6270	8840	6682	161910	0	
4	 4	 4	 3	sample160	5923	8235	6682	157216	0	
4	 4	 4	 4	sample160	4400	6970	4626	125930	0	
4	 4	 4	 5	sample160	2466	5036	2312	120790	0	
4	 4	 4	 6	control	15565	18391	17476	161082	0	
4	 5	 1	 1	sample161	16686	19770	18248	243636	0	
4	 5	 1	 2	sample161	16100	19184	16962	243636	0	
4	 5	 1	 3	sample161	13199	16283	12336	234384	0	
4	 5	 1	 4	sample161	10212	13296	10024	231300	0	
4	 5	 1	 5	sample161	6902	9730	6682	200788	0	
4	 5	 1	 6	control	418	3502	258	123360	0	
4	 5	 2	 1	sample162	2158	5756	2056	190694	0	
4	 5	 2	 2	sample162	2189	5531	2312	160416	0	
4	 5	 2	 3	sample162	1953	5295	1798	167100	0	
4	 5	 2	 4	sample162	1717	5059	1798	147048	0	
4	 5	 2	 5	sample162	1619	4961	1542	133680	0	
4	 5	 2	 6	control	17165	20763	19018	237468	0	
4	 5	 3	 1	sample163	22500	26098	24929	190694	0	
4	 5	 3	 2	sample163	16854	20452	18504	255458	0	
4	 5	 3	 3	sample163	14987	18585	15420	251860	0	
4	 5	 3	 4	sample163	12465	16063	12594	251860	0	
4	 5	 3	 5	sample163	12642	16240	12594	284242	0	
4	 5	 3	 6	control	187	3785	258	143920	0	
4	 5	 4	 1	sample164	7552	10636	8482	240552	0	
4	 5	 4	 2	sample164	6426	9510	7454	209712	0	
4	 5	 4	 3	sample164	5055	8139	4884	249804	0	
4	 5	 4	 4	sample164	4278	7106	4112	209272	0	
4	 5	 4	 5	sample164	3535	6619	3598	225132	0	
4	 5	 4	 6	control	13299	16641	13878	200520	0	
4	 6	 1	 1	sample165	12554	16152	13106	266252	0	
4	 6	 1	 2	sample165	11716	15314	12078	280644	0	
4	 6	 1	 3	sample165	9719	13059	9510	233800	0	
4	 6	 1	 4	sample165	6939	10279	7196	230460	0	
4	 6	 1	 5	sample165	3816	6900	3598	228216	0	
4	 6	 1	 6	control	424	3508	256	123360	0	
4	 6	 2	 1	sample166	16722	20834	17732	304288	0	
4	 6	 2	 2	sample166	17225	21337	16962	308400	0	
4	 6	 2	 3	sample166	16370	20224	16448	327590	0	
4	 6	 2	 4	sample166	14356	18210	13622	296758	0	
4	 6	 2	 5	sample166	10860	14714	9252	289050	0	
4	 6	 2	 6	control	15702	19300	17218	255458	0	
4	 6	 3	 1	sample167	6747	10859	6938	275504	0	
4	 6	 3	 2	sample167	5907	10019	5654	287840	0	
4	 6	 3	 3	sample167	4510	8622	4112	283728	0	
4	 6	 3	 4	sample167	2494	6606	2312	209712	0	
4	 6	 3	 5	sample167	2512	6366	2314	204262	0	
4	 6	 3	 6	control	340	4452	256	164480	0	
4	 6	 4	 1	sample168	16993	20591	18246	323820	0	
4	 6	 4	 2	sample168	16529	20127	17218	269850	0	
4	 6	 4	 3	sample168	14671	18269	14906	287840	0	
4	 6	 4	 4	sample168	14051	17649	13878	255458	0	
4	 6	 4	 5	sample168	9942	13540	8480	241066	0	
4	 6	 4	 6	control	15697	19551	18248	254364	0	
4	 7	 1	 1	sample169	1027	4111	1028	123360	0	
4	 7	 1	 2	sample169	1600	4426	1542	113040	0	
4	 7	 1	 3	sample169	1266	4092	1286	113040	0	
4	 7	 1	 4	sample169	469	3553	514	123360	0	
4	 7	 1	 5	sample169	546	3630	514	123360	0	
4	 7	 1	 6	control	366	3450	256	123360	0	
4	 7	 2	 1	sample170	5162	8760	4626	248262	0	
4	 7	 2	 2	sample170	5933	9273	5654	237140	0	
4	 7	 2	 3	sample170	4702	8042	5140	260520	0	
4	 7	 2	 4	sample170	2559	5899	2314	310620	0	
4	 7	 2	 5	sample170	2922	6262	3084	153640	0	
4	 7	 2	 6	control	16397	19995	19532	259056	0	
4	 7	 3	 1	sample171	18717	23085	22874	331968	0	
4	 7	 3	 2	sample171	16877	20989	18504	349520	0	
4	 7	 3	 3	sample171	16188	20042	17476	269780	0	
4	 7	 3	 4	sample171	12187	16041	11822	238948	0	
4	 7	 3	 5	sample171	11873	15471	11822	284242	0	
4	 7	 3	 6	control	224	3822	256	143920	0	
4	 7	 4	 1	sample172	18890	22744	21846	316028	0	
4	 7	 4	 2	sample172	16253	20107	17734	273634	0	
4	 7	 4	 3	sample172	13474	17328	13108	262072	0	
4	 7	 4	 4	sample172	11450	15048	11050	266252	0	
4	 7	 4	 5	sample172	5765	9363	6168	215880	0	
4	 7	 4	 6	control	11610	14950	12336	173680	0	
4	 8	 1	 1	sample173	7745	11857	7968	333072	0	
4	 8	 1	 2	sample173	7298	11410	8482	333072	0	
4	 8	 1	 3	sample173	6734	10590	6938	285344	0	
4	 8	 1	 4	sample173	5748	9604	6168	316192	0	
4	 8	 1	 5	sample173	3911	7767	3854	262208	0	
4	 8	 1	 6	control	263	4119	256	154240	0	
4	 8	 2	 1	sample174	15979	20349	16704	292790	0	
4	 8	 2	 2	sample174	15471	19841	17476	345230	0	
4	 8	 2	 3	sample174	13937	18049	13878	308400	0	
4	 8	 2	 4	sample174	11331	15443	11822	283728	0	
4	 8	 2	 5	sample174	8427	12539	8738	291952	0	
4	 8	 2	 6	control	17484	21596	18504	263168	0	
4	 8	 3	 1	sample175	1265	5635	1284	174800	0	
4	 8	 3	 2	sample175	822	5192	770	174800	0	
4	 8	 3	 3	sample175	1099	5211	1028	164480	0	
4	 8	 3	 4	sample175	527	4639	514	164480	0	
4	 8	 3	 5	sample175	560	4672	514	164480	0	
4	 8	 3	 6	control	244	4614	256	174800	0	
4	 8	 4	 1	sample176	9010	13122	10280	287840	0	
4	 8	 4	 2	sample176	5724	9836	5398	259056	0	
4	 8	 4	 3	sample176	3975	8087	3598	291952	0	
4	 8	 4	 4	sample176	2746	6602	2826	246784	0	
4	 8	 4	 5	sample176	1794	5906	1800	201488	0	
4	 8	 4	 6	control	12375	16487	14392	246720	0	
4	 9	 1	 1	sample177	6394	9478	6168	237468	0	
4	 9	 1	 2	sample177	5088	8172	4882	231300	0	
4	 9	 1	 3	sample177	4249	7333	4112	231300	0	
4	 9	 1	 4	sample177	2861	5945	2826	228216	0	
4	 9	 1	 5	sample177	1972	5056	2056	132612	0	
4	 9	 1	 6	control	315	3655	258	133600	0	
4	 9	 2	 1	sample178	4183	7523	3856	133600	0	
4	 9	 2	 2	sample178	3898	7238	4370	220440	0	
4	 9	 2	 3	sample178	3781	7121	4112	173680	0	
4	 9	 2	 4	sample178	1414	4754	1286	133600	0	
4	 9	 2	 5	sample178	1568	4908	1542	133600	0	
4	 9	 2	 6	control	16736	20076	20818	227120	0	
4	 9	 3	 1	sample179	13934	17788	14650	250510	0	
4	 9	 3	 2	sample179	14342	17940	16448	241066	0	
4	 9	 3	 3	sample179	10424	14022	10022	262654	0	
4	 9	 3	 4	sample179	7305	10903	6938	262654	0	
4	 9	 3	 5	sample179	6959	10557	6938	273448	0	
4	 9	 3	 6	control	110	3964	0	154160	0	
4	 9	 4	 1	sample180	10669	14267	12078	244664	0	
4	 9	 4	 2	sample180	9133	12731	10280	280644	0	
4	 9	 4	 3	sample180	6752	10092	6682	247160	0	
4	 9	 4	 4	sample180	3531	6871	3342	203740	0	
4	 9	 4	 5	sample180	3393	6733	3342	167000	0	
4	 9	 4	 6	control	11647	15245	12078	201488	0	
4	 10	 1	 1	sample181	19480	23078	21330	255458	0	
4	 10	 1	 2	sample181	18986	22840	20560	304466	0	
4	 10	 1	 3	sample181	17652	21506	19532	269780	0	
4	 10	 1	 4	sample181	15624	19222	16704	230272	0	
4	 10	 1	 5	sample181	11781	15121	12850	207080	0	
4	 10	 1	 6	control	283	3623	258	133600	0	
4	 10	 2	 1	sample182	894	4748	1028	154160	0	
4	 10	 2	 2	sample182	906	4760	1028	154160	0	
4	 10	 2	 3	sample182	990	4844	1028	154160	0	
4	 10	 2	 4	sample182	681	4279	514	143920	0	
4	 10	 2	 5	sample182	783	4381	770	143920	0	
4	 10	 2	 6	control	15629	19227	17218	237468	0	
4	 10	 3	 1	sample183	19734	23846	23130	275504	0	
4	 10	 3	 2	sample183	18597	22709	21588	246720	0	
4	 10	 3	 3	sample183	17422	21276	17734	238948	0	
4	 10	 3	 4	sample183	14419	18273	14906	227386	0	
4	 10	 3	 5	sample183	11954	15552	12850	244664	0	
4	 10	 3	 6	control	373	3713	258	133600	0	
4	 10	 4	 1	sample184	18025	21879	20046	258218	0	
4	 10	 4	 2	sample184	15782	19636	16962	227386	0	
4	 10	 4	 3	sample184	13614	17468	14136	254364	0	
4	 10	 4	 4	sample184	9765	13363	10022	212282	0	
4	 10	 4	 5	sample184	5440	8780	4884	183700	0	
4	 10	 4	 6	control	12737	16077	13364	167000	0	
4	 11	 1	 1	sample185	8053	11137	7968	212796	0	
4	 11	 1	 2	sample185	7139	10223	7454	246720	0	
4	 11	 1	 3	sample185	5732	8816	5912	203544	0	
4	 11	 1	 4	sample185	3686	6770	3598	200460	0	
4	 11	 1	 5	sample185	2586	5414	2826	130088	0	
4	 11	 1	 6	control	398	3226	514	113120	0	
4	 11	 2	 1	sample186	18642	22240	20818	241066	0	
4	 11	 2	 2	sample186	18058	21914	21074	273776	0	
4	 11	 2	 3	sample186	15991	19847	18760	327760	0	
4	 11	 2	 4	sample186	16273	19871	15934	237468	0	
4	 11	 2	 5	sample186	11902	15244	13364	267360	0	
4	 11	 2	 6	control	16149	19233	18762	188124	0	
4	 11	 3	 1	sample187	1711	5053	2056	264018	0	
4	 11	 3	 2	sample187	1944	5286	2056	130338	0	
4	 11	 3	 3	sample187	1336	4678	1284	133680	0	
4	 11	 3	 4	sample187	1085	4427	1028	133680	0	
4	 11	 3	 5	sample187	816	4158	770	133680	0	
4	 11	 3	 6	control	264	3348	258	123360	0	
4	 11	 4	 1	sample188	3224	6052	3084	180992	0	
4	 11	 4	 2	sample188	2465	5293	2570	166852	0	
4	 11	 4	 3	sample188	1901	4471	2056	161910	0	
4	 11	 4	 4	sample188	1562	4132	1542	102800	0	
4	 11	 4	 5	sample188	616	3444	514	113120	0	
4	 11	 4	 6	control	14539	17367	17990	172508	0	
4	 12	 1	 1	sample189	13237	16063	12850	228906	0	
4	 12	 1	 2	sample189	16861	19945	19532	237468	0	
4	 12	 1	 3	sample189	13573	16657	13620	231300	0	
4	 12	 1	 4	sample189	10729	13813	11564	222048	0	
4	 12	 1	 5	sample189	7118	10458	6940	230460	0	
4	 12	 1	 6	control	489	3829	258	133600	0	
4	 12	 2	 1	sample190	1882	4708	1800	166734	0	
4	 12	 2	 2	sample190	2521	5605	2826	194292	0	
4	 12	 2	 3	sample190	1755	5095	1800	153640	0	
4	 12	 2	 4	sample190	1292	4632	1286	133600	0	
4	 12	 2	 5	sample190	1163	4503	1028	133600	0	
4	 12	 2	 6	control	15676	19274	17732	233870	0	
4	 12	 3	 1	sample191	4365	7449	5396	222048	0	
4	 12	 3	 2	sample191	5212	8296	5396	206628	0	
4	 12	 3	 3	sample191	3931	7271	4370	250500	0	
4	 12	 3	 4	sample191	3487	6827	3856	207080	0	
4	 12	 3	 5	sample191	2791	6131	3084	233800	0	
4	 12	 3	 6	control	128	3726	0	143920	0	
4	 12	 4	 1	sample192	16736	19820	19018	228216	0	
4	 12	 4	 2	sample192	16174	19258	18504	194292	0	
4	 12	 4	 3	sample192	13049	16133	14392	206628	0	
4	 12	 4	 4	sample192	11518	14602	12336	203544	0	
4	 12	 4	 5	sample192	7714	10798	7710	181956	0	
4	 12	 4	 6	control	13361	16701	16448	233800	0	
