MicroVigene	 Version	 2501
Culture	en-US
9/28/2006 2:50:37 PM
Roi Row	 4	 Roi Col	 12	 Main Row	 4	 Main Col	 6	 Sub Row	 1	 Sub Col	 1
Main Row	 Main Col	 Sub Row	 Sub Col	  GeneID	mean_net	 mean_total	 median_net	 vol_bkg	 vol_dust	 
1	 1	 1	 1	sample1	2184	5012	2056	113120	0	
1	 1	 1	 2	sample1	1242	4070	1028	118776	0	
1	 1	 1	 3	sample1	1703	4273	1800	41120	0	
1	 1	 1	 4	sample1	1041	3611	1028	102800	0	
1	 1	 1	 5	sample1	778	3348	772	102800	0	
1	 1	 1	 6	control	462	2776	514	92560	0	
1	 1	 2	 1	sample2	2119	4689	2314	136210	0	
1	 1	 2	 2	sample2	2153	4467	2312	194376	0	
1	 1	 2	 3	sample2	2477	4533	2314	90464	0	
1	 1	 2	 4	sample2	1788	3844	1800	90464	0	
1	 1	 2	 5	sample2	1238	3294	1286	100744	0	
1	 1	 2	 6	control	1667	3723	1542	71960	0	
1	 1	 3	 1	sample3	5967	8023	6682	141864	0	
1	 1	 3	 2	sample3	4105	6161	4626	148032	0	
1	 1	 3	 3	sample3	3525	5325	3598	133200	0	
1	 1	 3	 4	sample3	2394	4194	2312	124200	0	
1	 1	 3	 5	sample3	1810	3610	1798	79200	0	
1	 1	 3	 6	control	450	1992	258	61680	0	
1	 1	 4	 1	sample4	4974	6774	5910	136800	0	
1	 1	 4	 2	sample4	3392	5192	3598	144000	0	
1	 1	 4	 3	sample4	2775	4317	3084	106398	0	
1	 1	 4	 4	sample4	2170	3712	2056	80184	0	
1	 1	 4	 5	sample4	1170	2712	1028	61680	0	
1	 1	 4	 6	control	874	2416	772	61680	0	
1	 2	 1	 1	sample5	6376	9202	6426	146952	0	
1	 2	 1	 2	sample5	4894	7720	4884	211950	0	
1	 2	 1	 3	sample5	4415	6985	4626	128500	0	
1	 2	 1	 4	sample5	2575	5145	2570	113080	0	
1	 2	 1	 5	sample5	1876	4446	1798	110510	0	
1	 2	 1	 6	control	372	2942	256	102800	0	
1	 2	 2	 1	sample6	3679	5991	3598	117912	0	
1	 2	 2	 2	sample6	2893	5205	2828	108664	0	
1	 2	 2	 3	sample6	2659	4715	2826	100744	0	
1	 2	 2	 4	sample6	1858	4170	2056	101728	0	
1	 2	 2	 5	sample6	1528	3584	1798	78128	0	
1	 2	 2	 6	control	2001	4057	2056	67848	0	
1	 2	 3	 1	sample7	5686	7742	5910	148032	0	
1	 2	 3	 2	sample7	4752	6808	4626	137752	0	
1	 2	 3	 3	sample7	4255	6311	4368	106912	0	
1	 2	 3	 4	sample7	2193	4249	2312	92520	0	
1	 2	 3	 5	sample7	1782	3580	1800	80910	0	
1	 2	 3	 6	control	412	2210	258	71920	0	
1	 2	 4	 1	sample8	3242	5040	3342	88102	0	
1	 2	 4	 2	sample8	2108	3906	1800	80910	0	
1	 2	 4	 3	sample8	1852	3650	1542	88102	0	
1	 2	 4	 4	sample8	1131	2929	1028	62930	0	
1	 2	 4	 5	sample8	817	2615	772	71920	0	
1	 2	 4	 6	control	1183	2981	1286	71920	0	
1	 3	 1	 1	sample9	5152	7466	6168	145782	0	
1	 3	 1	 2	sample9	4018	6332	4882	145782	0	
1	 3	 1	 3	sample9	3424	5738	3340	143468	0	
1	 3	 1	 4	sample9	2797	5111	3084	101816	0	
1	 3	 1	 5	sample9	1497	3811	1798	92560	0	
1	 3	 1	 6	control	147	2461	0	92560	0	
1	 3	 2	 1	sample10	3683	5739	3598	131584	0	
1	 3	 2	 2	sample10	4481	6537	4626	127472	0	
1	 3	 2	 3	sample10	3700	5500	3598	113400	0	
1	 3	 2	 4	sample10	2652	4452	2826	84600	0	
1	 3	 2	 5	sample10	1606	3406	1542	72000	0	
1	 3	 2	 6	control	2227	4027	2312	54000	0	
1	 3	 3	 1	sample11	2901	4443	2828	86352	0	
1	 3	 3	 2	sample11	2352	4152	2312	104400	0	
1	 3	 3	 3	sample11	2979	4521	3084	26214	0	
1	 3	 3	 4	sample11	1220	2762	1286	72474	0	
1	 3	 3	 5	sample11	907	2193	1028	41152	0	
1	 3	 3	 6	control	276	1562	256	51440	0	
1	 3	 4	 1	sample12	5750	7292	5912	95604	0	
1	 3	 4	 2	sample12	3954	5496	3342	92520	0	
1	 3	 4	 3	sample12	3314	4856	3084	100230	0	
1	 3	 4	 4	sample12	1698	2984	1798	82304	0	
1	 3	 4	 5	sample12	1130	2416	1028	51440	0	
1	 3	 4	 6	control	1065	2351	1028	43724	0	
1	 4	 1	 1	sample13	4635	7463	4626	147056	0	
1	 4	 1	 2	sample13	4054	6882	4368	189476	0	
1	 4	 1	 3	sample13	3259	5829	3342	128500	0	
1	 4	 1	 4	sample13	2073	4643	2056	118220	0	
1	 4	 1	 5	sample13	1664	4234	1800	97660	0	
1	 4	 1	 6	control	335	2905	258	102800	0	
1	 4	 2	 1	sample14	4365	6679	4626	168922	0	
1	 4	 2	 2	sample14	3480	5794	3854	157352	0	
1	 4	 2	 3	sample14	2617	4931	2826	161980	0	
1	 4	 2	 4	sample14	2412	4726	2570	101816	0	
1	 4	 2	 5	sample14	2044	4100	2056	86352	0	
1	 4	 2	 6	control	1578	3892	1798	64792	0	
1	 4	 3	 1	sample15	1787	3843	2056	168592	0	
1	 4	 3	 2	sample15	1709	3509	1798	88200	0	
1	 4	 3	 3	sample15	1438	3238	1284	93600	0	
1	 4	 3	 4	sample15	1080	2880	1028	79200	0	
1	 4	 3	 5	sample15	1028	2828	1028	34200	0	
1	 4	 3	 6	control	398	2198	256	72000	0	
1	 4	 4	 1	sample16	1930	3730	1798	169200	0	
1	 4	 4	 2	sample16	1721	3521	1798	90000	0	
1	 4	 4	 3	sample16	1370	3170	1542	91800	0	
1	 4	 4	 4	sample16	972	2772	1028	50400	0	
1	 4	 4	 5	sample16	559	2359	514	72000	0	
1	 4	 4	 6	control	719	2519	514	72000	0	
1	 5	 1	 1	sample17	2410	5236	2570	203472	0	
1	 5	 1	 2	sample17	2101	4927	2056	113040	0	
1	 5	 1	 3	sample17	1995	4821	2056	59346	0	
1	 5	 1	 4	sample17	1157	3983	1028	113040	0	
1	 5	 1	 5	sample17	778	3604	772	113040	0	
1	 5	 1	 6	control	347	3173	258	113040	0	
1	 5	 2	 1	sample18	2752	5322	2570	133640	0	
1	 5	 2	 2	sample18	2926	5496	2826	146490	0	
1	 5	 2	 3	sample18	2489	5059	2570	123360	0	
1	 5	 2	 4	sample18	1273	3843	1284	110510	0	
1	 5	 2	 5	sample18	1138	3450	1028	92480	0	
1	 5	 2	 6	control	1220	3790	1028	102800	0	
1	 5	 3	 1	sample19	6583	8639	6682	150088	0	
1	 5	 3	 2	sample19	5163	7219	5654	135696	0	
1	 5	 3	 3	sample19	3945	6001	4112	133640	0	
1	 5	 3	 4	sample19	2955	5011	2826	127472	0	
1	 5	 3	 5	sample19	1583	3639	1542	178872	0	
1	 5	 3	 6	control	256	2312	256	82240	0	
1	 5	 4	 1	sample20	6484	8540	5654	152144	0	
1	 5	 4	 2	sample20	3917	5973	3084	187096	0	
1	 5	 4	 3	sample20	3444	5500	3084	182984	0	
1	 5	 4	 4	sample20	1579	3377	1800	176204	0	
1	 5	 4	 5	sample20	1446	3244	1542	71920	0	
1	 5	 4	 6	control	784	2582	772	71920	0	
1	 6	 1	 1	sample21	3860	6430	3856	136210	0	
1	 6	 1	 2	sample21	3920	6490	4370	133640	0	
1	 6	 1	 3	sample21	2586	5156	2570	125930	0	
1	 6	 1	 4	sample21	1868	4438	1800	125930	0	
1	 6	 1	 5	sample21	906	3476	1028	102800	0	
1	 6	 1	 6	control	251	2821	258	102800	0	
1	 6	 2	 1	sample22	3352	5666	3084	150410	0	
1	 6	 2	 2	sample22	4618	6932	4368	152724	0	
1	 6	 2	 3	sample22	3800	6114	3340	175864	0	
1	 6	 2	 4	sample22	2736	5050	2570	157352	0	
1	 6	 2	 5	sample22	2756	4812	3084	37008	0	
1	 6	 2	 6	control	1200	3256	1286	86352	0	
1	 6	 3	 1	sample23	2064	3864	2056	158400	0	
1	 6	 3	 2	sample23	1570	3370	1542	64800	0	
1	 6	 3	 3	sample23	1311	3111	1284	88200	0	
1	 6	 3	 4	sample23	1066	2866	1028	72000	0	
1	 6	 3	 5	sample23	462	2262	514	72000	0	
1	 6	 3	 6	control	70.1	1870	0	72000	0	
1	 6	 4	 1	sample24	2564	4106	2056	115650	0	
1	 6	 4	 2	sample24	1724	3266	1800	74016	0	
1	 6	 4	 3	sample24	1772	3314	1800	70932	0	
1	 6	 4	 4	sample24	810	2352	772	61680	0	
1	 6	 4	 5	sample24	515	2057	514	61680	0	
1	 6	 4	 6	control	1133	2675	1028	49344	0	
1	 7	 1	 1	sample25	4465	6777	4884	117912	0	
1	 7	 1	 2	sample25	4359	6671	3856	115600	0	
1	 7	 1	 3	sample25	3141	5453	3342	115600	0	
1	 7	 1	 4	sample25	1834	4146	1800	120224	0	
1	 7	 1	 5	sample25	1253	3565	1286	90168	0	
1	 7	 1	 6	control	309	2621	0	92480	0	
1	 7	 2	 1	sample26	2744	4542	2828	82708	0	
1	 7	 2	 2	sample26	2967	4765	3084	82708	0	
1	 7	 2	 3	sample26	2164	3962	2314	86304	0	
1	 7	 2	 4	sample26	1421	3219	1542	91698	0	
1	 7	 2	 5	sample26	1131	2929	1028	71920	0	
1	 7	 2	 6	control	1707	3505	1542	64728	0	
1	 7	 3	 1	sample27	1134	2676	1284	81726	0	
1	 7	 3	 2	sample27	1687	3229	1542	70932	0	
1	 7	 3	 3	sample27	1432	2716	1542	65484	0	
1	 7	 3	 4	sample27	713	2255	770	61680	0	
1	 7	 3	 5	sample27	456	1998	256	61680	0	
1	 7	 3	 6	control	205	1747	256	61680	0	
1	 7	 4	 1	sample28	1969	3253	1800	64200	0	
1	 7	 4	 2	sample28	1129	2413	1028	65484	0	
1	 7	 4	 3	sample28	1121	2405	1028	46224	0	
1	 7	 4	 4	sample28	579	1863	514	46224	0	
1	 7	 4	 5	sample28	600	1884	514	46224	0	
1	 7	 4	 6	control	1065	2349	1028	53928	0	
1	 8	 1	 1	sample29	4175	6745	4370	179900	0	
1	 8	 1	 2	sample29	3975	6545	4112	210740	0	
1	 8	 1	 3	sample29	2697	5267	2570	177330	0	
1	 8	 1	 4	sample29	2086	4656	2314	110510	0	
1	 8	 1	 5	sample29	1196	3766	1286	110510	0	
1	 8	 1	 6	control	315	2885	0	102800	0	
1	 8	 2	 1	sample30	3444	5500	3084	82240	0	
1	 8	 2	 2	sample30	3701	5757	3856	82240	0	
1	 8	 2	 3	sample30	1973	4029	1800	189152	0	
1	 8	 2	 4	sample30	1836	3892	1800	86352	0	
1	 8	 2	 5	sample30	1549	3605	1542	78128	0	
1	 8	 2	 6	control	1501	3557	1542	76072	0	
1	 8	 3	 1	sample31	2307	4107	2056	82800	0	
1	 8	 3	 2	sample31	1804	3604	1542	81000	0	
1	 8	 3	 3	sample31	1285	3085	1284	91800	0	
1	 8	 3	 4	sample31	738	2538	514	72000	0	
1	 8	 3	 5	sample31	603	2403	514	72000	0	
1	 8	 3	 6	control	346	2146	256	72000	0	
1	 8	 4	 1	sample32	4705	6247	4370	121818	0	
1	 8	 4	 2	sample32	3069	4611	2828	104856	0	
1	 8	 4	 3	sample32	2366	3908	2056	120276	0	
1	 8	 4	 4	sample32	1481	3023	1542	77100	0	
1	 8	 4	 5	sample32	1142	2684	1028	52428	0	
1	 8	 4	 6	control	809	2609	770	72000	0	
1	 9	 1	 1	sample33	3303	6129	3084	113040	0	
1	 9	 1	 2	sample33	2792	5618	2828	124344	0	
1	 9	 1	 3	sample33	1775	4601	1800	118692	0	
1	 9	 1	 4	sample33	1461	4287	1286	132822	0	
1	 9	 1	 5	sample33	964	3790	772	113040	0	
1	 9	 1	 6	control	540	3366	258	113040	0	
1	 9	 2	 1	sample34	3071	5641	2826	102800	0	
1	 9	 2	 2	sample34	3829	6399	3340	102800	0	
1	 9	 2	 3	sample34	3267	5837	3084	89950	0	
1	 9	 2	 4	sample34	2388	4958	2312	87380	0	
1	 9	 2	 5	sample34	2140	4452	2056	78608	0	
1	 9	 2	 6	control	1743	4313	1798	59110	0	
1	 9	 3	 1	sample35	2012	4324	2056	92480	0	
1	 9	 3	 2	sample35	1607	3919	1800	92480	0	
1	 9	 3	 3	sample35	1301	3613	1286	78608	0	
1	 9	 3	 4	sample35	836	3148	772	92480	0	
1	 9	 3	 5	sample35	873	2929	770	82240	0	
1	 9	 3	 6	control	521	2833	514	92480	0	
1	 9	 4	 1	sample36	6289	8345	7196	156256	0	
1	 9	 4	 2	sample36	4645	6701	4112	137752	0	
1	 9	 4	 3	sample36	4680	6736	4112	154200	0	
1	 9	 4	 4	sample36	2400	4456	2056	84296	0	
1	 9	 4	 5	sample36	1774	3830	1798	65792	0	
1	 9	 4	 6	control	1439	3495	1542	51400	0	
1	 10	 1	 1	sample37	3936	7790	4112	196554	0	
1	 10	 1	 2	sample37	4379	8233	4112	200408	0	
1	 10	 1	 3	sample37	3017	6871	3084	161868	0	
1	 10	 1	 4	sample37	1869	5723	2056	184992	0	
1	 10	 1	 5	sample37	1337	5191	1286	154160	0	
1	 10	 1	 6	control	322	4176	258	154160	0	
1	 10	 2	 1	sample38	3305	6903	3084	154714	0	
1	 10	 2	 2	sample38	3662	7260	3854	143920	0	
1	 10	 2	 3	sample38	2921	6519	3084	176302	0	
1	 10	 2	 4	sample38	2056	5654	2056	158312	0	
1	 10	 2	 5	sample38	1767	5107	1800	133600	0	
1	 10	 2	 6	control	2124	5464	2314	126920	0	
1	 10	 3	 1	sample39	11515	14855	12080	220440	0	
1	 10	 3	 2	sample39	9131	12215	9766	209712	0	
1	 10	 3	 3	sample39	7314	10654	7196	240480	0	
1	 10	 3	 4	sample39	2775	5859	2312	215880	0	
1	 10	 3	 5	sample39	2332	5416	2312	123360	0	
1	 10	 3	 6	control	571	3655	256	123360	0	
1	 10	 4	 1	sample40	2512	5596	2570	138780	0	
1	 10	 4	 2	sample40	1336	4420	1284	123360	0	
1	 10	 4	 3	sample40	2023	5107	1798	123360	0	
1	 10	 4	 4	sample40	822	3906	770	123360	0	
1	 10	 4	 5	sample40	494	3578	514	123360	0	
1	 10	 4	 6	control	854	3938	770	123360	0	
1	 11	 1	 1	sample41	3979	6807	3598	263004	0	
1	 11	 1	 2	sample41	2869	5697	2826	240380	0	
1	 11	 1	 3	sample41	3245	5815	3598	123360	0	
1	 11	 1	 4	sample41	2288	4858	2314	128500	0	
1	 11	 1	 5	sample41	1671	4241	1542	128500	0	
1	 11	 1	 6	control	385	3213	0	113120	0	
1	 11	 2	 1	sample42	5118	7432	4626	168922	0	
1	 11	 2	 2	sample42	4569	6883	4626	168922	0	
1	 11	 2	 3	sample42	3752	6066	3598	157352	0	
1	 11	 2	 4	sample42	3597	5911	3854	106444	0	
1	 11	 2	 5	sample42	2721	5035	3084	50908	0	
1	 11	 2	 6	control	2013	4327	2056	97188	0	
1	 11	 3	 1	sample43	3928	5984	4112	131584	0	
1	 11	 3	 2	sample43	3177	5233	2828	166536	0	
1	 11	 3	 3	sample43	3275	5075	3340	84600	0	
1	 11	 3	 4	sample43	1671	3727	1800	102800	0	
1	 11	 3	 5	sample43	1407	3207	1542	72000	0	
1	 11	 3	 6	control	507	2307	256	72000	0	
1	 11	 4	 1	sample44	5708	7508	6168	135000	0	
1	 11	 4	 2	sample44	3933	5733	4112	142200	0	
1	 11	 4	 3	sample44	3633	5433	4112	129600	0	
1	 11	 4	 4	sample44	2080	3880	2056	95400	0	
1	 11	 4	 5	sample44	1536	3336	1542	79200	0	
1	 11	 4	 6	control	1407	3207	1542	72000	0	
1	 12	 1	 1	sample45	3385	6469	3598	123360	0	
1	 12	 1	 2	sample45	2550	5634	2826	123360	0	
1	 12	 1	 3	sample45	2145	5229	2312	123360	0	
1	 12	 1	 4	sample45	1286	4626	1286	113560	0	
1	 12	 1	 5	sample45	848	4446	770	143920	0	
1	 12	 1	 6	control	566	4420	258	154160	0	
1	 12	 2	 1	sample46	2211	4781	2056	97660	0	
1	 12	 2	 2	sample46	2110	4680	2056	97660	0	
1	 12	 2	 3	sample46	2307	5133	2314	113040	0	
1	 12	 2	 4	sample46	1564	4390	1542	101736	0	
1	 12	 2	 5	sample46	1117	4201	1028	123360	0	
1	 12	 2	 6	control	1522	5120	1542	93548	0	
1	 12	 3	 1	sample47	2224	4536	2056	145656	0	
1	 12	 3	 2	sample47	2017	4329	2056	106352	0	
1	 12	 3	 3	sample47	1845	4157	1800	92480	0	
1	 12	 3	 4	sample47	1067	3637	1028	100230	0	
1	 12	 3	 5	sample47	636	3462	514	113040	0	
1	 12	 3	 6	control	257	3341	256	123360	0	
1	 12	 4	 1	sample48	4321	6377	3854	156256	0	
1	 12	 4	 2	sample48	3088	5144	3340	117192	0	
1	 12	 4	 3	sample48	2378	4690	2570	138720	0	
1	 12	 4	 4	sample48	2171	4483	2314	108664	0	
1	 12	 4	 5	sample48	1252	3822	1028	120790	0	
1	 12	 4	 6	control	1887	4713	1800	98910	0	
2	 1	 1	 1	sample49	5219	7531	5398	182648	0	
2	 1	 1	 2	sample49	3679	5991	4370	215016	0	
2	 1	 1	 3	sample49	3573	5629	4112	172704	0	
2	 1	 1	 4	sample49	2704	5016	2828	187272	0	
2	 1	 1	 5	sample49	2149	4205	2056	158312	0	
2	 1	 1	 6	control	353	2409	256	82240	0	
2	 1	 2	 1	sample50	5290	7602	5398	171088	0	
2	 1	 2	 2	sample50	6372	8684	6168	212704	0	
2	 1	 2	 3	sample50	6424	8480	7196	156256	0	
2	 1	 2	 4	sample50	4532	6588	4112	174760	0	
2	 1	 2	 5	sample50	3689	5745	3598	156256	0	
2	 1	 2	 6	control	2201	4257	2312	94576	0	
2	 1	 3	 1	sample51	2394	4706	2570	154904	0	
2	 1	 3	 2	sample51	2080	4136	2312	170648	0	
2	 1	 3	 3	sample51	1787	3843	1798	137752	0	
2	 1	 3	 4	sample51	1642	3698	1798	104856	0	
2	 1	 3	 5	sample51	1193	3249	1284	98688	0	
2	 1	 3	 6	control	44.5	2101	0	82240	0	
2	 1	 4	 1	sample52	2801	4857	2826	143920	0	
2	 1	 4	 2	sample52	1511	3567	1542	172704	0	
2	 1	 4	 3	sample52	1532	3330	1542	89900	0	
2	 1	 4	 4	sample52	835	2891	770	82240	0	
2	 1	 4	 5	sample52	623	2679	514	82240	0	
2	 1	 4	 6	control	809	2865	770	82240	0	
2	 2	 1	 1	sample53	3247	5303	3342	84296	0	
2	 2	 1	 2	sample53	2355	4411	2314	102800	0	
2	 2	 1	 3	sample53	2213	4269	2314	94576	0	
2	 2	 1	 4	sample53	1511	3567	1542	67848	0	
2	 2	 1	 5	sample53	1330	3386	1286	59624	0	
2	 2	 1	 6	control	483	2539	258	82240	0	
2	 2	 2	 1	sample54	5385	7441	5140	125416	0	
2	 2	 2	 2	sample54	5522	7578	5654	135696	0	
2	 2	 2	 3	sample54	4047	6103	4112	121304	0	
2	 2	 2	 4	sample54	3591	5647	3856	74016	0	
2	 2	 2	 5	sample54	2506	4562	2570	74016	0	
2	 2	 2	 6	control	1825	3881	1800	82240	0	
2	 2	 3	 1	sample55	6140	8196	5912	131584	0	
2	 2	 3	 2	sample55	5681	7737	5398	121304	0	
2	 2	 3	 3	sample55	4272	6328	3856	92520	0	
2	 2	 3	 4	sample55	2518	4574	2570	90464	0	
2	 2	 3	 5	sample55	1645	3701	1542	82240	0	
2	 2	 3	 6	control	264	2320	258	82240	0	
2	 2	 4	 1	sample56	5793	7593	5654	126000	0	
2	 2	 4	 2	sample56	4208	6264	4370	143920	0	
2	 2	 4	 3	sample56	2365	4421	2056	82240	0	
2	 2	 4	 4	sample56	1845	3901	1800	82240	0	
2	 2	 4	 5	sample56	1537	3593	1542	92520	0	
2	 2	 4	 6	control	1455	3511	1542	84296	0	
2	 3	 1	 1	sample57	7987	10557	8480	192750	0	
2	 3	 1	 2	sample57	6627	9197	6682	218450	0	
2	 3	 1	 3	sample57	6208	8520	6682	180336	0	
2	 3	 1	 4	sample57	3989	6301	3856	182648	0	
2	 3	 1	 5	sample57	3279	5335	3340	102800	0	
2	 3	 1	 6	control	404	2460	256	82240	0	
2	 3	 2	 1	sample58	3310	5880	2826	107940	0	
2	 3	 2	 2	sample58	3969	6281	3856	178024	0	
2	 3	 2	 3	sample58	3246	5558	3084	180336	0	
2	 3	 2	 4	sample58	2899	4955	2570	108968	0	
2	 3	 2	 5	sample58	1831	3887	1798	82240	0	
2	 3	 2	 6	control	2059	4115	2312	164480	0	
2	 3	 3	 1	sample59	6789	9359	6682	190180	0	
2	 3	 3	 2	sample59	6172	8484	6940	161840	0	
2	 3	 3	 3	sample59	3754	5810	3598	158312	0	
2	 3	 3	 4	sample59	2918	4974	3084	98688	0	
2	 3	 3	 5	sample59	1564	3620	1284	187096	0	
2	 3	 3	 6	control	37.9	2094	0	82240	0	
2	 3	 4	 1	sample60	2476	4788	2314	189584	0	
2	 3	 4	 2	sample60	2050	4362	2056	92480	0	
2	 3	 4	 3	sample60	1105	3161	1028	82240	0	
2	 3	 4	 4	sample60	713	2769	514	82240	0	
2	 3	 4	 5	sample60	707	2505	514	71920	0	
2	 3	 4	 6	control	584	2640	514	82240	0	
2	 4	 1	 1	sample61	5631	7431	4882	124200	0	
2	 4	 1	 2	sample61	5278	7078	4882	117000	0	
2	 4	 1	 3	sample61	4377	6177	4368	115200	0	
2	 4	 1	 4	sample61	2423	4223	2312	126000	0	
2	 4	 1	 5	sample61	1747	3547	1798	72000	0	
2	 4	 1	 6	control	134	1934	0	72000	0	
2	 4	 2	 1	sample62	2040	3840	2056	91800	0	
2	 4	 2	 2	sample62	1670	3470	1542	93600	0	
2	 4	 2	 3	sample62	1367	3167	1284	90000	0	
2	 4	 2	 4	sample62	970	2770	1028	72000	0	
2	 4	 2	 5	sample62	616	2416	514	72000	0	
2	 4	 2	 6	control	1973	3773	2056	90000	0	
2	 4	 3	 1	sample63	2758	4558	2826	122400	0	
2	 4	 3	 2	sample63	2922	4722	2826	111600	0	
2	 4	 3	 3	sample63	2276	3818	2056	63222	0	
2	 4	 3	 4	sample63	1175	2975	1028	72000	0	
2	 4	 3	 5	sample63	674	2474	514	72000	0	
2	 4	 3	 6	control	102	1902	0	72000	0	
2	 4	 4	 1	sample64	2317	3859	2314	106398	0	
2	 4	 4	 2	sample64	1893	3693	1798	73800	0	
2	 4	 4	 3	sample64	1735	3277	1800	30840	0	
2	 4	 4	 4	sample64	862	2404	772	61680	0	
2	 4	 4	 5	sample64	726	2268	514	61680	0	
2	 4	 4	 6	control	520	2320	514	72000	0	
2	 5	 1	 1	sample65	4048	5590	3854	75558	0	
2	 5	 1	 2	sample65	3358	4900	3084	111024	0	
2	 5	 1	 3	sample65	2815	4357	2570	106398	0	
2	 5	 1	 4	sample65	1697	3239	1798	74016	0	
2	 5	 1	 5	sample65	1411	2695	1286	50076	0	
2	 5	 1	 6	control	340	1882	0	61680	0	
2	 5	 2	 1	sample66	1554	3096	1542	63222	0	
2	 5	 2	 2	sample66	2090	3374	2056	39804	0	
2	 5	 2	 3	sample66	1820	3104	2056	47508	0	
2	 5	 2	 4	sample66	1187	2471	1028	50076	0	
2	 5	 2	 5	sample66	945	2229	772	51360	0	
2	 5	 2	 6	control	1715	3257	2056	61680	0	
2	 5	 3	 1	sample67	4475	6017	4626	115650	0	
2	 5	 3	 2	sample67	3514	5056	3598	104856	0	
2	 5	 3	 3	sample67	3213	4497	3084	64200	0	
2	 5	 3	 4	sample67	1904	3188	2056	53928	0	
2	 5	 3	 5	sample67	1343	2627	1286	57780	0	
2	 5	 3	 6	control	412	1696	258	51360	0	
2	 5	 4	 1	sample68	7008	8550	8480	107940	0	
2	 5	 4	 2	sample68	4622	5906	4626	83460	0	
2	 5	 4	 3	sample68	5130	6414	5398	93732	0	
2	 5	 4	 4	sample68	2678	3962	2828	110424	0	
2	 5	 4	 5	sample68	1622	2906	1542	53928	0	
2	 5	 4	 6	control	1099	2383	1028	51360	0	
2	 6	 1	 1	sample69	3881	6195	4112	157352	0	
2	 6	 1	 2	sample69	3112	5168	3084	154200	0	
2	 6	 1	 3	sample69	2698	5012	2826	175864	0	
2	 6	 1	 4	sample69	2086	4400	2056	118014	0	
2	 6	 1	 5	sample69	2064	4120	2056	141864	0	
2	 6	 1	 6	control	759	2815	772	82240	0	
2	 6	 2	 1	sample70	2241	4297	2314	152144	0	
2	 6	 2	 2	sample70	2285	4341	2056	145976	0	
2	 6	 2	 3	sample70	1847	4161	2056	122642	0	
2	 6	 2	 4	sample70	1433	3747	1542	120328	0	
2	 6	 2	 5	sample70	1253	3309	1286	96632	0	
2	 6	 2	 6	control	2083	4139	2314	137752	0	
2	 6	 3	 1	sample71	2482	4538	2570	137752	0	
2	 6	 3	 2	sample71	2020	4076	2056	100744	0	
2	 6	 3	 3	sample71	1655	3711	1542	102800	0	
2	 6	 3	 4	sample71	1267	3323	1286	86352	0	
2	 6	 3	 5	sample71	784	2840	772	82240	0	
2	 6	 3	 6	control	155	2211	258	82240	0	
2	 6	 4	 1	sample72	6247	8303	6682	154200	0	
2	 6	 4	 2	sample72	4426	6482	4112	139808	0	
2	 6	 4	 3	sample72	3264	5320	3084	143920	0	
2	 6	 4	 4	sample72	1712	3768	1800	108968	0	
2	 6	 4	 5	sample72	1319	3375	1286	78128	0	
2	 6	 4	 6	control	682	2738	514	82240	0	
2	 7	 1	 1	sample73	4186	5984	3856	131254	0	
2	 7	 1	 2	sample73	4021	5819	3598	151032	0	
2	 7	 1	 3	sample73	3124	4922	2828	116870	0	
2	 7	 1	 4	sample73	2019	3817	2056	86304	0	
2	 7	 1	 5	sample73	1478	3276	1542	71920	0	
2	 7	 1	 6	control	486	2284	258	64728	0	
2	 7	 2	 1	sample74	2254	4052	2056	140244	0	
2	 7	 2	 2	sample74	2650	4448	2314	127658	0	
2	 7	 2	 3	sample74	2421	4219	2314	89900	0	
2	 7	 2	 4	sample74	1630	3428	1542	89900	0	
2	 7	 2	 5	sample74	1142	2940	1028	61132	0	
2	 7	 2	 6	control	2369	4167	2314	50344	0	
2	 7	 3	 1	sample75	650	2448	514	71920	0	
2	 7	 3	 2	sample75	649	2447	514	71920	0	
2	 7	 3	 3	sample75	900	2698	772	64728	0	
2	 7	 3	 4	sample75	614	2412	514	64728	0	
2	 7	 3	 5	sample75	457	2255	258	71920	0	
2	 7	 3	 6	control	699	2241	514	55512	0	
2	 7	 4	 1	sample76	8057	9855	8738	118668	0	
2	 7	 4	 2	sample76	5450	7248	5398	115072	0	
2	 7	 4	 3	sample76	4220	5762	4626	98688	0	
2	 7	 4	 4	sample76	2271	3813	2056	66306	0	
2	 7	 4	 5	sample76	1182	2724	1028	61680	0	
2	 7	 4	 6	control	935	2477	770	55512	0	
2	 8	 1	 1	sample77	2584	4382	2570	142042	0	
2	 8	 1	 2	sample77	2722	4520	2570	131254	0	
2	 8	 1	 3	sample77	2303	4101	2314	89900	0	
2	 8	 1	 4	sample77	1017	2815	1028	77314	0	
2	 8	 1	 5	sample77	790	2332	770	61680	0	
2	 8	 1	 6	control	269	1811	256	61680	0	
2	 8	 2	 1	sample78	2168	3966	2056	82708	0	
2	 8	 2	 2	sample78	1934	3732	2056	79112	0	
2	 8	 2	 3	sample78	1403	3201	1286	86304	0	
2	 8	 2	 4	sample78	1191	2733	1028	63222	0	
2	 8	 2	 5	sample78	463	2261	514	71920	0	
2	 8	 2	 6	control	1131	2929	1286	71920	0	
2	 8	 3	 1	sample79	4683	6481	4370	131254	0	
2	 8	 3	 2	sample79	3733	5531	3342	120466	0	
2	 8	 3	 3	sample79	2467	4265	2314	120466	0	
2	 8	 3	 4	sample79	2035	3577	2056	58596	0	
2	 8	 3	 5	sample79	950	2492	1028	61680	0	
2	 8	 3	 6	control	321	1863	256	61680	0	
2	 8	 4	 1	sample80	2365	3907	2312	104856	0	
2	 8	 4	 2	sample80	1922	3464	2056	80184	0	
2	 8	 4	 3	sample80	1650	3192	1542	69390	0	
2	 8	 4	 4	sample80	700	2242	514	61680	0	
2	 8	 4	 5	sample80	424	1966	514	61680	0	
2	 8	 4	 6	control	1203	2745	1028	33924	0	
2	 9	 1	 1	sample81	2318	4374	2314	106912	0	
2	 9	 1	 2	sample81	1916	3972	2056	86352	0	
2	 9	 1	 3	sample81	1749	3805	1542	84296	0	
2	 9	 1	 4	sample81	1041	3097	1028	82240	0	
2	 9	 1	 5	sample81	720	2776	772	82240	0	
2	 9	 1	 6	control	399	2455	258	82240	0	
2	 9	 2	 1	sample82	6305	8361	6940	131584	0	
2	 9	 2	 2	sample82	7114	9170	6940	121304	0	
2	 9	 2	 3	sample82	7263	9319	7454	127472	0	
2	 9	 2	 4	sample82	4139	6195	3342	139808	0	
2	 9	 2	 5	sample82	2364	4420	1800	158312	0	
2	 9	 2	 6	control	1457	3513	1542	74016	0	
2	 9	 3	 1	sample83	4716	6772	5140	123360	0	
2	 9	 3	 2	sample83	3873	5929	3856	123360	0	
2	 9	 3	 3	sample83	2991	5047	2570	90464	0	
2	 9	 3	 4	sample83	1671	3727	1542	90464	0	
2	 9	 3	 5	sample83	1504	3304	1542	73800	0	
2	 9	 3	 6	control	328	2384	258	82240	0	
2	 9	 4	 1	sample84	4316	6372	4626	148032	0	
2	 9	 4	 2	sample84	3329	5385	2828	131584	0	
2	 9	 4	 3	sample84	2329	4385	2314	139808	0	
2	 9	 4	 4	sample84	2073	3873	2056	81000	0	
2	 9	 4	 5	sample84	1098	2898	1028	72000	0	
2	 9	 4	 6	control	1347	3403	1028	43176	0	
2	 10	 1	 1	sample85	3925	5981	3856	143920	0	
2	 10	 1	 2	sample85	3787	5843	3598	154200	0	
2	 10	 1	 3	sample85	2507	4563	2570	150088	0	
2	 10	 1	 4	sample85	1956	4012	1800	94576	0	
2	 10	 1	 5	sample85	1350	3406	1028	82240	0	
2	 10	 1	 6	control	662	2718	258	82240	0	
2	 10	 2	 1	sample86	2576	4632	2828	90464	0	
2	 10	 2	 2	sample86	2117	4173	2056	78128	0	
2	 10	 2	 3	sample86	1911	3711	2056	86400	0	
2	 10	 2	 4	sample86	1439	3239	1284	72000	0	
2	 10	 2	 5	sample86	1125	3181	772	82240	0	
2	 10	 2	 6	control	1420	3476	1286	47288	0	
2	 10	 3	 1	sample87	6820	8876	6426	154200	0	
2	 10	 3	 2	sample87	4625	6425	4368	118800	0	
2	 10	 3	 3	sample87	3222	5022	3084	120600	0	
2	 10	 3	 4	sample87	2334	4134	2312	84600	0	
2	 10	 3	 5	sample87	1528	3328	1542	72000	0	
2	 10	 3	 6	control	404	2204	0	72000	0	
2	 10	 4	 1	sample88	3310	5110	2826	135000	0	
2	 10	 4	 2	sample88	2676	4476	2570	108000	0	
2	 10	 4	 3	sample88	2338	4138	2056	90000	0	
2	 10	 4	 4	sample88	1362	3162	1284	72000	0	
2	 10	 4	 5	sample88	347	2147	256	72000	0	
2	 10	 4	 6	control	584	2384	770	72000	0	
2	 11	 1	 1	sample89	6394	8450	6682	170648	0	
2	 11	 1	 2	sample89	4891	7205	5140	208260	0	
2	 11	 1	 3	sample89	4185	6241	4112	160368	0	
2	 11	 1	 4	sample89	2913	4969	2828	160368	0	
2	 11	 1	 5	sample89	2362	4418	2570	162424	0	
2	 11	 1	 6	control	180	2236	258	82240	0	
2	 11	 2	 1	sample90	3619	5675	3598	150088	0	
2	 11	 2	 2	sample90	3267	5323	2828	170648	0	
2	 11	 2	 3	sample90	3196	5252	2314	174760	0	
2	 11	 2	 4	sample90	2380	4436	1800	166536	0	
2	 11	 2	 5	sample90	1815	3871	1542	102800	0	
2	 11	 2	 6	control	1997	4053	2056	125416	0	
2	 11	 3	 1	sample91	4167	6223	3598	164480	0	
2	 11	 3	 2	sample91	3113	5169	2570	166536	0	
2	 11	 3	 3	sample91	2203	4003	2056	156600	0	
2	 11	 3	 4	sample91	2310	4366	2314	168592	0	
2	 11	 3	 5	sample91	1220	3020	1284	72000	0	
2	 11	 3	 6	control	372	2172	256	72000	0	
2	 11	 4	 1	sample92	2070	4126	1800	80184	0	
2	 11	 4	 2	sample92	1547	3347	1284	82800	0	
2	 11	 4	 3	sample92	1591	3391	1542	84600	0	
2	 11	 4	 4	sample92	790	2590	770	72000	0	
2	 11	 4	 5	sample92	668	2468	770	72000	0	
2	 11	 4	 6	control	1781	3581	1798	79200	0	
2	 12	 1	 1	sample93	2397	4453	2570	82240	0	
2	 12	 1	 2	sample93	1960	4016	2056	82240	0	
2	 12	 1	 3	sample93	1593	3907	1542	92560	0	
2	 12	 1	 4	sample93	1298	3612	1284	43966	0	
2	 12	 1	 5	sample93	740	3310	772	102800	0	
2	 12	 1	 6	control	559	3643	514	123360	0	
2	 12	 2	 1	sample94	2099	4155	2314	98688	0	
2	 12	 2	 2	sample94	3418	5474	3342	76072	0	
2	 12	 2	 3	sample94	1914	4228	1798	113386	0	
2	 12	 2	 4	sample94	1476	3790	1542	108758	0	
2	 12	 2	 5	sample94	1138	3708	1028	120790	0	
2	 12	 2	 6	control	1558	4642	1542	101772	0	
2	 12	 3	 1	sample95	2842	4898	2828	113080	0	
2	 12	 3	 2	sample95	1986	4042	1800	119248	0	
2	 12	 3	 3	sample95	2428	4484	2314	78128	0	
2	 12	 3	 4	sample95	1436	3750	1284	39338	0	
2	 12	 3	 5	sample95	752	3322	514	102800	0	
2	 12	 3	 6	control	385	3213	514	113120	0	
2	 12	 4	 1	sample96	2852	4908	2570	152144	0	
2	 12	 4	 2	sample96	3277	5333	3084	115136	0	
2	 12	 4	 3	sample96	1712	3768	1800	115136	0	
2	 12	 4	 4	sample96	1579	3893	1542	94874	0	
2	 12	 4	 5	sample96	803	3373	772	105370	0	
2	 12	 4	 6	control	1630	4458	1542	98980	0	
3	 1	 1	 1	sample97	2509	4565	2826	166536	0	
3	 1	 1	 2	sample97	2716	4514	3084	133052	0	
3	 1	 1	 3	sample97	2256	4054	2314	88102	0	
3	 1	 1	 4	sample97	1780	3578	1800	95294	0	
3	 1	 1	 5	sample97	1273	3071	1286	71920	0	
3	 1	 1	 6	control	412	2210	514	71920	0	
3	 1	 2	 1	sample98	6269	8325	7452	156256	0	
3	 1	 2	 2	sample98	4695	6493	5398	147436	0	
3	 1	 2	 3	sample98	816	2614	772	71920	0	
3	 1	 2	 4	sample98	2113	3911	2314	138446	0	
3	 1	 2	 5	sample98	1813	3611	1800	138446	0	
3	 1	 2	 6	control	1753	3551	1800	89900	0	
3	 1	 3	 1	sample99	5437	7493	5654	156256	0	
3	 1	 3	 2	sample99	3903	5701	3856	136648	0	
3	 1	 3	 3	sample99	3984	5782	4112	129456	0	
3	 1	 3	 4	sample99	4591	6389	4884	118668	0	
3	 1	 3	 5	sample99	3859	5657	4112	138446	0	
3	 1	 3	 6	control	123	1921	258	71920	0	
3	 1	 4	 1	sample100	6076	7874	5398	145638	0	
3	 1	 4	 2	sample100	4230	6028	3856	152830	0	
3	 1	 4	 3	sample100	2469	4267	2314	160022	0	
3	 1	 4	 4	sample100	2220	4018	2056	93496	0	
3	 1	 4	 5	sample100	1167	2965	1028	93496	0	
3	 1	 4	 6	control	1246	3044	1286	70122	0	
3	 2	 1	 1	sample101	3325	5125	3340	91800	0	
3	 2	 1	 2	sample101	2970	4770	2826	90000	0	
3	 2	 1	 3	sample101	1988	3788	2056	95400	0	
3	 2	 1	 4	sample101	1439	3239	1542	72000	0	
3	 2	 1	 5	sample101	1259	3059	1284	72000	0	
3	 2	 1	 6	control	295	2095	256	72000	0	
3	 2	 2	 1	sample102	2396	4196	2312	72000	0	
3	 2	 2	 2	sample102	2097	3897	2312	45000	0	
3	 2	 2	 3	sample102	1370	3170	1542	59400	0	
3	 2	 2	 4	sample102	783	2583	770	72000	0	
3	 2	 2	 5	sample102	687	2487	770	72000	0	
3	 2	 2	 6	control	2550	4350	2570	72000	0	
3	 2	 3	 1	sample103	9633	11433	11050	126000	0	
3	 2	 3	 2	sample103	7282	9082	7966	122400	0	
3	 2	 3	 3	sample103	5523	7323	5654	113400	0	
3	 2	 3	 4	sample103	4748	6548	4882	117000	0	
3	 2	 3	 5	sample103	3613	5155	3598	112566	0	
3	 2	 3	 6	control	70.3	1870	0	72000	0	
3	 2	 4	 1	sample104	4149	5691	4112	107940	0	
3	 2	 4	 2	sample104	4007	5549	3856	78642	0	
3	 2	 4	 3	sample104	2603	4145	2570	72474	0	
3	 2	 4	 4	sample104	1465	3007	1286	61680	0	
3	 2	 4	 5	sample104	1099	2641	1028	61680	0	
3	 2	 4	 6	control	1825	3367	1800	63222	0	
3	 3	 1	 1	sample105	3403	6487	3340	228216	0	
3	 3	 1	 2	sample105	2851	5935	2826	225132	0	
3	 3	 1	 3	sample105	2670	5496	2570	138474	0	
3	 3	 1	 4	sample105	1641	4467	1800	146952	0	
3	 3	 1	 5	sample105	1009	3835	1028	113040	0	
3	 3	 1	 6	control	258	3084	0	113040	0	
3	 3	 2	 1	sample106	5899	8983	5654	203544	0	
3	 3	 2	 2	sample106	5420	8504	4368	200460	0	
3	 3	 2	 3	sample106	3493	6577	3084	234384	0	
3	 3	 2	 4	sample106	2992	5818	3084	149778	0	
3	 3	 2	 5	sample106	1818	4644	1800	118692	0	
3	 3	 2	 6	control	1863	4689	1800	172386	0	
3	 3	 3	 1	sample107	5588	8672	5396	218964	0	
3	 3	 3	 2	sample107	5178	8262	5140	206628	0	
3	 3	 3	 3	sample107	3221	6047	2828	192168	0	
3	 3	 3	 4	sample107	2089	4915	2056	200646	0	
3	 3	 3	 5	sample107	1671	4497	1542	129996	0	
3	 3	 3	 6	control	411	2981	256	102800	0	
3	 3	 4	 1	sample108	6551	9377	5912	237384	0	
3	 3	 4	 2	sample108	4658	7484	4626	206298	0	
3	 3	 4	 3	sample108	3409	6235	3084	245862	0	
3	 3	 4	 4	sample108	1973	4543	2056	246720	0	
3	 3	 4	 5	sample108	1462	4032	1284	66820	0	
3	 3	 4	 6	control	828	3398	770	102800	0	
3	 4	 1	 1	sample109	2697	4239	2828	81726	0	
3	 4	 1	 2	sample109	3461	5003	3342	109482	0	
3	 4	 1	 3	sample109	2091	3633	2314	126444	0	
3	 4	 1	 4	sample109	1431	2973	1542	60138	0	
3	 4	 1	 5	sample109	1274	2816	1286	33924	0	
3	 4	 1	 6	control	399	1941	258	61680	0	
3	 4	 2	 1	sample110	3192	4734	3342	103314	0	
3	 4	 2	 2	sample110	3090	4376	3084	100308	0	
3	 4	 2	 3	sample110	2156	3698	2314	103314	0	
3	 4	 2	 4	sample110	1515	3057	1542	70932	0	
3	 4	 2	 5	sample110	1005	2547	1028	67848	0	
3	 4	 2	 6	control	1844	3130	1798	101594	0	
3	 4	 3	 1	sample111	1167	2709	1028	123360	0	
3	 4	 3	 2	sample111	1397	2683	1542	102880	0	
3	 4	 3	 3	sample111	1440	2726	1284	48868	0	
3	 4	 3	 4	sample111	1261	2547	1284	28292	0	
3	 4	 3	 5	sample111	1370	2656	1028	23148	0	
3	 4	 3	 6	control	135	1677	0	61680	0	
3	 4	 4	 1	sample112	3710	5252	3598	103314	0	
3	 4	 4	 2	sample112	2885	4171	3340	84876	0	
3	 4	 4	 3	sample112	1975	3261	1798	119598	0	
3	 4	 4	 4	sample112	1497	2783	1542	59156	0	
3	 4	 4	 5	sample112	1051	2337	1028	55298	0	
3	 4	 4	 6	control	796	2082	770	51440	0	
3	 5	 1	 1	sample113	5554	7610	5140	152144	0	
3	 5	 1	 2	sample113	8539	10595	7968	148032	0	
3	 5	 1	 3	sample113	5022	7078	4626	152144	0	
3	 5	 1	 4	sample113	3345	5401	2828	158312	0	
3	 5	 1	 5	sample113	2247	4303	2314	143920	0	
3	 5	 1	 6	control	424	2480	258	82240	0	
3	 5	 2	 1	sample114	2488	4544	2314	148032	0	
3	 5	 2	 2	sample114	2550	4606	2314	152144	0	
3	 5	 2	 3	sample114	2062	4118	2056	100744	0	
3	 5	 2	 4	sample114	1337	3393	1286	82240	0	
3	 5	 2	 5	sample114	1131	3187	1028	82240	0	
3	 5	 2	 6	control	1653	3709	1800	133640	0	
3	 5	 3	 1	sample115	2214	4270	1800	164480	0	
3	 5	 3	 2	sample115	2091	4147	2056	139808	0	
3	 5	 3	 3	sample115	1808	3864	1800	127472	0	
3	 5	 3	 4	sample115	964	3020	772	82240	0	
3	 5	 3	 5	sample115	791	2847	772	82240	0	
3	 5	 3	 6	control	360	2416	258	82240	0	
3	 5	 4	 1	sample116	2121	3921	2312	135000	0	
3	 5	 4	 2	sample116	2119	3919	2312	95400	0	
3	 5	 4	 3	sample116	1426	3226	1542	72000	0	
3	 5	 4	 4	sample116	1034	2834	1028	72000	0	
3	 5	 4	 5	sample116	841	2641	770	72000	0	
3	 5	 4	 6	control	996	3052	772	82240	0	
3	 6	 1	 1	sample117	3142	5198	2828	137752	0	
3	 6	 1	 2	sample117	3237	5293	3342	131584	0	
3	 6	 1	 3	sample117	2103	4159	2056	102800	0	
3	 6	 1	 4	sample117	1371	3427	1286	74016	0	
3	 6	 1	 5	sample117	1202	3258	1286	69904	0	
3	 6	 1	 6	control	450	2506	258	82240	0	
3	 6	 2	 1	sample118	1046	3102	772	90464	0	
3	 6	 2	 2	sample118	1710	3766	2056	135696	0	
3	 6	 2	 3	sample118	1331	3387	1286	104856	0	
3	 6	 2	 4	sample118	1041	3097	772	84296	0	
3	 6	 2	 5	sample118	617	2673	514	82240	0	
3	 6	 2	 6	control	1742	3798	1542	119248	0	
3	 6	 3	 1	sample119	2373	4429	2314	150088	0	
3	 6	 3	 2	sample119	2185	4241	2314	123360	0	
3	 6	 3	 3	sample119	1469	3525	1542	100744	0	
3	 6	 3	 4	sample119	1099	3155	1028	90464	0	
3	 6	 3	 5	sample119	669	2725	514	82240	0	
3	 6	 3	 6	control	354	2410	258	82240	0	
3	 6	 4	 1	sample120	3061	5117	3084	135696	0	
3	 6	 4	 2	sample120	3237	5037	3084	120600	0	
3	 6	 4	 3	sample120	1618	3674	1542	182984	0	
3	 6	 4	 4	sample120	1128	3184	1028	90464	0	
3	 6	 4	 5	sample120	707	2763	514	82240	0	
3	 6	 4	 6	control	656	2712	514	82240	0	
3	 7	 1	 1	sample121	5585	7641	5140	152144	0	
3	 7	 1	 2	sample121	5990	8046	5140	141864	0	
3	 7	 1	 3	sample121	3759	5815	3084	154200	0	
3	 7	 1	 4	sample121	2353	4409	2056	145976	0	
3	 7	 1	 5	sample121	2044	3844	2056	82800	0	
3	 7	 1	 6	control	96.9	2153	0	82240	0	
3	 7	 2	 1	sample122	2457	4513	2314	154200	0	
3	 7	 2	 2	sample122	2278	4334	2314	135696	0	
3	 7	 2	 3	sample122	1706	3762	1542	106912	0	
3	 7	 2	 4	sample122	1233	3033	1028	72000	0	
3	 7	 2	 5	sample122	873	2673	1028	72000	0	
3	 7	 2	 6	control	2048	3848	2312	117000	0	
3	 7	 3	 1	sample123	4529	6585	3856	135696	0	
3	 7	 3	 2	sample123	3696	5752	3598	135696	0	
3	 7	 3	 3	sample123	2571	4627	2570	92520	0	
3	 7	 3	 4	sample123	1664	3464	1542	72000	0	
3	 7	 3	 5	sample123	1137	2937	1028	72000	0	
3	 7	 3	 6	control	218	2018	256	72000	0	
3	 7	 4	 1	sample124	5722	7778	6168	133640	0	
3	 7	 4	 2	sample124	3567	5623	3342	135696	0	
3	 7	 4	 3	sample124	2942	4742	2826	124200	0	
3	 7	 4	 4	sample124	1548	3348	1542	144000	0	
3	 7	 4	 5	sample124	873	2673	770	72000	0	
3	 7	 4	 6	control	796	2596	770	72000	0	
3	 8	 1	 1	sample125	5336	7136	4626	145800	0	
3	 8	 1	 2	sample125	5563	7619	4884	143920	0	
3	 8	 1	 3	sample125	4396	6196	3598	133200	0	
3	 8	 1	 4	sample125	2822	4622	2826	95400	0	
3	 8	 1	 5	sample125	1815	3615	2056	82800	0	
3	 8	 1	 6	control	224	2024	256	72000	0	
3	 8	 2	 1	sample126	2395	4451	2314	96632	0	
3	 8	 2	 2	sample126	2742	4542	2570	115200	0	
3	 8	 2	 3	sample126	2270	4070	2312	86400	0	
3	 8	 2	 4	sample126	1215	3015	1028	86400	0	
3	 8	 2	 5	sample126	1072	2872	1028	41400	0	
3	 8	 2	 6	control	1778	3578	1798	111600	0	
3	 8	 3	 1	sample127	5982	7782	5396	135000	0	
3	 8	 3	 2	sample127	5055	6855	5140	120600	0	
3	 8	 3	 3	sample127	3065	4865	2312	127800	0	
3	 8	 3	 4	sample127	2450	4250	2312	104400	0	
3	 8	 3	 5	sample127	1658	3200	1542	61680	0	
3	 8	 3	 6	control	-6.99	1793	0	72000	0	
3	 8	 4	 1	sample128	4108	5908	4112	127800	0	
3	 8	 4	 2	sample128	2544	4344	2570	127800	0	
3	 8	 4	 3	sample128	2819	4619	2826	126000	0	
3	 8	 4	 4	sample128	1299	3099	1284	93600	0	
3	 8	 4	 5	sample128	623	2423	514	72000	0	
3	 8	 4	 6	control	1067	2609	1028	61680	0	
3	 9	 1	 1	sample129	3186	4986	2570	135000	0	
3	 9	 1	 2	sample129	4238	6038	4112	113400	0	
3	 9	 1	 3	sample129	3790	5590	3854	28800	0	
3	 9	 1	 4	sample129	1788	3588	1798	90000	0	
3	 9	 1	 5	sample129	1175	2975	1284	72000	0	
3	 9	 1	 6	control	514	2314	514	72000	0	
3	 9	 2	 1	sample130	2068	3868	2056	72000	0	
3	 9	 2	 2	sample130	2412	4212	2570	102600	0	
3	 9	 2	 3	sample130	2005	3805	2056	91800	0	
3	 9	 2	 4	sample130	963	2763	1028	72000	0	
3	 9	 2	 5	sample130	970	2770	1028	72000	0	
3	 9	 2	 6	control	1947	3747	2056	34200	0	
3	 9	 3	 1	sample131	2227	4027	2570	135000	0	
3	 9	 3	 2	sample131	2221	4021	2312	126000	0	
3	 9	 3	 3	sample131	1842	3642	2056	84600	0	
3	 9	 3	 4	sample131	1356	3156	1284	77400	0	
3	 9	 3	 5	sample131	867	2667	770	72000	0	
3	 9	 3	 6	control	276	2076	0	72000	0	
3	 9	 4	 1	sample132	7092	8892	5910	129600	0	
3	 9	 4	 2	sample132	4516	6316	4368	131400	0	
3	 9	 4	 3	sample132	3997	5539	3342	120276	0	
3	 9	 4	 4	sample132	2202	3744	2056	81726	0	
3	 9	 4	 5	sample132	1228	2770	1286	61680	0	
3	 9	 4	 6	control	1003	2545	1028	61680	0	
3	 10	 1	 1	sample133	6359	8157	5654	131254	0	
3	 10	 1	 2	sample133	5782	7324	5910	111024	0	
3	 10	 1	 3	sample133	3335	5133	3084	134850	0	
3	 10	 1	 4	sample133	2388	3930	2056	115650	0	
3	 10	 1	 5	sample133	2129	3671	2312	64764	0	
3	 10	 1	 6	control	507	2049	256	61680	0	
3	 10	 2	 1	sample134	4467	6009	4626	104856	0	
3	 10	 2	 2	sample134	3954	5496	4112	107940	0	
3	 10	 2	 3	sample134	2848	4390	2826	107940	0	
3	 10	 2	 4	sample134	2082	3624	2312	60138	0	
3	 10	 2	 5	sample134	1606	3148	1542	61680	0	
3	 10	 2	 6	control	1558	3100	1542	98688	0	
3	 10	 3	 1	sample135	4573	6115	4368	106398	0	
3	 10	 3	 2	sample135	5166	6708	4882	103314	0	
3	 10	 3	 3	sample135	2335	3877	2056	107940	0	
3	 10	 3	 4	sample135	1884	3426	1798	74016	0	
3	 10	 3	 5	sample135	1536	2820	1286	51360	0	
3	 10	 3	 6	control	476	1760	514	51360	0	
3	 10	 4	 1	sample136	1574	3116	1542	61680	0	
3	 10	 4	 2	sample136	1342	2884	1284	61680	0	
3	 10	 4	 3	sample136	1112	2396	1028	51360	0	
3	 10	 4	 4	sample136	765	2049	514	51360	0	
3	 10	 4	 5	sample136	752	2036	514	51360	0	
3	 10	 4	 6	control	1151	2435	1028	51360	0	
3	 11	 1	 1	sample137	5686	7484	6168	133052	0	
3	 11	 1	 2	sample137	4916	6714	4884	140244	0	
3	 11	 1	 3	sample137	3744	5286	3340	111024	0	
3	 11	 1	 4	sample137	2590	4132	2570	77100	0	
3	 11	 1	 5	sample137	1991	3533	2056	67848	0	
3	 11	 1	 6	control	0.4	1798	0	71920	0	
3	 11	 2	 1	sample138	4328	5870	4368	107940	0	
3	 11	 2	 2	sample138	5256	6798	5654	98688	0	
3	 11	 2	 3	sample138	4210	5752	4112	117192	0	
3	 11	 2	 4	sample138	2328	3870	2312	75558	0	
3	 11	 2	 5	sample138	2042	3584	2056	60138	0	
3	 11	 2	 6	control	1504	3302	1542	71920	0	
3	 11	 3	 1	sample139	2178	3720	2056	106398	0	
3	 11	 3	 2	sample139	2771	4313	3084	106398	0	
3	 11	 3	 3	sample139	1891	3433	1798	77100	0	
3	 11	 3	 4	sample139	1320	2862	1284	66306	0	
3	 11	 3	 5	sample139	725	2267	770	61680	0	
3	 11	 3	 6	control	128	1670	256	61680	0	
3	 11	 4	 1	sample140	2156	3698	2056	121818	0	
3	 11	 4	 2	sample140	2343	3885	2056	78642	0	
3	 11	 4	 3	sample140	1910	3452	1798	81726	0	
3	 11	 4	 4	sample140	488	2030	514	61680	0	
3	 11	 4	 5	sample140	366	1908	256	61680	0	
3	 11	 4	 6	control	1053	2595	1028	61680	0	
3	 12	 1	 1	sample141	2721	4519	2314	138446	0	
3	 12	 1	 2	sample141	2273	4071	2314	136648	0	
3	 12	 1	 3	sample141	2142	3940	2314	91698	0	
3	 12	 1	 4	sample141	1506	3304	1542	89900	0	
3	 12	 1	 5	sample141	1197	3253	1284	102800	0	
3	 12	 1	 6	control	372	2942	256	102800	0	
3	 12	 2	 1	sample142	5036	6834	5140	136648	0	
3	 12	 2	 2	sample142	3806	5604	3856	131254	0	
3	 12	 2	 3	sample142	4183	5981	4626	118668	0	
3	 12	 2	 4	sample142	3052	5108	2826	100744	0	
3	 12	 2	 5	sample142	2237	4293	2056	98688	0	
3	 12	 2	 6	control	1915	4485	2056	113080	0	
3	 12	 3	 1	sample143	1939	3481	2056	33924	0	
3	 12	 3	 2	sample143	1879	3421	1798	49344	0	
3	 12	 3	 3	sample143	995	2793	1028	82708	0	
3	 12	 3	 4	sample143	772	2570	772	71920	0	
3	 12	 3	 5	sample143	449	2505	514	82240	0	
3	 12	 3	 6	control	179	2749	0	102800	0	
3	 12	 4	 1	sample144	3128	4670	3340	107940	0	
3	 12	 4	 2	sample144	2391	3933	2570	121818	0	
3	 12	 4	 3	sample144	1705	3503	1800	156426	0	
3	 12	 4	 4	sample144	1436	3234	1286	95294	0	
3	 12	 4	 5	sample144	867	2923	770	82240	0	
3	 12	 4	 6	control	2089	4401	2056	90168	0	
4	 1	 1	 1	sample145	5161	7217	4882	168592	0	
4	 1	 1	 2	sample145	4838	6636	5398	152830	0	
4	 1	 1	 3	sample145	3734	5532	3598	133052	0	
4	 1	 1	 4	sample145	2609	4407	2828	131254	0	
4	 1	 1	 5	sample145	1934	3732	2056	75516	0	
4	 1	 1	 6	control	58.4	1856	0	71920	0	
4	 1	 2	 1	sample146	2283	4595	2314	154904	0	
4	 1	 2	 2	sample146	2105	4161	2056	150088	0	
4	 1	 2	 3	sample146	2028	3826	2056	161820	0	
4	 1	 2	 4	sample146	2211	4009	2056	131254	0	
4	 1	 2	 5	sample146	1919	3717	2056	73718	0	
4	 1	 2	 6	control	1775	3573	1800	111476	0	
4	 1	 3	 1	sample147	3092	5404	3084	152592	0	
4	 1	 3	 2	sample147	2659	4715	2570	94576	0	
4	 1	 3	 3	sample147	1696	3494	1800	93496	0	
4	 1	 3	 4	sample147	1090	3146	1028	100744	0	
4	 1	 3	 5	sample147	1163	3219	1028	39064	0	
4	 1	 3	 6	control	160	2216	256	82240	0	
4	 1	 4	 1	sample148	3345	5915	3084	156770	0	
4	 1	 4	 2	sample148	1363	3675	1286	99416	0	
4	 1	 4	 3	sample148	1122	3434	1028	101728	0	
4	 1	 4	 4	sample148	1211	3523	1286	120224	0	
4	 1	 4	 5	sample148	669	2981	772	92480	0	
4	 1	 4	 6	control	1202	3514	1286	92480	0	
4	 2	 1	 1	sample149	2361	3903	2314	117192	0	
4	 2	 1	 2	sample149	1997	3539	2056	126444	0	
4	 2	 1	 3	sample149	2040	3582	1800	123360	0	
4	 2	 1	 4	sample149	1312	2854	1286	75558	0	
4	 2	 1	 5	sample149	862	2404	772	61680	0	
4	 2	 1	 6	control	232	1774	258	61680	0	
4	 2	 2	 1	sample150	4890	6690	5140	127800	0	
4	 2	 2	 2	sample150	4115	5915	4112	131400	0	
4	 2	 2	 3	sample150	2774	4574	3084	122400	0	
4	 2	 2	 4	sample150	2115	3915	2056	117000	0	
4	 2	 2	 5	sample150	1249	3049	1284	77400	0	
4	 2	 2	 6	control	1826	3368	2056	104856	0	
4	 2	 3	 1	sample151	2163	4219	2314	143920	0	
4	 2	 3	 2	sample151	2596	4652	2828	102800	0	
4	 2	 3	 3	sample151	1875	3675	1798	84600	0	
4	 2	 3	 4	sample151	1259	3059	1028	72000	0	
4	 2	 3	 5	sample151	892	2692	1028	34200	0	
4	 2	 3	 6	control	199	1999	256	72000	0	
4	 2	 4	 1	sample152	5449	7505	5654	143920	0	
4	 2	 4	 2	sample152	2979	5035	3084	150088	0	
4	 2	 4	 3	sample152	2799	4599	2570	135000	0	
4	 2	 4	 4	sample152	1967	3767	2056	93600	0	
4	 2	 4	 5	sample152	1188	2988	1284	72000	0	
4	 2	 4	 6	control	1701	3501	1798	66600	0	
4	 3	 1	 1	sample153	5732	8302	5912	169620	0	
4	 3	 1	 2	sample153	6315	8885	6426	185040	0	
4	 3	 1	 3	sample153	3937	6507	3598	195320	0	
4	 3	 1	 4	sample153	3181	5495	3084	152724	0	
4	 3	 1	 5	sample153	1930	4244	2056	104130	0	
4	 3	 1	 6	control	141	2455	0	92560	0	
4	 3	 2	 1	sample154	2779	5607	2826	138572	0	
4	 3	 2	 2	sample154	3022	5850	3340	118776	0	
4	 3	 2	 3	sample154	2493	5063	2570	110510	0	
4	 3	 2	 4	sample154	1397	3967	1542	136210	0	
4	 3	 2	 5	sample154	881	3451	772	102800	0	
4	 3	 2	 6	control	2242	4556	2312	118014	0	
4	 3	 3	 1	sample155	2641	5469	2826	132916	0	
4	 3	 3	 2	sample155	10655	13483	6682	73528	0	
4	 3	 3	 3	sample155	1624	4452	1798	141400	0	
4	 3	 3	 4	sample155	1337	3907	1286	102800	0	
4	 3	 3	 5	sample155	727	3297	772	102800	0	
4	 3	 3	 6	control	129	2699	258	102800	0	
4	 3	 4	 1	sample156	4506	7334	5140	200788	0	
4	 3	 4	 2	sample156	3475	6303	4112	195132	0	
4	 3	 4	 3	sample156	2577	5405	2826	183820	0	
4	 3	 4	 4	sample156	2153	4981	2312	141400	0	
4	 3	 4	 5	sample156	1607	4177	1542	102800	0	
4	 3	 4	 6	control	1603	4173	1542	87380	0	
4	 4	 1	 1	sample157	2847	4389	2826	117192	0	
4	 4	 1	 2	sample157	2636	4178	2826	112566	0	
4	 4	 1	 3	sample157	2478	4020	2312	69390	0	
4	 4	 1	 4	sample157	1822	3364	1798	103314	0	
4	 4	 1	 5	sample157	1508	3050	1284	70932	0	
4	 4	 1	 6	control	329	2127	0	64728	0	
4	 4	 2	 1	sample158	2877	4675	2828	120466	0	
4	 4	 2	 2	sample158	3446	5244	3084	115072	0	
4	 4	 2	 3	sample158	2605	4403	2314	120466	0	
4	 4	 2	 4	sample158	2459	4001	2570	53970	0	
4	 4	 2	 5	sample158	1578	3120	1542	75558	0	
4	 4	 2	 6	control	1903	3701	1800	84506	0	
4	 4	 3	 1	sample159	4552	6350	4884	111476	0	
4	 4	 3	 2	sample159	2902	4700	3084	111476	0	
4	 4	 3	 3	sample159	2827	4625	2828	109678	0	
4	 4	 3	 4	sample159	2165	3963	2314	106082	0	
4	 4	 3	 5	sample159	1443	3241	1542	79112	0	
4	 4	 3	 6	control	493	2291	258	64728	0	
4	 4	 4	 1	sample160	3927	5725	4112	129456	0	
4	 4	 4	 2	sample160	2703	4501	2828	125860	0	
4	 4	 4	 3	sample160	2329	4127	2570	116870	0	
4	 4	 4	 4	sample160	1578	3376	1542	79112	0	
4	 4	 4	 5	sample160	849	2647	772	71920	0	
4	 4	 4	 6	control	1493	3291	1286	55738	0	
4	 5	 1	 1	sample161	3443	5241	3342	151032	0	
4	 5	 1	 2	sample161	3296	5094	3598	142042	0	
4	 5	 1	 3	sample161	1993	3791	1800	160022	0	
4	 5	 1	 4	sample161	2161	3959	2056	127658	0	
4	 5	 1	 5	sample161	1273	3071	1286	71920	0	
4	 5	 1	 6	control	367	2165	258	71920	0	
4	 5	 2	 1	sample162	5038	6836	5140	134850	0	
4	 5	 2	 2	sample162	4250	6306	4882	156256	0	
4	 5	 2	 3	sample162	3295	5351	3340	162424	0	
4	 5	 2	 4	sample162	2492	4548	2570	108968	0	
4	 5	 2	 5	sample162	2098	3896	2056	89900	0	
4	 5	 2	 6	control	1761	3817	2056	125416	0	
4	 5	 3	 1	sample163	6120	8176	5396	156256	0	
4	 5	 3	 2	sample163	4101	6157	3854	148032	0	
4	 5	 3	 3	sample163	3127	5183	3084	145976	0	
4	 5	 3	 4	sample163	2256	4312	2312	102800	0	
4	 5	 3	 5	sample163	1505	3561	1542	100744	0	
4	 5	 3	 6	control	269	2325	256	82240	0	
4	 5	 4	 1	sample164	7181	8979	7968	122264	0	
4	 5	 4	 2	sample164	4323	6121	5140	129456	0	
4	 5	 4	 3	sample164	4209	6007	4112	138446	0	
4	 5	 4	 4	sample164	2565	4363	2314	170810	0	
4	 5	 4	 5	sample164	2168	3966	2056	82708	0	
4	 5	 4	 6	control	1260	3058	1286	71920	0	
4	 6	 1	 1	sample165	2945	4743	2828	125860	0	
4	 6	 1	 2	sample165	2643	4441	2570	134850	0	
4	 6	 1	 3	sample165	1988	3786	2056	80910	0	
4	 6	 1	 4	sample165	1427	3225	1542	88102	0	
4	 6	 1	 5	sample165	989	2787	1028	82708	0	
4	 6	 1	 6	control	53.4	1851	0	61132	0	
4	 6	 2	 1	sample166	4451	6507	4368	127472	0	
4	 6	 2	 2	sample166	3667	5723	3598	143920	0	
4	 6	 2	 3	sample166	3062	5118	2826	100744	0	
4	 6	 2	 4	sample166	2232	4288	2056	104856	0	
4	 6	 2	 5	sample166	1928	3726	2056	28768	0	
4	 6	 2	 6	control	2010	3808	2056	59334	0	
4	 6	 3	 1	sample167	2791	4847	2570	133640	0	
4	 6	 3	 2	sample167	2655	4711	2570	135696	0	
4	 6	 3	 3	sample167	1922	3978	1798	98688	0	
4	 6	 3	 4	sample167	918	2974	770	82240	0	
4	 6	 3	 5	sample167	666	2722	514	65792	0	
4	 6	 3	 6	control	211	2267	256	69904	0	
4	 6	 4	 1	sample168	6262	8060	5912	124062	0	
4	 6	 4	 2	sample168	4186	5984	4626	131254	0	
4	 6	 4	 3	sample168	2412	4468	2312	174760	0	
4	 6	 4	 4	sample168	2516	4314	2314	84506	0	
4	 6	 4	 5	sample168	1465	3263	1286	71920	0	
4	 6	 4	 6	control	1848	3646	1800	28768	0	
4	 7	 1	 1	sample169	1151	2693	1286	61680	0	
4	 7	 1	 2	sample169	1337	2879	1286	61680	0	
4	 7	 1	 3	sample169	1252	2538	1284	51440	0	
4	 7	 1	 4	sample169	899	2185	770	51440	0	
4	 7	 1	 5	sample169	726	2012	770	51440	0	
4	 7	 1	 6	control	187	1729	0	61680	0	
4	 7	 2	 1	sample170	3958	5500	3598	100230	0	
4	 7	 2	 2	sample170	4686	6228	4884	112566	0	
4	 7	 2	 3	sample170	3077	4619	2570	109482	0	
4	 7	 2	 4	sample170	2187	3729	2056	78642	0	
4	 7	 2	 5	sample170	1466	3008	1542	72474	0	
4	 7	 2	 6	control	1669	3211	1542	109482	0	
4	 7	 3	 1	sample171	2174	3974	2312	90000	0	
4	 7	 3	 2	sample171	2428	4228	2312	72000	0	
4	 7	 3	 3	sample171	1554	3096	1542	66306	0	
4	 7	 3	 4	sample171	983	2525	1028	61680	0	
4	 7	 3	 5	sample171	752	2294	772	61680	0	
4	 7	 3	 6	control	341	1883	258	61680	0	
4	 7	 4	 1	sample172	3963	5505	4112	103314	0	
4	 7	 4	 2	sample172	2634	4176	2570	118734	0	
4	 7	 4	 3	sample172	2424	3966	2570	78642	0	
4	 7	 4	 4	sample172	1515	3057	1542	70932	0	
4	 7	 4	 5	sample172	778	2320	772	61680	0	
4	 7	 4	 6	control	894	2436	772	61680	0	
4	 8	 1	 1	sample173	7794	9850	8996	152144	0	
4	 8	 1	 2	sample173	7149	9205	8224	156256	0	
4	 8	 1	 3	sample173	5858	7914	6168	139808	0	
4	 8	 1	 4	sample173	4818	6618	5654	151200	0	
4	 8	 1	 5	sample173	3337	5137	3084	122400	0	
4	 8	 1	 6	control	301	2101	256	72000	0	
4	 8	 2	 1	sample174	4616	6672	4370	145976	0	
4	 8	 2	 2	sample174	4022	6078	3856	139808	0	
4	 8	 2	 3	sample174	2794	4850	2828	139808	0	
4	 8	 2	 4	sample174	2463	4519	2570	98688	0	
4	 8	 2	 5	sample174	1703	3503	1798	91800	0	
4	 8	 2	 6	control	2020	3820	2056	104400	0	
4	 8	 3	 1	sample175	3638	5952	3598	148096	0	
4	 8	 3	 2	sample175	2707	5021	2570	138840	0	
4	 8	 3	 3	sample175	3234	5290	2828	88408	0	
4	 8	 3	 4	sample175	1489	3545	1542	98688	0	
4	 8	 3	 5	sample175	1003	3059	1028	82240	0	
4	 8	 3	 6	control	135	2191	0	82240	0	
4	 8	 4	 1	sample176	2484	4540	2828	139808	0	
4	 8	 4	 2	sample176	2044	4100	2056	125416	0	
4	 8	 4	 3	sample176	1703	3759	1800	82240	0	
4	 8	 4	 4	sample176	1093	3149	1028	82240	0	
4	 8	 4	 5	sample176	649	2705	514	82240	0	
4	 8	 4	 6	control	1086	3142	1028	82240	0	
4	 9	 1	 1	sample177	2721	4263	2570	123360	0	
4	 9	 1	 2	sample177	2466	4008	2570	80184	0	
4	 9	 1	 3	sample177	2114	3656	2056	67848	0	
4	 9	 1	 4	sample177	1474	2758	1542	62916	0	
4	 9	 1	 5	sample177	648	2190	770	61680	0	
4	 9	 1	 6	control	141	1683	0	61680	0	
4	 9	 2	 1	sample178	2334	3876	2312	111024	0	
4	 9	 2	 2	sample178	2547	4345	2828	116870	0	
4	 9	 2	 3	sample178	3025	4567	3340	67848	0	
4	 9	 2	 4	sample178	1469	3011	1542	81726	0	
4	 9	 2	 5	sample178	912	2454	1028	61680	0	
4	 9	 2	 6	control	1638	3180	1798	61680	0	
4	 9	 3	 1	sample179	3576	5374	3856	122264	0	
4	 9	 3	 2	sample179	3523	5321	3856	122264	0	
4	 9	 3	 3	sample179	2853	4651	2828	71920	0	
4	 9	 3	 4	sample179	1632	3430	1800	88102	0	
4	 9	 3	 5	sample179	1124	2922	1028	77314	0	
4	 9	 3	 6	control	219	2017	0	71920	0	
4	 9	 4	 1	sample180	6667	8465	6426	124062	0	
4	 9	 4	 2	sample180	5337	7135	5912	115072	0	
4	 9	 4	 3	sample180	3383	5181	3598	143840	0	
4	 9	 4	 4	sample180	2709	4507	2828	93496	0	
4	 9	 4	 5	sample180	1475	3273	1542	82708	0	
4	 9	 4	 6	control	1192	2990	1028	59334	0	
4	 10	 1	 1	sample181	3636	5950	3598	152724	0	
4	 10	 1	 2	sample181	4633	6947	4112	152724	0	
4	 10	 1	 3	sample181	2980	5294	2312	166608	0	
4	 10	 1	 4	sample181	1984	4298	1798	175864	0	
4	 10	 1	 5	sample181	1452	3766	1542	106444	0	
4	 10	 1	 6	control	321	2635	256	92560	0	
4	 10	 2	 1	sample182	5569	8139	6168	146490	0	
4	 10	 2	 2	sample182	5305	7875	5912	156770	0	
4	 10	 2	 3	sample182	3878	6448	3598	174760	0	
4	 10	 2	 4	sample182	3469	5783	3854	111072	0	
4	 10	 2	 5	sample182	2291	4605	2056	136526	0	
4	 10	 2	 6	control	1590	3904	1542	122642	0	
4	 10	 3	 1	sample183	5014	7584	4626	156770	0	
4	 10	 3	 2	sample183	3318	5888	3342	167050	0	
4	 10	 3	 3	sample183	2744	5314	2828	133640	0	
4	 10	 3	 4	sample183	1897	4467	2056	115650	0	
4	 10	 3	 5	sample183	1039	3609	1028	123360	0	
4	 10	 3	 6	control	206	2776	0	102800	0	
4	 10	 4	 1	sample184	5062	7632	5398	159340	0	
4	 10	 4	 2	sample184	3153	5723	3084	143920	0	
4	 10	 4	 3	sample184	2539	5109	2570	169620	0	
4	 10	 4	 4	sample184	1794	4364	1800	123360	0	
4	 10	 4	 5	sample184	1096	3666	1028	97660	0	
4	 10	 4	 6	control	1265	3579	1284	90246	0	
4	 11	 1	 1	sample185	3066	5380	2826	171236	0	
4	 11	 1	 2	sample185	2990	5304	3084	159666	0	
4	 11	 1	 3	sample185	2113	4427	2056	164294	0	
4	 11	 1	 4	sample185	1705	4019	1542	159666	0	
4	 11	 1	 5	sample185	1117	3431	1028	92560	0	
4	 11	 1	 6	control	218	2532	0	92560	0	
4	 11	 2	 1	sample186	3974	6544	3856	167050	0	
4	 11	 2	 2	sample186	4853	7423	5140	172190	0	
4	 11	 2	 3	sample186	2681	5251	2314	179900	0	
4	 11	 2	 4	sample186	2434	4748	2826	87932	0	
4	 11	 2	 5	sample186	1431	3745	1542	101816	0	
4	 11	 2	 6	control	1599	3913	1798	92560	0	
4	 11	 3	 1	sample187	3374	5944	3598	182470	0	
4	 11	 3	 2	sample187	3080	5650	3342	154200	0	
4	 11	 3	 3	sample187	2053	4623	2056	172190	0	
4	 11	 3	 4	sample187	1396	3966	1542	125930	0	
4	 11	 3	 5	sample187	1445	4015	1286	107940	0	
4	 11	 3	 6	control	270	2840	258	102800	0	
4	 11	 4	 1	sample188	4096	6666	4370	164480	0	
4	 11	 4	 2	sample188	3177	5491	3340	152724	0	
4	 11	 4	 3	sample188	2765	5079	2826	106444	0	
4	 11	 4	 4	sample188	1552	3866	1542	113386	0	
4	 11	 4	 5	sample188	1087	3401	1028	90246	0	
4	 11	 4	 6	control	1542	4112	1542	66820	0	
4	 12	 1	 1	sample189	1953	3239	2056	51440	0	
4	 12	 1	 2	sample189	2025	3311	1798	64300	0	
4	 12	 1	 3	sample189	1502	2788	1542	59156	0	
4	 12	 1	 4	sample189	804	2346	514	61680	0	
4	 12	 1	 5	sample189	810	2352	772	61680	0	
4	 12	 1	 6	control	315	2371	0	82240	0	
4	 12	 2	 1	sample190	3939	5481	4112	104856	0	
4	 12	 2	 2	sample190	3595	5137	4112	111024	0	
4	 12	 2	 3	sample190	2073	3615	1800	118734	0	
4	 12	 2	 4	sample190	1907	3449	2056	77100	0	
4	 12	 2	 5	sample190	1419	3219	1542	72000	0	
4	 12	 2	 6	control	1875	3931	1800	69904	0	
4	 12	 3	 1	sample191	3891	5691	4112	115200	0	
4	 12	 3	 2	sample191	3397	4939	3856	100230	0	
4	 12	 3	 3	sample191	3187	4729	3342	107940	0	
4	 12	 3	 4	sample191	2333	4133	2312	90000	0	
4	 12	 3	 5	sample191	2297	4097	1542	88200	0	
4	 12	 3	 6	control	309	2365	258	82240	0	
4	 12	 4	 1	sample192	5192	6734	5654	107940	0	
4	 12	 4	 2	sample192	3742	5284	3856	104856	0	
4	 12	 4	 3	sample192	2763	4305	3084	104856	0	
4	 12	 4	 4	sample192	2150	3692	2314	101772	0	
4	 12	 4	 5	sample192	1262	3062	1284	81000	0	
4	 12	 4	 6	control	1720	3776	1800	53456	0	
