MicroVigene	 Version	 2650
Culture	en-US
8/17/2006 10:04:36 AM
Roi Row	 4	 Roi Col	 12	 Main Row	 4	 Main Col	 6	 Sub Row	 1	 Sub Col	 1
Main Row	 Main Col	 Sub Row	 Sub Col	  GeneID	mean_net	 mean_total	 median_net	 vol_bkg	 vol_dust	 
1	 1	 1	 1	sample1	1028	3854	1028	110214	0	
1	 1	 1	 2	sample1	1130	3700	1028	102800	0	
1	 1	 1	 3	sample1	1002	3572	770	102800	0	
1	 1	 1	 4	sample1	764	3334	514	95090	0	
1	 1	 1	 5	sample1	738	3308	770	61680	0	
1	 1	 1	 6	control	642	3212	514	61680	0	
1	 1	 2	 1	sample2	1205	3517	772	43928	0	
1	 1	 2	 2	sample2	1567	3623	1284	84296	0	
1	 1	 2	 3	sample2	1233	3289	1028	41120	0	
1	 1	 2	 4	sample2	1184	3240	1028	47288	0	
1	 1	 2	 5	sample2	706	2762	770	65792	0	
1	 1	 2	 6	control	791	2847	770	76072	0	
1	 1	 3	 1	sample3	1193	2991	1028	95294	0	
1	 1	 3	 2	sample3	1041	2839	1028	71920	0	
1	 1	 3	 3	sample3	836	2634	772	71920	0	
1	 1	 3	 4	sample3	691	2489	514	62930	0	
1	 1	 3	 5	sample3	777	2319	514	61680	0	
1	 1	 3	 6	control	302	2100	258	71920	0	
1	 1	 4	 1	sample4	1099	2641	1028	100230	0	
1	 1	 4	 2	sample4	1099	2641	1028	27756	0	
1	 1	 4	 3	sample4	551	2093	514	63222	0	
1	 1	 4	 4	sample4	513	2055	256	37008	0	
1	 1	 4	 5	sample4	531	2073	514	69390	0	
1	 1	 4	 6	control	481	2023	514	61680	0	
1	 2	 1	 1	sample5	927	3497	1028	118220	0	
1	 2	 1	 2	sample5	753	3323	514	77100	0	
1	 2	 1	 3	sample5	424	2994	514	102800	0	
1	 2	 1	 4	sample5	694	3006	772	99416	0	
1	 2	 1	 5	sample5	650	2962	514	92480	0	
1	 2	 1	 6	control	527	2839	258	92480	0	
1	 2	 2	 1	sample6	945	3001	770	115136	0	
1	 2	 2	 2	sample6	1195	3251	1028	47288	0	
1	 2	 2	 3	sample6	783	2839	770	84296	0	
1	 2	 2	 4	sample6	976	3032	1028	41120	0	
1	 2	 2	 5	sample6	582	2638	514	61680	0	
1	 2	 2	 6	control	1133	3189	1028	45232	0	
1	 2	 3	 1	sample7	940	2482	770	63222	0	
1	 2	 3	 2	sample7	815	2357	770	61680	0	
1	 2	 3	 3	sample7	700	2242	514	61680	0	
1	 2	 3	 4	sample7	976	2518	770	38550	0	
1	 2	 3	 5	sample7	475	2017	514	61680	0	
1	 2	 3	 6	control	642	2184	514	33924	0	
1	 2	 4	 1	sample8	1042	2326	1028	50076	0	
1	 2	 4	 2	sample8	1018	2302	772	32100	0	
1	 2	 4	 3	sample8	334	1876	256	61680	0	
1	 2	 4	 4	sample8	673	2215	514	32382	0	
1	 2	 4	 5	sample8	585	1869	514	51360	0	
1	 2	 4	 6	control	1359	2643	1286	26964	0	
1	 3	 1	 1	sample9	1313	3883	1284	46260	0	
1	 3	 1	 2	sample9	759	3329	770	113080	0	
1	 3	 1	 3	sample9	532	3102	514	107940	0	
1	 3	 1	 4	sample9	593	3163	514	100230	0	
1	 3	 1	 5	sample9	777	3089	772	104040	0	
1	 3	 1	 6	control	269	2839	256	102800	0	
1	 3	 2	 1	sample10	490	2546	514	88408	0	
1	 3	 2	 2	sample10	584	2640	514	82240	0	
1	 3	 2	 3	sample10	490	2546	256	90464	0	
1	 3	 2	 4	sample10	745	2801	514	41120	0	
1	 3	 2	 5	sample10	560	2616	514	45232	0	
1	 3	 2	 6	control	887	2943	770	131584	0	
1	 3	 3	 1	sample11	1274	2816	1284	37008	0	
1	 3	 3	 2	sample11	1008	2550	1028	41634	0	
1	 3	 3	 3	sample11	619	2161	514	67848	0	
1	 3	 3	 4	sample11	530	2328	514	59334	0	
1	 3	 3	 5	sample11	206	2004	258	71920	0	
1	 3	 3	 6	control	116	1914	0	71920	0	
1	 3	 4	 1	sample12	1357	2641	1028	55212	0	
1	 3	 4	 2	sample12	649	2191	514	55512	0	
1	 3	 4	 3	sample12	430	1972	514	52428	0	
1	 3	 4	 4	sample12	366	1908	256	72474	0	
1	 3	 4	 5	sample12	503	2045	514	38550	0	
1	 3	 4	 6	control	537	2079	514	33924	0	
1	 4	 1	 1	sample13	1085	3399	770	92560	0	
1	 4	 1	 2	sample13	913	3227	770	104130	0	
1	 4	 1	 3	sample13	792	3106	770	83304	0	
1	 4	 1	 4	sample13	788	3102	770	99502	0	
1	 4	 1	 5	sample13	721	3035	770	71734	0	
1	 4	 1	 6	control	770	3084	514	60164	0	
1	 4	 2	 1	sample14	742	2542	770	127800	0	
1	 4	 2	 2	sample14	1284	3084	1284	36000	0	
1	 4	 2	 3	sample14	674	2474	514	72000	0	
1	 4	 2	 4	sample14	584	2384	514	72000	0	
1	 4	 2	 5	sample14	839	2639	770	46800	0	
1	 4	 2	 6	control	1032	2832	1028	93600	0	
1	 4	 3	 1	sample15	1070	2612	1028	47802	0	
1	 4	 3	 2	sample15	1082	2624	772	29298	0	
1	 4	 3	 3	sample15	833	2375	772	32382	0	
1	 4	 3	 4	sample15	627	2169	514	49344	0	
1	 4	 3	 5	sample15	322	1864	258	61680	0	
1	 4	 3	 6	control	467	2009	258	41634	0	
1	 4	 4	 1	sample16	912	2198	770	51440	0	
1	 4	 4	 2	sample16	1099	2385	1028	23148	0	
1	 4	 4	 3	sample16	423	1709	256	51440	0	
1	 4	 4	 4	sample16	445	1731	256	38580	0	
1	 4	 4	 5	sample16	321	1607	256	51440	0	
1	 4	 4	 6	control	638	1924	514	39866	0	
1	 5	 1	 1	sample17	1013	3327	1028	80990	0	
1	 5	 1	 2	sample17	813	3127	770	111072	0	
1	 5	 1	 3	sample17	803	3117	770	55536	0	
1	 5	 1	 4	sample17	469	2783	514	92560	0	
1	 5	 1	 5	sample17	582	2896	514	94874	0	
1	 5	 1	 6	control	392	2706	514	92560	0	
1	 5	 2	 1	sample18	552	2352	514	72000	0	
1	 5	 2	 2	sample18	2804	4604	2312	104400	0	
1	 5	 2	 3	sample18	715	2515	770	75600	0	
1	 5	 2	 4	sample18	291	2347	258	78128	0	
1	 5	 2	 5	sample18	363	2419	258	69904	0	
1	 5	 2	 6	control	600	2656	514	86352	0	
1	 5	 3	 1	sample19	1053	2595	1028	64764	0	
1	 5	 3	 2	sample19	622	2164	514	106398	0	
1	 5	 3	 3	sample19	576	2118	514	70932	0	
1	 5	 3	 4	sample19	751	2293	514	57054	0	
1	 5	 3	 5	sample19	437	1979	514	61680	0	
1	 5	 3	 6	control	380	1922	258	61680	0	
1	 5	 4	 1	sample20	507	1793	256	51440	0	
1	 5	 4	 2	sample20	860	2146	770	29578	0	
1	 5	 4	 3	sample20	282	1568	256	51440	0	
1	 5	 4	 4	sample20	217	1759	258	58596	0	
1	 5	 4	 5	sample20	846	2132	770	21862	0	
1	 5	 4	 6	control	391	1677	256	51440	0	
1	 6	 1	 1	sample21	682	3252	514	102800	0	
1	 6	 1	 2	sample21	833	3147	770	94874	0	
1	 6	 1	 3	sample21	591	2905	514	92560	0	
1	 6	 1	 4	sample21	481	2795	256	92560	0	
1	 6	 1	 5	sample21	462	2776	256	92560	0	
1	 6	 1	 6	control	456	2770	514	92560	0	
1	 6	 2	 1	sample22	1147	3203	1028	53456	0	
1	 6	 2	 2	sample22	1223	3279	1286	67848	0	
1	 6	 2	 3	sample22	1028	3084	1028	63736	0	
1	 6	 2	 4	sample22	631	2687	514	67848	0	
1	 6	 2	 5	sample22	1088	2888	1028	30600	0	
1	 6	 2	 6	control	732	2532	770	72000	0	
1	 6	 3	 1	sample23	963	2505	772	60138	0	
1	 6	 3	 2	sample23	794	2336	772	69390	0	
1	 6	 3	 3	sample23	444	1986	258	61680	0	
1	 6	 3	 4	sample23	544	2086	514	40092	0	
1	 6	 3	 5	sample23	498	2040	514	47802	0	
1	 6	 3	 6	control	232	1774	258	61680	0	
1	 6	 4	 1	sample24	871	2413	772	67848	0	
1	 6	 4	 2	sample24	540	2082	514	78642	0	
1	 6	 4	 3	sample24	697	2239	514	69390	0	
1	 6	 4	 4	sample24	554	1840	514	65586	0	
1	 6	 4	 5	sample24	573	1859	514	50154	0	
1	 6	 4	 6	control	392	1678	256	51440	0	
1	 7	 1	 1	sample25	1049	3877	1028	135744	0	
1	 7	 1	 2	sample25	816	3644	770	127260	0	
1	 7	 1	 3	sample25	804	3632	770	130088	0	
1	 7	 1	 4	sample25	713	3541	514	113120	0	
1	 7	 1	 5	sample25	655	3483	514	113120	0	
1	 7	 1	 6	control	636	3464	514	113120	0	
1	 7	 2	 1	sample26	963	3277	770	92560	0	
1	 7	 2	 2	sample26	1339	3653	1284	64792	0	
1	 7	 2	 3	sample26	823	3137	770	101816	0	
1	 7	 2	 4	sample26	751	3065	770	92560	0	
1	 7	 2	 5	sample26	668	2982	770	104130	0	
1	 7	 2	 6	control	1301	3615	1028	69420	0	
1	 7	 3	 1	sample27	547	2603	514	82240	0	
1	 7	 3	 2	sample27	558	2614	514	71960	0	
1	 7	 3	 3	sample27	444	2500	258	82240	0	
1	 7	 3	 4	sample27	670	2726	514	57568	0	
1	 7	 3	 5	sample27	399	2455	258	82240	0	
1	 7	 3	 6	control	367	2423	258	82240	0	
1	 7	 4	 1	sample28	835	2635	770	72000	0	
1	 7	 4	 2	sample28	1074	2874	770	39600	0	
1	 7	 4	 3	sample28	469	2269	256	72000	0	
1	 7	 4	 4	sample28	469	2269	514	72000	0	
1	 7	 4	 5	sample28	1131	2673	1028	38550	0	
1	 7	 4	 6	control	702	2502	770	61200	0	
1	 8	 1	 1	sample29	1404	3974	1284	105370	0	
1	 8	 1	 2	sample29	1581	4151	1542	200460	0	
1	 8	 1	 3	sample29	1012	3582	1028	123360	0	
1	 8	 1	 4	sample29	639	3209	770	115650	0	
1	 8	 1	 5	sample29	649	3219	514	97660	0	
1	 8	 1	 6	control	257	2827	256	102800	0	
1	 8	 2	 1	sample30	570	2882	514	117912	0	
1	 8	 2	 2	sample30	847	3159	772	39304	0	
1	 8	 2	 3	sample30	661	2717	770	82240	0	
1	 8	 2	 4	sample30	584	2640	514	82240	0	
1	 8	 2	 5	sample30	556	2612	514	74016	0	
1	 8	 2	 6	control	831	2887	770	69904	0	
1	 8	 3	 1	sample31	1188	2986	1028	52142	0	
1	 8	 3	 2	sample31	738	2536	772	55738	0	
1	 8	 3	 3	sample31	633	2431	514	46748	0	
1	 8	 3	 4	sample31	586	2384	514	44950	0	
1	 8	 3	 5	sample31	419	2217	514	34162	0	
1	 8	 3	 6	control	838	2380	770	29298	0	
1	 8	 4	 1	sample32	723	2265	514	66306	0	
1	 8	 4	 2	sample32	424	1966	514	61680	0	
1	 8	 4	 3	sample32	546	2088	514	61680	0	
1	 8	 4	 4	sample32	497	2039	514	47802	0	
1	 8	 4	 5	sample32	584	2126	256	61680	0	
1	 8	 4	 6	control	522	2064	514	47802	0	
1	 9	 1	 1	sample33	822	3650	770	113120	0	
1	 9	 1	 2	sample33	636	3464	514	113120	0	
1	 9	 1	 3	sample33	765	3335	514	102800	0	
1	 9	 1	 4	sample33	1245	3815	1028	48830	0	
1	 9	 1	 5	sample33	559	3129	258	102800	0	
1	 9	 1	 6	control	405	2975	258	102800	0	
1	 9	 2	 1	sample34	1217	3531	1028	43966	0	
1	 9	 2	 2	sample34	1127	3441	1028	41652	0	
1	 9	 2	 3	sample34	698	3012	514	90246	0	
1	 9	 2	 4	sample34	554	2868	514	101816	0	
1	 9	 2	 5	sample34	501	2815	256	92560	0	
1	 9	 2	 6	control	1515	3571	1286	78128	0	
1	 9	 3	 1	sample35	963	2763	1028	72000	0	
1	 9	 3	 2	sample35	506	2562	514	65792	0	
1	 9	 3	 3	sample35	1088	2888	1028	30600	0	
1	 9	 3	 4	sample35	747	2547	514	77400	0	
1	 9	 3	 5	sample35	354	2410	258	82240	0	
1	 9	 3	 6	control	354	2410	0	82240	0	
1	 9	 4	 1	sample36	1045	2845	770	52200	0	
1	 9	 4	 2	sample36	970	2770	770	32400	0	
1	 9	 4	 3	sample36	934	2476	772	46260	0	
1	 9	 4	 4	sample36	883	2425	772	35466	0	
1	 9	 4	 5	sample36	218	2018	0	72000	0	
1	 9	 4	 6	control	985	2785	770	43200	0	
1	 10	 1	 1	sample37	1181	3493	1028	97104	0	
1	 10	 1	 2	sample37	1112	3424	1028	78608	0	
1	 10	 1	 3	sample37	367	2679	514	92480	0	
1	 10	 1	 4	sample37	553	2865	514	92480	0	
1	 10	 1	 5	sample37	566	2878	514	92480	0	
1	 10	 1	 6	control	482	2794	514	92480	0	
1	 10	 2	 1	sample38	533	2589	514	82240	0	
1	 10	 2	 2	sample38	488	2544	256	82240	0	
1	 10	 2	 3	sample38	309	2107	258	71920	0	
1	 10	 2	 4	sample38	470	2268	514	71920	0	
1	 10	 2	 5	sample38	379	2435	256	82240	0	
1	 10	 2	 6	control	931	2987	770	82240	0	
1	 10	 3	 1	sample39	1135	2677	1028	114108	0	
1	 10	 3	 2	sample39	725	2267	514	61680	0	
1	 10	 3	 3	sample39	591	2133	514	61680	0	
1	 10	 3	 4	sample39	520	2062	514	61680	0	
1	 10	 3	 5	sample39	1150	2692	514	61680	0	
1	 10	 3	 6	control	565	2107	256	61680	0	
1	 10	 4	 1	sample40	1529	3071	1028	32382	0	
1	 10	 4	 2	sample40	624	1908	514	51360	0	
1	 10	 4	 3	sample40	675	1959	258	51360	0	
1	 10	 4	 4	sample40	669	1953	258	51360	0	
1	 10	 4	 5	sample40	669	1953	514	51360	0	
1	 10	 4	 6	control	282	1824	0	61680	0	
1	 11	 1	 1	sample41	1626	3682	1542	131584	0	
1	 11	 1	 2	sample41	1102	3414	1028	168776	0	
1	 11	 1	 3	sample41	1052	3364	1028	101728	0	
1	 11	 1	 4	sample41	816	3128	772	94792	0	
1	 11	 1	 5	sample41	783	3095	772	106352	0	
1	 11	 1	 6	control	656	2968	514	92480	0	
1	 11	 2	 1	sample42	1405	3203	1542	53940	0	
1	 11	 2	 2	sample42	1062	2860	1028	109678	0	
1	 11	 2	 3	sample42	912	2710	772	75516	0	
1	 11	 2	 4	sample42	846	2644	772	43152	0	
1	 11	 2	 5	sample42	479	2535	514	30840	0	
1	 11	 2	 6	control	1029	2827	1028	129456	0	
1	 11	 3	 1	sample43	1743	3285	1542	64764	0	
1	 11	 3	 2	sample43	1020	2562	1028	114108	0	
1	 11	 3	 3	sample43	891	2433	770	52428	0	
1	 11	 3	 4	sample43	597	2139	514	61680	0	
1	 11	 3	 5	sample43	578	2120	514	61680	0	
1	 11	 3	 6	control	276	1818	256	61680	0	
1	 11	 4	 1	sample44	1484	2768	1286	68052	0	
1	 11	 4	 2	sample44	1205	2489	1028	61632	0	
1	 11	 4	 3	sample44	586	1870	514	60348	0	
1	 11	 4	 4	sample44	470	1754	258	51360	0	
1	 11	 4	 5	sample44	730	2014	772	55212	0	
1	 11	 4	 6	control	714	1998	772	51360	0	
1	 12	 1	 1	sample45	1496	3808	1542	76296	0	
1	 12	 1	 2	sample45	1093	3405	772	92480	0	
1	 12	 1	 3	sample45	738	3308	514	102800	0	
1	 12	 1	 4	sample45	700	3270	770	102800	0	
1	 12	 1	 5	sample45	720	3546	514	56520	0	
1	 12	 1	 6	control	468	3552	256	123360	0	
1	 12	 2	 1	sample46	771	2827	514	47288	0	
1	 12	 2	 2	sample46	804	2602	514	71920	0	
1	 12	 2	 3	sample46	404	2460	256	82240	0	
1	 12	 2	 4	sample46	520	2576	256	82240	0	
1	 12	 2	 5	sample46	335	2647	258	92480	0	
1	 12	 2	 6	control	880	3450	770	102800	0	
1	 12	 3	 1	sample47	1381	2923	1284	24672	0	
1	 12	 3	 2	sample47	687	2229	514	61680	0	
1	 12	 3	 3	sample47	814	2356	770	63222	0	
1	 12	 3	 4	sample47	470	2268	258	71920	0	
1	 12	 3	 5	sample47	276	2332	256	82240	0	
1	 12	 3	 6	control	526	2582	514	82240	0	
1	 12	 4	 1	sample48	1543	2827	1286	30816	0	
1	 12	 4	 2	sample48	1095	2637	1028	29298	0	
1	 12	 4	 3	sample48	1313	2855	1028	27756	0	
1	 12	 4	 4	sample48	603	2145	514	61680	0	
1	 12	 4	 5	sample48	392	2190	258	71920	0	
1	 12	 4	 6	control	764	2820	514	82240	0	
2	 1	 1	 1	sample49	1184	2982	1286	136648	0	
2	 1	 1	 2	sample49	1264	2806	1284	78642	0	
2	 1	 1	 3	sample49	878	2676	772	95294	0	
2	 1	 1	 4	sample49	842	2640	772	59334	0	
2	 1	 1	 5	sample49	611	2409	514	71920	0	
2	 1	 1	 6	control	257	2055	0	71920	0	
2	 1	 2	 1	sample50	1076	2874	1028	88102	0	
2	 1	 2	 2	sample50	1199	2997	1286	122264	0	
2	 1	 2	 3	sample50	864	2662	772	129456	0	
2	 1	 2	 4	sample50	648	2446	514	82708	0	
2	 1	 2	 5	sample50	676	2474	514	82708	0	
2	 1	 2	 6	control	1267	3065	1286	50344	0	
2	 1	 3	 1	sample51	954	2752	1028	68324	0	
2	 1	 3	 2	sample51	1099	2641	1028	72474	0	
2	 1	 3	 3	sample51	944	2486	1028	61680	0	
2	 1	 3	 4	sample51	678	2220	514	55512	0	
2	 1	 3	 5	sample51	501	2043	514	61680	0	
2	 1	 3	 6	control	129	1927	0	71920	0	
2	 1	 4	 1	sample52	534	2332	514	71920	0	
2	 1	 4	 2	sample52	514	2056	514	72474	0	
2	 1	 4	 3	sample52	148	1946	0	71920	0	
2	 1	 4	 4	sample52	295	1837	256	61680	0	
2	 1	 4	 5	sample52	424	1966	256	61680	0	
2	 1	 4	 6	control	437	2235	514	71920	0	
2	 2	 1	 1	sample53	1054	2338	772	52644	0	
2	 2	 1	 2	sample53	984	2268	772	51360	0	
2	 2	 1	 3	sample53	649	1933	514	51360	0	
2	 2	 1	 4	sample53	630	1914	514	51360	0	
2	 2	 1	 5	sample53	585	1869	514	51360	0	
2	 2	 1	 6	control	373	1657	258	51360	0	
2	 2	 2	 1	sample54	673	1957	514	50076	0	
2	 2	 2	 2	sample54	832	2116	772	65484	0	
2	 2	 2	 3	sample54	637	1921	514	53928	0	
2	 2	 2	 4	sample54	476	1760	514	51360	0	
2	 2	 2	 5	sample54	616	1900	514	42372	0	
2	 2	 2	 6	control	840	2124	772	43656	0	
2	 2	 3	 1	sample55	962	2246	1028	44940	0	
2	 2	 3	 2	sample55	1260	2544	1286	51360	0	
2	 2	 3	 3	sample55	649	1933	514	51360	0	
2	 2	 3	 4	sample55	502	1786	514	51360	0	
2	 2	 3	 5	sample55	264	1548	258	51360	0	
2	 2	 3	 6	control	96.9	1381	0	51360	0	
2	 2	 4	 1	sample56	1502	2786	1028	65484	0	
2	 2	 4	 2	sample56	1414	2698	1286	25680	0	
2	 2	 4	 3	sample56	559	1843	514	51360	0	
2	 2	 4	 4	sample56	482	1766	258	51360	0	
2	 2	 4	 5	sample56	674	1702	514	41120	0	
2	 2	 4	 6	control	576	1860	514	26964	0	
2	 3	 1	 1	sample57	986	2528	1028	111024	0	
2	 3	 1	 2	sample57	1398	2940	1286	24672	0	
2	 3	 1	 3	sample57	1071	2613	1028	55512	0	
2	 3	 1	 4	sample57	798	2340	772	58596	0	
2	 3	 1	 5	sample57	617	2159	514	53970	0	
2	 3	 1	 6	control	747	2289	514	32382	0	
2	 3	 2	 1	sample58	608	2150	514	63222	0	
2	 3	 2	 2	sample58	976	2262	1028	38580	0	
2	 3	 2	 3	sample58	1150	2436	1028	27006	0	
2	 3	 2	 4	sample58	486	2028	514	55512	0	
2	 3	 2	 5	sample58	594	2136	514	44718	0	
2	 3	 2	 6	control	1312	2854	1286	29298	0	
2	 3	 3	 1	sample59	1306	2848	1286	118734	0	
2	 3	 3	 2	sample59	1370	2912	1542	117192	0	
2	 3	 3	 3	sample59	1053	2595	1028	64764	0	
2	 3	 3	 4	sample59	897	2439	1028	63222	0	
2	 3	 3	 5	sample59	1043	2329	1028	21862	0	
2	 3	 3	 6	control	315	1857	258	61680	0	
2	 3	 4	 1	sample60	1265	2551	1028	33436	0	
2	 3	 4	 2	sample60	566	2108	514	61680	0	
2	 3	 4	 3	sample60	835	2121	514	51440	0	
2	 3	 4	 4	sample60	409	1951	258	52428	0	
2	 3	 4	 5	sample60	417	1703	256	51440	0	
2	 3	 4	 6	control	591	1877	514	51440	0	
2	 4	 1	 1	sample61	893	2435	772	29298	0	
2	 4	 1	 2	sample61	846	2388	772	47802	0	
2	 4	 1	 3	sample61	598	2140	514	61680	0	
2	 4	 1	 4	sample61	431	1973	258	61680	0	
2	 4	 1	 5	sample61	491	2033	514	67848	0	
2	 4	 1	 6	control	122	1922	0	72000	0	
2	 4	 2	 1	sample62	731	2273	514	58596	0	
2	 4	 2	 2	sample62	1163	2705	1028	35466	0	
2	 4	 2	 3	sample62	585	2127	514	61680	0	
2	 4	 2	 4	sample62	621	2163	772	70932	0	
2	 4	 2	 5	sample62	677	2219	772	29298	0	
2	 4	 2	 6	control	1171	2713	1028	27756	0	
2	 4	 3	 1	sample63	772	2314	772	61680	0	
2	 4	 3	 2	sample63	952	2494	772	72474	0	
2	 4	 3	 3	sample63	502	2044	514	61680	0	
2	 4	 3	 4	sample63	462	2004	514	60138	0	
2	 4	 3	 5	sample63	283	1825	258	61680	0	
2	 4	 3	 6	control	180	1722	258	61680	0	
2	 4	 4	 1	sample64	1156	2442	1028	25720	0	
2	 4	 4	 2	sample64	886	2172	770	37294	0	
2	 4	 4	 3	sample64	488	1774	514	51440	0	
2	 4	 4	 4	sample64	219	1761	258	61680	0	
2	 4	 4	 5	sample64	565	1851	514	45010	0	
2	 4	 4	 6	control	877	2419	772	26214	0	
2	 5	 1	 1	sample65	1205	2747	1028	157284	0	
2	 5	 1	 2	sample65	1602	3144	1542	60138	0	
2	 5	 1	 3	sample65	1186	2728	1286	67848	0	
2	 5	 1	 4	sample65	930	2472	772	72474	0	
2	 5	 1	 5	sample65	1177	2719	1028	40092	0	
2	 5	 1	 6	control	1163	2705	1286	35466	0	
2	 5	 2	 1	sample66	868	2410	772	61680	0	
2	 5	 2	 2	sample66	1099	2641	1028	50886	0	
2	 5	 2	 3	sample66	1017	2559	1028	33924	0	
2	 5	 2	 4	sample66	566	2108	514	61680	0	
2	 5	 2	 5	sample66	656	2198	514	61680	0	
2	 5	 2	 6	control	1184	2726	1028	58596	0	
2	 5	 3	 1	sample67	1357	2899	1028	38550	0	
2	 5	 3	 2	sample67	1451	2993	1286	21588	0	
2	 5	 3	 3	sample67	993	2535	1028	33924	0	
2	 5	 3	 4	sample67	662	2204	514	61680	0	
2	 5	 3	 5	sample67	869	2411	772	32382	0	
2	 5	 3	 6	control	814	2356	772	27756	0	
2	 5	 4	 1	sample68	1228	2770	1286	103314	0	
2	 5	 4	 2	sample68	1268	2810	1028	46260	0	
2	 5	 4	 3	sample68	1461	2747	1542	20576	0	
2	 5	 4	 4	sample68	643	2185	514	61680	0	
2	 5	 4	 5	sample68	566	2108	514	61680	0	
2	 5	 4	 6	control	883	2425	772	35466	0	
2	 6	 1	 1	sample69	1194	2736	1028	100230	0	
2	 6	 1	 2	sample69	1464	3006	1286	55512	0	
2	 6	 1	 3	sample69	1318	2860	1286	61680	0	
2	 6	 1	 4	sample69	894	2436	772	61680	0	
2	 6	 1	 5	sample69	5803	7345	2570	29298	0	
2	 6	 1	 6	control	354	1896	258	61680	0	
2	 6	 2	 1	sample70	920	2462	772	50886	0	
2	 6	 2	 2	sample70	810	2352	772	61680	0	
2	 6	 2	 3	sample70	652	2194	514	69390	0	
2	 6	 2	 4	sample70	508	2050	514	60138	0	
2	 6	 2	 5	sample70	412	1954	514	61680	0	
2	 6	 2	 6	control	1269	2811	1286	24672	0	
2	 6	 3	 1	sample71	871	2413	772	47802	0	
2	 6	 3	 2	sample71	617	2159	514	61680	0	
2	 6	 3	 3	sample71	540	2082	514	63222	0	
2	 6	 3	 4	sample71	584	2126	514	33924	0	
2	 6	 3	 5	sample71	558	1844	514	51440	0	
2	 6	 3	 6	control	77.5	1619	0	61680	0	
2	 6	 4	 1	sample72	1533	2819	1284	79732	0	
2	 6	 4	 2	sample72	866	2408	1028	63222	0	
2	 6	 4	 3	sample72	755	2041	770	64300	0	
2	 6	 4	 4	sample72	591	1877	514	51440	0	
2	 6	 4	 5	sample72	501	1787	514	51440	0	
2	 6	 4	 6	control	449	1735	256	51440	0	
2	 7	 1	 1	sample73	642	2184	514	146490	0	
2	 7	 1	 2	sample73	617	2159	514	61680	0	
2	 7	 1	 3	sample73	585	2127	514	61680	0	
2	 7	 1	 4	sample73	427	1969	258	67848	0	
2	 7	 1	 5	sample73	336	1878	258	75558	0	
2	 7	 1	 6	control	594	2136	514	40092	0	
2	 7	 2	 1	sample74	609	2151	514	92520	0	
2	 7	 2	 2	sample74	987	2529	772	38550	0	
2	 7	 2	 3	sample74	1121	2407	1028	28292	0	
2	 7	 2	 4	sample74	738	2280	772	47802	0	
2	 7	 2	 5	sample74	566	2108	514	61680	0	
2	 7	 2	 6	control	1389	2675	1284	34722	0	
2	 7	 3	 1	sample75	661	1947	514	51440	0	
2	 7	 3	 2	sample75	409	1951	258	60138	0	
2	 7	 3	 3	sample75	476	2018	514	61680	0	
2	 7	 3	 4	sample75	657	1943	514	55298	0	
2	 7	 3	 5	sample75	411	1697	256	51440	0	
2	 7	 3	 6	control	142	1684	258	61680	0	
2	 7	 4	 1	sample76	1216	2502	1284	57870	0	
2	 7	 4	 2	sample76	564	2106	514	104856	0	
2	 7	 4	 3	sample76	533	1819	514	51440	0	
2	 7	 4	 4	sample76	610	1896	514	51440	0	
2	 7	 4	 5	sample76	574	1860	514	48868	0	
2	 7	 4	 6	control	636	1922	514	56584	0	
2	 8	 1	 1	sample77	784	2326	772	161910	0	
2	 8	 1	 2	sample77	1117	2659	1028	94062	0	
2	 8	 1	 3	sample77	861	2147	770	87448	0	
2	 8	 1	 4	sample77	457	1999	514	61680	0	
2	 8	 1	 5	sample77	377	1919	258	66306	0	
2	 8	 1	 6	control	321	1607	256	51440	0	
2	 8	 2	 1	sample78	497	2039	514	67848	0	
2	 8	 2	 2	sample78	520	2062	258	75558	0	
2	 8	 2	 3	sample78	563	2105	514	57054	0	
2	 8	 2	 4	sample78	575	1861	514	59156	0	
2	 8	 2	 5	sample78	293	1835	258	66306	0	
2	 8	 2	 6	control	963	2249	1028	25720	0	
2	 8	 3	 1	sample79	756	2298	772	132612	0	
2	 8	 3	 2	sample79	1108	2394	1028	45010	0	
2	 8	 3	 3	sample79	1036	2322	1028	38580	0	
2	 8	 3	 4	sample79	636	1922	770	56584	0	
2	 8	 3	 5	sample79	386	1928	258	49344	0	
2	 8	 3	 6	control	223	1765	258	23130	0	
2	 8	 4	 1	sample80	814	2356	772	27756	0	
2	 8	 4	 2	sample80	680	1966	770	51440	0	
2	 8	 4	 3	sample80	526	1812	514	51440	0	
2	 8	 4	 4	sample80	884	2426	772	24672	0	
2	 8	 4	 5	sample80	613	1899	514	33436	0	
2	 8	 4	 6	control	319	1861	258	64764	0	
2	 9	 1	 1	sample81	955	2241	1028	86162	0	
2	 9	 1	 2	sample81	947	2489	772	67848	0	
2	 9	 1	 3	sample81	1007	2549	772	37008	0	
2	 9	 1	 4	sample81	772	2314	772	30840	0	
2	 9	 1	 5	sample81	322	1864	258	61680	0	
2	 9	 1	 6	control	522	2064	258	53970	0	
2	 9	 2	 1	sample82	730	2016	514	56584	0	
2	 9	 2	 2	sample82	850	2136	770	74588	0	
2	 9	 2	 3	sample82	999	2541	1028	40092	0	
2	 9	 2	 4	sample82	851	2393	772	40092	0	
2	 9	 2	 5	sample82	537	2079	514	70932	0	
2	 9	 2	 6	control	1294	2836	1286	47802	0	
2	 9	 3	 1	sample83	695	1981	514	56584	0	
2	 9	 3	 2	sample83	658	1944	514	61728	0	
2	 9	 3	 3	sample83	436	1978	258	60138	0	
2	 9	 3	 4	sample83	961	2503	772	29298	0	
2	 9	 3	 5	sample83	553	2095	514	30840	0	
2	 9	 3	 6	control	413	1955	258	58596	0	
2	 9	 4	 1	sample84	890	2176	770	36008	0	
2	 9	 4	 2	sample84	332	1874	258	69390	0	
2	 9	 4	 3	sample84	449	1735	256	51440	0	
2	 9	 4	 4	sample84	430	1716	256	51440	0	
2	 9	 4	 5	sample84	225	1767	258	61680	0	
2	 9	 4	 6	control	328	1870	258	61680	0	
2	 10	 1	 1	sample85	1833	3375	1286	35466	0	
2	 10	 1	 2	sample85	1730	3272	1286	33924	0	
2	 10	 1	 3	sample85	962	2248	514	60442	0	
2	 10	 1	 4	sample85	1227	2513	770	39866	0	
2	 10	 1	 5	sample85	1750	3036	1542	20576	0	
2	 10	 1	 6	control	1078	2620	514	40092	0	
2	 10	 2	 1	sample86	1573	3115	1286	38550	0	
2	 10	 2	 2	sample86	1827	3369	1286	29298	0	
2	 10	 2	 3	sample86	1008	2294	514	51440	0	
2	 10	 2	 4	sample86	1467	3009	1028	26214	0	
2	 10	 2	 5	sample86	1047	2333	770	51440	0	
2	 10	 2	 6	control	1420	2962	1028	32382	0	
2	 10	 3	 1	sample87	1786	3328	1286	29298	0	
2	 10	 3	 2	sample87	1502	3044	1028	29298	0	
2	 10	 3	 3	sample87	1106	2648	772	30840	0	
2	 10	 3	 4	sample87	598	2140	258	61680	0	
2	 10	 3	 5	sample87	791	2333	514	61680	0	
2	 10	 3	 6	control	617	2159	258	61680	0	
2	 10	 4	 1	sample88	927	2469	514	50886	0	
2	 10	 4	 2	sample88	1220	2506	770	46296	0	
2	 10	 4	 3	sample88	648	1934	256	51440	0	
2	 10	 4	 4	sample88	1050	2592	772	37008	0	
2	 10	 4	 5	sample88	617	2159	258	61680	0	
2	 10	 4	 6	control	823	2365	514	61680	0	
2	 11	 1	 1	sample89	1180	2722	1028	78642	0	
2	 11	 1	 2	sample89	883	2425	772	78642	0	
2	 11	 1	 3	sample89	1013	2299	1028	68158	0	
2	 11	 1	 4	sample89	527	2069	514	61680	0	
2	 11	 1	 5	sample89	624	2166	514	61680	0	
2	 11	 1	 6	control	435	1977	514	60138	0	
2	 11	 2	 1	sample90	679	2221	514	55512	0	
2	 11	 2	 2	sample90	783	2069	514	51440	0	
2	 11	 2	 3	sample90	444	1986	258	78642	0	
2	 11	 2	 4	sample90	295	1837	258	74016	0	
2	 11	 2	 5	sample90	425	1967	258	61680	0	
2	 11	 2	 6	control	1320	2862	1028	46260	0	
2	 11	 3	 1	sample91	811	2353	772	60138	0	
2	 11	 3	 2	sample91	650	2192	514	55512	0	
2	 11	 3	 3	sample91	737	2023	770	59156	0	
2	 11	 3	 4	sample91	752	2038	770	54012	0	
2	 11	 3	 5	sample91	283	1825	258	61680	0	
2	 11	 3	 6	control	206	1748	258	61680	0	
2	 11	 4	 1	sample92	765	2307	514	66306	0	
2	 11	 4	 2	sample92	597	1883	514	51440	0	
2	 11	 4	 3	sample92	620	1906	514	59156	0	
2	 11	 4	 4	sample92	303	1845	258	61680	0	
2	 11	 4	 5	sample92	277	1819	258	61680	0	
2	 11	 4	 6	control	579	2121	514	61680	0	
2	 12	 1	 1	sample93	1019	2561	772	41634	0	
2	 12	 1	 2	sample93	719	2519	770	72000	0	
2	 12	 1	 3	sample93	584	2384	514	72000	0	
2	 12	 1	 4	sample93	258	2314	258	82240	0	
2	 12	 1	 5	sample93	180	2236	258	82240	0	
2	 12	 1	 6	control	334	2648	256	92560	0	
2	 12	 2	 1	sample94	1259	2801	1028	44718	0	
2	 12	 2	 2	sample94	526	2326	514	72000	0	
2	 12	 2	 3	sample94	830	2630	770	54000	0	
2	 12	 2	 4	sample94	597	2397	514	72000	0	
2	 12	 2	 5	sample94	506	2562	514	61680	0	
2	 12	 2	 6	control	832	3146	770	97188	0	
2	 12	 3	 1	sample95	1386	2928	1286	27756	0	
2	 12	 3	 2	sample95	698	2498	514	57600	0	
2	 12	 3	 3	sample95	629	2429	514	72000	0	
2	 12	 3	 4	sample95	507	2307	514	72000	0	
2	 12	 3	 5	sample95	392	2448	258	82240	0	
2	 12	 3	 6	control	250	2564	256	92560	0	
2	 12	 4	 1	sample96	930	2472	1028	100230	0	
2	 12	 4	 2	sample96	636	2436	514	72000	0	
2	 12	 4	 3	sample96	642	2442	514	68400	0	
2	 12	 4	 4	sample96	758	2558	770	37800	0	
2	 12	 4	 5	sample96	192	2506	256	92560	0	
2	 12	 4	 6	control	717	3287	772	48830	0	
3	 1	 1	 1	sample97	950	3006	770	82240	0	
3	 1	 1	 2	sample97	1178	2976	1028	43152	0	
3	 1	 1	 3	sample97	620	2418	514	79112	0	
3	 1	 1	 4	sample97	457	2255	514	71920	0	
3	 1	 1	 5	sample97	583	2381	514	80910	0	
3	 1	 1	 6	control	193	1991	258	71920	0	
3	 1	 2	 1	sample98	1573	3629	1542	135696	0	
3	 1	 2	 2	sample98	1214	3270	1284	82240	0	
3	 1	 2	 3	sample98	341	2139	258	71920	0	
3	 1	 2	 4	sample98	482	2280	514	71920	0	
3	 1	 2	 5	sample98	529	2327	514	62930	0	
3	 1	 2	 6	control	859	2657	772	68324	0	
3	 1	 3	 1	sample99	893	2949	770	82240	0	
3	 1	 3	 2	sample99	575	2631	514	86352	0	
3	 1	 3	 3	sample99	652	2450	514	73718	0	
3	 1	 3	 4	sample99	521	2319	514	71920	0	
3	 1	 3	 5	sample99	620	2418	772	30566	0	
3	 1	 3	 6	control	264	2062	258	71920	0	
3	 1	 4	 1	sample100	966	3022	770	78128	0	
3	 1	 4	 2	sample100	507	2563	514	76072	0	
3	 1	 4	 3	sample100	373	2171	514	71920	0	
3	 1	 4	 4	sample100	486	2284	514	32364	0	
3	 1	 4	 5	sample100	392	2190	0	71920	0	
3	 1	 4	 6	control	604	2402	514	41354	0	
3	 2	 1	 1	sample101	878	2676	1028	95294	0	
3	 2	 1	 2	sample101	792	2590	772	154628	0	
3	 2	 1	 3	sample101	1014	2556	1028	29298	0	
3	 2	 1	 4	sample101	583	2125	514	74016	0	
3	 2	 1	 5	sample101	513	2055	514	44718	0	
3	 2	 1	 6	control	276	1818	256	61680	0	
3	 2	 2	 1	sample102	1100	2898	1028	32364	0	
3	 2	 2	 2	sample102	964	2762	772	64728	0	
3	 2	 2	 3	sample102	605	2147	514	69390	0	
3	 2	 2	 4	sample102	379	1921	514	61680	0	
3	 2	 2	 5	sample102	359	1901	256	61680	0	
3	 2	 2	 6	control	1080	2622	1028	60138	0	
3	 2	 3	 1	sample103	1491	3289	1286	89900	0	
3	 2	 3	 2	sample103	1114	2912	1028	80910	0	
3	 2	 3	 3	sample103	1059	2601	1028	63222	0	
3	 2	 3	 4	sample103	992	2534	1028	33924	0	
3	 2	 3	 5	sample103	536	2078	514	70932	0	
3	 2	 3	 6	control	423	1965	514	52428	0	
3	 2	 4	 1	sample104	1123	2921	1028	53940	0	
3	 2	 4	 2	sample104	708	2506	514	80910	0	
3	 2	 4	 3	sample104	797	2339	770	74016	0	
3	 2	 4	 4	sample104	795	2337	770	32382	0	
3	 2	 4	 5	sample104	514	2056	514	32382	0	
3	 2	 4	 6	control	558	2100	514	61680	0	
3	 3	 1	 1	sample105	960	2760	770	75600	0	
3	 3	 1	 2	sample105	1008	2808	1028	72000	0	
3	 3	 1	 3	sample105	614	2414	514	82800	0	
3	 3	 1	 4	sample105	883	2683	770	28800	0	
3	 3	 1	 5	sample105	418	2218	256	82800	0	
3	 3	 1	 6	control	367	2167	256	63000	0	
3	 3	 2	 1	sample106	1183	2725	1028	61680	0	
3	 3	 2	 2	sample106	1063	2863	770	52200	0	
3	 3	 2	 3	sample106	565	2365	514	72000	0	
3	 3	 2	 4	sample106	449	2249	256	64800	0	
3	 3	 2	 5	sample106	875	2417	772	30840	0	
3	 3	 2	 6	control	558	2358	514	93600	0	
3	 3	 3	 1	sample107	771	2571	770	81000	0	
3	 3	 3	 2	sample107	1174	2716	1028	35466	0	
3	 3	 3	 3	sample107	508	2308	256	90000	0	
3	 3	 3	 4	sample107	726	2268	514	78642	0	
3	 3	 3	 5	sample107	649	2191	514	32382	0	
3	 3	 3	 6	control	290	1832	258	61680	0	
3	 3	 4	 1	sample108	1144	2944	1028	79200	0	
3	 3	 4	 2	sample108	628	2428	514	68400	0	
3	 3	 4	 3	sample108	572	2114	514	61680	0	
3	 3	 4	 4	sample108	682	2224	514	61680	0	
3	 3	 4	 5	sample108	932	2474	772	24672	0	
3	 3	 4	 6	control	679	2221	514	38550	0	
3	 4	 1	 1	sample109	1284	2570	1284	32150	0	
3	 4	 1	 2	sample109	1238	2524	1028	86162	0	
3	 4	 1	 3	sample109	839	2125	770	52726	0	
3	 4	 1	 4	sample109	671	1957	514	63014	0	
3	 4	 1	 5	sample109	475	1761	256	51440	0	
3	 4	 1	 6	control	620	2162	514	26214	0	
3	 4	 2	 1	sample110	1362	2390	1028	27756	0	
3	 4	 2	 2	sample110	940	2226	770	52726	0	
3	 4	 2	 3	sample110	645	1931	514	55298	0	
3	 4	 2	 4	sample110	592	1878	514	63014	0	
3	 4	 2	 5	sample110	549	1835	514	56584	0	
3	 4	 2	 6	control	933	2219	770	77160	0	
3	 4	 3	 1	sample111	1054	2082	1028	41120	0	
3	 4	 3	 2	sample111	1427	2455	1286	20560	0	
3	 4	 3	 3	sample111	480	1766	256	48868	0	
3	 4	 3	 4	sample111	878	2164	770	24434	0	
3	 4	 3	 5	sample111	550	1836	514	36008	0	
3	 4	 3	 6	control	503	1789	514	30864	0	
3	 4	 4	 1	sample112	954	1982	772	31868	0	
3	 4	 4	 2	sample112	765	1793	772	41120	0	
3	 4	 4	 3	sample112	730	1758	772	44204	0	
3	 4	 4	 4	sample112	212	1498	0	51440	0	
3	 4	 4	 5	sample112	569	1597	514	48316	0	
3	 4	 4	 6	control	417	1703	256	51440	0	
3	 5	 1	 1	sample113	1269	3069	1028	59400	0	
3	 5	 1	 2	sample113	874	2674	770	102600	0	
3	 5	 1	 3	sample113	812	2612	514	79200	0	
3	 5	 1	 4	sample113	616	2416	514	72000	0	
3	 5	 1	 5	sample113	748	2548	770	41400	0	
3	 5	 1	 6	control	392	2192	256	72000	0	
3	 5	 2	 1	sample114	899	2699	770	68400	0	
3	 5	 2	 2	sample114	1379	3179	1284	34200	0	
3	 5	 2	 3	sample114	718	2518	514	70200	0	
3	 5	 2	 4	sample114	513	2313	514	72000	0	
3	 5	 2	 5	sample114	495	2295	256	75600	0	
3	 5	 2	 6	control	1027	2827	1028	59400	0	
3	 5	 3	 1	sample115	960	2760	770	75600	0	
3	 5	 3	 2	sample115	1067	2867	1028	70200	0	
3	 5	 3	 3	sample115	794	2594	770	59400	0	
3	 5	 3	 4	sample115	546	2346	514	72000	0	
3	 5	 3	 5	sample115	570	2370	514	73800	0	
3	 5	 3	 6	control	154	1954	0	72000	0	
3	 5	 4	 1	sample116	585	2385	514	64800	0	
3	 5	 4	 2	sample116	1080	2622	772	38550	0	
3	 5	 4	 3	sample116	728	2528	514	32400	0	
3	 5	 4	 4	sample116	430	2230	256	72000	0	
3	 5	 4	 5	sample116	622	2422	514	46800	0	
3	 5	 4	 6	control	556	2356	256	88200	0	
3	 6	 1	 1	sample117	1454	2996	1284	63222	0	
3	 6	 1	 2	sample117	855	2653	772	138446	0	
3	 6	 1	 3	sample117	899	2441	770	83268	0	
3	 6	 1	 4	sample117	1138	2680	1028	32382	0	
3	 6	 1	 5	sample117	771	2569	514	41354	0	
3	 6	 1	 6	control	783	2325	514	61680	0	
3	 6	 2	 1	sample118	1051	2593	770	33924	0	
3	 6	 2	 2	sample118	1294	2836	1028	41634	0	
3	 6	 2	 3	sample118	1136	2678	1028	29298	0	
3	 6	 2	 4	sample118	728	2270	514	46260	0	
3	 6	 2	 5	sample118	882	2424	770	35466	0	
3	 6	 2	 6	control	841	2383	770	61680	0	
3	 6	 3	 1	sample119	807	2349	770	64764	0	
3	 6	 3	 2	sample119	942	2484	770	37008	0	
3	 6	 3	 3	sample119	627	2169	514	66306	0	
3	 6	 3	 4	sample119	635	2177	514	52428	0	
3	 6	 3	 5	sample119	379	1921	256	61680	0	
3	 6	 3	 6	control	841	2383	770	33924	0	
3	 6	 4	 1	sample120	677	2219	514	50886	0	
3	 6	 4	 2	sample120	610	2152	514	61680	0	
3	 6	 4	 3	sample120	481	2023	256	61680	0	
3	 6	 4	 4	sample120	732	2274	514	41634	0	
3	 6	 4	 5	sample120	475	2017	256	61680	0	
3	 6	 4	 6	control	539	2081	514	61680	0	
3	 7	 1	 1	sample121	1156	2442	1028	28292	0	
3	 7	 1	 2	sample121	830	2116	770	55298	0	
3	 7	 1	 3	sample121	695	1981	770	56584	0	
3	 7	 1	 4	sample121	303	1845	258	69390	0	
3	 7	 1	 5	sample121	385	1671	256	51440	0	
3	 7	 1	 6	control	232	1774	258	61680	0	
3	 7	 2	 1	sample122	871	2157	770	52726	0	
3	 7	 2	 2	sample122	559	1845	514	51440	0	
3	 7	 2	 3	sample122	507	1793	514	51440	0	
3	 7	 2	 4	sample122	706	1992	514	25720	0	
3	 7	 2	 5	sample122	327	1613	256	51440	0	
3	 7	 2	 6	control	715	2257	772	41634	0	
3	 7	 3	 1	sample123	928	2214	770	39866	0	
3	 7	 3	 2	sample123	677	1963	770	42438	0	
3	 7	 3	 3	sample123	398	1684	256	51440	0	
3	 7	 3	 4	sample123	340	1626	256	51440	0	
3	 7	 3	 5	sample123	212	1498	256	51440	0	
3	 7	 3	 6	control	359	1645	256	51440	0	
3	 7	 4	 1	sample124	1161	2447	1028	69444	0	
3	 7	 4	 2	sample124	710	1996	514	65586	0	
3	 7	 4	 3	sample124	662	1948	514	57870	0	
3	 7	 4	 4	sample124	155	1697	258	61680	0	
3	 7	 4	 5	sample124	531	1817	514	19290	0	
3	 7	 4	 6	control	494	1780	514	51440	0	
3	 8	 1	 1	sample125	1428	3226	1286	165416	0	
3	 8	 1	 2	sample125	1579	3377	1542	102486	0	
3	 8	 1	 3	sample125	1126	2668	1028	80184	0	
3	 8	 1	 4	sample125	772	2570	772	39556	0	
3	 8	 1	 5	sample125	706	2248	770	61680	0	
3	 8	 1	 6	control	507	2049	514	61680	0	
3	 8	 2	 1	sample126	1021	2819	1028	61132	0	
3	 8	 2	 2	sample126	918	2716	772	113274	0	
3	 8	 2	 3	sample126	764	2306	770	61680	0	
3	 8	 2	 4	sample126	522	2320	514	64728	0	
3	 8	 2	 5	sample126	543	2085	514	66306	0	
3	 8	 2	 6	control	822	2364	770	61680	0	
3	 8	 3	 1	sample127	1022	2564	1028	70932	0	
3	 8	 3	 2	sample127	1636	3178	1028	63222	0	
3	 8	 3	 3	sample127	801	2343	770	52428	0	
3	 8	 3	 4	sample127	681	2223	514	35466	0	
3	 8	 3	 5	sample127	424	1966	256	61680	0	
3	 8	 3	 6	control	269	1811	256	61680	0	
3	 8	 4	 1	sample128	521	2319	514	71920	0	
3	 8	 4	 2	sample128	689	2231	514	58596	0	
3	 8	 4	 3	sample128	629	2171	514	61680	0	
3	 8	 4	 4	sample128	549	2091	514	33924	0	
3	 8	 4	 5	sample128	520	2062	514	61680	0	
3	 8	 4	 6	control	559	2101	514	69390	0	
3	 9	 1	 1	sample129	1075	2875	1028	88200	0	
3	 9	 1	 2	sample129	1002	2802	1028	90000	0	
3	 9	 1	 3	sample129	617	2673	514	82240	0	
3	 9	 1	 4	sample129	566	2622	258	82240	0	
3	 9	 1	 5	sample129	354	2410	258	82240	0	
3	 9	 1	 6	control	425	2481	258	82240	0	
3	 9	 2	 1	sample130	1113	2913	770	59400	0	
3	 9	 2	 2	sample130	1322	3122	1284	61200	0	
3	 9	 2	 3	sample130	720	2776	514	92520	0	
3	 9	 2	 4	sample130	687	2487	514	72000	0	
3	 9	 2	 5	sample130	809	2609	514	72000	0	
3	 9	 2	 6	control	724	2780	772	145976	0	
3	 9	 3	 1	sample131	861	2661	770	72000	0	
3	 9	 3	 2	sample131	1053	2853	1028	55800	0	
3	 9	 3	 3	sample131	696	2496	514	86400	0	
3	 9	 3	 4	sample131	753	2553	770	81000	0	
3	 9	 3	 5	sample131	553	2353	514	82800	0	
3	 9	 3	 6	control	475	2275	256	72000	0	
3	 9	 4	 1	sample132	1663	3463	1542	61200	0	
3	 9	 4	 2	sample132	835	2635	770	72000	0	
3	 9	 4	 3	sample132	785	2585	770	64800	0	
3	 9	 4	 4	sample132	597	2397	514	72000	0	
3	 9	 4	 5	sample132	520	2320	256	72000	0	
3	 9	 4	 6	control	925	2725	770	63000	0	
3	 10	 1	 1	sample133	2334	3620	2056	78446	0	
3	 10	 1	 2	sample133	1354	2896	1286	115650	0	
3	 10	 1	 3	sample133	877	2419	772	120276	0	
3	 10	 1	 4	sample133	1073	2615	1028	53970	0	
3	 10	 1	 5	sample133	829	2371	772	61680	0	
3	 10	 1	 6	control	797	2339	772	30840	0	
3	 10	 2	 1	sample134	1257	2799	1286	70932	0	
3	 10	 2	 2	sample134	1185	2471	1028	96450	0	
3	 10	 2	 3	sample134	974	2516	1028	58596	0	
3	 10	 2	 4	sample134	1150	2692	1028	29298	0	
3	 10	 2	 5	sample134	772	2314	772	61680	0	
3	 10	 2	 6	control	1029	2571	1028	43176	0	
3	 10	 3	 1	sample135	865	2407	772	50886	0	
3	 10	 3	 2	sample135	1047	2333	770	50154	0	
3	 10	 3	 3	sample135	815	2101	770	51440	0	
3	 10	 3	 4	sample135	795	2081	770	54012	0	
3	 10	 3	 5	sample135	450	1992	258	61680	0	
3	 10	 3	 6	control	771	2313	772	33924	0	
3	 10	 4	 1	sample136	1734	3020	1542	30864	0	
3	 10	 4	 2	sample136	1124	2410	1028	51440	0	
3	 10	 4	 3	sample136	841	2127	770	51440	0	
3	 10	 4	 4	sample136	1016	2558	772	32382	0	
3	 10	 4	 5	sample136	968	2510	1028	26214	0	
3	 10	 4	 6	control	1285	2571	1028	24434	0	
3	 11	 1	 1	sample137	2786	4328	1542	95604	0	
3	 11	 1	 2	sample137	766	2308	772	74016	0	
3	 11	 1	 3	sample137	525	2067	514	74016	0	
3	 11	 1	 4	sample137	322	1864	258	61680	0	
3	 11	 1	 5	sample137	536	2078	514	57054	0	
3	 11	 1	 6	control	643	2185	514	33924	0	
3	 11	 2	 1	sample138	446	1988	258	69390	0	
3	 11	 2	 2	sample138	833	2119	770	52726	0	
3	 11	 2	 3	sample138	536	2078	514	74016	0	
3	 11	 2	 4	sample138	348	1890	258	61680	0	
3	 11	 2	 5	sample138	619	2161	514	41634	0	
3	 11	 2	 6	control	1061	2603	1028	37008	0	
3	 11	 3	 1	sample139	682	2224	514	61680	0	
3	 11	 3	 2	sample139	1073	2615	1028	70932	0	
3	 11	 3	 3	sample139	628	2170	514	77100	0	
3	 11	 3	 4	sample139	758	2300	772	29298	0	
3	 11	 3	 5	sample139	553	2095	514	61680	0	
3	 11	 3	 6	control	276	2076	256	72000	0	
3	 11	 4	 1	sample140	450	1992	258	61680	0	
3	 11	 4	 2	sample140	731	2273	514	29298	0	
3	 11	 4	 3	sample140	206	1748	258	61680	0	
3	 11	 4	 4	sample140	277	1819	258	61680	0	
3	 11	 4	 5	sample140	258	1800	258	61680	0	
3	 11	 4	 6	control	438	2238	514	79200	0	
3	 12	 1	 1	sample141	873	2415	1028	61680	0	
3	 12	 1	 2	sample141	668	2210	514	69390	0	
3	 12	 1	 3	sample141	622	2164	514	69390	0	
3	 12	 1	 4	sample141	290	2088	258	71920	0	
3	 12	 1	 5	sample141	218	2274	256	82240	0	
3	 12	 1	 6	control	174	2486	258	92480	0	
3	 12	 2	 1	sample142	668	2210	514	61680	0	
3	 12	 2	 2	sample142	1034	2576	1028	64764	0	
3	 12	 2	 3	sample142	789	2331	770	63222	0	
3	 12	 2	 4	sample142	463	2261	514	71920	0	
3	 12	 2	 5	sample142	796	2852	770	82240	0	
3	 12	 2	 6	control	824	3136	772	101728	0	
3	 12	 3	 1	sample143	1510	3052	1284	63222	0	
3	 12	 3	 2	sample143	699	2241	770	200460	0	
3	 12	 3	 3	sample143	592	2390	514	71920	0	
3	 12	 3	 4	sample143	656	2454	514	71920	0	
3	 12	 3	 5	sample143	505	2561	256	59624	0	
3	 12	 3	 6	control	277	2589	258	92480	0	
3	 12	 4	 1	sample144	891	2433	770	75558	0	
3	 12	 4	 2	sample144	783	2325	770	61680	0	
3	 12	 4	 3	sample144	425	2223	258	71920	0	
3	 12	 4	 4	sample144	643	2441	514	68324	0	
3	 12	 4	 5	sample144	424	2480	514	82240	0	
3	 12	 4	 6	control	540	2852	514	92480	0	
4	 1	 1	 1	sample145	961	3017	1028	78128	0	
4	 1	 1	 2	sample145	861	2661	1028	36000	0	
4	 1	 1	 3	sample145	506	2306	514	59400	0	
4	 1	 1	 4	sample145	263	2063	256	72000	0	
4	 1	 1	 5	sample145	527	2069	514	61680	0	
4	 1	 1	 6	control	332	2132	256	48600	0	
4	 1	 2	 1	sample146	534	2848	514	85618	0	
4	 1	 2	 2	sample146	598	2654	514	88408	0	
4	 1	 2	 3	sample146	366	2422	258	92520	0	
4	 1	 2	 4	sample146	565	2365	514	72000	0	
4	 1	 2	 5	sample146	493	2293	514	45000	0	
4	 1	 2	 6	control	882	2682	770	54000	0	
4	 1	 3	 1	sample147	1464	4034	1286	66820	0	
4	 1	 3	 2	sample147	1002	3316	1028	46280	0	
4	 1	 3	 3	sample147	514	2828	514	92560	0	
4	 1	 3	 4	sample147	423	2479	514	86352	0	
4	 1	 3	 5	sample147	322	2378	258	82240	0	
4	 1	 3	 6	control	547	2603	514	32896	0	
4	 1	 4	 1	sample148	1682	4510	1798	87668	0	
4	 1	 4	 2	sample148	405	3233	514	73528	0	
4	 1	 4	 3	sample148	341	2911	258	102800	0	
4	 1	 4	 4	sample148	552	2866	514	92560	0	
4	 1	 4	 5	sample148	438	2752	256	101816	0	
4	 1	 4	 6	control	366	2680	256	92560	0	
4	 2	 1	 1	sample149	1204	2746	1028	58596	0	
4	 2	 1	 2	sample149	983	2525	772	69390	0	
4	 2	 1	 3	sample149	778	2320	772	63222	0	
4	 2	 1	 4	sample149	695	2237	772	57054	0	
4	 2	 1	 5	sample149	581	2123	514	35466	0	
4	 2	 1	 6	control	500	2042	514	27756	0	
4	 2	 2	 1	sample150	1069	2869	1028	77400	0	
4	 2	 2	 2	sample150	942	2742	1028	97200	0	
4	 2	 2	 3	sample150	468	2268	514	72000	0	
4	 2	 2	 4	sample150	571	2371	514	72000	0	
4	 2	 2	 5	sample150	489	2031	514	61680	0	
4	 2	 2	 6	control	952	2494	772	61680	0	
4	 2	 3	 1	sample151	631	2687	514	45232	0	
4	 2	 3	 2	sample151	713	2769	514	45232	0	
4	 2	 3	 3	sample151	398	2454	514	67848	0	
4	 2	 3	 4	sample151	444	2500	514	67848	0	
4	 2	 3	 5	sample151	411	2211	256	72000	0	
4	 2	 3	 6	control	340	2396	258	57568	0	
4	 2	 4	 1	sample152	1494	3550	1542	32896	0	
4	 2	 4	 2	sample152	618	2674	514	96632	0	
4	 2	 4	 3	sample152	470	2526	514	82240	0	
4	 2	 4	 4	sample152	527	2583	514	82240	0	
4	 2	 4	 5	sample152	561	2617	514	90464	0	
4	 2	 4	 6	control	521	2577	514	82240	0	
4	 3	 1	 1	sample153	1114	2656	1028	69390	0	
4	 3	 1	 2	sample153	1193	2479	1284	54012	0	
4	 3	 1	 3	sample153	745	2031	770	65586	0	
4	 3	 1	 4	sample153	753	2039	770	56584	0	
4	 3	 1	 5	sample153	372	1658	256	51440	0	
4	 3	 1	 6	control	212	1498	256	51440	0	
4	 3	 2	 1	sample154	746	2288	772	61680	0	
4	 3	 2	 2	sample154	739	2281	772	72474	0	
4	 3	 2	 3	sample154	605	2147	772	61680	0	
4	 3	 2	 4	sample154	420	1962	514	58596	0	
4	 3	 2	 5	sample154	290	1832	258	61680	0	
4	 3	 2	 6	control	772	2314	772	53970	0	
4	 3	 3	 1	sample155	722	2522	770	86400	0	
4	 3	 3	 2	sample155	946	2746	1028	118800	0	
4	 3	 3	 3	sample155	469	2269	514	72000	0	
4	 3	 3	 4	sample155	474	2274	514	46800	0	
4	 3	 3	 5	sample155	385	2185	514	39600	0	
4	 3	 3	 6	control	76.6	1877	0	72000	0	
4	 3	 4	 1	sample156	975	3031	1028	88408	0	
4	 3	 4	 2	sample156	838	2894	772	102800	0	
4	 3	 4	 3	sample156	541	2597	514	98688	0	
4	 3	 4	 4	sample156	309	2365	258	82240	0	
4	 3	 4	 5	sample156	51.9	2108	0	82240	0	
4	 3	 4	 6	control	372	2172	514	72000	0	
4	 4	 1	 1	sample157	819	2105	770	75874	0	
4	 4	 1	 2	sample157	907	2193	770	38580	0	
4	 4	 1	 3	sample157	578	1864	514	51440	0	
4	 4	 1	 4	sample157	658	1944	514	41152	0	
4	 4	 1	 5	sample157	539	1825	514	51440	0	
4	 4	 1	 6	control	443	1729	256	51440	0	
4	 4	 2	 1	sample158	625	2167	514	53970	0	
4	 4	 2	 2	sample158	471	2013	258	72474	0	
4	 4	 2	 3	sample158	357	1899	258	67848	0	
4	 4	 2	 4	sample158	399	1941	258	61680	0	
4	 4	 2	 5	sample158	232	1774	0	61680	0	
4	 4	 2	 6	control	1050	2592	1028	37008	0	
4	 4	 3	 1	sample159	1478	3020	1542	37008	0	
4	 4	 3	 2	sample159	857	2399	772	74016	0	
4	 4	 3	 3	sample159	1048	2590	1028	40092	0	
4	 4	 3	 4	sample159	931	2473	772	32382	0	
4	 4	 3	 5	sample159	594	2136	514	64764	0	
4	 4	 3	 6	control	128	1928	0	72000	0	
4	 4	 4	 1	sample160	959	2759	1028	108000	0	
4	 4	 4	 2	sample160	966	2766	770	37800	0	
4	 4	 4	 3	sample160	2098	3898	1284	54000	0	
4	 4	 4	 4	sample160	732	2274	772	70932	0	
4	 4	 4	 5	sample160	640	2182	514	60138	0	
4	 4	 4	 6	control	805	2347	772	58596	0	
4	 5	 1	 1	sample161	859	2401	772	72474	0	
4	 5	 1	 2	sample161	824	2366	772	67848	0	
4	 5	 1	 3	sample161	530	2072	514	75558	0	
4	 5	 1	 4	sample161	547	2089	514	49344	0	
4	 5	 1	 5	sample161	464	2006	514	70932	0	
4	 5	 1	 6	control	208	1750	258	55512	0	
4	 5	 2	 1	sample162	1255	3055	1028	46800	0	
4	 5	 2	 2	sample162	1061	2603	1028	61680	0	
4	 5	 2	 3	sample162	449	2249	256	72000	0	
4	 5	 2	 4	sample162	334	2134	256	59400	0	
4	 5	 2	 5	sample162	231	2031	0	72000	0	
4	 5	 2	 6	control	436	2236	256	72000	0	
4	 5	 3	 1	sample163	940	2740	1028	73800	0	
4	 5	 3	 2	sample163	591	2391	514	77400	0	
4	 5	 3	 3	sample163	462	2262	514	72000	0	
4	 5	 3	 4	sample163	500	2300	514	66600	0	
4	 5	 3	 5	sample163	385	2185	256	72000	0	
4	 5	 3	 6	control	231	2031	256	72000	0	
4	 5	 4	 1	sample164	999	2799	1028	82800	0	
4	 5	 4	 2	sample164	757	2557	770	66600	0	
4	 5	 4	 3	sample164	900	2442	772	46260	0	
4	 5	 4	 4	sample164	476	2018	514	61680	0	
4	 5	 4	 5	sample164	604	2146	514	61680	0	
4	 5	 4	 6	control	658	2200	514	52428	0	
4	 6	 1	 1	sample165	1029	2827	1028	53940	0	
4	 6	 1	 2	sample165	1131	2929	1028	35960	0	
4	 6	 1	 3	sample165	425	2223	258	71920	0	
4	 6	 1	 4	sample165	667	2465	514	48546	0	
4	 6	 1	 5	sample165	360	2158	258	71920	0	
4	 6	 1	 6	control	303	2101	258	71920	0	
4	 6	 2	 1	sample166	1334	3132	1286	75516	0	
4	 6	 2	 2	sample166	899	2955	770	45232	0	
4	 6	 2	 3	sample166	884	2682	772	28768	0	
4	 6	 2	 4	sample166	553	2351	514	71920	0	
4	 6	 2	 5	sample166	797	2595	772	35960	0	
4	 6	 2	 6	control	526	2582	514	82240	0	
4	 6	 3	 1	sample167	1257	3313	1028	76072	0	
4	 6	 3	 2	sample167	889	2945	770	76072	0	
4	 6	 3	 3	sample167	520	2576	514	82240	0	
4	 6	 3	 4	sample167	501	2557	514	82240	0	
4	 6	 3	 5	sample167	314	2370	256	82240	0	
4	 6	 3	 6	control	308	2364	256	82240	0	
4	 6	 4	 1	sample168	1084	2882	1028	50344	0	
4	 6	 4	 2	sample168	983	2781	772	50344	0	
4	 6	 4	 3	sample168	534	2332	514	71920	0	
4	 6	 4	 4	sample168	760	2558	772	39556	0	
4	 6	 4	 5	sample168	540	2338	514	71920	0	
4	 6	 4	 6	control	738	2794	770	32896	0	
4	 7	 1	 1	sample169	1212	3010	1028	37758	0	
4	 7	 1	 2	sample169	957	2755	772	84506	0	
4	 7	 1	 3	sample169	1195	2993	1028	35960	0	
4	 7	 1	 4	sample169	398	2454	256	82240	0	
4	 7	 1	 5	sample169	732	2530	514	46748	0	
4	 7	 1	 6	control	335	2133	258	71920	0	
4	 7	 2	 1	sample170	1038	3094	1028	104856	0	
4	 7	 2	 2	sample170	942	2998	770	86352	0	
4	 7	 2	 3	sample170	1000	3056	1028	78128	0	
4	 7	 2	 4	sample170	886	2942	770	59624	0	
4	 7	 2	 5	sample170	546	2602	514	82240	0	
4	 7	 2	 6	control	1092	3148	1028	41120	0	
4	 7	 3	 1	sample171	938	3250	772	78608	0	
4	 7	 3	 2	sample171	745	2801	514	82240	0	
4	 7	 3	 3	sample171	793	2849	770	69904	0	
4	 7	 3	 4	sample171	303	2615	258	92480	0	
4	 7	 3	 5	sample171	501	2557	514	82240	0	
4	 7	 3	 6	control	415	2727	514	41616	0	
4	 7	 4	 1	sample172	711	2767	514	88408	0	
4	 7	 4	 2	sample172	706	2762	514	82240	0	
4	 7	 4	 3	sample172	360	2672	258	92480	0	
4	 7	 4	 4	sample172	425	2737	514	92480	0	
4	 7	 4	 5	sample172	475	2787	514	60112	0	
4	 7	 4	 6	control	853	3165	772	43928	0	
4	 8	 1	 1	sample173	1477	3019	1284	55512	0	
4	 8	 1	 2	sample173	1691	2975	1542	48792	0	
4	 8	 1	 3	sample173	1118	2402	1028	51360	0	
4	 8	 1	 4	sample173	854	2396	770	57054	0	
4	 8	 1	 5	sample173	630	1914	772	48792	0	
4	 8	 1	 6	control	429	1713	514	23112	0	
4	 8	 2	 1	sample174	777	2319	770	61680	0	
4	 8	 2	 2	sample174	874	2416	770	72474	0	
4	 8	 2	 3	sample174	582	2124	514	69390	0	
4	 8	 2	 4	sample174	469	2011	514	61680	0	
4	 8	 2	 5	sample174	379	1921	256	61680	0	
4	 8	 2	 6	control	828	2370	770	41634	0	
4	 8	 3	 1	sample175	431	2229	514	71920	0	
4	 8	 3	 2	sample175	454	2252	514	91698	0	
4	 8	 3	 3	sample175	399	2197	258	71920	0	
4	 8	 3	 4	sample175	283	2081	258	71920	0	
4	 8	 3	 5	sample175	225	2023	258	71920	0	
4	 8	 3	 6	control	71.1	1869	0	71920	0	
4	 8	 4	 1	sample176	743	2541	514	80910	0	
4	 8	 4	 2	sample176	755	2553	772	55738	0	
4	 8	 4	 3	sample176	476	2274	514	71920	0	
4	 8	 4	 4	sample176	470	2268	514	71920	0	
4	 8	 4	 5	sample176	231	2287	256	82240	0	
4	 8	 4	 6	control	536	2592	514	47288	0	
4	 9	 1	 1	sample177	1042	2326	1028	24396	0	
4	 9	 1	 2	sample177	680	1964	514	61632	0	
4	 9	 1	 3	sample177	725	2009	772	42372	0	
4	 9	 1	 4	sample177	650	1934	514	24396	0	
4	 9	 1	 5	sample177	463	1747	514	44940	0	
4	 9	 1	 6	control	348	1632	258	51360	0	
4	 9	 2	 1	sample178	1343	2885	1284	33924	0	
4	 9	 2	 2	sample178	559	2101	514	69390	0	
4	 9	 2	 3	sample178	631	2173	514	74016	0	
4	 9	 2	 4	sample178	694	1978	772	51360	0	
4	 9	 2	 5	sample178	225	1767	0	61680	0	
4	 9	 2	 6	control	747	2289	770	33924	0	
4	 9	 3	 1	sample179	704	2502	514	75516	0	
4	 9	 3	 2	sample179	549	2347	514	66526	0	
4	 9	 3	 3	sample179	661	2203	514	61680	0	
4	 9	 3	 4	sample179	685	2227	514	50886	0	
4	 9	 3	 5	sample179	206	2004	258	71920	0	
4	 9	 3	 6	control	64.7	1863	0	71920	0	
4	 9	 4	 1	sample180	1195	2993	1286	30566	0	
4	 9	 4	 2	sample180	741	2539	772	89900	0	
4	 9	 4	 3	sample180	534	2332	514	71920	0	
4	 9	 4	 4	sample180	502	2300	514	71920	0	
4	 9	 4	 5	sample180	555	2353	514	57536	0	
4	 9	 4	 6	control	572	2370	514	71920	0	
4	 10	 1	 1	sample181	1035	3091	772	88408	0	
4	 10	 1	 2	sample181	848	2904	1028	82240	0	
4	 10	 1	 3	sample181	841	2897	772	53456	0	
4	 10	 1	 4	sample181	886	2942	1028	37008	0	
4	 10	 1	 5	sample181	857	2913	772	37008	0	
4	 10	 1	 6	control	747	2803	772	43176	0	
4	 10	 2	 1	sample182	931	3245	770	92560	0	
4	 10	 2	 2	sample182	1186	3242	1028	90464	0	
4	 10	 2	 3	sample182	682	2996	770	134212	0	
4	 10	 2	 4	sample182	532	2846	514	94874	0	
4	 10	 2	 5	sample182	583	2897	514	85618	0	
4	 10	 2	 6	control	1051	3365	770	76362	0	
4	 10	 3	 1	sample183	1114	3684	1028	77100	0	
4	 10	 3	 2	sample183	1057	3627	1028	46260	0	
4	 10	 3	 3	sample183	661	2975	770	108758	0	
4	 10	 3	 4	sample183	689	3003	514	94874	0	
4	 10	 3	 5	sample183	548	3118	514	59110	0	
4	 10	 3	 6	control	219	2789	258	102800	0	
4	 10	 4	 1	sample184	892	3462	772	82240	0	
4	 10	 4	 2	sample184	702	3272	514	105370	0	
4	 10	 4	 3	sample184	450	3020	514	102800	0	
4	 10	 4	 4	sample184	648	3218	514	74530	0	
4	 10	 4	 5	sample184	720	3290	514	77100	0	
4	 10	 4	 6	control	437	3007	514	102800	0	
4	 11	 1	 1	sample185	806	2348	770	132612	0	
4	 11	 1	 2	sample185	1232	2516	1028	55212	0	
4	 11	 1	 3	sample185	1079	2621	1028	30840	0	
4	 11	 1	 4	sample185	698	1982	772	53928	0	
4	 11	 1	 5	sample185	818	2102	772	28248	0	
4	 11	 1	 6	control	186	1728	0	61680	0	
4	 11	 2	 1	sample186	828	2370	770	75558	0	
4	 11	 2	 2	sample186	867	2409	770	69390	0	
4	 11	 2	 3	sample186	883	2425	770	24672	0	
4	 11	 2	 4	sample186	526	2068	514	61680	0	
4	 11	 2	 5	sample186	612	2154	514	40092	0	
4	 11	 2	 6	control	988	2530	770	60138	0	
4	 11	 3	 1	sample187	1345	3143	1286	53940	0	
4	 11	 3	 2	sample187	930	2728	772	70122	0	
4	 11	 3	 3	sample187	818	2616	772	39556	0	
4	 11	 3	 4	sample187	681	2223	514	61680	0	
4	 11	 3	 5	sample187	453	2251	514	37758	0	
4	 11	 3	 6	control	499	2297	514	30566	0	
4	 11	 4	 1	sample188	623	2679	514	96632	0	
4	 11	 4	 2	sample188	900	2698	1028	35960	0	
4	 11	 4	 3	sample188	470	2268	258	71920	0	
4	 11	 4	 4	sample188	444	2242	514	71920	0	
4	 11	 4	 5	sample188	460	2258	514	68324	0	
4	 11	 4	 6	control	919	2717	772	50344	0	
4	 12	 1	 1	sample189	642	1928	514	51440	0	
4	 12	 1	 2	sample189	817	2103	514	28292	0	
4	 12	 1	 3	sample189	906	2448	514	32382	0	
4	 12	 1	 4	sample189	677	2219	514	58596	0	
4	 12	 1	 5	sample189	501	2301	256	72000	0	
4	 12	 1	 6	control	675	2731	514	82240	0	
4	 12	 2	 1	sample190	1188	2474	1028	61728	0	
4	 12	 2	 2	sample190	1462	2748	1284	57870	0	
4	 12	 2	 3	sample190	1067	2609	1028	61680	0	
4	 12	 2	 4	sample190	790	2332	772	64764	0	
4	 12	 2	 5	sample190	693	2493	514	77400	0	
4	 12	 2	 6	control	1057	3113	772	74016	0	
4	 12	 3	 1	sample191	437	1979	258	61680	0	
4	 12	 3	 2	sample191	695	2237	514	61680	0	
4	 12	 3	 3	sample191	1040	2582	772	33924	0	
4	 12	 3	 4	sample191	507	2307	256	77400	0	
4	 12	 3	 5	sample191	520	2320	256	72000	0	
4	 12	 3	 6	control	572	2628	514	82240	0	
4	 12	 4	 1	sample192	696	2238	514	67848	0	
4	 12	 4	 2	sample192	707	2249	514	61680	0	
4	 12	 4	 3	sample192	1051	2593	772	35466	0	
4	 12	 4	 4	sample192	494	2294	256	72000	0	
4	 12	 4	 5	sample192	604	2404	514	66600	0	
4	 12	 4	 6	control	834	2890	772	76072	0	
