MicroVigene	 Version	 2650
Culture	en-US
8/16/2006 9:15:23 AM
Roi Row	 4	 Roi Col	 12	 Main Row	 4	 Main Col	 6	 Sub Row	 1	 Sub Col	 1
Main Row	 Main Col	 Sub Row	 Sub Col	  GeneID	mean_net	 mean_total	 median_net	 vol_bkg	 vol_dust	 
1	 1	 1	 1	sample1	4541	8395	4884	277488	0	
1	 1	 1	 2	sample1	3537	7135	4112	273448	0	
1	 1	 1	 3	sample1	1975	5573	2056	183498	0	
1	 1	 1	 4	sample1	1362	4960	1028	143920	0	
1	 1	 1	 5	sample1	1124	4722	770	143920	0	
1	 1	 1	 6	control	868	4722	258	154160	0	
1	 1	 2	 1	sample2	4671	8269	4626	223076	0	
1	 1	 2	 2	sample2	7020	10618	7452	237468	0	
1	 1	 2	 3	sample2	4128	7726	4368	277046	0	
1	 1	 2	 4	sample2	2162	5760	2312	277046	0	
1	 1	 2	 5	sample2	1649	5247	1542	172704	0	
1	 1	 2	 6	control	5680	9278	6424	241066	0	
1	 1	 3	 1	sample3	15796	19394	19274	269850	0	
1	 1	 3	 2	sample3	15684	19538	17734	292904	0	
1	 1	 3	 3	sample3	14785	18639	17476	277488	0	
1	 1	 3	 4	sample3	12426	16024	13620	244664	0	
1	 1	 3	 5	sample3	6645	10243	6168	302232	0	
1	 1	 3	 6	control	425	4279	0	154160	0	
1	 1	 4	 1	sample4	14242	17840	16190	266252	0	
1	 1	 4	 2	sample4	13568	17166	16190	284242	0	
1	 1	 4	 3	sample4	11697	15295	13106	259056	0	
1	 1	 4	 4	sample4	7554	11152	7452	255458	0	
1	 1	 4	 5	sample4	4159	7757	4112	251860	0	
1	 1	 4	 6	control	4079	7677	4112	255458	0	
1	 2	 1	 1	sample5	12645	16499	13878	385400	0	
1	 2	 1	 2	sample5	13496	17350	15678	331444	0	
1	 2	 1	 3	sample5	10448	14302	10794	319882	0	
1	 2	 1	 4	sample5	7273	11127	7454	296758	0	
1	 2	 1	 5	sample5	6050	9904	5654	285196	0	
1	 2	 1	 6	control	706	4818	256	164480	0	
1	 2	 2	 1	sample6	5618	9472	5654	273634	0	
1	 2	 2	 2	sample6	4825	8679	4626	289050	0	
1	 2	 2	 3	sample6	5094	8948	6168	300612	0	
1	 2	 2	 4	sample6	3921	7775	4112	289050	0	
1	 2	 2	 5	sample6	2128	5982	2314	289050	0	
1	 2	 2	 6	control	6262	10116	6940	285196	0	
1	 2	 3	 1	sample7	13319	17173	14392	281342	0	
1	 2	 3	 2	sample7	13538	17650	14392	308400	0	
1	 2	 3	 3	sample7	13361	17215	14392	281342	0	
1	 2	 3	 4	sample7	11083	14937	11566	250510	0	
1	 2	 3	 5	sample7	6057	9655	5654	284242	0	
1	 2	 3	 6	control	373	4227	258	154160	0	
1	 2	 4	 1	sample8	11732	15330	12592	269850	0	
1	 2	 4	 2	sample8	7185	11039	7454	262072	0	
1	 2	 4	 3	sample8	13693	17547	14650	289050	0	
1	 2	 4	 4	sample8	8685	12539	8482	204262	0	
1	 2	 4	 5	sample8	5993	9591	5910	269850	0	
1	 2	 4	 6	control	4592	8190	4626	248262	0	
1	 3	 1	 1	sample9	18111	21709	22102	259056	0	
1	 3	 1	 2	sample9	17718	21572	20560	265926	0	
1	 3	 1	 3	sample9	15947	19801	17990	235094	0	
1	 3	 1	 4	sample9	13035	16889	14650	246656	0	
1	 3	 1	 5	sample9	9045	12643	10022	219478	0	
1	 3	 1	 6	control	559	4413	258	154160	0	
1	 3	 2	 1	sample10	14828	18426	16448	226674	0	
1	 3	 2	 2	sample10	15583	19181	17476	226674	0	
1	 3	 2	 3	sample10	15124	18722	17476	241066	0	
1	 3	 2	 4	sample10	12343	15941	13364	248262	0	
1	 3	 2	 5	sample10	9645	13243	10022	230272	0	
1	 3	 2	 6	control	7604	11202	8480	237468	0	
1	 3	 3	 1	sample11	5790	9130	6426	190380	0	
1	 3	 3	 2	sample11	5030	8370	5654	187040	0	
1	 3	 3	 3	sample11	2740	6080	2570	207080	0	
1	 3	 3	 4	sample11	2644	5984	2828	46760	0	
1	 3	 3	 5	sample11	990	4330	772	133600	0	
1	 3	 3	 6	control	232	3572	0	133600	0	
1	 3	 4	 1	sample12	5314	8398	4882	181956	0	
1	 3	 4	 2	sample12	4849	7933	4882	163452	0	
1	 3	 4	 3	sample12	6298	9382	6682	200460	0	
1	 3	 4	 4	sample12	2878	6218	3084	187040	0	
1	 3	 4	 5	sample12	1400	4740	1286	120240	0	
1	 3	 4	 6	control	6595	9935	7196	156980	0	
1	 4	 1	 1	sample13	17683	21539	18760	323904	0	
1	 4	 1	 2	sample13	18087	21943	21844	293056	0	
1	 4	 1	 3	sample13	15146	19002	17476	293056	0	
1	 4	 1	 4	sample13	11443	15299	12336	285344	0	
1	 4	 1	 5	sample13	8668	12524	8738	269920	0	
1	 4	 1	 6	control	578	4434	256	154240	0	
1	 4	 2	 1	sample14	17098	20696	19532	259056	0	
1	 4	 2	 2	sample14	15688	19286	17476	273448	0	
1	 4	 2	 3	sample14	14042	17640	15420	287840	0	
1	 4	 2	 4	sample14	12746	16344	14392	248262	0	
1	 4	 2	 5	sample14	9249	12847	8482	269850	0	
1	 4	 2	 6	control	6078	9676	6426	255458	0	
1	 4	 3	 1	sample15	6164	9506	6938	230598	0	
1	 4	 3	 2	sample15	3398	6740	3598	223914	0	
1	 4	 3	 3	sample15	2578	5920	2826	210546	0	
1	 4	 3	 4	sample15	1400	4742	1284	133680	0	
1	 4	 3	 5	sample15	835	4177	770	133680	0	
1	 4	 3	 6	control	527	4125	258	143920	0	
1	 4	 4	 1	sample16	3131	6215	3342	203544	0	
1	 4	 4	 2	sample16	2300	5384	2056	175788	0	
1	 4	 4	 3	sample16	3138	6222	3342	222048	0	
1	 4	 4	 4	sample16	1602	4686	1542	132612	0	
1	 4	 4	 5	sample16	1112	4196	1028	123360	0	
1	 4	 4	 6	control	4679	7763	4884	181956	0	
1	 5	 1	 1	sample17	7713	11569	8224	296912	0	
1	 5	 1	 2	sample17	5449	9305	5654	285344	0	
1	 5	 1	 3	sample17	3266	7378	3598	209712	0	
1	 5	 1	 4	sample17	2877	6733	3084	196656	0	
1	 5	 1	 5	sample17	1509	5365	1284	154240	0	
1	 5	 1	 6	control	636	4492	514	154240	0	
1	 5	 2	 1	sample18	13674	17530	14906	258352	0	
1	 5	 2	 2	sample18	14573	18685	16448	291952	0	
1	 5	 2	 3	sample18	13907	18019	16448	333072	0	
1	 5	 2	 4	sample18	10953	14809	11822	285344	0	
1	 5	 2	 5	sample18	8333	11931	8224	273448	0	
1	 5	 2	 6	control	8319	11917	9510	244664	0	
1	 5	 3	 1	sample19	17941	21797	20816	266064	0	
1	 5	 3	 2	sample19	17270	21126	20560	285344	0	
1	 5	 3	 3	sample19	17171	21027	19532	293056	0	
1	 5	 3	 4	sample19	15880	19736	18246	258352	0	
1	 5	 3	 5	sample19	11105	14703	11822	291438	0	
1	 5	 3	 6	control	372	3714	256	133680	0	
1	 5	 4	 1	sample20	12625	15967	12850	264018	0	
1	 5	 4	 2	sample20	12912	16254	13364	300780	0	
1	 5	 4	 3	sample20	12143	15741	11822	277046	0	
1	 5	 4	 4	sample20	9344	12686	9508	223914	0	
1	 5	 4	 5	sample20	6021	9363	5396	233940	0	
1	 5	 4	 6	control	3614	6956	2570	370962	0	
1	 6	 1	 1	sample21	14616	18472	16190	339328	0	
1	 6	 1	 2	sample21	16399	20255	19018	304624	0	
1	 6	 1	 3	sample21	12846	16702	13364	300768	0	
1	 6	 1	 4	sample21	8025	11881	7966	304624	0	
1	 6	 1	 5	sample21	5184	9040	4882	289200	0	
1	 6	 1	 6	control	623	4479	514	154240	0	
1	 6	 2	 1	sample22	6980	10578	6168	273448	0	
1	 6	 2	 2	sample22	10064	13662	9766	298634	0	
1	 6	 2	 3	sample22	8610	12208	9766	280644	0	
1	 6	 2	 4	sample22	5898	9240	5654	267360	0	
1	 6	 2	 5	sample22	4012	7354	3854	250650	0	
1	 6	 2	 6	control	8609	11951	8738	220572	0	
1	 6	 3	 1	sample23	6330	9672	6424	253992	0	
1	 6	 3	 2	sample23	6928	10270	6938	257334	0	
1	 6	 3	 3	sample23	3590	6932	3340	240624	0	
1	 6	 3	 4	sample23	2140	5224	2056	123360	0	
1	 6	 3	 5	sample23	894	3978	772	123360	0	
1	 6	 3	 6	control	341	3425	258	123360	0	
1	 6	 4	 1	sample24	9645	12729	9510	228216	0	
1	 6	 4	 2	sample24	5507	8591	5140	209712	0	
1	 6	 4	 3	sample24	4832	7916	5140	231300	0	
1	 6	 4	 4	sample24	1903	4987	1800	237468	0	
1	 6	 4	 5	sample24	1099	4183	1028	123360	0	
1	 6	 4	 6	control	6384	9468	7196	191208	0	
1	 7	 1	 1	sample25	17108	20964	20046	331616	0	
1	 7	 1	 2	sample25	16226	20082	17218	362464	0	
1	 7	 1	 3	sample25	14791	18389	16448	280644	0	
1	 7	 1	 4	sample25	10455	13797	10794	253992	0	
1	 7	 1	 5	sample25	7988	11330	8738	243966	0	
1	 7	 1	 6	control	771	4113	256	133680	0	
1	 7	 2	 1	sample26	9020	12618	9766	266252	0	
1	 7	 2	 2	sample26	9647	13245	10538	262654	0	
1	 7	 2	 3	sample26	7561	10903	7966	260676	0	
1	 7	 2	 4	sample26	4243	7585	3854	247308	0	
1	 7	 2	 5	sample26	2962	6046	2828	141864	0	
1	 7	 2	 6	control	8119	11203	8996	225132	0	
1	 7	 3	 1	sample27	6316	9658	6168	237282	0	
1	 7	 3	 2	sample27	8590	11932	8480	243966	0	
1	 7	 3	 3	sample27	5154	8238	4884	228216	0	
1	 7	 3	 4	sample27	3238	6322	3084	144948	0	
1	 7	 3	 5	sample27	2086	4914	2056	144228	0	
1	 7	 3	 6	control	386	3470	0	123360	0	
1	 7	 4	 1	sample28	8300	11384	7968	231300	0	
1	 7	 4	 2	sample28	4826	7910	4626	222048	0	
1	 7	 4	 3	sample28	3157	6241	3342	163452	0	
1	 7	 4	 4	sample28	2288	5116	2570	149884	0	
1	 7	 4	 5	sample28	1112	4196	1028	123360	0	
1	 7	 4	 6	control	3965	7049	4370	209712	0	
1	 8	 1	 1	sample29	10004	13860	11308	312336	0	
1	 8	 1	 2	sample29	10503	14359	11822	293056	0	
1	 8	 1	 3	sample29	7130	10986	7710	304624	0	
1	 8	 1	 4	sample29	3746	7602	3598	266064	0	
1	 8	 1	 5	sample29	2995	6593	3084	154714	0	
1	 8	 1	 6	control	746	4344	514	143920	0	
1	 8	 2	 1	sample30	14006	17862	16448	277632	0	
1	 8	 2	 2	sample30	15875	19987	17476	304288	0	
1	 8	 2	 3	sample30	15122	18978	16448	293056	0	
1	 8	 2	 4	sample30	12978	16834	13106	293056	0	
1	 8	 2	 5	sample30	10456	14054	11052	273448	0	
1	 8	 2	 6	control	6842	10440	7968	237468	0	
1	 8	 3	 1	sample31	5981	9837	6938	254496	0	
1	 8	 3	 2	sample31	5725	9581	5654	262208	0	
1	 8	 3	 3	sample31	2969	6567	3084	248262	0	
1	 8	 3	 4	sample31	1395	4993	1286	143920	0	
1	 8	 3	 5	sample31	874	4472	772	143920	0	
1	 8	 3	 6	control	282	3624	0	133680	0	
1	 8	 4	 1	sample32	17062	20660	19532	269850	0	
1	 8	 4	 2	sample32	12237	15835	14136	241066	0	
1	 8	 4	 3	sample32	15406	19004	17476	255458	0	
1	 8	 4	 4	sample32	10333	13931	11566	244664	0	
1	 8	 4	 5	sample32	9010	12352	8994	217230	0	
1	 8	 4	 6	control	5131	8473	5140	197178	0	
1	 9	 1	 1	sample33	15407	20033	17732	374706	0	
1	 9	 1	 2	sample33	13880	18506	14392	439470	0	
1	 9	 1	 3	sample33	9220	13846	10280	337698	0	
1	 9	 1	 4	sample33	7986	12354	7710	428064	0	
1	 9	 1	 5	sample33	5513	9881	5654	301392	0	
1	 9	 1	 6	control	547	4915	258	174720	0	
1	 9	 2	 1	sample34	13081	17707	13878	323820	0	
1	 9	 2	 2	sample34	15487	20113	16962	300690	0	
1	 9	 2	 3	sample34	13961	18329	15420	340704	0	
1	 9	 2	 4	sample34	12535	16903	13622	323232	0	
1	 9	 2	 5	sample34	11945	16057	12592	308400	0	
1	 9	 2	 6	control	7069	11181	7452	267280	0	
1	 9	 3	 1	sample35	5226	9594	5140	288288	0	
1	 9	 3	 2	sample35	2259	6627	2314	248976	0	
1	 9	 3	 3	sample35	1874	5986	1798	209712	0	
1	 9	 3	 4	sample35	1220	5332	1284	164480	0	
1	 9	 3	 5	sample35	817	4671	772	154160	0	
1	 9	 3	 6	control	412	4266	258	154160	0	
1	 9	 4	 1	sample36	9645	13757	9508	308400	0	
1	 9	 4	 2	sample36	11164	15276	11564	250832	0	
1	 9	 4	 3	sample36	13543	17655	12850	300176	0	
1	 9	 4	 4	sample36	9964	13818	9252	250510	0	
1	 9	 4	 5	sample36	6922	10776	5912	231240	0	
1	 9	 4	 6	control	4545	8399	4112	219678	0	
1	 10	 1	 1	sample37	15772	19112	18504	290580	0	
1	 10	 1	 2	sample37	15648	19246	17732	291438	0	
1	 10	 1	 3	sample37	12992	16332	15164	253840	0	
1	 10	 1	 4	sample37	10261	13601	11052	217100	0	
1	 10	 1	 5	sample37	8308	11392	8738	225132	0	
1	 10	 1	 6	control	649	3989	258	133600	0	
1	 10	 2	 1	sample38	11459	14799	11822	250500	0	
1	 10	 2	 2	sample38	12016	15356	13622	257180	0	
1	 10	 2	 3	sample38	11636	14720	13106	243636	0	
1	 10	 2	 4	sample38	9641	12725	10794	215880	0	
1	 10	 2	 5	sample38	7882	10966	7966	225132	0	
1	 10	 2	 6	control	5622	8706	5654	200460	0	
1	 10	 3	 1	sample39	12216	15300	14392	225132	0	
1	 10	 3	 2	sample39	11081	14165	12592	234384	0	
1	 10	 3	 3	sample39	9449	12533	10536	212796	0	
1	 10	 3	 4	sample39	4092	6918	4112	178038	0	
1	 10	 3	 5	sample39	2427	5253	2056	217602	0	
1	 10	 3	 6	control	321	3405	0	123360	0	
1	 10	 4	 1	sample40	3402	6228	3598	180864	0	
1	 10	 4	 2	sample40	2528	5354	2828	169560	0	
1	 10	 4	 3	sample40	3789	6615	4112	186516	0	
1	 10	 4	 4	sample40	1367	4193	1286	115866	0	
1	 10	 4	 5	sample40	945	3771	772	113040	0	
1	 10	 4	 6	control	5053	7879	4370	166734	0	
1	 11	 1	 1	sample41	14929	18785	16190	300768	0	
1	 11	 1	 2	sample41	13382	17238	14648	316192	0	
1	 11	 1	 3	sample41	10788	14386	11052	277046	0	
1	 11	 1	 4	sample41	8282	11880	8224	255458	0	
1	 11	 1	 5	sample41	5550	9148	5654	284242	0	
1	 11	 1	 6	control	1600	5198	1286	64764	0	
1	 11	 2	 1	sample42	14470	18068	15420	273448	0	
1	 11	 2	 2	sample42	14122	17978	16190	308480	0	
1	 11	 2	 3	sample42	13101	16699	15420	295036	0	
1	 11	 2	 4	sample42	11918	15516	12850	280644	0	
1	 11	 2	 5	sample42	10879	14221	10536	240624	0	
1	 11	 2	 6	control	5945	9287	6424	223914	0	
1	 11	 3	 1	sample43	8400	11998	8738	226674	0	
1	 11	 3	 2	sample43	5863	9461	5398	363398	0	
1	 11	 3	 3	sample43	4358	7956	4370	251860	0	
1	 11	 3	 4	sample43	3088	6430	2826	203862	0	
1	 11	 3	 5	sample43	2358	5442	2314	141864	0	
1	 11	 3	 6	control	431	3515	258	123360	0	
1	 11	 4	 1	sample44	12914	16256	14134	253992	0	
1	 11	 4	 2	sample44	11727	15069	11822	243966	0	
1	 11	 4	 3	sample44	8526	11868	9252	247308	0	
1	 11	 4	 4	sample44	6085	9169	6426	228216	0	
1	 11	 4	 5	sample44	4104	7188	4370	191208	0	
1	 11	 4	 6	control	4378	7462	4884	181956	0	
1	 12	 1	 1	sample45	5695	8779	5910	191208	0	
1	 12	 1	 2	sample45	3529	6613	3854	209712	0	
1	 12	 1	 3	sample45	2394	5478	2312	194292	0	
1	 12	 1	 4	sample45	1181	4521	1028	123580	0	
1	 12	 1	 5	sample45	1330	4670	1028	133600	0	
1	 12	 1	 6	control	873	4471	514	143920	0	
1	 12	 2	 1	sample46	7877	10961	8994	185040	0	
1	 12	 2	 2	sample46	10462	13546	11822	181956	0	
1	 12	 2	 3	sample46	10683	13767	11822	200460	0	
1	 12	 2	 4	sample46	8232	11316	8738	194292	0	
1	 12	 2	 5	sample46	4765	8105	4626	210420	0	
1	 12	 2	 6	control	5141	8481	5654	173680	0	
1	 12	 3	 1	sample47	4699	7525	5398	169560	0	
1	 12	 3	 2	sample47	2900	5726	3342	149778	0	
1	 12	 3	 3	sample47	1847	4931	1798	197376	0	
1	 12	 3	 4	sample47	1124	4208	770	123360	0	
1	 12	 3	 5	sample47	1021	4105	770	123360	0	
1	 12	 3	 6	control	630	3970	258	133600	0	
1	 12	 4	 1	sample48	9333	12159	10538	172386	0	
1	 12	 4	 2	sample48	9051	11877	9766	158256	0	
1	 12	 4	 3	sample48	10279	13363	11308	188124	0	
1	 12	 4	 4	sample48	10207	13291	11050	197376	0	
1	 12	 4	 5	sample48	6758	9842	6938	175788	0	
1	 12	 4	 6	control	5450	8790	5912	163660	0	
2	 1	 1	 1	sample49	17852	21450	21330	349006	0	
2	 1	 1	 2	sample49	16683	20281	18760	298634	0	
2	 1	 1	 3	sample49	15523	18863	18504	283900	0	
2	 1	 1	 4	sample49	13003	16343	14650	270540	0	
2	 1	 1	 5	sample49	9394	12734	10024	267200	0	
2	 1	 1	 6	control	521	3861	258	133600	0	
2	 1	 2	 1	sample50	6749	10089	7196	233800	0	
2	 1	 2	 2	sample50	8209	11549	8482	273880	0	
2	 1	 2	 3	sample50	9196	12536	10538	273880	0	
2	 1	 2	 4	sample50	5927	9267	5654	273880	0	
2	 1	 2	 5	sample50	3697	7037	3598	297260	0	
2	 1	 2	 6	control	9175	12515	10538	243820	0	
2	 1	 3	 1	sample51	5580	8920	5912	240480	0	
2	 1	 3	 2	sample51	7122	10206	7710	225132	0	
2	 1	 3	 3	sample51	5488	8572	5396	277560	0	
2	 1	 3	 4	sample51	3099	6183	3084	206628	0	
2	 1	 3	 5	sample51	1688	5028	1542	177020	0	
2	 1	 3	 6	control	437	3777	514	133600	0	
2	 1	 4	 1	sample52	6163	9247	5396	326904	0	
2	 1	 4	 2	sample52	5445	8271	5912	214776	0	
2	 1	 4	 3	sample52	3536	6362	3598	220428	0	
2	 1	 4	 4	sample52	2852	5678	2828	59346	0	
2	 1	 4	 5	sample52	1162	4246	1284	123360	0	
2	 1	 4	 6	control	5607	8691	6424	188124	0	
2	 2	 1	 1	sample53	11188	14786	11822	248262	0	
2	 2	 1	 2	sample53	7262	10860	8224	251860	0	
2	 2	 1	 3	sample53	4942	8796	5398	289050	0	
2	 2	 1	 4	sample53	2634	6232	3084	244664	0	
2	 2	 1	 5	sample53	1895	5493	2056	143920	0	
2	 2	 1	 6	control	868	4722	514	154160	0	
2	 2	 2	 1	sample54	16297	20151	17990	281342	0	
2	 2	 2	 2	sample54	15859	19713	16192	250510	0	
2	 2	 2	 3	sample54	16598	20452	17734	277488	0	
2	 2	 2	 4	sample54	15436	19290	16192	254364	0	
2	 2	 2	 5	sample54	12666	16520	14392	273634	0	
2	 2	 2	 6	control	7743	11855	8480	254944	0	
2	 2	 3	 1	sample55	19026	22880	22360	250510	0	
2	 2	 3	 2	sample55	18178	22032	20304	242802	0	
2	 2	 3	 3	sample55	16562	20416	16192	235094	0	
2	 2	 3	 4	sample55	11464	15318	12336	242802	0	
2	 2	 3	 5	sample55	7659	11257	7710	237468	0	
2	 2	 3	 6	control	354	4208	258	154160	0	
2	 2	 4	 1	sample56	8534	11874	9766	213760	0	
2	 2	 4	 2	sample56	8198	11538	8996	227120	0	
2	 2	 4	 3	sample56	7453	10793	7710	207080	0	
2	 2	 4	 4	sample56	5172	8512	4884	220440	0	
2	 2	 4	 5	sample56	1676	5274	1798	151116	0	
2	 2	 4	 6	control	8343	11941	9766	194292	0	
2	 3	 1	 1	sample57	21367	25993	25186	383958	0	
2	 3	 1	 2	sample57	20646	25014	25444	380016	0	
2	 3	 1	 3	sample57	19609	23977	21846	336336	0	
2	 3	 1	 4	sample57	16719	21087	19018	336336	0	
2	 3	 1	 5	sample57	14135	18247	15676	300176	0	
2	 3	 1	 6	control	597	4709	514	164480	0	
2	 3	 2	 1	sample58	17384	22266	17734	258746	0	
2	 3	 2	 2	sample58	16758	21384	19532	333072	0	
2	 3	 2	 3	sample58	14419	18787	16192	375648	0	
2	 3	 2	 4	sample58	12546	16914	14136	327600	0	
2	 3	 2	 5	sample58	8873	12985	8738	320736	0	
2	 3	 2	 6	control	8712	12566	9252	258218	0	
2	 3	 3	 1	sample59	12061	16173	13364	296064	0	
2	 3	 3	 2	sample59	11172	15284	13106	287840	0	
2	 3	 3	 3	sample59	6705	10817	6938	271392	0	
2	 3	 3	 4	sample59	4796	8908	4368	279616	0	
2	 3	 3	 5	sample59	3046	6900	3084	154160	0	
2	 3	 3	 6	control	296	4150	258	154160	0	
2	 3	 4	 1	sample60	11113	14967	11566	308320	0	
2	 3	 4	 2	sample60	9369	13223	10794	254364	0	
2	 3	 4	 3	sample60	12480	16334	12850	289050	0	
2	 3	 4	 4	sample60	8968	12822	7968	285196	0	
2	 3	 4	 5	sample60	7330	10928	6424	241066	0	
2	 3	 4	 6	control	6274	9872	7196	208684	0	
2	 4	 1	 1	sample61	18563	22419	22616	316192	0	
2	 4	 1	 2	sample61	18925	22781	22616	269920	0	
2	 4	 1	 3	sample61	17435	21291	19274	269920	0	
2	 4	 1	 4	sample61	11657	15513	13106	277632	0	
2	 4	 1	 5	sample61	7711	11309	7454	237468	0	
2	 4	 1	 6	control	579	4177	514	143920	0	
2	 4	 2	 1	sample62	8941	12539	8738	219478	0	
2	 4	 2	 2	sample62	6659	10515	6424	219792	0	
2	 4	 2	 3	sample62	4937	8535	4884	241066	0	
2	 4	 2	 4	sample62	2535	6133	2828	233870	0	
2	 4	 2	 5	sample62	1561	5159	1542	151116	0	
2	 4	 2	 6	control	8944	12542	9766	233870	0	
2	 4	 3	 1	sample63	8743	12341	9252	212282	0	
2	 4	 3	 2	sample63	7677	11275	8224	219478	0	
2	 4	 3	 3	sample63	4753	8351	5140	190694	0	
2	 4	 3	 4	sample63	2686	6284	3084	208684	0	
2	 4	 3	 5	sample63	1228	4826	1286	143920	0	
2	 4	 3	 6	control	611	4209	514	143920	0	
2	 4	 4	 1	sample64	9533	12875	11308	213888	0	
2	 4	 4	 2	sample64	5968	9310	6424	210546	0	
2	 4	 4	 3	sample64	3488	6830	3854	203862	0	
2	 4	 4	 4	sample64	1815	5157	2056	160416	0	
2	 4	 4	 5	sample64	1233	4575	1028	133680	0	
2	 4	 4	 6	control	7191	10533	6424	207204	0	
2	 5	 1	 1	sample65	9027	12883	8738	308480	0	
2	 5	 1	 2	sample65	8149	11747	8738	269850	0	
2	 5	 1	 3	sample65	6155	9753	5654	284242	0	
2	 5	 1	 4	sample65	3014	6612	3084	143920	0	
2	 5	 1	 5	sample65	2048	5646	2056	111538	0	
2	 5	 1	 6	control	726	4324	258	143920	0	
2	 5	 2	 1	sample66	5941	9797	5654	296912	0	
2	 5	 2	 2	sample66	5288	9144	5910	246784	0	
2	 5	 2	 3	sample66	3852	7450	3598	251860	0	
2	 5	 2	 4	sample66	2606	6204	2570	183498	0	
2	 5	 2	 5	sample66	1566	5164	1542	158312	0	
2	 5	 2	 6	control	9193	12535	9508	207204	0	
2	 5	 3	 1	sample67	17461	21317	19274	289200	0	
2	 5	 3	 2	sample67	18876	22732	20046	266064	0	
2	 5	 3	 3	sample67	16426	20282	16962	277632	0	
2	 5	 3	 4	sample67	14013	17611	13108	241066	0	
2	 5	 3	 5	sample67	8598	11940	7196	277386	0	
2	 5	 3	 6	control	539	3881	256	133680	0	
2	 5	 4	 1	sample68	14808	18406	16706	262654	0	
2	 5	 4	 2	sample68	12717	16315	12850	255458	0	
2	 5	 4	 3	sample68	13057	16399	14392	240624	0	
2	 5	 4	 4	sample68	10500	13842	10536	233940	0	
2	 5	 4	 5	sample68	7156	10240	6940	215880	0	
2	 5	 4	 6	control	4089	7173	3856	200460	0	
2	 6	 1	 1	sample69	12388	15472	13622	246720	0	
2	 6	 1	 2	sample69	11090	14174	10794	228216	0	
2	 6	 1	 3	sample69	9337	12421	9766	225132	0	
2	 6	 1	 4	sample69	5499	8327	5654	197960	0	
2	 6	 1	 5	sample69	3402	6230	3598	130088	0	
2	 6	 1	 6	control	630	3714	258	123360	0	
2	 6	 2	 1	sample70	7271	10099	6682	183820	0	
2	 6	 2	 2	sample70	6827	9655	6938	189476	0	
2	 6	 2	 3	sample70	4879	7707	4882	197960	0	
2	 6	 2	 4	sample70	3107	5935	3084	189476	0	
2	 6	 2	 5	sample70	1863	4691	1798	147056	0	
2	 6	 2	 6	control	8688	11516	8738	192304	0	
2	 6	 3	 1	sample71	8288	11116	8738	180992	0	
2	 6	 3	 2	sample71	5456	8284	5396	209272	0	
2	 6	 3	 3	sample71	3472	6042	3342	203030	0	
2	 6	 3	 4	sample71	1806	4376	1800	102800	0	
2	 6	 3	 5	sample71	957	3785	770	113120	0	
2	 6	 3	 6	control	411	3239	256	113120	0	
2	 6	 4	 1	sample72	11531	14101	11052	190180	0	
2	 6	 4	 2	sample72	5774	8344	6682	154200	0	
2	 6	 4	 3	sample72	8577	11147	8224	179900	0	
2	 6	 4	 4	sample72	5741	8311	5912	174760	0	
2	 6	 4	 5	sample72	3906	6476	4112	156770	0	
2	 6	 4	 6	control	5686	8514	5910	155540	0	
2	 7	 1	 1	sample73	14584	18696	16448	370080	0	
2	 7	 1	 2	sample73	17046	21158	17734	304288	0	
2	 7	 1	 3	sample73	16847	20959	18762	312512	0	
2	 7	 1	 4	sample73	11858	15970	12850	324848	0	
2	 7	 1	 5	sample73	7441	11297	7452	258352	0	
2	 7	 1	 6	control	603	4459	514	154240	0	
2	 7	 2	 1	sample74	7064	11176	7196	263168	0	
2	 7	 2	 2	sample74	7335	11447	7968	259056	0	
2	 7	 2	 3	sample74	5073	9185	5654	296064	0	
2	 7	 2	 4	sample74	3480	7336	3340	269920	0	
2	 7	 2	 5	sample74	1816	5672	1542	173520	0	
2	 7	 2	 6	control	10132	13988	11050	262208	0	
2	 7	 3	 1	sample75	681	4537	514	154240	0	
2	 7	 3	 2	sample75	867	4723	514	154240	0	
2	 7	 3	 3	sample75	1272	5128	1028	154240	0	
2	 7	 3	 4	sample75	809	4665	770	154240	0	
2	 7	 3	 5	sample75	462	4318	256	154240	0	
2	 7	 3	 6	control	334	4190	256	154240	0	
2	 7	 4	 1	sample76	18925	23037	21332	296064	0	
2	 7	 4	 2	sample76	16377	20489	18504	296064	0	
2	 7	 4	 3	sample76	16951	21063	18762	271392	0	
2	 7	 4	 4	sample76	12528	16384	13106	262208	0	
2	 7	 4	 5	sample76	8547	12403	7966	239072	0	
2	 7	 4	 6	control	5916	10028	6682	226160	0	
2	 8	 1	 1	sample77	8591	12447	8480	296912	0	
2	 8	 1	 2	sample77	8029	11885	8738	300768	0	
2	 8	 1	 3	sample77	5154	9010	5140	277632	0	
2	 8	 1	 4	sample77	1872	5728	1798	188944	0	
2	 8	 1	 5	sample77	1138	4736	1028	143920	0	
2	 8	 1	 6	control	430	4286	256	154240	0	
2	 8	 2	 1	sample78	6198	10054	6424	258352	0	
2	 8	 2	 2	sample78	5669	9525	5654	250640	0	
2	 8	 2	 3	sample78	3794	7650	4112	293056	0	
2	 8	 2	 4	sample78	2256	6112	2312	300768	0	
2	 8	 2	 5	sample78	1362	5218	1284	154240	0	
2	 8	 2	 6	control	7318	11174	8224	250640	0	
2	 8	 3	 1	sample79	14152	18264	14650	254944	0	
2	 8	 3	 2	sample79	9961	14073	11566	287840	0	
2	 8	 3	 3	sample79	7083	11195	7196	279616	0	
2	 8	 3	 4	sample79	4583	8439	4882	235216	0	
2	 8	 3	 5	sample79	2184	6040	2312	154240	0	
2	 8	 3	 6	control	168	4280	0	164480	0	
2	 8	 4	 1	sample80	17134	21246	19790	296064	0	
2	 8	 4	 2	sample80	17445	21557	21332	271392	0	
2	 8	 4	 3	sample80	16858	20970	19018	283728	0	
2	 8	 4	 4	sample80	14245	18357	15164	279616	0	
2	 8	 4	 5	sample80	9528	13384	9766	254496	0	
2	 8	 4	 6	control	6569	10681	6426	213824	0	
2	 9	 1	 1	sample81	8870	12468	9252	244664	0	
2	 9	 1	 2	sample81	4439	8037	4368	277046	0	
2	 9	 1	 3	sample81	3768	7366	4112	233870	0	
2	 9	 1	 4	sample81	1747	5345	1542	143920	0	
2	 9	 1	 5	sample81	1098	4696	1028	143920	0	
2	 9	 1	 6	control	932	4272	772	133600	0	
2	 9	 2	 1	sample82	10533	14387	11822	246656	0	
2	 9	 2	 2	sample82	12646	16500	14136	262072	0	
2	 9	 2	 3	sample82	13505	17359	14906	246656	0	
2	 9	 2	 4	sample82	9231	12829	8994	230272	0	
2	 9	 2	 5	sample82	5163	8761	4882	237468	0	
2	 9	 2	 6	control	8810	12150	9766	193720	0	
2	 9	 3	 1	sample83	17120	20974	19790	258218	0	
2	 9	 3	 2	sample83	16487	20599	17990	267280	0	
2	 9	 3	 3	sample83	15966	19820	18248	246656	0	
2	 9	 3	 4	sample83	9527	13381	10024	227386	0	
2	 9	 3	 5	sample83	6670	10268	6682	233870	0	
2	 9	 3	 6	control	424	4022	256	143920	0	
2	 9	 4	 1	sample84	14044	17898	16192	238948	0	
2	 9	 4	 2	sample84	14574	18428	15934	250510	0	
2	 9	 4	 3	sample84	14686	18540	16962	269780	0	
2	 9	 4	 4	sample84	13507	17105	16190	244664	0	
2	 9	 4	 5	sample84	6846	10444	7196	241066	0	
2	 9	 4	 6	control	6288	9628	6940	180360	0	
2	 10	 1	 1	sample85	13773	17629	13878	331616	0	
2	 10	 1	 2	sample85	15432	19288	15420	304624	0	
2	 10	 1	 3	sample85	12731	16587	12850	258352	0	
2	 10	 1	 4	sample85	7006	10862	6682	266064	0	
2	 10	 1	 5	sample85	4308	8164	4112	312336	0	
2	 10	 1	 6	control	1137	4993	514	154240	0	
2	 10	 2	 1	sample86	5477	9333	4882	269920	0	
2	 10	 2	 2	sample86	4135	7991	4112	254496	0	
2	 10	 2	 3	sample86	3390	7246	3854	277632	0	
2	 10	 2	 4	sample86	2560	6416	2570	196656	0	
2	 10	 2	 5	sample86	1779	5635	1284	154240	0	
2	 10	 2	 6	control	3664	7776	3084	320736	0	
2	 10	 3	 1	sample87	16900	20756	17218	258352	0	
2	 10	 3	 2	sample87	15386	19242	15676	269920	0	
2	 10	 3	 3	sample87	11388	15244	11308	246784	0	
2	 10	 3	 4	sample87	7332	11188	7966	239072	0	
2	 10	 3	 5	sample87	5805	9661	5910	281488	0	
2	 10	 3	 6	control	842	4954	258	164480	0	
2	 10	 4	 1	sample88	11082	14938	11564	281488	0	
2	 10	 4	 2	sample88	7418	11016	7196	262654	0	
2	 10	 4	 3	sample88	9640	13238	8738	255458	0	
2	 10	 4	 4	sample88	6855	10453	6682	219478	0	
2	 10	 4	 5	sample88	4556	8154	4112	248262	0	
2	 10	 4	 6	control	3970	7568	4112	226674	0	
2	 11	 1	 1	sample89	19249	23103	24158	343006	0	
2	 11	 1	 2	sample89	18135	22247	22358	435872	0	
2	 11	 1	 3	sample89	16394	20506	19532	353632	0	
2	 11	 1	 4	sample89	13997	17595	15934	341810	0	
2	 11	 1	 5	sample89	11513	15111	12078	287840	0	
2	 11	 1	 6	control	571	4169	514	143920	0	
2	 11	 2	 1	sample90	13578	17690	14648	324848	0	
2	 11	 2	 2	sample90	13791	17903	16190	316624	0	
2	 11	 2	 3	sample90	12826	16938	13878	365968	0	
2	 11	 2	 4	sample90	11780	15634	12850	323736	0	
2	 11	 2	 5	sample90	8899	12753	8224	296758	0	
2	 11	 2	 6	control	6985	10583	7452	255458	0	
2	 11	 3	 1	sample91	22980	26834	23902	204262	0	
2	 11	 3	 2	sample91	17242	21096	19790	300612	0	
2	 11	 3	 3	sample91	15381	19235	18504	300612	0	
2	 11	 3	 4	sample91	9991	13589	10794	262654	0	
2	 11	 3	 5	sample91	7797	11395	7710	305830	0	
2	 11	 3	 6	control	224	3822	256	143920	0	
2	 11	 4	 1	sample92	2878	6476	3084	233870	0	
2	 11	 4	 2	sample92	2913	6511	2826	244664	0	
2	 11	 4	 3	sample92	2468	6066	2570	273448	0	
2	 11	 4	 4	sample92	1613	4953	1542	133600	0	
2	 11	 4	 5	sample92	823	4163	772	133600	0	
2	 11	 4	 6	control	6110	9708	6424	223076	0	
2	 12	 1	 1	sample93	5493	7549	5912	127472	0	
2	 12	 1	 2	sample93	4074	6130	4884	123360	0	
2	 12	 1	 3	sample93	2309	4365	2570	121304	0	
2	 12	 1	 4	sample93	1434	3748	1284	111072	0	
2	 12	 1	 5	sample93	1516	3830	1542	69420	0	
2	 12	 1	 6	control	95.9	2924	0	113120	0	
2	 12	 2	 1	sample94	4377	6691	4626	141154	0	
2	 12	 2	 2	sample94	5338	7652	5654	122642	0	
2	 12	 2	 3	sample94	4390	6446	4626	127472	0	
2	 12	 2	 4	sample94	3340	5654	3340	118014	0	
2	 12	 2	 5	sample94	1587	3901	1798	129584	0	
2	 12	 2	 6	control	6146	8974	6424	135744	0	
2	 12	 3	 1	sample95	6738	9052	6682	115700	0	
2	 12	 3	 2	sample95	4094	6408	4882	136526	0	
2	 12	 3	 3	sample95	3947	6261	4112	141154	0	
2	 12	 3	 4	sample95	2292	4606	2570	118014	0	
2	 12	 3	 5	sample95	1097	3667	1028	87380	0	
2	 12	 3	 6	control	257	3085	256	113120	0	
2	 12	 4	 1	sample96	9823	12137	11822	134212	0	
2	 12	 4	 2	sample96	4531	6845	4882	138840	0	
2	 12	 4	 3	sample96	3971	6285	3854	127270	0	
2	 12	 4	 4	sample96	2211	4525	2312	134212	0	
2	 12	 4	 5	sample96	1846	4416	1800	56540	0	
2	 12	 4	 6	control	6569	9397	7710	135744	0	
3	 1	 1	 1	sample97	9471	12555	10280	255972	0	
3	 1	 1	 2	sample97	8461	11801	9766	257180	0	
3	 1	 1	 3	sample97	4899	7983	5140	246720	0	
3	 1	 1	 4	sample97	3487	6571	3598	228216	0	
3	 1	 1	 5	sample97	2233	5317	2312	249804	0	
3	 1	 1	 6	control	687	3771	514	123360	0	
3	 1	 2	 1	sample98	13878	17218	16706	253840	0	
3	 1	 2	 2	sample98	12892	16232	15678	267200	0	
3	 1	 2	 3	sample98	3025	6623	3084	190694	0	
3	 1	 2	 4	sample98	5949	9289	6168	273880	0	
3	 1	 2	 5	sample98	5487	8827	5654	260520	0	
3	 1	 2	 6	control	8309	11907	9508	237468	0	
3	 1	 3	 1	sample99	15878	19476	18504	248262	0	
3	 1	 3	 2	sample99	16391	19989	19532	244664	0	
3	 1	 3	 3	sample99	16462	20316	19018	281342	0	
3	 1	 3	 4	sample99	12838	16436	14134	248262	0	
3	 1	 3	 5	sample99	14003	17601	17732	295036	0	
3	 1	 3	 6	control	430	4028	256	143920	0	
3	 1	 4	 1	sample100	13113	16711	14134	269850	0	
3	 1	 4	 2	sample100	14105	17703	15676	248262	0	
3	 1	 4	 3	sample100	13562	17160	13878	269850	0	
3	 1	 4	 4	sample100	8442	12040	7966	262654	0	
3	 1	 4	 5	sample100	4691	8289	4626	241066	0	
3	 1	 4	 6	control	5671	9269	5396	208684	0	
3	 2	 1	 1	sample101	10960	14044	12850	259056	0	
3	 2	 1	 2	sample101	8720	11804	10024	255972	0	
3	 2	 1	 3	sample101	2990	6074	3084	302232	0	
3	 2	 1	 4	sample101	2156	5240	2056	151116	0	
3	 2	 1	 5	sample101	2072	5156	2056	154200	0	
3	 2	 1	 6	control	578	3920	256	133680	0	
3	 2	 2	 1	sample102	8027	11369	9252	227256	0	
3	 2	 2	 2	sample102	6501	9843	6424	257334	0	
3	 2	 2	 3	sample102	3731	7073	4112	250650	0	
3	 2	 2	 4	sample102	1773	5115	1542	133680	0	
3	 2	 2	 5	sample102	958	4556	1028	143920	0	
3	 2	 2	 6	control	8959	12557	10024	230272	0	
3	 2	 3	 1	sample103	17645	21243	20560	284242	0	
3	 2	 3	 2	sample103	17750	21348	19790	273448	0	
3	 2	 3	 3	sample103	14847	18445	16192	248262	0	
3	 2	 3	 4	sample103	14691	18289	16448	266252	0	
3	 2	 3	 5	sample103	10290	13888	11566	298634	0	
3	 2	 3	 6	control	290	3888	258	143920	0	
3	 2	 4	 1	sample104	10609	13951	11050	247308	0	
3	 2	 4	 2	sample104	9100	12442	9252	243966	0	
3	 2	 4	 3	sample104	5646	8988	5910	247308	0	
3	 2	 4	 4	sample104	1888	5230	1798	133680	0	
3	 2	 4	 5	sample104	1394	4736	1542	133680	0	
3	 2	 4	 6	control	5892	9490	5912	190694	0	
3	 3	 1	 1	sample105	10429	14027	10280	284242	0	
3	 3	 1	 2	sample105	8036	11890	7454	319882	0	
3	 3	 1	 3	sample105	5542	9140	5910	266252	0	
3	 3	 1	 4	sample105	2816	6414	3084	259056	0	
3	 3	 1	 5	sample105	2313	5911	2312	172704	0	
3	 3	 1	 6	control	424	4022	256	143920	0	
3	 3	 2	 1	sample106	18249	22361	21330	333072	0	
3	 3	 2	 2	sample106	17308	21420	19274	341296	0	
3	 3	 2	 3	sample106	16671	20783	18760	345408	0	
3	 3	 2	 4	sample106	14277	18131	15420	316028	0	
3	 3	 2	 5	sample106	10895	14749	10538	335298	0	
3	 3	 2	 6	control	7931	11785	7710	242802	0	
3	 3	 3	 1	sample107	17582	21694	18504	296064	0	
3	 3	 3	 2	sample107	15449	19817	15934	310128	0	
3	 3	 3	 3	sample107	15794	20162	17476	327600	0	
3	 3	 3	 4	sample107	12880	16992	13106	279616	0	
3	 3	 3	 5	sample107	9805	13659	9766	304466	0	
3	 3	 3	 6	control	540	4394	514	154160	0	
3	 3	 4	 1	sample108	15112	18966	17476	269780	0	
3	 3	 4	 2	sample108	12605	16459	13364	258218	0	
3	 3	 4	 3	sample108	16478	20332	18504	300612	0	
3	 3	 4	 4	sample108	12137	15991	13622	292904	0	
3	 3	 4	 5	sample108	9117	12971	8996	262072	0	
3	 3	 4	 6	control	6037	9635	4882	190694	0	
3	 4	 1	 1	sample109	6820	10162	6424	253992	0	
3	 4	 1	 2	sample109	8306	11648	7966	270702	0	
3	 4	 1	 3	sample109	3946	7288	3854	280728	0	
3	 4	 1	 4	sample109	2201	5285	2314	218964	0	
3	 4	 1	 5	sample109	1638	4980	1542	133680	0	
3	 4	 1	 6	control	861	3945	772	123360	0	
3	 4	 2	 1	sample110	8943	12541	8996	244664	0	
3	 4	 2	 2	sample110	9191	12789	7968	255458	0	
3	 4	 2	 3	sample110	7623	10965	7966	267360	0	
3	 4	 2	 4	sample110	3873	7215	3854	274044	0	
3	 4	 2	 5	sample110	2782	6124	2826	173784	0	
3	 4	 2	 6	control	7419	10503	7196	206628	0	
3	 4	 3	 1	sample111	16488	20086	17990	230272	0	
3	 4	 3	 2	sample111	17378	20976	18762	262654	0	
3	 4	 3	 3	sample111	15343	18685	16448	213888	0	
3	 4	 3	 4	sample111	14187	17529	15162	213888	0	
3	 4	 3	 5	sample111	10718	14060	10280	260676	0	
3	 4	 3	 6	control	380	3464	258	123360	0	
3	 4	 4	 1	sample112	10667	14009	11050	223914	0	
3	 4	 4	 2	sample112	7858	11200	7966	237282	0	
3	 4	 4	 3	sample112	5679	9021	5396	230598	0	
3	 4	 4	 4	sample112	2798	6140	2826	213888	0	
3	 4	 4	 5	sample112	2230	5314	2314	123360	0	
3	 4	 4	 6	control	5197	8281	4884	169620	0	
3	 5	 1	 1	sample113	16807	21177	17218	362710	0	
3	 5	 1	 2	sample113	19752	24122	22616	345230	0	
3	 5	 1	 3	sample113	16552	20922	18246	353970	0	
3	 5	 1	 4	sample113	14814	18926	16192	308400	0	
3	 5	 1	 5	sample113	13096	17208	14136	267280	0	
3	 5	 1	 6	control	796	4652	256	154240	0	
3	 5	 2	 1	sample114	9321	13433	8996	279616	0	
3	 5	 2	 2	sample114	9225	13337	9766	271392	0	
3	 5	 2	 3	sample114	5429	9541	5654	296064	0	
3	 5	 2	 4	sample114	2688	6544	2826	300768	0	
3	 5	 2	 5	sample114	2719	6575	2826	185088	0	
3	 5	 2	 6	control	8741	12597	8994	269920	0	
3	 5	 3	 1	sample115	8981	13093	9252	287840	0	
3	 5	 3	 2	sample115	7653	11765	7454	296064	0	
3	 5	 3	 3	sample115	3629	7485	3598	254496	0	
3	 5	 3	 4	sample115	1310	5166	1284	154240	0	
3	 5	 3	 5	sample115	1188	5044	1028	154240	0	
3	 5	 3	 6	control	411	4267	256	154240	0	
3	 5	 4	 1	sample116	9461	13317	10280	269920	0	
3	 5	 4	 2	sample116	6071	9927	6938	277632	0	
3	 5	 4	 3	sample116	3170	7026	3598	262208	0	
3	 5	 4	 4	sample116	1915	5771	1798	161952	0	
3	 5	 4	 5	sample116	1098	4954	1028	154240	0	
3	 5	 4	 6	control	4824	8680	4882	235216	0	
3	 6	 1	 1	sample117	6901	10755	5912	281342	0	
3	 6	 1	 2	sample117	7744	11342	7452	241066	0	
3	 6	 1	 3	sample117	3567	7165	3598	269850	0	
3	 6	 1	 4	sample117	1908	5762	1800	173430	0	
3	 6	 1	 5	sample117	1965	5819	2056	161868	0	
3	 6	 1	 6	control	1008	5120	770	164480	0	
3	 6	 2	 1	sample118	2097	5695	2056	111538	0	
3	 6	 2	 2	sample118	5889	9487	6424	259056	0	
3	 6	 2	 3	sample118	5204	9058	5140	281342	0	
3	 6	 2	 4	sample118	2556	6410	2570	273634	0	
3	 6	 2	 5	sample118	1937	5791	2056	165722	0	
3	 6	 2	 6	control	7386	11498	7710	238496	0	
3	 6	 3	 1	sample119	9583	13181	10280	248262	0	
3	 6	 3	 2	sample119	8089	11687	8224	226674	0	
3	 6	 3	 3	sample119	4087	7685	3854	223076	0	
3	 6	 3	 4	sample119	2698	6296	2826	71960	0	
3	 6	 3	 5	sample119	1600	5454	1542	188846	0	
3	 6	 3	 6	control	469	4581	256	164480	0	
3	 6	 4	 1	sample120	9567	13421	9766	242802	0	
3	 6	 4	 2	sample120	16338	20192	17990	250510	0	
3	 6	 4	 3	sample120	10940	14794	11052	265926	0	
3	 6	 4	 4	sample120	7651	11505	7454	250510	0	
3	 6	 4	 5	sample120	7293	11147	6940	235094	0	
3	 6	 4	 6	control	4775	8887	5396	226160	0	
3	 7	 1	 1	sample121	17676	21274	19276	305830	0	
3	 7	 1	 2	sample121	19344	22942	23130	295036	0	
3	 7	 1	 3	sample121	15730	19328	17220	280644	0	
3	 7	 1	 4	sample121	11970	15312	12850	260676	0	
3	 7	 1	 5	sample121	10938	14280	12078	243966	0	
3	 7	 1	 6	control	610	3952	256	133680	0	
3	 7	 2	 1	sample122	8707	12305	9252	233870	0	
3	 7	 2	 2	sample122	6572	10170	6940	226674	0	
3	 7	 2	 3	sample122	3779	7377	4112	266252	0	
3	 7	 2	 4	sample122	2791	6133	3084	167100	0	
3	 7	 2	 5	sample122	1535	4877	1284	133680	0	
3	 7	 2	 6	control	6182	9524	5910	401040	0	
3	 7	 3	 1	sample123	16154	20010	17990	273776	0	
3	 7	 3	 2	sample123	16684	20540	18760	289200	0	
3	 7	 3	 3	sample123	12544	16142	13364	262654	0	
3	 7	 3	 4	sample123	9608	13206	10280	244664	0	
3	 7	 3	 5	sample123	8894	12236	8738	257334	0	
3	 7	 3	 6	control	430	3772	256	133680	0	
3	 7	 4	 1	sample124	18187	21785	22874	262654	0	
3	 7	 4	 2	sample124	14434	18290	16704	277632	0	
3	 7	 4	 3	sample124	15000	18598	16962	266252	0	
3	 7	 4	 4	sample124	11267	14609	11308	230598	0	
3	 7	 4	 5	sample124	6455	9797	5654	227256	0	
3	 7	 4	 6	control	4841	8183	5396	207204	0	
3	 8	 1	 1	sample125	9814	13156	9252	280728	0	
3	 8	 1	 2	sample125	11603	14945	12336	290754	0	
3	 8	 1	 3	sample125	9282	12624	9766	257334	0	
3	 8	 1	 4	sample125	6294	9636	5910	243966	0	
3	 8	 1	 5	sample125	3591	6675	3856	215880	0	
3	 8	 1	 6	control	848	4190	514	133680	0	
3	 8	 2	 1	sample126	11370	14712	11308	220572	0	
3	 8	 2	 2	sample126	11441	15039	11822	244664	0	
3	 8	 2	 3	sample126	10433	14031	11566	284242	0	
3	 8	 2	 4	sample126	7377	10719	7710	250650	0	
3	 8	 2	 5	sample126	4325	7667	4626	253992	0	
3	 8	 2	 6	control	9342	12684	9252	237282	0	
3	 8	 3	 1	sample127	16807	20405	18762	262654	0	
3	 8	 3	 2	sample127	16480	20078	17990	259056	0	
3	 8	 3	 3	sample127	14332	17930	15420	244664	0	
3	 8	 3	 4	sample127	12365	15707	12850	233940	0	
3	 8	 3	 5	sample127	9959	13043	10024	234384	0	
3	 8	 3	 6	control	296	3380	258	123360	0	
3	 8	 4	 1	sample128	14790	18132	15934	260676	0	
3	 8	 4	 2	sample128	11260	14602	12850	200520	0	
3	 8	 4	 3	sample128	11994	15336	12336	233940	0	
3	 8	 4	 4	sample128	6869	9953	6940	203544	0	
3	 8	 4	 5	sample128	6617	9701	5912	243636	0	
3	 8	 4	 6	control	4462	7290	4626	155540	0	
3	 9	 1	 1	sample129	20195	24307	21844	316624	0	
3	 9	 1	 2	sample129	19783	24151	23644	353808	0	
3	 9	 1	 3	sample129	17318	21430	19788	308400	0	
3	 9	 1	 4	sample129	13167	17279	13620	312512	0	
3	 9	 1	 5	sample129	10630	14484	11566	246656	0	
3	 9	 1	 6	control	662	4516	258	154160	0	
3	 9	 2	 1	sample130	8029	12141	8738	271392	0	
3	 9	 2	 2	sample130	9563	13675	10536	271392	0	
3	 9	 2	 3	sample130	9561	13673	9766	324848	0	
3	 9	 2	 4	sample130	6008	10120	6168	205600	0	
3	 9	 2	 5	sample130	5830	9684	5654	265926	0	
3	 9	 2	 6	control	7138	10992	7710	269780	0	
3	 9	 3	 1	sample131	7432	11286	7196	227386	0	
3	 9	 3	 2	sample131	8429	12283	8482	262072	0	
3	 9	 3	 3	sample131	3681	7535	3598	277488	0	
3	 9	 3	 4	sample131	3307	6905	3084	223076	0	
3	 9	 3	 5	sample131	2081	5679	2056	183498	0	
3	 9	 3	 6	control	353	3951	256	143920	0	
3	 9	 4	 1	sample132	7127	10981	7196	242802	0	
3	 9	 4	 2	sample132	4778	8376	4882	230272	0	
3	 9	 4	 3	sample132	7155	10753	6938	273448	0	
3	 9	 4	 4	sample132	2484	6082	2570	237468	0	
3	 9	 4	 5	sample132	2159	5757	2056	205086	0	
3	 9	 4	 6	control	6147	9745	4626	179900	0	
3	 10	 1	 1	sample133	10127	13725	9252	295036	0	
3	 10	 1	 2	sample133	11898	15496	12594	269850	0	
3	 10	 1	 3	sample133	6972	10570	7454	259056	0	
3	 10	 1	 4	sample133	5090	8432	4882	243966	0	
3	 10	 1	 5	sample133	2306	5904	2314	255458	0	
3	 10	 1	 6	control	861	4459	514	143920	0	
3	 10	 2	 1	sample134	6910	10508	6682	219478	0	
3	 10	 2	 2	sample134	8435	12033	8996	255458	0	
3	 10	 2	 3	sample134	6926	10524	7196	269850	0	
3	 10	 2	 4	sample134	3716	7314	4112	259056	0	
3	 10	 2	 5	sample134	2345	5943	2314	233870	0	
3	 10	 2	 6	control	6024	9622	6426	230272	0	
3	 10	 3	 1	sample135	12218	15816	14136	233870	0	
3	 10	 3	 2	sample135	15858	19456	17476	230272	0	
3	 10	 3	 3	sample135	10466	14064	11308	219478	0	
3	 10	 3	 4	sample135	8111	11709	8738	219478	0	
3	 10	 3	 5	sample135	6781	10123	6168	250650	0	
3	 10	 3	 6	control	444	4042	258	143920	0	
3	 10	 4	 1	sample136	6681	10023	6938	230598	0	
3	 10	 4	 2	sample136	5613	8955	5910	210546	0	
3	 10	 4	 3	sample136	3570	6912	3854	253992	0	
3	 10	 4	 4	sample136	2101	5443	2056	170442	0	
3	 10	 4	 5	sample136	1169	4511	770	133680	0	
3	 10	 4	 6	control	3612	7210	3342	212282	0	
3	 11	 1	 1	sample137	19455	23311	22616	300768	0	
3	 11	 1	 2	sample137	17815	21927	22874	361856	0	
3	 11	 1	 3	sample137	16089	20201	17734	320736	0	
3	 11	 1	 4	sample137	12364	16476	12594	345408	0	
3	 11	 1	 5	sample137	11658	15514	13364	285344	0	
3	 11	 1	 6	control	616	4472	514	154240	0	
3	 11	 2	 1	sample138	16156	20268	18504	296064	0	
3	 11	 2	 2	sample138	16691	20803	19276	300176	0	
3	 11	 2	 3	sample138	16649	20761	19018	316624	0	
3	 11	 2	 4	sample138	12621	16477	12336	281488	0	
3	 11	 2	 5	sample138	11079	14935	11308	281488	0	
3	 11	 2	 6	control	6655	10511	7452	258352	0	
3	 11	 3	 1	sample139	7191	11047	5910	219792	0	
3	 11	 3	 2	sample139	7174	11030	8480	277632	0	
3	 11	 3	 3	sample139	4160	8016	4112	266064	0	
3	 11	 3	 4	sample139	2325	6181	2056	154240	0	
3	 11	 3	 5	sample139	1858	5456	1800	143920	0	
3	 11	 3	 6	control	354	3952	258	143920	0	
3	 11	 4	 1	sample140	13003	16601	14906	255458	0	
3	 11	 4	 2	sample140	12407	16005	13878	237468	0	
3	 11	 4	 3	sample140	9725	13323	8482	471338	0	
3	 11	 4	 4	sample140	7952	11550	8224	233870	0	
3	 11	 4	 5	sample140	6180	9778	5912	244664	0	
3	 11	 4	 6	control	5570	9168	6168	208684	0	
3	 12	 1	 1	sample141	15776	19116	17990	297260	0	
3	 12	 1	 2	sample141	17290	20630	20304	267200	0	
3	 12	 1	 3	sample141	13661	17259	14906	277046	0	
3	 12	 1	 4	sample141	10918	14516	12336	259056	0	
3	 12	 1	 5	sample141	9128	12726	10280	269850	0	
3	 12	 1	 6	control	494	4092	256	143920	0	
3	 12	 2	 1	sample142	13784	17124	15420	237140	0	
3	 12	 2	 2	sample142	15166	18764	19018	280644	0	
3	 12	 2	 3	sample142	16451	20049	18504	284242	0	
3	 12	 2	 4	sample142	13599	16939	14650	260520	0	
3	 12	 2	 5	sample142	11794	15134	13108	243820	0	
3	 12	 2	 6	control	5827	9425	6424	287840	0	
3	 12	 3	 1	sample143	5822	8906	5654	206628	0	
3	 12	 3	 2	sample143	6958	10042	8480	206628	0	
3	 12	 3	 3	sample143	4580	7664	4626	209712	0	
3	 12	 3	 4	sample143	2712	6052	2828	223780	0	
3	 12	 3	 5	sample143	1476	4816	1542	167000	0	
3	 12	 3	 6	control	295	3893	256	143920	0	
3	 12	 4	 1	sample144	6852	9678	7710	183690	0	
3	 12	 4	 2	sample144	5562	8388	6426	180864	0	
3	 12	 4	 3	sample144	3598	6682	3854	215880	0	
3	 12	 4	 4	sample144	2200	5284	2056	203544	0	
3	 12	 4	 5	sample144	1771	4855	1798	144948	0	
3	 12	 4	 6	control	5248	8846	5910	212282	0	
4	 1	 1	 1	sample145	17692	21548	21330	323904	0	
4	 1	 1	 2	sample145	19208	23064	22358	316192	0	
4	 1	 1	 3	sample145	15014	18870	14648	347040	0	
4	 1	 1	 4	sample145	13478	17334	14648	293056	0	
4	 1	 1	 5	sample145	8008	11606	8482	251860	0	
4	 1	 1	 6	control	462	3804	514	133680	0	
4	 1	 2	 1	sample146	12577	16689	14136	250832	0	
4	 1	 2	 2	sample146	14754	19124	17990	297160	0	
4	 1	 2	 3	sample146	15414	19526	18248	341296	0	
4	 1	 2	 4	sample146	14332	18188	15934	296912	0	
4	 1	 2	 5	sample146	12006	15862	13364	300768	0	
4	 1	 2	 6	control	8672	12270	9766	223076	0	
4	 1	 3	 1	sample147	6616	10728	6682	271392	0	
4	 1	 3	 2	sample147	8488	12858	9766	288420	0	
4	 1	 3	 3	sample147	4548	8918	4626	174800	0	
4	 1	 3	 4	sample147	2786	6642	2826	146528	0	
4	 1	 3	 5	sample147	1593	5449	1542	173520	0	
4	 1	 3	 6	control	301	4157	256	154240	0	
4	 1	 4	 1	sample148	9843	14213	10280	262200	0	
4	 1	 4	 2	sample148	5359	9729	5654	297160	0	
4	 1	 4	 3	sample148	5218	9588	5654	327750	0	
4	 1	 4	 4	sample148	4057	8169	4112	267280	0	
4	 1	 4	 5	sample148	2170	6282	2314	205600	0	
4	 1	 4	 6	control	5067	8923	4882	219792	0	
4	 2	 1	 1	sample149	9993	12307	11308	161980	0	
4	 2	 1	 2	sample149	6520	8834	6682	155038	0	
4	 2	 1	 3	sample149	2601	4657	2570	154200	0	
4	 2	 1	 4	sample149	1819	3875	1800	106912	0	
4	 2	 1	 5	sample149	894	2950	772	82240	0	
4	 2	 1	 6	control	314	2628	256	92560	0	
4	 2	 2	 1	sample150	11720	14290	12336	174760	0	
4	 2	 2	 2	sample150	10080	12650	11052	174760	0	
4	 2	 2	 3	sample150	4494	7064	4884	179900	0	
4	 2	 2	 4	sample150	3235	5549	3340	157352	0	
4	 2	 2	 5	sample150	1606	3920	1542	92560	0	
4	 2	 2	 6	control	6712	9282	7196	156770	0	
4	 2	 3	 1	sample151	8857	11941	9252	200460	0	
4	 2	 3	 2	sample151	13598	16426	14392	189476	0	
4	 2	 3	 3	sample151	9224	12052	9766	186648	0	
4	 2	 3	 4	sample151	5167	7737	4884	172190	0	
4	 2	 3	 5	sample151	2385	4955	2314	120790	0	
4	 2	 3	 6	control	63.8	2892	0	113120	0	
4	 2	 4	 1	sample152	16441	19525	19532	209712	0	
4	 2	 4	 2	sample152	13746	16830	16706	203544	0	
4	 2	 4	 3	sample152	11138	14222	12336	209712	0	
4	 2	 4	 4	sample152	11015	13843	12078	186648	0	
4	 2	 4	 5	sample152	7073	9901	7196	189476	0	
4	 2	 4	 6	control	6455	9283	5910	166852	0	
4	 3	 1	 1	sample153	8308	10878	8480	179900	0	
4	 3	 1	 2	sample153	12768	15338	14134	177330	0	
4	 3	 1	 3	sample153	7883	10453	8738	174760	0	
4	 3	 1	 4	sample153	4566	7136	4368	187610	0	
4	 3	 1	 5	sample153	2220	4790	2312	100230	0	
4	 3	 1	 6	control	245	3071	258	113040	0	
4	 3	 2	 1	sample154	4236	7062	4112	206298	0	
4	 3	 2	 2	sample154	7437	10263	7196	175212	0	
4	 3	 2	 3	sample154	3238	6322	3598	200460	0	
4	 3	 2	 4	sample154	2559	5385	2570	121518	0	
4	 3	 2	 5	sample154	758	3842	770	123360	0	
4	 3	 2	 6	control	8635	11975	8482	207080	0	
4	 3	 3	 1	sample155	7449	10533	8224	197376	0	
4	 3	 3	 2	sample155	4082	7166	3598	240552	0	
4	 3	 3	 3	sample155	2668	5752	2570	209712	0	
4	 3	 3	 4	sample155	1717	4801	1542	135696	0	
4	 3	 3	 5	sample155	918	4002	1028	123360	0	
4	 3	 3	 6	control	264	3604	258	133600	0	
4	 3	 4	 1	sample156	14661	18001	18504	230460	0	
4	 3	 4	 2	sample156	14376	17716	17734	207080	0	
4	 3	 4	 3	sample156	13080	16420	15678	217100	0	
4	 3	 4	 4	sample156	9320	12660	10794	240480	0	
4	 3	 4	 5	sample156	7584	10924	7968	197060	0	
4	 3	 4	 6	control	5042	8382	5398	173680	0	
4	 4	 1	 1	sample157	7801	11143	8480	207204	0	
4	 4	 1	 2	sample157	11554	15152	11822	161910	0	
4	 4	 1	 3	sample157	4435	7777	4882	220572	0	
4	 4	 1	 4	sample157	3187	6271	3598	200460	0	
4	 4	 1	 5	sample157	1575	4403	1542	172508	0	
4	 4	 1	 6	control	546	3374	256	113120	0	
4	 4	 2	 1	sample158	14016	18642	13622	726282	0	
4	 4	 2	 2	sample158	3945	20393	4370	657920	0	
4	 4	 2	 3	sample158	14184	18040	15420	358608	0	
4	 4	 2	 4	sample158	9505	13103	9510	226674	0	
4	 4	 2	 5	sample158	5922	9264	5654	230598	0	
4	 4	 2	 6	control	6852	9936	6682	172704	0	
4	 4	 3	 1	sample159	15640	19752	18504	254944	0	
4	 4	 3	 2	sample159	15144	19256	16192	275504	0	
4	 4	 3	 3	sample159	13299	17155	12336	231360	0	
4	 4	 3	 4	sample159	11308	15164	12078	239072	0	
4	 4	 3	 5	sample159	9377	12975	10280	251860	0	
4	 4	 3	 6	control	713	4055	770	133680	0	
4	 4	 4	 1	sample160	7752	11608	8224	258352	0	
4	 4	 4	 2	sample160	3906	7762	3854	212080	0	
4	 4	 4	 3	sample160	2658	6256	2828	212282	0	
4	 4	 4	 4	sample160	1987	5585	2056	172704	0	
4	 4	 4	 5	sample160	1041	4639	1028	143920	0	
4	 4	 4	 6	control	4303	7901	3856	223076	0	
4	 5	 1	 1	sample161	12810	15894	14392	240552	0	
4	 5	 1	 2	sample161	11143	14227	12592	240552	0	
4	 5	 1	 3	sample161	7449	10533	7452	234384	0	
4	 5	 1	 4	sample161	4489	7315	4626	211950	0	
4	 5	 1	 5	sample161	1893	4719	1800	194994	0	
4	 5	 1	 6	control	380	3206	258	113040	0	
4	 5	 2	 1	sample162	13589	17187	14648	266252	0	
4	 5	 2	 2	sample162	14443	18041	16962	251860	0	
4	 5	 2	 3	sample162	13059	16657	15162	291438	0	
4	 5	 2	 4	sample162	10957	14297	12080	263860	0	
4	 5	 2	 5	sample162	8900	12240	8996	250500	0	
4	 5	 2	 6	control	6542	9882	7196	213760	0	
4	 5	 3	 1	sample163	16474	20328	17476	273634	0	
4	 5	 3	 2	sample163	17051	20905	19276	246656	0	
4	 5	 3	 3	sample163	12640	16494	12850	296758	0	
4	 5	 3	 4	sample163	13333	17187	13622	254364	0	
4	 5	 3	 5	sample163	9918	13516	10794	273448	0	
4	 5	 3	 6	control	250	3848	0	143920	0	
4	 5	 4	 1	sample164	14409	18521	16962	304288	0	
4	 5	 4	 2	sample164	12745	16857	13364	283728	0	
4	 5	 4	 3	sample164	10770	14882	11564	312512	0	
4	 5	 4	 4	sample164	9282	13136	9510	269780	0	
4	 5	 4	 5	sample164	8370	12224	9510	292904	0	
4	 5	 4	 6	control	5984	9838	4884	273634	0	
4	 6	 1	 1	sample165	9096	12436	8996	247160	0	
4	 6	 1	 2	sample165	9189	12529	9766	243820	0	
4	 6	 1	 3	sample165	4358	7956	3854	273448	0	
4	 6	 1	 4	sample165	2951	6549	2826	251860	0	
4	 6	 1	 5	sample165	1495	5093	1542	158312	0	
4	 6	 1	 6	control	411	4009	256	143920	0	
4	 6	 2	 1	sample166	15298	19410	16704	279616	0	
4	 6	 2	 2	sample166	17428	21540	19788	271392	0	
4	 6	 2	 3	sample166	14314	18168	16448	304466	0	
4	 6	 2	 4	sample166	11965	15819	13108	292904	0	
4	 6	 2	 5	sample166	7971	11825	8996	262072	0	
4	 6	 2	 6	control	6425	10279	6426	238948	0	
4	 6	 3	 1	sample167	6950	11062	7710	267280	0	
4	 6	 3	 2	sample167	5294	9406	5140	267280	0	
4	 6	 3	 3	sample167	4617	8729	4626	259056	0	
4	 6	 3	 4	sample167	1968	6080	2056	205600	0	
4	 6	 3	 5	sample167	758	4870	770	164480	0	
4	 6	 3	 6	control	115	4227	0	164480	0	
4	 6	 4	 1	sample168	15547	19915	18504	371280	0	
4	 6	 4	 2	sample168	14077	18445	14906	288288	0	
4	 6	 4	 3	sample168	11962	16330	12336	314496	0	
4	 6	 4	 4	sample168	10708	15076	10794	310128	0	
4	 6	 4	 5	sample168	8015	12383	7710	283920	0	
4	 6	 4	 6	control	6442	10810	6168	270816	0	
4	 7	 1	 1	sample169	15121	19489	17220	366912	0	
4	 7	 1	 2	sample169	20043	24411	23388	327600	0	
4	 7	 1	 3	sample169	16505	20873	19276	336336	0	
4	 7	 1	 4	sample169	15081	19193	16704	300176	0	
4	 7	 1	 5	sample169	8919	13031	9766	267280	0	
4	 7	 1	 6	control	334	4446	256	164480	0	
4	 7	 2	 1	sample170	7392	12018	7452	296064	0	
4	 7	 2	 2	sample170	10818	15444	11308	291438	0	
4	 7	 2	 3	sample170	6111	10737	5910	337698	0	
4	 7	 2	 4	sample170	3224	7592	3342	297024	0	
4	 7	 2	 5	sample170	2040	6408	1800	205296	0	
4	 7	 2	 6	control	7677	12045	8738	270816	0	
4	 7	 3	 1	sample171	5696	10322	5396	282186	0	
4	 7	 3	 2	sample171	5907	10533	5140	346950	0	
4	 7	 3	 3	sample171	3511	8137	3598	300690	0	
4	 7	 3	 4	sample171	1547	6173	1542	198918	0	
4	 7	 3	 5	sample171	815	5441	770	185040	0	
4	 7	 3	 6	control	321	4947	256	185040	0	
4	 7	 4	 1	sample172	9918	14800	11308	322212	0	
4	 7	 4	 2	sample172	8496	13378	9510	336858	0	
4	 7	 4	 3	sample172	9814	14696	10794	341740	0	
4	 7	 4	 4	sample172	8238	13120	7710	375914	0	
4	 7	 4	 5	sample172	3469	8095	3084	286812	0	
4	 7	 4	 6	control	2872	7754	2570	224572	0	
4	 8	 1	 1	sample173	12651	15477	14392	214776	0	
4	 8	 1	 2	sample173	12686	15512	13878	211950	0	
4	 8	 1	 3	sample173	11054	13624	12336	185040	0	
4	 8	 1	 4	sample173	10019	12589	11564	185040	0	
4	 8	 1	 5	sample173	8305	10875	8994	177330	0	
4	 8	 1	 6	control	263	2833	0	102800	0	
4	 8	 2	 1	sample174	7927	10753	9252	180864	0	
4	 8	 2	 2	sample174	8541	11625	9508	197376	0	
4	 8	 2	 3	sample174	4737	7563	5140	203472	0	
4	 8	 2	 4	sample174	2677	5503	2828	197820	0	
4	 8	 2	 5	sample174	1942	4512	2056	128500	0	
4	 8	 2	 6	control	7101	9927	8224	166734	0	
4	 8	 3	 1	sample175	13199	16283	14134	188124	0	
4	 8	 3	 2	sample175	11257	14597	11052	200400	0	
4	 8	 3	 3	sample175	13773	16857	15934	197376	0	
4	 8	 3	 4	sample175	8543	11627	8224	178872	0	
4	 8	 3	 5	sample175	5438	8264	5398	217602	0	
4	 8	 3	 6	control	470	3296	514	113040	0	
4	 8	 4	 1	sample176	8189	11529	9252	240480	0	
4	 8	 4	 2	sample176	3505	6845	3598	183700	0	
4	 8	 4	 3	sample176	2765	6105	2570	150300	0	
4	 8	 4	 4	sample176	2182	5522	2314	150300	0	
4	 8	 4	 5	sample176	919	4259	772	133600	0	
4	 8	 4	 6	control	4324	7664	3342	190380	0	
4	 9	 1	 1	sample177	7456	10284	8224	214928	0	
4	 9	 1	 2	sample177	4264	6834	4370	213310	0	
4	 9	 1	 3	sample177	2924	5494	3342	185040	0	
4	 9	 1	 4	sample177	1755	4325	1800	118220	0	
4	 9	 1	 5	sample177	585	3155	514	102800	0	
4	 9	 1	 6	control	303	2873	258	102800	0	
4	 9	 2	 1	sample178	3925	7009	3856	240552	0	
4	 9	 2	 2	sample178	6128	8956	6938	203616	0	
4	 9	 2	 3	sample178	3742	6570	3598	212100	0	
4	 9	 2	 4	sample178	1870	4698	2056	141400	0	
4	 9	 2	 5	sample178	815	3643	770	113120	0	
4	 9	 2	 6	control	6389	9217	7710	164024	0	
4	 9	 3	 1	sample179	5784	9126	5910	183810	0	
4	 9	 3	 2	sample179	10965	14307	13106	220572	0	
4	 9	 3	 3	sample179	4554	7638	4626	185040	0	
4	 9	 3	 4	sample179	3563	6647	3598	181956	0	
4	 9	 3	 5	sample179	2289	5373	2314	163452	0	
4	 9	 3	 6	control	238	3322	258	123360	0	
4	 9	 4	 1	sample180	17318	20916	21332	262654	0	
4	 9	 4	 2	sample180	17363	20961	19790	269850	0	
4	 9	 4	 3	sample180	12720	16318	14136	262654	0	
4	 9	 4	 4	sample180	12091	15433	13878	210546	0	
4	 9	 4	 5	sample180	7774	11116	8224	240624	0	
4	 9	 4	 6	control	5861	9203	5396	294096	0	
4	 10	 1	 1	sample181	14168	18024	15420	266064	0	
4	 10	 1	 2	sample181	17460	21316	20816	258352	0	
4	 10	 1	 3	sample181	15016	18872	16704	269920	0	
4	 10	 1	 4	sample181	11630	15486	12336	258352	0	
4	 10	 1	 5	sample181	6846	10444	6682	226674	0	
4	 10	 1	 6	control	412	4010	258	143920	0	
4	 10	 2	 1	sample182	14397	18509	16192	230272	0	
4	 10	 2	 2	sample182	13823	17935	16706	283728	0	
4	 10	 2	 3	sample182	12836	16948	14650	300176	0	
4	 10	 2	 4	sample182	10633	14745	12080	254944	0	
4	 10	 2	 5	sample182	8523	12379	8224	235216	0	
4	 10	 2	 6	control	5252	9108	5654	219792	0	
4	 10	 3	 1	sample183	15728	20098	19018	262200	0	
4	 10	 3	 2	sample183	11879	16249	13364	253460	0	
4	 10	 3	 3	sample183	14689	19059	17732	279680	0	
4	 10	 3	 4	sample183	13157	17527	14906	244720	0	
4	 10	 3	 5	sample183	7688	11800	7454	279616	0	
4	 10	 3	 6	control	328	4440	0	164480	0	
4	 10	 4	 1	sample184	14964	19334	17990	270940	0	
4	 10	 4	 2	sample184	7448	12074	6940	448722	0	
4	 10	 4	 3	sample184	12095	16465	14134	270940	0	
4	 10	 4	 4	sample184	10439	14809	11564	288420	0	
4	 10	 4	 5	sample184	5002	9372	5140	235980	0	
4	 10	 4	 6	control	6157	10269	5654	94576	0	
4	 11	 1	 1	sample185	8258	11342	7968	237468	0	
4	 11	 1	 2	sample185	6747	9831	7454	209712	0	
4	 11	 1	 3	sample185	3570	6654	3598	222048	0	
4	 11	 1	 4	sample185	2055	4883	1798	234724	0	
4	 11	 1	 5	sample185	1233	4061	1284	113120	0	
4	 11	 1	 6	control	469	3297	256	113120	0	
4	 11	 2	 1	sample186	13350	16948	15164	255458	0	
4	 11	 2	 2	sample186	15993	19591	19276	251860	0	
4	 11	 2	 3	sample186	13753	17095	15934	240624	0	
4	 11	 2	 4	sample186	10112	13454	11308	220572	0	
4	 11	 2	 5	sample186	6915	9999	7710	191208	0	
4	 11	 2	 6	control	4762	7846	5140	181956	0	
4	 11	 3	 1	sample187	13216	16814	15420	230272	0	
4	 11	 3	 2	sample187	11931	15529	13622	255458	0	
4	 11	 3	 3	sample187	10242	13840	11822	237468	0	
4	 11	 3	 4	sample187	9313	12655	10022	197178	0	
4	 11	 3	 5	sample187	7924	11266	8480	243966	0	
4	 11	 3	 6	control	289	3631	0	133680	0	
4	 11	 4	 1	sample188	12122	15978	12592	181232	0	
4	 11	 4	 2	sample188	12896	16752	15162	254496	0	
4	 11	 4	 3	sample188	10908	14506	12080	269850	0	
4	 11	 4	 4	sample188	6840	10182	7452	183810	0	
4	 11	 4	 5	sample188	4588	7672	5140	185040	0	
4	 11	 4	 6	control	5195	8279	5398	175788	0	
4	 12	 1	 1	sample189	5144	7200	4370	166536	0	
4	 12	 1	 2	sample189	8573	10629	8738	156256	0	
4	 12	 1	 3	sample189	5697	7753	5398	150088	0	
4	 12	 1	 4	sample189	3811	5867	4370	141864	0	
4	 12	 1	 5	sample189	1777	3833	1800	141864	0	
4	 12	 1	 6	control	450	3020	258	102800	0	
4	 12	 2	 1	sample190	3992	6048	4626	123360	0	
4	 12	 2	 2	sample190	4338	6394	4884	135696	0	
4	 12	 2	 3	sample190	3540	5854	4112	155038	0	
4	 12	 2	 4	sample190	2029	4085	2056	172704	0	
4	 12	 2	 5	sample190	1705	4019	1798	134212	0	
4	 12	 2	 6	control	4776	7346	5140	159340	0	
4	 12	 3	 1	sample191	6372	8686	7452	157352	0	
4	 12	 3	 2	sample191	9524	11838	11564	152724	0	
4	 12	 3	 3	sample191	9718	12032	11564	161980	0	
4	 12	 3	 4	sample191	9715	12029	11308	152724	0	
4	 12	 3	 5	sample191	7121	9435	8738	175864	0	
4	 12	 3	 6	control	174	2744	0	102800	0	
4	 12	 4	 1	sample192	7666	9722	8996	129528	0	
4	 12	 4	 2	sample192	3572	5628	4112	121304	0	
4	 12	 4	 3	sample192	2330	4386	2314	127472	0	
4	 12	 4	 4	sample192	1357	3413	1286	102800	0	
4	 12	 4	 5	sample192	1000	3056	1028	74016	0	
4	 12	 4	 6	control	4201	6515	4882	166608	0	
