MicroVigene	 Version	 2501
Culture	en-US
9/27/2006 3:35:05 PM
Roi Row	 4	 Roi Col	 12	 Main Row	 4	 Main Col	 6	 Sub Row	 1	 Sub Col	 1
Main Row	 Main Col	 Sub Row	 Sub Col	  GeneID	mean_net	 mean_total	 median_net	 vol_bkg	 vol_dust	 
1	 1	 1	 1	sample1	9769	13111	10280	267360	0	
1	 1	 1	 2	sample1	10014	13612	10794	284242	0	
1	 1	 1	 3	sample1	7544	10886	8480	253992	0	
1	 1	 1	 4	sample1	7440	10782	8480	264018	0	
1	 1	 1	 5	sample1	4812	8154	5140	243966	0	
1	 1	 1	 6	control	637	4235	514	143920	0	
1	 1	 2	 1	sample2	9541	12625	10024	228216	0	
1	 1	 2	 2	sample2	11985	15327	13620	247308	0	
1	 1	 2	 3	sample2	10071	13155	11566	265224	0	
1	 1	 2	 4	sample2	8261	11345	8738	240552	0	
1	 1	 2	 5	sample2	5910	9252	6168	297438	0	
1	 1	 2	 6	control	7254	10852	7710	273448	0	
1	 1	 3	 1	sample3	13007	16091	14136	212796	0	
1	 1	 3	 2	sample3	11315	14399	13364	240552	0	
1	 1	 3	 3	sample3	9698	12782	11308	255972	0	
1	 1	 3	 4	sample3	7604	10688	8224	215880	0	
1	 1	 3	 5	sample3	5702	8786	5654	268308	0	
1	 1	 3	 6	control	1295	4637	1284	170442	0	
1	 1	 4	 1	sample4	11193	13763	13364	205600	0	
1	 1	 4	 2	sample4	9674	12502	10536	214928	0	
1	 1	 4	 3	sample4	8062	10890	8480	220584	0	
1	 1	 4	 4	sample4	5458	8286	5140	212100	0	
1	 1	 4	 5	sample4	2926	6010	3084	240552	0	
1	 1	 4	 6	control	4222	7306	4112	188124	0	
1	 2	 1	 1	sample5	13267	16607	13878	300600	0	
1	 2	 1	 2	sample5	13056	16654	13878	277046	0	
1	 2	 1	 3	sample5	10452	14050	11050	295036	0	
1	 2	 1	 4	sample5	8515	12113	9252	291438	0	
1	 2	 1	 5	sample5	7935	11275	8738	260520	0	
1	 2	 1	 6	control	848	4446	770	143920	0	
1	 2	 2	 1	sample6	13455	16795	15420	237140	0	
1	 2	 2	 2	sample6	12062	15402	12080	243820	0	
1	 2	 2	 3	sample6	11739	15079	11308	277220	0	
1	 2	 2	 4	sample6	10982	14322	11822	283900	0	
1	 2	 2	 5	sample6	8405	11745	8224	280560	0	
1	 2	 2	 6	control	7084	10424	7454	313960	0	
1	 2	 3	 1	sample7	11633	14717	12592	243636	0	
1	 2	 3	 2	sample7	10576	13660	10794	222048	0	
1	 2	 3	 3	sample7	8811	11637	8738	200646	0	
1	 2	 3	 4	sample7	5958	8784	5912	186516	0	
1	 2	 3	 5	sample7	4404	7230	4112	254340	0	
1	 2	 3	 6	control	861	3945	770	123360	0	
1	 2	 4	 1	sample8	9878	12448	10280	210740	0	
1	 2	 4	 2	sample8	7602	10172	6424	226160	0	
1	 2	 4	 3	sample8	7873	10443	7966	210740	0	
1	 2	 4	 4	sample8	3976	6546	3340	228730	0	
1	 2	 4	 5	sample8	3283	5853	2826	195320	0	
1	 2	 4	 6	control	6111	8937	5398	203472	0	
1	 3	 1	 1	sample9	14794	19162	17990	318864	0	
1	 3	 1	 2	sample9	14615	18983	15678	266448	0	
1	 3	 1	 3	sample9	10511	14879	12594	384384	0	
1	 3	 1	 4	sample9	8579	12691	8994	267280	0	
1	 3	 1	 5	sample9	5654	9766	5910	271392	0	
1	 3	 1	 6	control	900	5268	772	174720	0	
1	 3	 2	 1	sample10	10949	15061	11050	259056	0	
1	 3	 2	 2	sample10	13498	17610	13620	242608	0	
1	 3	 2	 3	sample10	10435	14547	11050	279616	0	
1	 3	 2	 4	sample10	7034	10888	6940	262072	0	
1	 3	 2	 5	sample10	5132	8986	5654	235094	0	
1	 3	 2	 6	control	8010	11864	7968	231240	0	
1	 3	 3	 1	sample11	12524	16378	13622	258218	0	
1	 3	 3	 2	sample11	11782	15636	11822	246656	0	
1	 3	 3	 3	sample11	9277	13131	8482	242802	0	
1	 3	 3	 4	sample11	6127	9981	5654	262072	0	
1	 3	 3	 5	sample11	5367	8965	5654	223076	0	
1	 3	 3	 6	control	1705	5559	1542	146452	0	
1	 3	 4	 1	sample12	12849	16447	13878	251860	0	
1	 3	 4	 2	sample12	12256	15854	11822	233870	0	
1	 3	 4	 3	sample12	10895	14493	10022	237468	0	
1	 3	 4	 4	sample12	8236	11576	7710	220440	0	
1	 3	 4	 5	sample12	4454	8052	4112	237468	0	
1	 3	 4	 6	control	5785	9639	5140	227386	0	
1	 4	 1	 1	sample13	13698	17038	14392	257180	0	
1	 4	 1	 2	sample13	14183	17523	14392	253840	0	
1	 4	 1	 3	sample13	9977	13317	9766	260520	0	
1	 4	 1	 4	sample13	7728	11068	7968	250500	0	
1	 4	 1	 5	sample13	5639	8723	5396	212796	0	
1	 4	 1	 6	control	700	3784	514	123360	0	
1	 4	 2	 1	sample14	12499	15583	12850	237468	0	
1	 4	 2	 2	sample14	10673	13757	11564	209712	0	
1	 4	 2	 3	sample14	9428	12512	9508	246720	0	
1	 4	 2	 4	sample14	7193	10019	6682	228906	0	
1	 4	 2	 5	sample14	4892	7718	4112	245862	0	
1	 4	 2	 6	control	7040	9866	6426	231732	0	
1	 4	 3	 1	sample15	11976	15316	12336	207080	0	
1	 4	 3	 2	sample15	7635	10719	7710	234384	0	
1	 4	 3	 3	sample15	6014	8840	5912	220428	0	
1	 4	 3	 4	sample15	3014	5840	3084	206298	0	
1	 4	 3	 5	sample15	2761	5331	2826	221020	0	
1	 4	 3	 6	control	1002	3572	1028	102800	0	
1	 4	 4	 1	sample16	7675	13329	7710	378818	0	
1	 4	 4	 2	sample16	7215	9785	6168	305830	0	
1	 4	 4	 3	sample16	7090	9402	6168	178024	0	
1	 4	 4	 4	sample16	4591	6903	3856	168776	0	
1	 4	 4	 5	sample16	2317	4629	2314	173400	0	
1	 4	 4	 6	control	5624	7936	5398	154904	0	
1	 5	 1	 1	sample17	12737	16079	12850	260676	0	
1	 5	 1	 2	sample17	11728	15326	12850	302232	0	
1	 5	 1	 3	sample17	9067	12409	9252	274044	0	
1	 5	 1	 4	sample17	9379	12463	9510	243636	0	
1	 5	 1	 5	sample17	5380	8722	5396	260676	0	
1	 5	 1	 6	control	854	4196	770	133680	0	
1	 5	 2	 1	sample18	8022	11364	7452	277386	0	
1	 5	 2	 2	sample18	9082	12680	7454	374192	0	
1	 5	 2	 3	sample18	8503	11845	7452	304122	0	
1	 5	 2	 4	sample18	5084	8426	4626	307464	0	
1	 5	 2	 5	sample18	4361	7445	3856	274476	0	
1	 5	 2	 6	control	7549	10633	7196	265224	0	
1	 5	 3	 1	sample19	14037	17379	16190	247308	0	
1	 5	 3	 2	sample19	12688	16030	13364	287412	0	
1	 5	 3	 3	sample19	8903	12245	7710	327516	0	
1	 5	 3	 4	sample19	7237	10321	6940	252888	0	
1	 5	 3	 5	sample19	6126	9210	6168	299148	0	
1	 5	 3	 6	control	1175	4003	1028	113120	0	
1	 5	 4	 1	sample20	11440	14268	11308	268660	0	
1	 5	 4	 2	sample20	9742	12570	8480	243208	0	
1	 5	 4	 3	sample20	7502	10330	7196	206444	0	
1	 5	 4	 4	sample20	4994	7822	4626	234724	0	
1	 5	 4	 5	sample20	5381	7951	4626	246720	0	
1	 5	 4	 6	control	5182	7752	4370	208170	0	
1	 6	 1	 1	sample21	10973	14571	11050	334614	0	
1	 6	 1	 2	sample21	13082	16936	14136	277488	0	
1	 6	 1	 3	sample21	9008	12606	9252	273448	0	
1	 6	 1	 4	sample21	6357	9955	6424	259056	0	
1	 6	 1	 5	sample21	4817	8415	4882	266252	0	
1	 6	 1	 6	control	584	4182	514	143920	0	
1	 6	 2	 1	sample22	16419	20273	15420	204262	0	
1	 6	 2	 2	sample22	14411	18265	15164	327590	0	
1	 6	 2	 3	sample22	12214	15812	12850	320222	0	
1	 6	 2	 4	sample22	10062	13402	9510	270540	0	
1	 6	 2	 5	sample22	8128	11468	7968	257180	0	
1	 6	 2	 6	control	7793	11133	6940	250500	0	
1	 6	 3	 1	sample23	13223	16821	13878	262654	0	
1	 6	 3	 2	sample23	10447	14045	10536	248262	0	
1	 6	 3	 3	sample23	7082	10422	7454	253840	0	
1	 6	 3	 4	sample23	4237	7321	4368	228216	0	
1	 6	 3	 5	sample23	2775	5859	2312	262140	0	
1	 6	 3	 6	control	1939	5023	1798	163452	0	
1	 6	 4	 1	sample24	12496	15322	12850	237384	0	
1	 6	 4	 2	sample24	9559	12643	9766	252888	0	
1	 6	 4	 3	sample24	8618	11444	8482	217602	0	
1	 6	 4	 4	sample24	4880	7706	4112	237384	0	
1	 6	 4	 5	sample24	2795	5621	2828	220428	0	
1	 6	 4	 6	control	5450	8276	5140	220428	0	
1	 7	 1	 1	sample25	12217	16071	13364	339152	0	
1	 7	 1	 2	sample25	13472	17326	13878	312174	0	
1	 7	 1	 3	sample25	10530	14128	10794	287840	0	
1	 7	 1	 4	sample25	6627	10225	6424	320222	0	
1	 7	 1	 5	sample25	5758	9356	5910	266252	0	
1	 7	 1	 6	control	1002	4600	770	143920	0	
1	 7	 2	 1	sample26	11731	15329	12592	277046	0	
1	 7	 2	 2	sample26	12008	15606	13106	262654	0	
1	 7	 2	 3	sample26	11323	14663	12080	290580	0	
1	 7	 2	 4	sample26	7794	11134	6940	287240	0	
1	 7	 2	 5	sample26	5729	9069	5140	277220	0	
1	 7	 2	 6	control	7279	10619	7454	250500	0	
1	 7	 3	 1	sample27	5358	8442	5396	225132	0	
1	 7	 3	 2	sample27	3763	6847	3598	215880	0	
1	 7	 3	 3	sample27	2066	5150	2056	222048	0	
1	 7	 3	 4	sample27	1661	4745	1798	259056	0	
1	 7	 3	 5	sample27	2109	5193	2056	163452	0	
1	 7	 3	 6	control	571	3655	514	123360	0	
1	 7	 4	 1	sample28	12072	14898	13364	206298	0	
1	 7	 4	 2	sample28	8426	11252	8224	183690	0	
1	 7	 4	 3	sample28	8235	11061	8224	135648	0	
1	 7	 4	 4	sample28	4167	6993	4112	186516	0	
1	 7	 4	 5	sample28	2359	5185	2314	226080	0	
1	 7	 4	 6	control	4659	7485	4112	268470	0	
1	 8	 1	 1	sample29	12790	17158	13878	410592	0	
1	 8	 1	 2	sample29	15013	19381	17990	366912	0	
1	 8	 1	 3	sample29	13615	17983	14906	358176	0	
1	 8	 1	 4	sample29	10869	14981	11308	308400	0	
1	 8	 1	 5	sample29	7365	11477	7196	300176	0	
1	 8	 1	 6	control	591	4703	514	164480	0	
1	 8	 2	 1	sample30	9186	13040	8996	285196	0	
1	 8	 2	 2	sample30	9883	13995	8994	296064	0	
1	 8	 2	 3	sample30	8810	12664	9252	331444	0	
1	 8	 2	 4	sample30	5714	9568	4370	335298	0	
1	 8	 2	 5	sample30	4772	8626	4370	327590	0	
1	 8	 2	 6	control	6712	10566	5912	304466	0	
1	 8	 3	 1	sample31	9748	13602	10024	269780	0	
1	 8	 3	 2	sample31	7870	11724	7454	242802	0	
1	 8	 3	 3	sample31	5400	8998	5140	241066	0	
1	 8	 3	 4	sample31	3003	6601	2826	219478	0	
1	 8	 3	 5	sample31	2581	6179	2312	309428	0	
1	 8	 3	 6	control	713	4311	770	143920	0	
1	 8	 4	 1	sample32	12257	15597	12336	247160	0	
1	 8	 4	 2	sample32	9071	12411	8996	250500	0	
1	 8	 4	 3	sample32	7971	11311	8738	240480	0	
1	 8	 4	 4	sample32	5110	8194	4112	271392	0	
1	 8	 4	 5	sample32	2943	6027	2570	225132	0	
1	 8	 4	 6	control	5136	8220	4368	206628	0	
1	 9	 1	 1	sample33	10985	14327	11308	260676	0	
1	 9	 1	 2	sample33	11243	14585	11564	264018	0	
1	 9	 1	 3	sample33	7212	10554	6938	260676	0	
1	 9	 1	 4	sample33	6948	10290	6682	260676	0	
1	 9	 1	 5	sample33	4178	7262	3856	231300	0	
1	 9	 1	 6	control	1703	4787	1800	123360	0	
1	 9	 2	 1	sample34	8421	11763	7966	230598	0	
1	 9	 2	 2	sample34	10221	13563	8994	207204	0	
1	 9	 2	 3	sample34	10181	13523	9766	287412	0	
1	 9	 2	 4	sample34	7767	11109	6682	360936	0	
1	 9	 2	 5	sample34	6816	10158	6168	267360	0	
1	 9	 2	 6	control	6857	9941	5912	277560	0	
1	 9	 3	 1	sample35	10814	13898	10280	206628	0	
1	 9	 3	 2	sample35	7171	10255	6682	243636	0	
1	 9	 3	 3	sample35	5001	8343	4368	247308	0	
1	 9	 3	 4	sample35	1627	5483	1542	185088	0	
1	 9	 3	 5	sample35	3872	6956	3342	283728	0	
1	 9	 3	 6	control	791	3875	772	123360	0	
1	 9	 4	 1	sample36	9380	11950	8482	259570	0	
1	 9	 4	 2	sample36	7960	10530	7454	177330	0	
1	 9	 4	 3	sample36	7723	10293	6940	218450	0	
1	 9	 4	 4	sample36	5151	7721	4626	192750	0	
1	 9	 4	 5	sample36	2788	5358	2570	215880	0	
1	 9	 4	 6	control	5059	7629	4626	177330	0	
1	 10	 1	 1	sample37	11717	15059	11050	253992	0	
1	 10	 1	 2	sample37	12030	15372	12336	267360	0	
1	 10	 1	 3	sample37	8833	12175	7966	260676	0	
1	 10	 1	 4	sample37	6905	9989	6682	231300	0	
1	 10	 1	 5	sample37	5039	7867	5140	195132	0	
1	 10	 1	 6	control	495	3579	514	123360	0	
1	 10	 2	 1	sample38	8420	11762	7966	270702	0	
1	 10	 2	 2	sample38	8091	11433	7966	200520	0	
1	 10	 2	 3	sample38	8433	11517	7968	246720	0	
1	 10	 2	 4	sample38	5452	8536	4884	277560	0	
1	 10	 2	 5	sample38	3626	6454	3340	229068	0	
1	 10	 2	 6	control	6543	9371	6424	183820	0	
1	 10	 3	 1	sample39	12087	15171	12850	299148	0	
1	 10	 3	 2	sample39	11716	14800	12594	231300	0	
1	 10	 3	 3	sample39	9603	12431	8738	183820	0	
1	 10	 3	 4	sample39	4043	6613	2828	305830	0	
1	 10	 3	 5	sample39	4113	6683	3856	221020	0	
1	 10	 3	 6	control	514	3342	256	113120	0	
1	 10	 4	 1	sample40	9122	11692	8738	223590	0	
1	 10	 4	 2	sample40	8331	10901	7968	179900	0	
1	 10	 4	 3	sample40	7254	9824	6168	195320	0	
1	 10	 4	 4	sample40	3566	5880	3340	171236	0	
1	 10	 4	 5	sample40	3664	5978	3340	171236	0	
1	 10	 4	 6	control	4797	7111	4626	187434	0	
1	 11	 1	 1	sample41	13123	16979	14392	296912	0	
1	 11	 1	 2	sample41	10903	15015	11566	341296	0	
1	 11	 1	 3	sample41	8931	12787	9508	312336	0	
1	 11	 1	 4	sample41	8314	12170	8994	308480	0	
1	 11	 1	 5	sample41	6254	9852	6168	269850	0	
1	 11	 1	 6	control	1877	5475	1800	143920	0	
1	 11	 2	 1	sample42	13196	17052	14392	254496	0	
1	 11	 2	 2	sample42	12748	16860	14136	320736	0	
1	 11	 2	 3	sample42	12092	15948	12850	293056	0	
1	 11	 2	 4	sample42	9006	12604	8738	338212	0	
1	 11	 2	 5	sample42	6383	9981	6168	302232	0	
1	 11	 2	 6	control	7870	11468	7968	266252	0	
1	 11	 3	 1	sample43	11726	15324	11052	316624	0	
1	 11	 3	 2	sample43	11741	15597	13106	269920	0	
1	 11	 3	 3	sample43	9292	12890	9510	284242	0	
1	 11	 3	 4	sample43	6931	10273	6938	227256	0	
1	 11	 3	 5	sample43	6614	9956	5910	280728	0	
1	 11	 3	 6	control	533	3875	514	133680	0	
1	 11	 4	 1	sample44	12634	15976	14906	250650	0	
1	 11	 4	 2	sample44	11483	14825	13106	210546	0	
1	 11	 4	 3	sample44	8937	12021	8996	203544	0	
1	 11	 4	 4	sample44	6280	9364	6682	191208	0	
1	 11	 4	 5	sample44	4141	7225	4370	222048	0	
1	 11	 4	 6	control	6041	9383	6168	243966	0	
1	 12	 1	 1	sample45	11702	14786	12336	218964	0	
1	 12	 1	 2	sample45	12474	15558	13878	200460	0	
1	 12	 1	 3	sample45	10350	13434	10536	191208	0	
1	 12	 1	 4	sample45	6938	10022	6938	188124	0	
1	 12	 1	 5	sample45	4326	7152	4884	166734	0	
1	 12	 1	 6	control	616	3700	514	123360	0	
1	 12	 2	 1	sample46	6951	9777	6426	189342	0	
1	 12	 2	 2	sample46	8086	10912	8224	146952	0	
1	 12	 2	 3	sample46	7932	10758	7196	186516	0	
1	 12	 2	 4	sample46	5077	7903	4884	183690	0	
1	 12	 2	 5	sample46	3913	6483	3854	159340	0	
1	 12	 2	 6	control	7084	9910	7196	161082	0	
1	 12	 3	 1	sample47	10216	13042	9510	169560	0	
1	 12	 3	 2	sample47	8575	11145	8480	174760	0	
1	 12	 3	 3	sample47	8145	10715	6424	151630	0	
1	 12	 3	 4	sample47	4555	7125	3854	149060	0	
1	 12	 3	 5	sample47	3204	5516	2828	164152	0	
1	 12	 3	 6	control	340	2910	256	102800	0	
1	 12	 4	 1	sample48	11410	13980	11050	213310	0	
1	 12	 4	 2	sample48	11258	13828	12078	133640	0	
1	 12	 4	 3	sample48	9602	11914	9510	122536	0	
1	 12	 4	 4	sample48	8128	10440	8224	122536	0	
1	 12	 4	 5	sample48	4081	6393	3856	134096	0	
1	 12	 4	 6	control	6111	8681	5396	164480	0	
2	 1	 1	 1	sample49	13051	16393	13878	280728	0	
2	 1	 1	 2	sample49	11607	15205	12850	291438	0	
2	 1	 1	 3	sample49	10888	14486	11566	305830	0	
2	 1	 1	 4	sample49	8764	12106	8738	287412	0	
2	 1	 1	 5	sample49	5499	8841	5654	294096	0	
2	 1	 1	 6	control	399	3997	258	143920	0	
2	 1	 2	 1	sample50	12485	15827	13620	280728	0	
2	 1	 2	 2	sample50	12512	16110	12336	327418	0	
2	 1	 2	 3	sample50	11975	15573	11822	381388	0	
2	 1	 2	 4	sample50	10237	13579	9508	364278	0	
2	 1	 2	 5	sample50	7655	11253	6940	417368	0	
2	 1	 2	 6	control	7442	11040	7710	309428	0	
2	 1	 3	 1	sample51	11595	14679	12080	212796	0	
2	 1	 3	 2	sample51	9800	13398	10280	327418	0	
2	 1	 3	 3	sample51	7692	11290	6682	255458	0	
2	 1	 3	 4	sample51	5743	9085	5654	240624	0	
2	 1	 3	 5	sample51	4816	8414	4112	370594	0	
2	 1	 3	 6	control	752	4350	772	143920	0	
2	 1	 4	 1	sample52	11401	14229	11822	226240	0	
2	 1	 4	 2	sample52	8329	11413	7710	265224	0	
2	 1	 4	 3	sample52	6816	9900	7196	289896	0	
2	 1	 4	 4	sample52	4392	7476	4112	311484	0	
2	 1	 4	 5	sample52	2413	5755	2056	290754	0	
2	 1	 4	 6	control	6251	9593	6168	257334	0	
2	 2	 1	 1	sample53	14720	18060	16192	243820	0	
2	 2	 1	 2	sample53	12347	15687	14136	253840	0	
2	 2	 1	 3	sample53	10989	14329	12080	233800	0	
2	 2	 1	 4	sample53	8201	11541	8996	220440	0	
2	 2	 1	 5	sample53	6857	9941	7196	212796	0	
2	 2	 1	 6	control	1061	4401	1028	133600	0	
2	 2	 2	 1	sample54	11941	15281	12336	203740	0	
2	 2	 2	 2	sample54	12803	16143	13622	233800	0	
2	 2	 2	 3	sample54	10601	13685	11564	209712	0	
2	 2	 2	 4	sample54	8030	11370	7968	233800	0	
2	 2	 2	 5	sample54	5616	8956	5140	247160	0	
2	 2	 2	 6	control	6968	10308	6426	237140	0	
2	 2	 3	 1	sample55	13617	16957	14136	213760	0	
2	 2	 3	 2	sample55	12433	15773	12594	230460	0	
2	 2	 3	 3	sample55	9175	12259	9252	197376	0	
2	 2	 3	 4	sample55	6184	9268	6168	194292	0	
2	 2	 3	 5	sample55	4080	7164	3854	228216	0	
2	 2	 3	 6	control	328	3668	258	133600	0	
2	 2	 4	 1	sample56	14234	17318	15934	222048	0	
2	 2	 4	 2	sample56	13548	16632	14906	218964	0	
2	 2	 4	 3	sample56	10062	12888	10538	209124	0	
2	 2	 4	 4	sample56	7929	10755	7454	209124	0	
2	 2	 4	 5	sample56	4246	7072	4112	206298	0	
2	 2	 4	 6	control	6023	8849	5654	189342	0	
2	 3	 1	 1	sample57	13633	16717	14906	246720	0	
2	 3	 1	 2	sample57	13579	16919	15934	263860	0	
2	 3	 1	 3	sample57	11411	14751	12850	277220	0	
2	 3	 1	 4	sample57	8907	11991	8994	252888	0	
2	 3	 1	 5	sample57	6017	9101	6168	231300	0	
2	 3	 1	 6	control	578	3662	514	123360	0	
2	 3	 2	 1	sample58	8595	11935	7968	263860	0	
2	 3	 2	 2	sample58	10610	13950	10024	247160	0	
2	 3	 2	 3	sample58	9253	12593	9510	267200	0	
2	 3	 2	 4	sample58	7102	10186	6682	262140	0	
2	 3	 2	 5	sample58	4660	7744	4368	249804	0	
2	 3	 2	 6	control	9017	12101	8738	283728	0	
2	 3	 3	 1	sample59	16403	19743	18762	323980	0	
2	 3	 3	 2	sample59	14524	17608	15420	280644	0	
2	 3	 3	 3	sample59	12187	15527	13364	247160	0	
2	 3	 3	 4	sample59	8497	11581	7710	246720	0	
2	 3	 3	 5	sample59	7177	10003	6682	257166	0	
2	 3	 3	 6	control	283	3109	258	113040	0	
2	 3	 4	 1	sample60	8517	11087	7966	272420	0	
2	 3	 4	 2	sample60	8780	11606	8482	243036	0	
2	 3	 4	 3	sample60	6229	9055	5912	251514	0	
2	 3	 4	 4	sample60	5105	7675	4626	210740	0	
2	 3	 4	 5	sample60	3139	5709	2826	131070	0	
2	 3	 4	 6	control	5408	7978	5140	167050	0	
2	 4	 1	 1	sample61	13959	18329	14648	371450	0	
2	 4	 1	 2	sample61	12733	17103	12592	319010	0	
2	 4	 1	 3	sample61	10606	14718	11052	291952	0	
2	 4	 1	 4	sample61	8021	12133	8224	296064	0	
2	 4	 1	 5	sample61	3892	8004	3856	316624	0	
2	 4	 1	 6	control	771	4883	772	164480	0	
2	 4	 2	 1	sample62	11835	16205	12336	257830	0	
2	 4	 2	 2	sample62	11025	15395	12078	266570	0	
2	 4	 2	 3	sample62	8623	12735	8738	291952	0	
2	 4	 2	 4	sample62	6450	10562	6168	300176	0	
2	 4	 2	 5	sample62	4534	8646	4370	296064	0	
2	 4	 2	 6	control	7600	11712	7196	296064	0	
2	 4	 3	 1	sample63	13434	17546	15420	259056	0	
2	 4	 3	 2	sample63	12551	16663	12594	275504	0	
2	 4	 3	 3	sample63	7625	11737	7710	246720	0	
2	 4	 3	 4	sample63	5642	9754	5654	250832	0	
2	 4	 3	 5	sample63	3599	7711	3084	320736	0	
2	 4	 3	 6	control	393	4505	258	164480	0	
2	 4	 4	 1	sample64	15234	19090	17218	262208	0	
2	 4	 4	 2	sample64	9965	13821	10794	258352	0	
2	 4	 4	 3	sample64	7068	10666	7710	244664	0	
2	 4	 4	 4	sample64	5014	8612	5140	241066	0	
2	 4	 4	 5	sample64	2900	6498	2828	241066	0	
2	 4	 4	 6	control	6245	9843	6682	230272	0	
2	 5	 1	 1	sample65	13841	17183	13878	260676	0	
2	 5	 1	 2	sample65	12945	16287	13364	270702	0	
2	 5	 1	 3	sample65	11727	15069	12078	264018	0	
2	 5	 1	 4	sample65	7071	10155	6682	271392	0	
2	 5	 1	 5	sample65	5961	9045	5912	206628	0	
2	 5	 1	 6	control	585	3669	514	123360	0	
2	 5	 2	 1	sample66	6424	9766	6168	233940	0	
2	 5	 2	 2	sample66	8080	11422	6938	227256	0	
2	 5	 2	 3	sample66	5749	9091	4882	304122	0	
2	 5	 2	 4	sample66	4413	7497	3856	271392	0	
2	 5	 2	 5	sample66	3148	5976	2826	234724	0	
2	 5	 2	 6	control	5676	8504	4368	263004	0	
2	 5	 3	 1	sample67	14307	17649	14648	233940	0	
2	 5	 3	 2	sample67	12517	15859	13364	250650	0	
2	 5	 3	 3	sample67	8969	12311	8480	203862	0	
2	 5	 3	 4	sample67	5930	9014	6168	218964	0	
2	 5	 3	 5	sample67	4048	6876	3340	263004	0	
2	 5	 3	 6	control	424	3252	256	113120	0	
2	 5	 4	 1	sample68	12599	15427	12850	223412	0	
2	 5	 4	 2	sample68	9994	13078	10024	243636	0	
2	 5	 4	 3	sample68	9908	12736	10022	229068	0	
2	 5	 4	 4	sample68	8148	10976	7452	231896	0	
2	 5	 4	 5	sample68	4671	7499	4112	206444	0	
2	 5	 4	 6	control	5243	8071	4112	260176	0	
2	 6	 1	 1	sample69	15230	19086	16704	308480	0	
2	 6	 1	 2	sample69	15017	18873	17218	300768	0	
2	 6	 1	 3	sample69	13949	17805	15676	316192	0	
2	 6	 1	 4	sample69	11319	14917	11052	262654	0	
2	 6	 1	 5	sample69	7457	11055	8224	255458	0	
2	 6	 1	 6	control	540	4138	514	143920	0	
2	 6	 2	 1	sample70	11634	15232	12336	215880	0	
2	 6	 2	 2	sample70	9827	13683	8738	273776	0	
2	 6	 2	 3	sample70	8810	12408	9510	273448	0	
2	 6	 2	 4	sample70	6470	9812	5654	280728	0	
2	 6	 2	 5	sample70	5036	8378	5140	297438	0	
2	 6	 2	 6	control	7072	10414	6424	277386	0	
2	 6	 3	 1	sample71	14668	18266	16192	248262	0	
2	 6	 3	 2	sample71	8267	11865	8482	237468	0	
2	 6	 3	 3	sample71	6724	10322	6426	223076	0	
2	 6	 3	 4	sample71	4081	7423	4368	253992	0	
2	 6	 3	 5	sample71	2916	6258	2826	267360	0	
2	 6	 3	 6	control	205	3547	256	133680	0	
2	 6	 4	 1	sample72	13734	17076	12078	354252	0	
2	 6	 4	 2	sample72	13675	17017	15420	267360	0	
2	 6	 4	 3	sample72	11277	14619	11308	250650	0	
2	 6	 4	 4	sample72	9256	12340	8996	225132	0	
2	 6	 4	 5	sample72	5434	8518	4884	218964	0	
2	 6	 4	 6	control	5390	8474	5398	222048	0	
2	 7	 1	 1	sample73	11598	14938	11052	263860	0	
2	 7	 1	 2	sample73	10860	14200	11052	263860	0	
2	 7	 1	 3	sample73	9411	12751	9510	260520	0	
2	 7	 1	 4	sample73	5375	8715	4626	267200	0	
2	 7	 1	 5	sample73	3926	7266	4370	220440	0	
2	 7	 1	 6	control	540	3880	514	133600	0	
2	 7	 2	 1	sample74	11625	14965	11822	203740	0	
2	 7	 2	 2	sample74	12183	15523	12850	223780	0	
2	 7	 2	 3	sample74	9286	12626	8224	283900	0	
2	 7	 2	 4	sample74	8113	11197	8480	259056	0	
2	 7	 2	 5	sample74	5314	8398	5140	240552	0	
2	 7	 2	 6	control	7044	10384	7196	230460	0	
2	 7	 3	 1	sample75	706	3790	514	123360	0	
2	 7	 3	 2	sample75	1493	4577	1542	148032	0	
2	 7	 3	 3	sample75	3216	6300	3340	185040	0	
2	 7	 3	 4	sample75	2548	5632	2570	144948	0	
2	 7	 3	 5	sample75	2234	5318	2312	151116	0	
2	 7	 3	 6	control	828	3912	770	123360	0	
2	 7	 4	 1	sample76	13179	16005	13364	183690	0	
2	 7	 4	 2	sample76	10727	13553	11052	192168	0	
2	 7	 4	 3	sample76	8302	11128	8224	178038	0	
2	 7	 4	 4	sample76	5096	7922	4370	228906	0	
2	 7	 4	 5	sample76	2769	5595	2570	186516	0	
2	 7	 4	 6	control	5124	8208	4882	206628	0	
2	 8	 1	 1	sample77	12263	16375	11566	304288	0	
2	 8	 1	 2	sample77	11387	15757	11822	380190	0	
2	 8	 1	 3	sample77	9334	13446	9510	324848	0	
2	 8	 1	 4	sample77	6663	10519	6682	327760	0	
2	 8	 1	 5	sample77	3240	7096	3598	285344	0	
2	 8	 1	 6	control	571	4427	514	154240	0	
2	 8	 2	 1	sample78	9460	13572	9252	259056	0	
2	 8	 2	 2	sample78	9110	13480	9252	310270	0	
2	 8	 2	 3	sample78	7075	11445	6682	371450	0	
2	 8	 2	 4	sample78	5698	9810	5140	312512	0	
2	 8	 2	 5	sample78	3473	7585	3342	361856	0	
2	 8	 2	 6	control	6249	10105	4882	327760	0	
2	 8	 3	 1	sample79	13261	17631	15420	340860	0	
2	 8	 3	 2	sample79	11903	16273	12078	288420	0	
2	 8	 3	 3	sample79	7164	11534	5654	502550	0	
2	 8	 3	 4	sample79	6031	10143	5140	291952	0	
2	 8	 3	 5	sample79	4505	8617	4112	365968	0	
2	 8	 3	 6	control	1758	5870	1542	176816	0	
2	 8	 4	 1	sample80	11155	15011	11050	285344	0	
2	 8	 4	 2	sample80	9393	13505	9766	300176	0	
2	 8	 4	 3	sample80	7048	10904	6682	316192	0	
2	 8	 4	 4	sample80	3844	7700	3598	273776	0	
2	 8	 4	 5	sample80	2345	6201	2312	273776	0	
2	 8	 4	 6	control	4457	8313	3854	335472	0	
2	 9	 1	 1	sample81	12166	15250	13108	209712	0	
2	 9	 1	 2	sample81	8659	11743	9766	200460	0	
2	 9	 1	 3	sample81	7807	10891	8224	222048	0	
2	 9	 1	 4	sample81	3954	7552	3598	187096	0	
2	 9	 1	 5	sample81	4070	6898	4368	141400	0	
2	 9	 1	 6	control	687	3515	514	113120	0	
2	 9	 2	 1	sample82	8263	11347	7968	185040	0	
2	 9	 2	 2	sample82	12231	15315	13108	188124	0	
2	 9	 2	 3	sample82	9509	12593	10024	194292	0	
2	 9	 2	 4	sample82	7199	10027	6424	209272	0	
2	 9	 2	 5	sample82	4800	7628	4626	175336	0	
2	 9	 2	 6	control	7431	10259	7452	172508	0	
2	 9	 3	 1	sample83	12494	15578	13108	206628	0	
2	 9	 3	 2	sample83	10464	13548	10280	225132	0	
2	 9	 3	 3	sample83	5942	8770	6424	164024	0	
2	 9	 3	 4	sample83	4083	6653	3856	179900	0	
2	 9	 3	 5	sample83	3316	5886	3084	182470	0	
2	 9	 3	 6	control	321	3149	256	113120	0	
2	 9	 4	 1	sample84	15503	18331	15420	121604	0	
2	 9	 4	 2	sample84	9286	12114	10794	169680	0	
2	 9	 4	 3	sample84	6799	9369	6940	164480	0	
2	 9	 4	 4	sample84	5232	7802	5912	159340	0	
2	 9	 4	 5	sample84	2605	5175	2314	172190	0	
2	 9	 4	 6	control	5808	8378	6426	146490	0	
2	 10	 1	 1	sample85	10403	13487	9252	252888	0	
2	 10	 1	 2	sample85	11419	14503	12080	237468	0	
2	 10	 1	 3	sample85	9517	12601	8996	215880	0	
2	 10	 1	 4	sample85	5938	9022	6168	209712	0	
2	 10	 1	 5	sample85	3500	6328	3598	186648	0	
2	 10	 1	 6	control	566	3650	258	123360	0	
2	 10	 2	 1	sample86	9322	12406	8224	215880	0	
2	 10	 2	 2	sample86	8962	11790	8224	180992	0	
2	 10	 2	 3	sample86	8123	10951	7196	231896	0	
2	 10	 2	 4	sample86	6953	9781	6424	197960	0	
2	 10	 2	 5	sample86	4104	6932	4112	197960	0	
2	 10	 2	 6	control	6308	9136	5910	180992	0	
2	 10	 3	 1	sample87	10873	13701	11050	183820	0	
2	 10	 3	 2	sample87	7456	10284	6682	189476	0	
2	 10	 3	 3	sample87	5793	8621	5654	203616	0	
2	 10	 3	 4	sample87	3179	6007	3084	175336	0	
2	 10	 3	 5	sample87	3244	5814	3342	190180	0	
2	 10	 3	 6	control	520	3348	0	113120	0	
2	 10	 4	 1	sample88	8589	11159	7968	190180	0	
2	 10	 4	 2	sample88	6458	9028	5398	205600	0	
2	 10	 4	 3	sample88	3929	6499	2828	226160	0	
2	 10	 4	 4	sample88	4284	6854	4626	154200	0	
2	 10	 4	 5	sample88	3051	5621	2828	177330	0	
2	 10	 4	 6	control	4580	7150	4626	169620	0	
2	 11	 1	 1	sample89	15954	19296	17990	290754	0	
2	 11	 1	 2	sample89	14154	17496	15934	314148	0	
2	 11	 1	 3	sample89	11132	14474	12336	304122	0	
2	 11	 1	 4	sample89	8791	12133	8738	240624	0	
2	 11	 1	 5	sample89	6422	9506	6426	212796	0	
2	 11	 1	 6	control	347	3431	258	123360	0	
2	 11	 2	 1	sample90	9189	12531	8480	287412	0	
2	 11	 2	 2	sample90	8493	11835	7966	267360	0	
2	 11	 2	 3	sample90	8781	12123	7710	314148	0	
2	 11	 2	 4	sample90	6142	9226	5398	296064	0	
2	 11	 2	 5	sample90	3994	7078	3598	274476	0	
2	 11	 2	 6	control	7688	10772	7968	209712	0	
2	 11	 3	 1	sample91	13371	16455	14392	240552	0	
2	 11	 3	 2	sample91	10398	13482	10794	215880	0	
2	 11	 3	 3	sample91	6597	9681	6168	212796	0	
2	 11	 3	 4	sample91	4872	7956	4370	271392	0	
2	 11	 3	 5	sample91	3685	6513	3598	257348	0	
2	 11	 3	 6	control	77.7	3162	0	123360	0	
2	 11	 4	 1	sample92	9444	12272	9766	279972	0	
2	 11	 4	 2	sample92	7900	10728	7452	197960	0	
2	 11	 4	 3	sample92	5469	8297	4882	209272	0	
2	 11	 4	 4	sample92	3801	6371	3598	195320	0	
2	 11	 4	 5	sample92	2349	5177	2312	302596	0	
2	 11	 4	 6	control	6025	8853	5396	234724	0	
2	 12	 1	 1	sample93	12096	15438	12850	200520	0	
2	 12	 1	 2	sample93	11457	14799	13106	207204	0	
2	 12	 1	 3	sample93	9088	12172	9766	178872	0	
2	 12	 1	 4	sample93	5541	8625	5912	181956	0	
2	 12	 1	 5	sample93	6355	9439	6940	191208	0	
2	 12	 1	 6	control	386	3470	514	123360	0	
2	 12	 2	 1	sample94	10214	13556	10022	197178	0	
2	 12	 2	 2	sample94	13019	16361	14392	167100	0	
2	 12	 2	 3	sample94	9165	12507	9252	217230	0	
2	 12	 2	 4	sample94	7748	10832	8224	188124	0	
2	 12	 2	 5	sample94	6192	9276	6426	169620	0	
2	 12	 2	 6	control	8156	11240	8738	172704	0	
2	 12	 3	 1	sample95	12107	15191	12850	203544	0	
2	 12	 3	 2	sample95	10514	13856	10794	193836	0	
2	 12	 3	 3	sample95	10430	13772	10536	193836	0	
2	 12	 3	 4	sample95	6217	9301	5654	197376	0	
2	 12	 3	 5	sample95	3782	6866	3598	203544	0	
2	 12	 3	 6	control	258	3342	258	123360	0	
2	 12	 4	 1	sample96	13085	16169	14392	212796	0	
2	 12	 4	 2	sample96	10619	13703	11052	175788	0	
2	 12	 4	 3	sample96	8564	11648	9252	191208	0	
2	 12	 4	 4	sample96	5754	8838	5140	215880	0	
2	 12	 4	 5	sample96	3844	6928	3856	200460	0	
2	 12	 4	 6	control	7472	10556	7968	175788	0	
3	 1	 1	 1	sample97	12327	15153	13108	234558	0	
3	 1	 1	 2	sample97	12105	15189	13364	268308	0	
3	 1	 1	 3	sample97	10639	13723	10794	255972	0	
3	 1	 1	 4	sample97	7887	10971	7452	268308	0	
3	 1	 1	 5	sample97	5255	8339	5140	240552	0	
3	 1	 1	 6	control	1793	4877	1798	141864	0	
3	 1	 2	 1	sample98	11434	14518	12850	225132	0	
3	 1	 2	 2	sample98	10306	13390	11564	271392	0	
3	 1	 2	 3	sample98	2511	5595	2312	163452	0	
3	 1	 2	 4	sample98	4783	7867	4368	296064	0	
3	 1	 2	 5	sample98	4433	7517	4368	292980	0	
3	 1	 2	 6	control	6087	9427	4626	400800	0	
3	 1	 3	 1	sample99	11966	15050	13106	197376	0	
3	 1	 3	 2	sample99	9938	13022	10536	243636	0	
3	 1	 3	 3	sample99	8644	11728	8224	203544	0	
3	 1	 3	 4	sample99	9017	12101	9252	212796	0	
3	 1	 3	 5	sample99	9270	12354	9252	299148	0	
3	 1	 3	 6	control	431	3771	514	133600	0	
3	 1	 4	 1	sample100	10176	13002	9510	285426	0	
3	 1	 4	 2	sample100	10245	13071	9510	223254	0	
3	 1	 4	 3	sample100	7989	10559	7966	233870	0	
3	 1	 4	 4	sample100	5924	8494	5396	246720	0	
3	 1	 4	 5	sample100	2903	5729	2828	220428	0	
3	 1	 4	 6	control	5413	8239	5398	234558	0	
3	 2	 1	 1	sample101	13308	16906	14134	284242	0	
3	 2	 1	 2	sample101	13354	16952	14906	287840	0	
3	 2	 1	 3	sample101	9158	12498	10280	253840	0	
3	 2	 1	 4	sample101	6998	10338	7196	247160	0	
3	 2	 1	 5	sample101	5124	8464	5140	267200	0	
3	 2	 1	 6	control	308	3906	256	143920	0	
3	 2	 2	 1	sample102	14054	17908	15678	304466	0	
3	 2	 2	 2	sample102	11058	14912	11822	304466	0	
3	 2	 2	 3	sample102	7522	11120	7966	305830	0	
3	 2	 2	 4	sample102	4132	7730	4112	323820	0	
3	 2	 2	 5	sample102	3023	6621	2826	334614	0	
3	 2	 2	 6	control	7564	11162	6424	298634	0	
3	 2	 3	 1	sample103	13322	16920	15162	266252	0	
3	 2	 3	 2	sample103	13228	16826	14392	259056	0	
3	 2	 3	 3	sample103	10929	14527	11050	266252	0	
3	 2	 3	 4	sample103	8882	12480	8994	262654	0	
3	 2	 3	 5	sample103	7020	10618	6168	316624	0	
3	 2	 3	 6	control	250	3848	256	143920	0	
3	 2	 4	 1	sample104	13597	16937	15420	277220	0	
3	 2	 4	 2	sample104	12011	15351	12336	273880	0	
3	 2	 4	 3	sample104	9681	12765	10280	271392	0	
3	 2	 4	 4	sample104	5195	8279	4626	286812	0	
3	 2	 4	 5	sample104	4657	7741	4626	200460	0	
3	 2	 4	 6	control	5127	8467	5140	260520	0	
3	 3	 1	 1	sample105	14080	17678	15162	291438	0	
3	 3	 1	 2	sample105	14009	17607	14648	287840	0	
3	 3	 1	 3	sample105	11793	15391	12592	291438	0	
3	 3	 1	 4	sample105	8590	11930	8738	253840	0	
3	 3	 1	 5	sample105	6264	9348	6682	237468	0	
3	 3	 1	 6	control	476	3816	514	133600	0	
3	 3	 2	 1	sample106	13751	17349	14906	284242	0	
3	 3	 2	 2	sample106	12478	16076	12850	291438	0	
3	 3	 2	 3	sample106	10063	13661	9252	341810	0	
3	 3	 2	 4	sample106	7546	10886	7196	307280	0	
3	 3	 2	 5	sample106	5160	8500	4626	313960	0	
3	 3	 2	 6	control	6704	10044	5654	357380	0	
3	 3	 3	 1	sample107	11705	15303	12592	295036	0	
3	 3	 3	 2	sample107	10104	13702	10022	295036	0	
3	 3	 3	 3	sample107	8118	11458	7454	273880	0	
3	 3	 3	 4	sample107	4880	8220	4884	243820	0	
3	 3	 3	 5	sample107	4219	7303	4112	280644	0	
3	 3	 3	 6	control	372	3456	256	123360	0	
3	 3	 4	 1	sample108	12460	15800	12080	354040	0	
3	 3	 4	 2	sample108	11421	14761	9766	327320	0	
3	 3	 4	 3	sample108	9181	12521	9252	337340	0	
3	 3	 4	 4	sample108	7005	9831	6682	322164	0	
3	 3	 4	 5	sample108	4607	7433	4626	228906	0	
3	 3	 4	 6	control	5273	8099	5398	192168	0	
3	 4	 1	 1	sample109	11896	15752	11564	293056	0	
3	 4	 1	 2	sample109	14768	18366	16192	295036	0	
3	 4	 1	 3	sample109	10991	14589	11052	287840	0	
3	 4	 1	 4	sample109	7023	10365	6682	274044	0	
3	 4	 1	 5	sample109	5025	8367	5396	240624	0	
3	 4	 1	 6	control	611	4209	514	143920	0	
3	 4	 2	 1	sample110	11328	14926	11822	233870	0	
3	 4	 2	 2	sample110	12458	16056	14136	251860	0	
3	 4	 2	 3	sample110	11054	14652	10794	313026	0	
3	 4	 2	 4	sample110	7277	10619	7196	284070	0	
3	 4	 2	 5	sample110	5015	8357	4368	297438	0	
3	 4	 2	 6	control	7586	10928	7452	270702	0	
3	 4	 3	 1	sample111	10692	14290	11052	233870	0	
3	 4	 3	 2	sample111	11888	15486	11566	251860	0	
3	 4	 3	 3	sample111	7870	11212	7452	240624	0	
3	 4	 3	 4	sample111	4526	7868	3854	277386	0	
3	 4	 3	 5	sample111	4448	7532	3342	271392	0	
3	 4	 3	 6	control	205	3547	256	133680	0	
3	 4	 4	 1	sample112	14743	18085	17990	270702	0	
3	 4	 4	 2	sample112	12084	15168	11566	197376	0	
3	 4	 4	 3	sample112	9346	12430	8996	246720	0	
3	 4	 4	 4	sample112	6474	9558	6426	212796	0	
3	 4	 4	 5	sample112	4455	7539	4626	203544	0	
3	 4	 4	 6	control	5835	8919	5398	206628	0	
3	 5	 1	 1	sample113	11326	14666	10280	290580	0	
3	 5	 1	 2	sample113	14585	18183	17218	277046	0	
3	 5	 1	 3	sample113	11118	14458	11052	257180	0	
3	 5	 1	 4	sample113	8488	11828	8738	267200	0	
3	 5	 1	 5	sample113	5903	8987	6424	222048	0	
3	 5	 1	 6	control	552	3636	256	123360	0	
3	 5	 2	 1	sample114	12323	15663	13364	250500	0	
3	 5	 2	 2	sample114	12945	16543	12850	269850	0	
3	 5	 2	 3	sample114	9137	12477	8482	334000	0	
3	 5	 2	 4	sample114	6737	9821	6168	271392	0	
3	 5	 2	 5	sample114	4811	7895	4368	308400	0	
3	 5	 2	 6	control	7851	10935	7196	274476	0	
3	 5	 3	 1	sample115	12407	15747	12594	230460	0	
3	 5	 3	 2	sample115	11418	14758	11822	243820	0	
3	 5	 3	 3	sample115	6949	10289	6682	263860	0	
3	 5	 3	 4	sample115	3713	6797	3340	206628	0	
3	 5	 3	 5	sample115	4184	7268	4112	274476	0	
3	 5	 3	 6	control	642	3726	514	123360	0	
3	 5	 4	 1	sample116	13414	16498	14648	265224	0	
3	 5	 4	 2	sample116	9496	12580	9766	249804	0	
3	 5	 4	 3	sample116	6473	9557	6424	262140	0	
3	 5	 4	 4	sample116	4627	7453	4626	211950	0	
3	 5	 4	 5	sample116	2515	5341	2570	223254	0	
3	 5	 4	 6	control	5582	8408	5398	189342	0	
3	 6	 1	 1	sample117	13286	16370	14136	222048	0	
3	 6	 1	 2	sample117	13129	16213	14136	218964	0	
3	 6	 1	 3	sample117	9778	12862	10024	209712	0	
3	 6	 1	 4	sample117	5926	9010	5654	212796	0	
3	 6	 1	 5	sample117	5246	8074	5654	183820	0	
3	 6	 1	 6	control	1688	4772	1542	70932	0	
3	 6	 2	 1	sample118	3460	6544	4112	166536	0	
3	 6	 2	 2	sample118	11083	14167	11566	200460	0	
3	 6	 2	 3	sample118	8374	11458	8738	228216	0	
3	 6	 2	 4	sample118	5371	8199	5396	197960	0	
3	 6	 2	 5	sample118	3756	6584	3598	206444	0	
3	 6	 2	 6	control	7710	10794	7196	209712	0	
3	 6	 3	 1	sample119	11038	13866	12078	180992	0	
3	 6	 3	 2	sample119	10363	13191	10536	183820	0	
3	 6	 3	 3	sample119	5367	8195	5140	169680	0	
3	 6	 3	 4	sample119	4124	6952	4112	169680	0	
3	 6	 3	 5	sample119	2389	5217	2056	265832	0	
3	 6	 3	 6	control	803	3631	770	113120	0	
3	 6	 4	 1	sample120	8955	11525	8224	226160	0	
3	 6	 4	 2	sample120	8366	10936	7968	200460	0	
3	 6	 4	 3	sample120	7820	10390	7710	205600	0	
3	 6	 4	 4	sample120	3871	6441	3598	172190	0	
3	 6	 4	 5	sample120	1938	4508	1800	167050	0	
3	 6	 4	 6	control	4633	7461	4626	203616	0	
3	 7	 1	 1	sample121	11824	15422	12078	309428	0	
3	 7	 1	 2	sample121	13921	17519	14392	295036	0	
3	 7	 1	 3	sample121	10479	14077	10022	305830	0	
3	 7	 1	 4	sample121	7358	10956	6938	273448	0	
3	 7	 1	 5	sample121	5237	8835	4626	266252	0	
3	 7	 1	 6	control	790	4388	770	143920	0	
3	 7	 2	 1	sample122	10178	13776	10280	273448	0	
3	 7	 2	 2	sample122	9695	13293	10022	262654	0	
3	 7	 2	 3	sample122	7622	11220	7196	305830	0	
3	 7	 2	 4	sample122	4887	8227	4370	290580	0	
3	 7	 2	 5	sample122	3254	6594	2828	263860	0	
3	 7	 2	 6	control	6730	10070	5654	287240	0	
3	 7	 3	 1	sample123	10817	14415	11050	316624	0	
3	 7	 3	 2	sample123	10513	14111	10794	241066	0	
3	 7	 3	 3	sample123	5969	9567	5910	251860	0	
3	 7	 3	 4	sample123	4185	7525	4370	200400	0	
3	 7	 3	 5	sample123	3534	6874	3342	307280	0	
3	 7	 3	 6	control	804	4144	772	133600	0	
3	 7	 4	 1	sample124	13778	17118	16192	263860	0	
3	 7	 4	 2	sample124	12012	15352	12850	230460	0	
3	 7	 4	 3	sample124	10726	14066	10538	273880	0	
3	 7	 4	 4	sample124	7067	10151	6168	222048	0	
3	 7	 4	 5	sample124	3566	6650	3084	271392	0	
3	 7	 4	 6	control	4707	7791	4368	243636	0	
3	 8	 1	 1	sample125	17854	20938	19276	157284	0	
3	 8	 1	 2	sample125	15312	18396	16962	255972	0	
3	 8	 1	 3	sample125	13212	16296	14392	249804	0	
3	 8	 1	 4	sample125	10207	13035	10022	231896	0	
3	 8	 1	 5	sample125	7644	10472	7196	209272	0	
3	 8	 1	 6	control	392	3220	256	113120	0	
3	 8	 2	 1	sample126	7324	10408	6426	292980	0	
3	 8	 2	 2	sample126	9865	12949	10794	249804	0	
3	 8	 2	 3	sample126	7215	10043	6168	257348	0	
3	 8	 2	 4	sample126	4986	7814	4368	251692	0	
3	 8	 2	 5	sample126	3632	6460	3340	229068	0	
3	 8	 2	 6	control	5820	8390	4626	244150	0	
3	 8	 3	 1	sample127	10077	13161	9766	323820	0	
3	 8	 3	 2	sample127	8647	11731	8482	225132	0	
3	 8	 3	 3	sample127	5831	8659	5140	229068	0	
3	 8	 3	 4	sample127	4102	6930	3854	231896	0	
3	 8	 3	 5	sample127	5441	8011	5140	272420	0	
3	 8	 3	 6	control	508	3078	514	102800	0	
3	 8	 4	 1	sample128	8995	11565	8224	282700	0	
3	 8	 4	 2	sample128	8007	10577	7968	185040	0	
3	 8	 4	 3	sample128	7606	10176	6682	221020	0	
3	 8	 4	 4	sample128	3265	5579	3084	189748	0	
3	 8	 4	 5	sample128	2300	4614	2056	236028	0	
3	 8	 4	 6	control	4422	6992	3856	213310	0	
3	 9	 1	 1	sample129	10243	13841	10022	305830	0	
3	 9	 1	 2	sample129	13110	16708	13364	295036	0	
3	 9	 1	 3	sample129	9892	13232	9766	253840	0	
3	 9	 1	 4	sample129	6739	10079	6168	257180	0	
3	 9	 1	 5	sample129	4722	8062	4626	243820	0	
3	 9	 1	 6	control	707	4047	772	133600	0	
3	 9	 2	 1	sample130	6121	9719	5654	241066	0	
3	 9	 2	 2	sample130	8245	11843	7452	251860	0	
3	 9	 2	 3	sample130	6906	10246	5912	310620	0	
3	 9	 2	 4	sample130	3713	7053	3342	300600	0	
3	 9	 2	 5	sample130	3439	6779	2828	273880	0	
3	 9	 2	 6	control	7130	10214	5910	243636	0	
3	 9	 3	 1	sample131	12006	15604	12336	230272	0	
3	 9	 3	 2	sample131	10871	14469	11050	226674	0	
3	 9	 3	 3	sample131	7782	11122	7710	203740	0	
3	 9	 3	 4	sample131	5565	8905	4884	210420	0	
3	 9	 3	 5	sample131	4973	8057	4882	262140	0	
3	 9	 3	 6	control	462	3546	256	123360	0	
3	 9	 4	 1	sample132	10099	13439	6168	374080	0	
3	 9	 4	 2	sample132	12111	15451	12850	277220	0	
3	 9	 4	 3	sample132	11079	14163	11564	246720	0	
3	 9	 4	 4	sample132	7495	10579	7196	243636	0	
3	 9	 4	 5	sample132	3952	7036	3598	203544	0	
3	 9	 4	 6	control	4902	7986	4626	200460	0	
3	 10	 1	 1	sample133	14509	18107	15162	345408	0	
3	 10	 1	 2	sample133	15543	19141	16448	277046	0	
3	 10	 1	 3	sample133	12984	16324	13622	250500	0	
3	 10	 1	 4	sample133	9837	13177	10538	243820	0	
3	 10	 1	 5	sample133	6568	9652	5910	237468	0	
3	 10	 1	 6	control	425	3765	258	133600	0	
3	 10	 2	 1	sample134	13387	16985	14134	230272	0	
3	 10	 2	 2	sample134	13824	17422	13878	226674	0	
3	 10	 2	 3	sample134	12667	16007	12850	290580	0	
3	 10	 2	 4	sample134	9546	12630	8480	271392	0	
3	 10	 2	 5	sample134	7345	10685	6940	260520	0	
3	 10	 2	 6	control	7200	10540	5654	263860	0	
3	 10	 3	 1	sample135	9574	12914	8738	227120	0	
3	 10	 3	 2	sample135	10873	14213	10280	230460	0	
3	 10	 3	 3	sample135	5385	8725	5398	203740	0	
3	 10	 3	 4	sample135	4667	7751	4626	191208	0	
3	 10	 3	 5	sample135	3574	6658	3084	265224	0	
3	 10	 3	 6	control	462	3546	256	123360	0	
3	 10	 4	 1	sample136	13114	16198	13364	218964	0	
3	 10	 4	 2	sample136	10872	13956	10536	212796	0	
3	 10	 4	 3	sample136	9597	12681	9508	215880	0	
3	 10	 4	 4	sample136	4852	7936	4368	237468	0	
3	 10	 4	 5	sample136	4022	7106	3854	160368	0	
3	 10	 4	 6	control	7321	10147	6940	175212	0	
3	 11	 1	 1	sample137	15441	18525	17476	222048	0	
3	 11	 1	 2	sample137	14958	18042	17218	255972	0	
3	 11	 1	 3	sample137	11482	14566	12078	240552	0	
3	 11	 1	 4	sample137	7928	11012	7452	206628	0	
3	 11	 1	 5	sample137	5837	8663	6682	175212	0	
3	 11	 1	 6	control	669	3495	514	113040	0	
3	 11	 2	 1	sample138	10260	13344	10280	203544	0	
3	 11	 2	 2	sample138	11971	15055	12078	222048	0	
3	 11	 2	 3	sample138	10185	13269	10280	252888	0	
3	 11	 2	 4	sample138	5669	8753	4882	255972	0	
3	 11	 2	 5	sample138	4027	6853	3342	262818	0	
3	 11	 2	 6	control	6994	10078	7452	185040	0	
3	 11	 3	 1	sample139	13743	16569	13622	166734	0	
3	 11	 3	 2	sample139	12135	14961	13364	194994	0	
3	 11	 3	 3	sample139	9381	12207	9510	192168	0	
3	 11	 3	 4	sample139	6370	9196	6682	194994	0	
3	 11	 3	 5	sample139	5052	7878	4370	228906	0	
3	 11	 3	 6	control	354	3180	258	113040	0	
3	 11	 4	 1	sample140	13386	16212	14136	200646	0	
3	 11	 4	 2	sample140	9493	12319	9510	172386	0	
3	 11	 4	 3	sample140	6742	9312	6168	185040	0	
3	 11	 4	 4	sample140	3768	6338	3598	167050	0	
3	 11	 4	 5	sample140	3256	5826	3084	172190	0	
3	 11	 4	 6	control	7077	9647	6682	172190	0	
3	 12	 1	 1	sample141	11960	15300	12594	273880	0	
3	 12	 1	 2	sample141	12278	15618	12850	263860	0	
3	 12	 1	 3	sample141	9570	12654	10022	231300	0	
3	 12	 1	 4	sample141	5514	8598	5910	209712	0	
3	 12	 1	 5	sample141	4548	7374	4370	211950	0	
3	 12	 1	 6	control	900	3726	772	113040	0	
3	 12	 2	 1	sample142	11700	15298	11822	280644	0	
3	 12	 2	 2	sample142	11590	15188	11564	259056	0	
3	 12	 2	 3	sample142	11622	14962	11052	290580	0	
3	 12	 2	 4	sample142	8473	11813	7196	307280	0	
3	 12	 2	 5	sample142	6110	9194	5910	246720	0	
3	 12	 2	 6	control	8314	11140	8738	186516	0	
3	 12	 3	 1	sample143	11736	15076	11822	247160	0	
3	 12	 3	 2	sample143	10062	13402	8738	337340	0	
3	 12	 3	 3	sample143	9333	12673	8482	257180	0	
3	 12	 3	 4	sample143	7297	10381	6938	234384	0	
3	 12	 3	 5	sample143	5400	8226	5140	254340	0	
3	 12	 3	 6	control	277	3103	258	113040	0	
3	 12	 4	 1	sample144	14737	17821	15676	197376	0	
3	 12	 4	 2	sample144	11147	14231	11564	246720	0	
3	 12	 4	 3	sample144	10553	13637	9508	231300	0	
3	 12	 4	 4	sample144	7381	10207	6940	220428	0	
3	 12	 4	 5	sample144	5705	8531	5140	217602	0	
3	 12	 4	 6	control	6756	9582	6940	217602	0	
4	 1	 1	 1	sample145	10063	12633	11052	197890	0	
4	 1	 1	 2	sample145	11389	14473	12080	225132	0	
4	 1	 1	 3	sample145	5872	11270	5140	286094	0	
4	 1	 1	 4	sample145	9147	12231	9766	157284	0	
4	 1	 1	 5	sample145	5531	8615	5398	237468	0	
4	 1	 1	 6	control	354	3438	258	123360	0	
4	 1	 2	 1	sample146	5994	8822	6682	192304	0	
4	 1	 2	 2	sample146	8581	11665	8738	231300	0	
4	 1	 2	 3	sample146	9170	12512	8994	314148	0	
4	 1	 2	 4	sample146	6587	9671	6682	283728	0	
4	 1	 2	 5	sample146	5032	8374	4882	270702	0	
4	 1	 2	 6	control	3875	8501	3598	245178	0	
4	 1	 3	 1	sample147	9070	11898	8480	240380	0	
4	 1	 3	 2	sample147	9868	12952	10280	265224	0	
4	 1	 3	 3	sample147	8707	12049	8738	257334	0	
4	 1	 3	 4	sample147	6082	9424	5910	240624	0	
4	 1	 3	 5	sample147	4820	8162	4112	317490	0	
4	 1	 3	 6	control	372	3714	256	133680	0	
4	 1	 4	 1	sample148	8414	11242	8480	229068	0	
4	 1	 4	 2	sample148	9318	12402	10280	228216	0	
4	 1	 4	 3	sample148	9165	12249	9766	262140	0	
4	 1	 4	 4	sample148	6857	9941	6940	299148	0	
4	 1	 4	 5	sample148	4836	7920	4370	218964	0	
4	 1	 4	 6	control	5427	8511	5140	212796	0	
4	 2	 1	 1	sample149	12789	16387	14134	259056	0	
4	 2	 1	 2	sample149	11535	15133	13620	251860	0	
4	 2	 1	 3	sample149	8199	11539	9766	237140	0	
4	 2	 1	 4	sample149	6778	10118	7454	233800	0	
4	 2	 1	 5	sample149	4202	7542	4370	240480	0	
4	 2	 1	 6	control	19.9	3874	-255.99	154160	0	
4	 2	 2	 1	sample150	13368	17222	15164	269780	0	
4	 2	 2	 2	sample150	12691	16289	13878	262654	0	
4	 2	 2	 3	sample150	9009	12349	9510	257180	0	
4	 2	 2	 4	sample150	7807	11147	8224	240480	0	
4	 2	 2	 5	sample150	5012	8352	5140	233800	0	
4	 2	 2	 6	control	8097	11695	8480	241066	0	
4	 2	 3	 1	sample151	6570	10424	6168	281342	0	
4	 2	 3	 2	sample151	6578	10432	5912	273634	0	
4	 2	 3	 3	sample151	4738	8336	4368	255458	0	
4	 2	 3	 4	sample151	3361	6701	2828	267200	0	
4	 2	 3	 5	sample151	2349	5689	2314	240480	0	
4	 2	 3	 6	control	327	3925	256	143920	0	
4	 2	 4	 1	sample152	12803	16401	13878	259056	0	
4	 2	 4	 2	sample152	11216	14814	11050	262654	0	
4	 2	 4	 3	sample152	9928	13526	9508	255458	0	
4	 2	 4	 4	sample152	7274	10614	6940	243820	0	
4	 2	 4	 5	sample152	3793	7133	3342	273880	0	
4	 2	 4	 6	control	5761	9101	5398	233800	0	
4	 3	 1	 1	sample153	13063	16661	13620	298634	0	
4	 3	 1	 2	sample153	15552	19150	18504	244664	0	
4	 3	 1	 3	sample153	14423	17763	15934	223780	0	
4	 3	 1	 4	sample153	12030	15370	12336	223780	0	
4	 3	 1	 5	sample153	7453	10793	7454	210420	0	
4	 3	 1	 6	control	322	3662	258	133600	0	
4	 3	 2	 1	sample154	11829	15427	12078	237468	0	
4	 3	 2	 2	sample154	12609	16207	12592	226674	0	
4	 3	 2	 3	sample154	9955	13553	10794	259056	0	
4	 3	 2	 4	sample154	5428	8768	4884	424180	0	
4	 3	 2	 5	sample154	4460	8058	3854	262654	0	
4	 3	 2	 6	control	9298	12896	10022	237468	0	
4	 3	 3	 1	sample155	11676	15016	13364	217100	0	
4	 3	 3	 2	sample155	9852	13192	11052	230460	0	
4	 3	 3	 3	sample155	7955	11295	8738	210420	0	
4	 3	 3	 4	sample155	5063	8403	5140	220440	0	
4	 3	 3	 5	sample155	3460	6800	3084	247160	0	
4	 3	 3	 6	control	245	3585	258	133600	0	
4	 3	 4	 1	sample156	13300	16384	15420	212796	0	
4	 3	 4	 2	sample156	11530	14870	13108	220440	0	
4	 3	 4	 3	sample156	10210	13550	11052	220440	0	
4	 3	 4	 4	sample156	8775	11859	9252	209712	0	
4	 3	 4	 5	sample156	5262	8346	4882	188124	0	
4	 3	 4	 6	control	5989	9073	5654	191208	0	
4	 4	 1	 1	sample157	12640	15724	12594	240552	0	
4	 4	 1	 2	sample157	14864	17948	15934	262140	0	
4	 4	 1	 3	sample157	9572	12656	10024	228216	0	
4	 4	 1	 4	sample157	8491	11319	8480	214928	0	
4	 4	 1	 5	sample157	4771	7599	4882	209272	0	
4	 4	 1	 6	control	558	3386	514	113120	0	
4	 4	 2	 1	sample158	9862	13204	9766	257334	0	
4	 4	 2	 2	sample158	10240	13838	10538	226674	0	
4	 4	 2	 3	sample158	7827	10911	7196	305316	0	
4	 4	 2	 4	sample158	6596	9680	6682	209712	0	
4	 4	 2	 5	sample158	3824	6908	3598	225132	0	
4	 4	 2	 6	control	7002	10086	6682	203544	0	
4	 4	 3	 1	sample159	12888	16230	14392	223914	0	
4	 4	 3	 2	sample159	11235	14577	12336	237282	0	
4	 4	 3	 3	sample159	10204	13546	11564	217230	0	
4	 4	 3	 4	sample159	8103	11445	8224	220572	0	
4	 4	 3	 5	sample159	5430	8514	5140	271392	0	
4	 4	 3	 6	control	399	3483	258	123360	0	
4	 4	 4	 1	sample160	13419	16503	14392	203544	0	
4	 4	 4	 2	sample160	11704	14788	12336	206628	0	
4	 4	 4	 3	sample160	9906	12734	11050	206444	0	
4	 4	 4	 4	sample160	7382	10210	7452	217756	0	
4	 4	 4	 5	sample160	4181	7009	4112	209272	0	
4	 4	 4	 6	control	6055	8883	6168	180992	0	
4	 5	 1	 1	sample161	14468	17552	16448	246720	0	
4	 5	 1	 2	sample161	14091	17175	16704	255972	0	
4	 5	 1	 3	sample161	12834	15918	13878	246720	0	
4	 5	 1	 4	sample161	10740	13566	11566	211950	0	
4	 5	 1	 5	sample161	6446	9272	6940	211950	0	
4	 5	 1	 6	control	796	3366	770	102800	0	
4	 5	 2	 1	sample162	12007	15091	13106	209712	0	
4	 5	 2	 2	sample162	11682	15022	12850	243820	0	
4	 5	 2	 3	sample162	10248	13588	10794	287240	0	
4	 5	 2	 4	sample162	7769	10853	7196	277560	0	
4	 5	 2	 5	sample162	5874	8700	6168	234558	0	
4	 5	 2	 6	control	7012	9838	7196	228906	0	
4	 5	 3	 1	sample163	13419	16759	13878	237140	0	
4	 5	 3	 2	sample163	11037	14377	11566	237140	0	
4	 5	 3	 3	sample163	8594	11934	8482	237140	0	
4	 5	 3	 4	sample163	6257	9341	6424	194292	0	
4	 5	 3	 5	sample163	5250	8076	5140	259992	0	
4	 5	 3	 6	control	367	3193	258	113040	0	
4	 5	 4	 1	sample164	10966	13792	12850	228906	0	
4	 5	 4	 2	sample164	10692	13518	11822	206298	0	
4	 5	 4	 3	sample164	9346	12172	8996	240210	0	
4	 5	 4	 4	sample164	7012	9582	6168	233870	0	
4	 5	 4	 5	sample164	4121	6691	3598	215880	0	
4	 5	 4	 6	control	5658	7970	5398	168776	0	
4	 6	 1	 1	sample165	12380	15464	11822	237468	0	
4	 6	 1	 2	sample165	13176	16518	14648	260676	0	
4	 6	 1	 3	sample165	9572	12656	9510	265224	0	
4	 6	 1	 4	sample165	7800	10884	7710	231300	0	
4	 6	 1	 5	sample165	4862	7690	4882	209272	0	
4	 6	 1	 6	control	276	3104	256	113120	0	
4	 6	 2	 1	sample166	11150	14492	10794	240624	0	
4	 6	 2	 2	sample166	10504	14102	10794	244664	0	
4	 6	 2	 3	sample166	9540	12882	8994	270702	0	
4	 6	 2	 4	sample166	6264	9348	5912	274476	0	
4	 6	 2	 5	sample166	4108	7450	3854	284070	0	
4	 6	 2	 6	control	6878	9962	5912	259056	0	
4	 6	 3	 1	sample167	11404	14746	11822	250650	0	
4	 6	 3	 2	sample167	10513	13855	9252	260676	0	
4	 6	 3	 3	sample167	7408	10750	6938	250650	0	
4	 6	 3	 4	sample167	4604	7688	4626	212796	0	
4	 6	 3	 5	sample167	3517	6345	3084	260176	0	
4	 6	 3	 6	control	701	3785	772	123360	0	
4	 6	 4	 1	sample168	11184	14012	11050	271488	0	
4	 6	 4	 2	sample168	9313	12141	8738	234724	0	
4	 6	 4	 3	sample168	8625	11453	7966	226240	0	
4	 6	 4	 4	sample168	6848	9418	6168	215880	0	
4	 6	 4	 5	sample168	3304	5874	2828	213310	0	
4	 6	 4	 6	control	5935	8505	5912	195320	0	
4	 7	 1	 1	sample169	4340	7166	3856	220428	0	
4	 7	 1	 2	sample169	5922	8748	5912	209124	0	
4	 7	 1	 3	sample169	4250	7076	4112	206298	0	
4	 7	 1	 4	sample169	3588	6414	3342	217602	0	
4	 7	 1	 5	sample169	2454	5024	2312	200460	0	
4	 7	 1	 6	control	617	3443	514	113040	0	
4	 7	 2	 1	sample170	17171	20511	17734	160320	0	
4	 7	 2	 2	sample170	13705	16789	14392	252888	0	
4	 7	 2	 3	sample170	12231	15315	11564	265224	0	
4	 7	 2	 4	sample170	9336	12420	9252	262140	0	
4	 7	 2	 5	sample170	6544	9370	5912	245862	0	
4	 7	 2	 6	control	6922	9748	5912	243036	0	
4	 7	 3	 1	sample171	9175	12259	8738	249804	0	
4	 7	 3	 2	sample171	9769	12853	10280	203544	0	
4	 7	 3	 3	sample171	5581	8665	5396	206628	0	
4	 7	 3	 4	sample171	3975	6801	3856	169560	0	
4	 7	 3	 5	sample171	3282	6108	3342	245862	0	
4	 7	 3	 6	control	682	3508	772	113040	0	
4	 7	 4	 1	sample172	11560	14130	11822	133640	0	
4	 7	 4	 2	sample172	8864	11434	8994	208170	0	
4	 7	 4	 3	sample172	5852	8164	5398	189584	0	
4	 7	 4	 4	sample172	3876	6188	3598	171088	0	
4	 7	 4	 5	sample172	1965	4277	2056	175712	0	
4	 7	 4	 6	control	4065	6635	3598	185040	0	
4	 8	 1	 1	sample173	10882	13708	12594	265644	0	
4	 8	 1	 2	sample173	10554	13638	12336	231300	0	
4	 8	 1	 3	sample173	10394	13478	12592	228216	0	
4	 8	 1	 4	sample173	9213	12039	11052	203472	0	
4	 8	 1	 5	sample173	6368	9194	6426	189342	0	
4	 8	 1	 6	control	521	3347	514	113040	0	
4	 8	 2	 1	sample174	13772	17112	14392	217100	0	
4	 8	 2	 2	sample174	13006	16346	13622	237140	0	
4	 8	 2	 3	sample174	11545	14629	12336	246720	0	
4	 8	 2	 4	sample174	8436	11520	7710	268308	0	
4	 8	 2	 5	sample174	6649	9475	6682	259992	0	
4	 8	 2	 6	control	6835	9919	6938	252888	0	
4	 8	 3	 1	sample175	7730	10814	6938	277560	0	
4	 8	 3	 2	sample175	7741	10825	7452	203544	0	
4	 8	 3	 3	sample175	6867	9693	6682	169560	0	
4	 8	 3	 4	sample175	4000	6826	4112	161082	0	
4	 8	 3	 5	sample175	2803	5629	2570	240210	0	
4	 8	 3	 6	control	1073	3899	1028	113040	0	
4	 8	 4	 1	sample176	12270	14840	13620	182470	0	
4	 8	 4	 2	sample176	9780	12350	10022	185040	0	
4	 8	 4	 3	sample176	6325	8895	5140	205600	0	
4	 8	 4	 4	sample176	4584	7154	4368	159340	0	
4	 8	 4	 5	sample176	2556	5126	2312	151630	0	
4	 8	 4	 6	control	6168	8738	5910	159340	0	
4	 9	 1	 1	sample177	13360	16702	13620	270702	0	
4	 9	 1	 2	sample177	11901	15243	12850	270702	0	
4	 9	 1	 3	sample177	10388	13730	11050	260676	0	
4	 9	 1	 4	sample177	7904	10988	8224	237468	0	
4	 9	 1	 5	sample177	5125	8209	5398	206628	0	
4	 9	 1	 6	control	951	4035	1028	123360	0	
4	 9	 2	 1	sample178	11211	14809	12850	237468	0	
4	 9	 2	 2	sample178	12234	15832	13364	233870	0	
4	 9	 2	 3	sample178	11143	14741	11308	302232	0	
4	 9	 2	 4	sample178	6863	10205	5910	297438	0	
4	 9	 2	 5	sample178	5244	8328	4626	237468	0	
4	 9	 2	 6	control	8271	11355	8738	203544	0	
4	 9	 3	 1	sample179	11347	14689	13878	197178	0	
4	 9	 3	 2	sample179	13992	17590	14392	219478	0	
4	 9	 3	 3	sample179	9844	13442	9766	287840	0	
4	 9	 3	 4	sample179	8286	11628	8224	207204	0	
4	 9	 3	 5	sample179	6729	9813	5912	255972	0	
4	 9	 3	 6	control	694	3778	772	123360	0	
4	 9	 4	 1	sample180	13859	16943	16192	203544	0	
4	 9	 4	 2	sample180	13519	16603	15420	194292	0	
4	 9	 4	 3	sample180	10352	13436	11308	209712	0	
4	 9	 4	 4	sample180	6329	9157	5396	197960	0	
4	 9	 4	 5	sample180	4842	7670	5140	197960	0	
4	 9	 4	 6	control	6219	9047	6168	183820	0	
4	 10	 1	 1	sample181	11004	15374	11308	340860	0	
4	 10	 1	 2	sample181	14115	18485	16190	297160	0	
4	 10	 1	 3	sample181	11751	15863	12336	296064	0	
4	 10	 1	 4	sample181	10086	14198	10794	271392	0	
4	 10	 1	 5	sample181	5474	9586	5398	234384	0	
4	 10	 1	 6	control	386	4498	258	164480	0	
4	 10	 2	 1	sample182	13663	18033	14906	235980	0	
4	 10	 2	 2	sample182	13552	18178	14906	240552	0	
4	 10	 2	 3	sample182	11669	16039	13364	301530	0	
4	 10	 2	 4	sample182	9140	13510	9252	292790	0	
4	 10	 2	 5	sample182	6564	10934	6424	297160	0	
4	 10	 2	 6	control	7995	12365	7452	319010	0	
4	 10	 3	 1	sample183	14113	18483	16190	266570	0	
4	 10	 3	 2	sample183	11553	15923	12078	284050	0	
4	 10	 3	 3	sample183	9091	13461	8994	209760	0	
4	 10	 3	 4	sample183	7024	11136	6940	226160	0	
4	 10	 3	 5	sample183	4837	8949	4884	271392	0	
4	 10	 3	 6	control	232	4344	258	164480	0	
4	 10	 4	 1	sample184	14056	17912	15934	239072	0	
4	 10	 4	 2	sample184	11723	15579	12592	231360	0	
4	 10	 4	 3	sample184	8750	12606	8738	235216	0	
4	 10	 4	 4	sample184	5405	9261	6168	223648	0	
4	 10	 4	 5	sample184	3083	6939	3340	204368	0	
4	 10	 4	 6	control	6720	10576	7196	204368	0	
4	 11	 1	 1	sample185	14916	18258	16448	250650	0	
4	 11	 1	 2	sample185	14107	17705	15164	262654	0	
4	 11	 1	 3	sample185	13099	16441	14134	227256	0	
4	 11	 1	 4	sample185	10366	13450	10538	203544	0	
4	 11	 1	 5	sample185	6459	9287	6682	166852	0	
4	 11	 1	 6	control	303	3387	258	123360	0	
4	 11	 2	 1	sample186	13140	16738	14650	226674	0	
4	 11	 2	 2	sample186	13826	17682	15676	231360	0	
4	 11	 2	 3	sample186	11505	15103	11308	259056	0	
4	 11	 2	 4	sample186	8264	11606	8224	230598	0	
4	 11	 2	 5	sample186	5824	8908	5912	191208	0	
4	 11	 2	 6	control	8285	11369	8482	169620	0	
4	 11	 3	 1	sample187	13212	16554	15676	210546	0	
4	 11	 3	 2	sample187	12138	15736	13878	219478	0	
4	 11	 3	 3	sample187	10891	14233	11050	177126	0	
4	 11	 3	 4	sample187	8749	12091	9252	213888	0	
4	 11	 3	 5	sample187	8002	11086	8224	228216	0	
4	 11	 3	 6	control	540	3624	514	123360	0	
4	 11	 4	 1	sample188	12165	15249	11566	231300	0	
4	 11	 4	 2	sample188	11855	14939	13878	194292	0	
4	 11	 4	 3	sample188	8498	11582	9510	191208	0	
4	 11	 4	 4	sample188	5941	9025	5912	191208	0	
4	 11	 4	 5	sample188	3383	6211	3084	155540	0	
4	 11	 4	 6	control	6689	9517	6424	183820	0	
4	 12	 1	 1	sample189	5892	8976	5398	243636	0	
4	 12	 1	 2	sample189	7659	11001	7196	253992	0	
4	 12	 1	 3	sample189	6477	9561	6682	231300	0	
4	 12	 1	 4	sample189	3515	6599	3342	228216	0	
4	 12	 1	 5	sample189	2045	5129	2314	206628	0	
4	 12	 1	 6	control	1534	4618	1542	89436	0	
4	 12	 2	 1	sample190	13319	16917	14392	262654	0	
4	 12	 2	 2	sample190	13281	16879	15164	266252	0	
4	 12	 2	 3	sample190	10615	14213	11566	345408	0	
4	 12	 2	 4	sample190	8587	11929	8224	290754	0	
4	 12	 2	 5	sample190	7254	10596	7966	280728	0	
4	 12	 2	 6	control	6679	10021	5910	370962	0	
4	 12	 3	 1	sample191	10550	13892	11564	193836	0	
4	 12	 3	 2	sample191	10815	14413	11308	226674	0	
4	 12	 3	 3	sample191	9776	13118	9766	247308	0	
4	 12	 3	 4	sample191	6312	9654	6168	243966	0	
4	 12	 3	 5	sample191	4753	8095	4882	297438	0	
4	 12	 3	 6	control	501	3843	514	133680	0	
4	 12	 4	 1	sample192	13456	16540	15678	225132	0	
4	 12	 4	 2	sample192	11592	14676	12594	206628	0	
4	 12	 4	 3	sample192	8289	11373	8482	197376	0	
4	 12	 4	 4	sample192	6614	9442	5654	248864	0	
4	 12	 4	 5	sample192	4275	7103	3854	209272	0	
4	 12	 4	 6	control	6204	9032	7196	180992	0	
