MicroVigene	 Version	 2501
Culture	en-US
9/28/2006 3:08:58 PM
Roi Row	 4	 Roi Col	 12	 Main Row	 4	 Main Col	 6	 Sub Row	 1	 Sub Col	 1
Main Row	 Main Col	 Sub Row	 Sub Col	  GeneID	mean_net	 mean_total	 median_net	 vol_bkg	 vol_dust	 
1	 1	 1	 1	sample1	1067	4151	1028	141864	0	
1	 1	 1	 2	sample1	372	2942	256	102800	0	
1	 1	 1	 3	sample1	636	2948	514	83232	0	
1	 1	 1	 4	sample1	544	2856	514	101728	0	
1	 1	 1	 5	sample1	38.2	2094	0	82240	0	
1	 1	 1	 6	control	276	1818	256	61680	0	
1	 1	 2	 1	sample2	2077	5417	2056	167000	0	
1	 1	 2	 2	sample2	1285	3597	1286	117912	0	
1	 1	 2	 3	sample2	761	3073	772	117912	0	
1	 1	 2	 4	sample2	565	2621	514	82240	0	
1	 1	 2	 5	sample2	219	2017	258	71920	0	
1	 1	 2	 6	control	2062	3604	2056	121818	0	
1	 1	 3	 1	sample3	1484	4568	1284	123360	0	
1	 1	 3	 2	sample3	1196	3766	1284	133640	0	
1	 1	 3	 3	sample3	1518	3830	1542	122536	0	
1	 1	 3	 4	sample3	681	2737	514	82240	0	
1	 1	 3	 5	sample3	643	2441	514	93496	0	
1	 1	 3	 6	control	244	1786	256	30840	0	
1	 1	 4	 1	sample4	3036	5092	2826	100744	0	
1	 1	 4	 2	sample4	1667	4237	1542	185040	0	
1	 1	 4	 3	sample4	1763	3819	1798	102800	0	
1	 1	 4	 4	sample4	1247	3045	1286	95294	0	
1	 1	 4	 5	sample4	1038	2836	772	93496	0	
1	 1	 4	 6	control	1526	3068	1284	129528	0	
1	 2	 1	 1	sample5	2072	4642	2056	123360	0	
1	 2	 1	 2	sample5	2196	4766	2056	107940	0	
1	 2	 1	 3	sample5	1548	4118	1542	100230	0	
1	 2	 1	 4	sample5	963	3533	1028	102800	0	
1	 2	 1	 5	sample5	707	3019	772	92480	0	
1	 2	 1	 6	control	276	2332	256	82240	0	
1	 2	 2	 1	sample6	673	3243	770	128500	0	
1	 2	 2	 2	sample6	928	3240	772	106352	0	
1	 2	 2	 3	sample6	801	3113	772	80920	0	
1	 2	 2	 4	sample6	539	2595	514	82240	0	
1	 2	 2	 5	sample6	515	2313	514	71920	0	
1	 2	 2	 6	control	2063	3861	2056	142042	0	
1	 2	 3	 1	sample7	1683	3995	1800	122536	0	
1	 2	 3	 2	sample7	1605	3661	1284	108968	0	
1	 2	 3	 3	sample7	910	2966	770	98688	0	
1	 2	 3	 4	sample7	984	2782	1028	82708	0	
1	 2	 3	 5	sample7	571	2113	514	61680	0	
1	 2	 3	 6	control	264	1548	258	51360	0	
1	 2	 4	 1	sample8	1159	3471	1028	117912	0	
1	 2	 4	 2	sample8	922	2978	1028	80184	0	
1	 2	 4	 3	sample8	551	2607	514	98688	0	
1	 2	 4	 4	sample8	271	2069	258	71920	0	
1	 2	 4	 5	sample8	995	2537	770	37008	0	
1	 2	 4	 6	control	1075	2359	1028	28248	0	
1	 3	 1	 1	sample9	2467	5037	2312	102800	0	
1	 3	 1	 2	sample9	1884	4454	2056	123360	0	
1	 3	 1	 3	sample9	1806	4118	1800	90168	0	
1	 3	 1	 4	sample9	1569	3625	1542	57568	0	
1	 3	 1	 5	sample9	712	3024	772	69360	0	
1	 3	 1	 6	control	347	2403	256	82240	0	
1	 3	 2	 1	sample10	1392	3448	1284	98688	0	
1	 3	 2	 2	sample10	1568	3624	1284	158312	0	
1	 3	 2	 3	sample10	1117	3173	1028	88408	0	
1	 3	 2	 4	sample10	1108	3164	1284	32896	0	
1	 3	 2	 5	sample10	578	2634	514	65792	0	
1	 3	 2	 6	control	2130	3928	2314	113274	0	
1	 3	 3	 1	sample11	1499	3297	1542	73718	0	
1	 3	 3	 2	sample11	1160	2958	1028	84506	0	
1	 3	 3	 3	sample11	1252	2794	1028	72474	0	
1	 3	 3	 4	sample11	903	2445	1028	47802	0	
1	 3	 3	 5	sample11	462	2004	514	61680	0	
1	 3	 3	 6	control	205	1747	0	61680	0	
1	 3	 4	 1	sample12	1782	3580	1800	52142	0	
1	 3	 4	 2	sample12	960	2758	1028	73718	0	
1	 3	 4	 3	sample12	885	2427	770	58596	0	
1	 3	 4	 4	sample12	533	2075	514	61680	0	
1	 3	 4	 5	sample12	636	2178	514	32382	0	
1	 3	 4	 6	control	2334	3876	1542	75558	0	
1	 4	 1	 1	sample13	2252	4566	2056	178178	0	
1	 4	 1	 2	sample13	1613	3927	1798	199004	0	
1	 4	 1	 3	sample13	1288	3602	1284	182806	0	
1	 4	 1	 4	sample13	1039	3353	1028	106444	0	
1	 4	 1	 5	sample13	796	3110	770	118014	0	
1	 4	 1	 6	control	526	2840	514	92560	0	
1	 4	 2	 1	sample14	1452	3508	1542	104856	0	
1	 4	 2	 2	sample14	1379	3435	1286	90464	0	
1	 4	 2	 3	sample14	1207	3007	1028	77400	0	
1	 4	 2	 4	sample14	493	2549	514	100744	0	
1	 4	 2	 5	sample14	373	2429	514	82240	0	
1	 4	 2	 6	control	1912	3968	1800	113080	0	
1	 4	 3	 1	sample15	701	2243	772	61680	0	
1	 4	 3	 2	sample15	661	2203	514	75558	0	
1	 4	 3	 3	sample15	579	2121	514	61680	0	
1	 4	 3	 4	sample15	277	1819	258	61680	0	
1	 4	 3	 5	sample15	264	1806	258	61680	0	
1	 4	 3	 6	control	89.5	1889	0	72000	0	
1	 4	 4	 1	sample16	1367	2909	1286	33924	0	
1	 4	 4	 2	sample16	643	2185	514	98688	0	
1	 4	 4	 3	sample16	839	2381	772	35466	0	
1	 4	 4	 4	sample16	502	2044	514	61680	0	
1	 4	 4	 5	sample16	347	1889	258	61680	0	
1	 4	 4	 6	control	710	2252	772	70932	0	
1	 5	 1	 1	sample17	1280	3850	1028	125930	0	
1	 5	 1	 2	sample17	1427	3997	1286	74530	0	
1	 5	 1	 3	sample17	999	3569	1028	113080	0	
1	 5	 1	 4	sample17	880	3450	772	84810	0	
1	 5	 1	 5	sample17	669	3239	514	89950	0	
1	 5	 1	 6	control	232	2802	258	102800	0	
1	 5	 2	 1	sample18	910	2966	772	102800	0	
1	 5	 2	 2	sample18	1056	3112	1028	94576	0	
1	 5	 2	 3	sample18	728	2784	772	265224	0	
1	 5	 2	 4	sample18	531	2587	514	96632	0	
1	 5	 2	 5	sample18	450	2506	258	82240	0	
1	 5	 2	 6	control	1515	3571	1542	115136	0	
1	 5	 3	 1	sample19	821	2621	770	91800	0	
1	 5	 3	 2	sample19	1126	2668	1028	77100	0	
1	 5	 3	 3	sample19	1059	2601	1028	77100	0	
1	 5	 3	 4	sample19	642	2442	514	72000	0	
1	 5	 3	 5	sample19	507	2307	514	72000	0	
1	 5	 3	 6	control	134	1934	256	72000	0	
1	 5	 4	 1	sample20	1155	2697	1028	81726	0	
1	 5	 4	 2	sample20	1072	2614	1028	72474	0	
1	 5	 4	 3	sample20	637	2179	772	61680	0	
1	 5	 4	 4	sample20	844	2386	772	49344	0	
1	 5	 4	 5	sample20	805	2347	772	35466	0	
1	 5	 4	 6	control	334	2134	256	72000	0	
1	 6	 1	 1	sample21	1426	3738	1286	122536	0	
1	 6	 1	 2	sample21	1343	3655	1286	104040	0	
1	 6	 1	 3	sample21	908	3220	772	108664	0	
1	 6	 1	 4	sample21	643	2955	514	110976	0	
1	 6	 1	 5	sample21	709	2765	770	86352	0	
1	 6	 1	 6	control	482	2794	258	55488	0	
1	 6	 2	 1	sample22	1396	3452	1542	94576	0	
1	 6	 2	 2	sample22	1383	3439	1284	96632	0	
1	 6	 2	 3	sample22	1685	3483	1542	136648	0	
1	 6	 2	 4	sample22	634	2690	514	100744	0	
1	 6	 2	 5	sample22	469	2525	514	82240	0	
1	 6	 2	 6	control	1502	3300	1542	115072	0	
1	 6	 3	 1	sample23	449	1991	514	61680	0	
1	 6	 3	 2	sample23	364	1906	256	55512	0	
1	 6	 3	 3	sample23	371	1913	256	55512	0	
1	 6	 3	 4	sample23	428	1970	256	55512	0	
1	 6	 3	 5	sample23	492	2034	514	55512	0	
1	 6	 3	 6	control	271	1813	256	55512	0	
1	 6	 4	 1	sample24	1252	2794	1284	49344	0	
1	 6	 4	 2	sample24	869	2411	770	52428	0	
1	 6	 4	 3	sample24	488	2030	514	61680	0	
1	 6	 4	 4	sample24	366	1908	256	61680	0	
1	 6	 4	 5	sample24	224	1766	256	61680	0	
1	 6	 4	 6	control	758	2300	770	64764	0	
1	 7	 1	 1	sample25	1942	3998	1800	74016	0	
1	 7	 1	 2	sample25	1992	4048	2056	106912	0	
1	 7	 1	 3	sample25	1486	3542	1542	139808	0	
1	 7	 1	 4	sample25	1200	3256	1286	74016	0	
1	 7	 1	 5	sample25	919	2975	1028	82240	0	
1	 7	 1	 6	control	290	2346	258	82240	0	
1	 7	 2	 1	sample26	841	2641	770	72000	0	
1	 7	 2	 2	sample26	1389	3189	1542	88200	0	
1	 7	 2	 3	sample26	829	2629	770	95400	0	
1	 7	 2	 4	sample26	658	2458	770	70200	0	
1	 7	 2	 5	sample26	1016	2558	1028	61680	0	
1	 7	 2	 6	control	2166	3708	2056	104856	0	
1	 7	 3	 1	sample27	508	2050	514	61680	0	
1	 7	 3	 2	sample27	738	2280	772	70932	0	
1	 7	 3	 3	sample27	489	2031	514	61680	0	
1	 7	 3	 4	sample27	302	1844	258	61680	0	
1	 7	 3	 5	sample27	508	1794	514	55298	0	
1	 7	 3	 6	control	257	1543	256	51440	0	
1	 7	 4	 1	sample28	213	1755	258	61680	0	
1	 7	 4	 2	sample28	623	1909	514	51440	0	
1	 7	 4	 3	sample28	359	1645	256	51440	0	
1	 7	 4	 4	sample28	514	1800	514	51440	0	
1	 7	 4	 5	sample28	186	1472	256	51440	0	
1	 7	 4	 6	control	1056	2342	1028	57870	0	
1	 8	 1	 1	sample29	2084	4398	1798	104130	0	
1	 8	 1	 2	sample29	2232	4546	2312	178178	0	
1	 8	 1	 3	sample29	2062	4118	2056	92520	0	
1	 8	 1	 4	sample29	1115	3429	1028	108758	0	
1	 8	 1	 5	sample29	633	2947	514	104130	0	
1	 8	 1	 6	control	211	2525	256	92560	0	
1	 8	 2	 1	sample30	1291	3091	1284	72000	0	
1	 8	 2	 2	sample30	1465	3265	1542	84600	0	
1	 8	 2	 3	sample30	1046	2846	1028	75600	0	
1	 8	 2	 4	sample30	716	2516	770	59400	0	
1	 8	 2	 5	sample30	831	2631	770	30600	0	
1	 8	 2	 6	control	1472	3272	1284	145800	0	
1	 8	 3	 1	sample31	1435	2977	1286	114108	0	
1	 8	 3	 2	sample31	1118	2660	1028	70932	0	
1	 8	 3	 3	sample31	797	2339	772	61680	0	
1	 8	 3	 4	sample31	444	1986	514	61680	0	
1	 8	 3	 5	sample31	570	2112	514	35466	0	
1	 8	 3	 6	control	437	1979	258	61680	0	
1	 8	 4	 1	sample32	1315	2857	1028	67848	0	
1	 8	 4	 2	sample32	1183	2469	1028	42438	0	
1	 8	 4	 3	sample32	796	2082	770	51440	0	
1	 8	 4	 4	sample32	566	2108	514	53970	0	
1	 8	 4	 5	sample32	193	1735	258	61680	0	
1	 8	 4	 6	control	772	2314	772	37008	0	
1	 9	 1	 1	sample33	1529	3585	1542	86352	0	
1	 9	 1	 2	sample33	1250	3306	1284	152144	0	
1	 9	 1	 3	sample33	1022	3078	1028	90464	0	
1	 9	 1	 4	sample33	830	3142	772	92480	0	
1	 9	 1	 5	sample33	642	2698	514	86352	0	
1	 9	 1	 6	control	103	2415	0	92480	0	
1	 9	 2	 1	sample34	1520	3318	1542	104284	0	
1	 9	 2	 2	sample34	1519	3317	1542	136648	0	
1	 9	 2	 3	sample34	1140	2938	1286	133052	0	
1	 9	 2	 4	sample34	1147	2945	1028	93496	0	
1	 9	 2	 5	sample34	953	2751	1028	79112	0	
1	 9	 2	 6	control	1764	3820	1798	154200	0	
1	 9	 3	 1	sample35	765	2307	770	131070	0	
1	 9	 3	 2	sample35	642	2184	514	77100	0	
1	 9	 3	 3	sample35	623	2165	514	61680	0	
1	 9	 3	 4	sample35	588	2130	514	58596	0	
1	 9	 3	 5	sample35	531	2073	514	46260	0	
1	 9	 3	 6	control	-160.19	1638	-255.99	71920	0	
1	 9	 4	 1	sample36	1653	2937	1542	74472	0	
1	 9	 4	 2	sample36	1023	2307	772	62916	0	
1	 9	 4	 3	sample36	918	2202	1028	65484	0	
1	 9	 4	 4	sample36	823	2107	772	51360	0	
1	 9	 4	 5	sample36	677	1961	772	24396	0	
1	 9	 4	 6	control	1150	2692	1028	67848	0	
1	 10	 1	 1	sample37	2452	4508	2314	106912	0	
1	 10	 1	 2	sample37	2488	4802	2570	196690	0	
1	 10	 1	 3	sample37	1690	4004	1798	164294	0	
1	 10	 1	 4	sample37	1259	3573	1284	94874	0	
1	 10	 1	 5	sample37	1113	3427	1284	48594	0	
1	 10	 1	 6	control	290	2860	258	102800	0	
1	 10	 2	 1	sample38	1675	3475	1542	93600	0	
1	 10	 2	 2	sample38	1168	3224	1028	94576	0	
1	 10	 2	 3	sample38	1374	3174	1284	88200	0	
1	 10	 2	 4	sample38	1106	3162	1028	61680	0	
1	 10	 2	 5	sample38	836	2892	772	82240	0	
1	 10	 2	 6	control	2395	4451	2314	150088	0	
1	 10	 3	 1	sample39	3714	5514	3854	138600	0	
1	 10	 3	 2	sample39	2613	4155	2570	120276	0	
1	 10	 3	 3	sample39	1656	3456	1798	165600	0	
1	 10	 3	 4	sample39	1365	3165	1542	81000	0	
1	 10	 3	 5	sample39	1047	2847	1028	46800	0	
1	 10	 3	 6	control	456	2256	514	72000	0	
1	 10	 4	 1	sample40	1157	2699	1286	74016	0	
1	 10	 4	 2	sample40	903	2445	1028	66306	0	
1	 10	 4	 3	sample40	971	2513	772	61680	0	
1	 10	 4	 4	sample40	571	2371	514	64800	0	
1	 10	 4	 5	sample40	423	2223	256	72000	0	
1	 10	 4	 6	control	1531	3331	1284	86400	0	
1	 11	 1	 1	sample41	1578	3120	1542	78642	0	
1	 11	 1	 2	sample41	1200	3000	1284	93600	0	
1	 11	 1	 3	sample41	1170	2970	1028	84600	0	
1	 11	 1	 4	sample41	1358	3158	1284	88200	0	
1	 11	 1	 5	sample41	771	2827	772	94576	0	
1	 11	 1	 6	control	579	2635	514	82240	0	
1	 11	 2	 1	sample42	1524	2810	1542	96450	0	
1	 11	 2	 2	sample42	1563	3105	1542	77100	0	
1	 11	 2	 3	sample42	1300	2842	1286	80184	0	
1	 11	 2	 4	sample42	1224	2766	1286	77100	0	
1	 11	 2	 5	sample42	507	2307	514	72000	0	
1	 11	 2	 6	control	3045	4845	3598	133200	0	
1	 11	 3	 1	sample43	1760	3046	1798	178754	0	
1	 11	 3	 2	sample43	2292	3578	2312	127314	0	
1	 11	 3	 3	sample43	1433	2975	1286	61680	0	
1	 11	 3	 4	sample43	1286	2828	1286	61680	0	
1	 11	 3	 5	sample43	966	2508	1028	57054	0	
1	 11	 3	 6	control	437	1979	514	61680	0	
1	 11	 4	 1	sample44	2221	3249	2056	94576	0	
1	 11	 4	 2	sample44	2101	3129	1800	89436	0	
1	 11	 4	 3	sample44	1626	2912	1798	132458	0	
1	 11	 4	 4	sample44	1539	2825	1542	117026	0	
1	 11	 4	 5	sample44	1195	2481	1284	100308	0	
1	 11	 4	 6	control	1386	2928	1542	114108	0	
1	 12	 1	 1	sample45	1477	3533	1284	213824	0	
1	 12	 1	 2	sample45	1385	3697	1286	113288	0	
1	 12	 1	 3	sample45	1184	3496	1286	99416	0	
1	 12	 1	 4	sample45	629	3199	514	102800	0	
1	 12	 1	 5	sample45	331	3157	258	118692	0	
1	 12	 1	 6	control	476	3302	514	113040	0	
1	 12	 2	 1	sample46	1274	3072	1286	80910	0	
1	 12	 2	 2	sample46	1509	3307	1542	82708	0	
1	 12	 2	 3	sample46	1345	3401	1542	148032	0	
1	 12	 2	 4	sample46	920	3232	772	87856	0	
1	 12	 2	 5	sample46	935	3247	1028	76296	0	
1	 12	 2	 6	control	2459	5029	2570	107940	0	
1	 12	 3	 1	sample47	1981	3523	1798	106398	0	
1	 12	 3	 2	sample47	1702	3244	1798	61680	0	
1	 12	 3	 3	sample47	1469	3011	1542	109482	0	
1	 12	 3	 4	sample47	817	2615	772	71920	0	
1	 12	 3	 5	sample47	475	2531	514	82240	0	
1	 12	 3	 6	control	551	2863	514	48552	0	
1	 12	 4	 1	sample48	1818	3102	1800	71904	0	
1	 12	 4	 2	sample48	1362	2904	1284	81726	0	
1	 12	 4	 3	sample48	1695	3237	1798	111024	0	
1	 12	 4	 4	sample48	1146	2944	1028	62930	0	
1	 12	 4	 5	sample48	1017	3073	1028	51400	0	
1	 12	 4	 6	control	2502	4814	2314	138720	0	
2	 1	 1	 1	sample49	1597	3397	1798	151200	0	
2	 1	 1	 2	sample49	2004	4060	2056	100744	0	
2	 1	 1	 3	sample49	2203	4259	2056	90464	0	
2	 1	 1	 4	sample49	1806	3862	1800	82240	0	
2	 1	 1	 5	sample49	552	2866	514	92560	0	
2	 1	 1	 6	control	13.4	2069	0	82240	0	
2	 1	 2	 1	sample50	2308	3850	2314	78642	0	
2	 1	 2	 2	sample50	2199	4255	2314	148032	0	
2	 1	 2	 3	sample50	2040	4096	2056	162424	0	
2	 1	 2	 4	sample50	2215	4271	2056	96632	0	
2	 1	 2	 5	sample50	1850	3906	1800	94576	0	
2	 1	 2	 6	control	3440	5496	3598	160368	0	
2	 1	 3	 1	sample51	1240	2782	1286	78642	0	
2	 1	 3	 2	sample51	896	2696	770	84600	0	
2	 1	 3	 3	sample51	918	2718	770	72000	0	
2	 1	 3	 4	sample51	900	2442	772	67848	0	
2	 1	 3	 5	sample51	656	2198	772	61680	0	
2	 1	 3	 6	control	521	2063	514	61680	0	
2	 1	 4	 1	sample52	1175	2461	1284	51440	0	
2	 1	 4	 2	sample52	1043	2585	1028	27756	0	
2	 1	 4	 3	sample52	437	1979	514	61680	0	
2	 1	 4	 4	sample52	642	1928	514	51440	0	
2	 1	 4	 5	sample52	380	1922	258	61680	0	
2	 1	 4	 6	control	1400	2942	1286	55512	0	
2	 2	 1	 1	sample53	1863	4691	1798	113120	0	
2	 2	 1	 2	sample53	1411	3981	1542	125930	0	
2	 2	 1	 3	sample53	1422	3736	1284	104130	0	
2	 2	 1	 4	sample53	1079	3393	1028	92560	0	
2	 2	 1	 5	sample53	970	3026	1028	45232	0	
2	 2	 1	 6	control	251	2307	258	82240	0	
2	 2	 2	 1	sample54	2204	4774	2056	174760	0	
2	 2	 2	 2	sample54	2286	4856	2570	195320	0	
2	 2	 2	 3	sample54	2475	4789	2312	87932	0	
2	 2	 2	 4	sample54	1551	3607	1800	127472	0	
2	 2	 2	 5	sample54	1114	3170	1028	98688	0	
2	 2	 2	 6	control	1715	3771	1286	168592	0	
2	 2	 3	 1	sample55	2529	4585	2570	191208	0	
2	 2	 3	 2	sample55	2556	4870	2570	171236	0	
2	 2	 3	 3	sample55	2015	4071	1800	100744	0	
2	 2	 3	 4	sample55	1313	3369	1286	96632	0	
2	 2	 3	 5	sample55	1052	3108	1028	45232	0	
2	 2	 3	 6	control	213	2269	258	82240	0	
2	 2	 4	 1	sample56	1745	3545	1542	104400	0	
2	 2	 4	 2	sample56	1520	3320	1542	153000	0	
2	 2	 4	 3	sample56	1180	3236	1028	90464	0	
2	 2	 4	 4	sample56	943	2999	1028	98688	0	
2	 2	 4	 5	sample56	348	2404	258	82240	0	
2	 2	 4	 6	control	1510	3566	1028	82240	0	
2	 3	 1	 1	sample57	2442	4240	2314	140244	0	
2	 3	 1	 2	sample57	2093	3891	2056	140244	0	
2	 3	 1	 3	sample57	1632	3174	1542	157284	0	
2	 3	 1	 4	sample57	1400	2942	1542	92520	0	
2	 3	 1	 5	sample57	1027	2569	1028	58596	0	
2	 3	 1	 6	control	218	1760	256	61680	0	
2	 3	 2	 1	sample58	1930	3728	1800	95294	0	
2	 3	 2	 2	sample58	1765	3563	1542	134850	0	
2	 3	 2	 3	sample58	1241	3039	1286	93496	0	
2	 3	 2	 4	sample58	944	2486	1028	61680	0	
2	 3	 2	 5	sample58	842	2640	772	52142	0	
2	 3	 2	 6	control	2498	4040	2826	127986	0	
2	 3	 3	 1	sample59	2473	4529	2312	108968	0	
2	 3	 3	 2	sample59	2376	4174	2314	156426	0	
2	 3	 3	 3	sample59	1710	3508	1800	134850	0	
2	 3	 3	 4	sample59	1403	3201	1286	82708	0	
2	 3	 3	 5	sample59	810	2608	772	71920	0	
2	 3	 3	 6	control	424	1966	514	61680	0	
2	 3	 4	 1	sample60	1395	3193	1286	71920	0	
2	 3	 4	 2	sample60	964	2762	1028	71920	0	
2	 3	 4	 3	sample60	669	2467	514	71920	0	
2	 3	 4	 4	sample60	756	2554	772	30566	0	
2	 3	 4	 5	sample60	225	2023	258	71920	0	
2	 3	 4	 6	control	765	2563	514	71920	0	
2	 4	 1	 1	sample61	2061	4117	2056	100744	0	
2	 4	 1	 2	sample61	1763	3561	1542	152830	0	
2	 4	 1	 3	sample61	1805	3603	1800	79112	0	
2	 4	 1	 4	sample61	1001	2799	1028	66526	0	
2	 4	 1	 5	sample61	745	2543	772	34162	0	
2	 4	 1	 6	control	193	1991	258	71920	0	
2	 4	 2	 1	sample62	1370	3426	1284	104856	0	
2	 4	 2	 2	sample62	954	3010	1028	100744	0	
2	 4	 2	 3	sample62	891	2689	1028	77314	0	
2	 4	 2	 4	sample62	556	2354	514	66526	0	
2	 4	 2	 5	sample62	552	2094	514	61680	0	
2	 4	 2	 6	control	2318	4116	2056	115072	0	
2	 4	 3	 1	sample63	1930	3986	1798	92520	0	
2	 4	 3	 2	sample63	1725	3781	1798	100744	0	
2	 4	 3	 3	sample63	938	2994	1028	82240	0	
2	 4	 3	 4	sample63	711	2509	772	68324	0	
2	 4	 3	 5	sample63	535	2333	514	66526	0	
2	 4	 3	 6	control	277	2075	258	71920	0	
2	 4	 4	 1	sample64	1004	3060	1028	45232	0	
2	 4	 4	 2	sample64	616	2672	514	82240	0	
2	 4	 4	 3	sample64	302	2358	256	82240	0	
2	 4	 4	 4	sample64	296	2094	258	71920	0	
2	 4	 4	 5	sample64	96.8	1895	0	71920	0	
2	 4	 4	 6	control	379	2435	514	82240	0	
2	 5	 1	 1	sample65	2405	4205	2312	95400	0	
2	 5	 1	 2	sample65	2440	4240	2312	149400	0	
2	 5	 1	 3	sample65	2468	4268	2312	95400	0	
2	 5	 1	 4	sample65	1847	3389	1800	41634	0	
2	 5	 1	 5	sample65	1235	3035	1284	93600	0	
2	 5	 1	 6	control	456	2256	514	72000	0	
2	 5	 2	 1	sample66	1210	3010	1028	86400	0	
2	 5	 2	 2	sample66	1226	3026	1284	86400	0	
2	 5	 2	 3	sample66	781	2581	770	86400	0	
2	 5	 2	 4	sample66	565	2365	514	72000	0	
2	 5	 2	 5	sample66	843	2643	770	70200	0	
2	 5	 2	 6	control	2757	4557	2570	153000	0	
2	 5	 3	 1	sample67	1626	3426	1542	93600	0	
2	 5	 3	 2	sample67	1675	3475	1542	86400	0	
2	 5	 3	 3	sample67	1341	3141	1284	82800	0	
2	 5	 3	 4	sample67	1296	3096	1284	77400	0	
2	 5	 3	 5	sample67	961	3017	1028	39064	0	
2	 5	 3	 6	control	161	2217	0	82240	0	
2	 5	 4	 1	sample68	2232	4288	2056	168592	0	
2	 5	 4	 2	sample68	2009	4065	1800	166536	0	
2	 5	 4	 3	sample68	2404	4460	2056	104856	0	
2	 5	 4	 4	sample68	1350	3406	1286	106912	0	
2	 5	 4	 5	sample68	1125	3181	1028	49344	0	
2	 5	 4	 6	control	975	3031	1028	98688	0	
2	 6	 1	 1	sample69	1807	3863	1798	191208	0	
2	 6	 1	 2	sample69	1640	3696	1798	166536	0	
2	 6	 1	 3	sample69	1508	3564	1542	160368	0	
2	 6	 1	 4	sample69	1752	3808	1542	45232	0	
2	 6	 1	 5	sample69	1109	3165	1028	90464	0	
2	 6	 1	 6	control	404	2460	256	82240	0	
2	 6	 2	 1	sample70	1372	3428	1284	108968	0	
2	 6	 2	 2	sample70	1490	3546	1542	82240	0	
2	 6	 2	 3	sample70	925	2981	770	82240	0	
2	 6	 2	 4	sample70	1101	3157	1028	86352	0	
2	 6	 2	 5	sample70	572	2884	514	92480	0	
2	 6	 2	 6	control	2787	5099	2570	159528	0	
2	 6	 3	 1	sample71	1213	3269	1284	102800	0	
2	 6	 3	 2	sample71	871	3183	772	113288	0	
2	 6	 3	 3	sample71	713	2769	514	82240	0	
2	 6	 3	 4	sample71	482	2794	514	92480	0	
2	 6	 3	 5	sample71	328	2640	258	92480	0	
2	 6	 3	 6	control	-135.19	2435	0	102800	0	
2	 6	 4	 1	sample72	2400	4712	2314	226576	0	
2	 6	 4	 2	sample72	1585	3897	1542	152592	0	
2	 6	 4	 3	sample72	1318	3630	1542	92480	0	
2	 6	 4	 4	sample72	746	3058	772	92480	0	
2	 6	 4	 5	sample72	192	2762	256	102800	0	
2	 6	 4	 6	control	385	2955	514	102800	0	
2	 7	 1	 1	sample73	2084	3626	1798	140322	0	
2	 7	 1	 2	sample73	2648	4190	2570	80184	0	
2	 7	 1	 3	sample73	2456	3740	2570	95016	0	
2	 7	 1	 4	sample73	1615	2899	1542	68052	0	
2	 7	 1	 5	sample73	1094	2378	1028	65484	0	
2	 7	 1	 6	control	218	1760	0	61680	0	
2	 7	 2	 1	sample74	1927	3469	1798	67848	0	
2	 7	 2	 2	sample74	1932	3474	2056	74016	0	
2	 7	 2	 3	sample74	1463	3005	1542	75558	0	
2	 7	 2	 4	sample74	1222	2764	1028	75558	0	
2	 7	 2	 5	sample74	1124	2666	1028	61680	0	
2	 7	 2	 6	control	3953	5495	4368	97146	0	
2	 7	 3	 1	sample75	621	2163	514	55512	0	
2	 7	 3	 2	sample75	784	2326	770	58596	0	
2	 7	 3	 3	sample75	827	2369	770	63222	0	
2	 7	 3	 4	sample75	546	2088	514	61680	0	
2	 7	 3	 5	sample75	449	1991	514	61680	0	
2	 7	 3	 6	control	101	1899	0	64728	0	
2	 7	 4	 1	sample76	2632	4174	2570	69390	0	
2	 7	 4	 2	sample76	2036	3834	2056	88102	0	
2	 7	 4	 3	sample76	1248	3046	1286	86304	0	
2	 7	 4	 4	sample76	1035	2833	1028	73718	0	
2	 7	 4	 5	sample76	737	2279	770	58596	0	
2	 7	 4	 6	control	1131	2929	1028	62930	0	
2	 8	 1	 1	sample77	2491	3777	2312	118312	0	
2	 8	 1	 2	sample77	2624	3910	2570	102880	0	
2	 8	 1	 3	sample77	1843	3129	2056	88734	0	
2	 8	 1	 4	sample77	1572	2858	1542	43724	0	
2	 8	 1	 5	sample77	1045	2331	1028	37294	0	
2	 8	 1	 6	control	289	1575	256	51440	0	
2	 8	 2	 1	sample78	1188	2730	1286	121818	0	
2	 8	 2	 2	sample78	1364	2906	1286	75558	0	
2	 8	 2	 3	sample78	847	2389	772	78642	0	
2	 8	 2	 4	sample78	809	2095	770	51440	0	
2	 8	 2	 5	sample78	431	1973	514	61680	0	
2	 8	 2	 6	control	3653	5195	3598	115650	0	
2	 8	 3	 1	sample79	1974	3516	2314	134154	0	
2	 8	 3	 2	sample79	1787	3329	1542	160368	0	
2	 8	 3	 3	sample79	1600	3142	1800	123360	0	
2	 8	 3	 4	sample79	1369	2911	1542	61680	0	
2	 8	 3	 5	sample79	730	2272	772	38550	0	
2	 8	 3	 6	control	225	1767	258	61680	0	
2	 8	 4	 1	sample80	1965	3507	1800	117192	0	
2	 8	 4	 2	sample80	1463	3005	1286	69390	0	
2	 8	 4	 3	sample80	1151	2693	1286	61680	0	
2	 8	 4	 4	sample80	688	2230	772	61680	0	
2	 8	 4	 5	sample80	283	1825	258	61680	0	
2	 8	 4	 6	control	752	2294	514	61680	0	
2	 9	 1	 1	sample81	1365	3163	1286	145638	0	
2	 9	 1	 2	sample81	1025	2823	1028	138446	0	
2	 9	 1	 3	sample81	1342	2884	1284	61680	0	
2	 9	 1	 4	sample81	690	2488	772	79112	0	
2	 9	 1	 5	sample81	527	2325	514	71920	0	
2	 9	 1	 6	control	142	1940	258	71920	0	
2	 9	 2	 1	sample82	3976	5774	4112	115072	0	
2	 9	 2	 2	sample82	3341	5139	3598	115072	0	
2	 9	 2	 3	sample82	3209	5007	3342	118668	0	
2	 9	 2	 4	sample82	2448	4246	2314	124062	0	
2	 9	 2	 5	sample82	1548	3346	1542	84506	0	
2	 9	 2	 6	control	3378	5176	3598	102486	0	
2	 9	 3	 1	sample83	2135	4191	2056	145976	0	
2	 9	 3	 2	sample83	1836	3634	2056	140244	0	
2	 9	 3	 3	sample83	1712	3510	1542	84506	0	
2	 9	 3	 4	sample83	1285	3083	1286	82708	0	
2	 9	 3	 5	sample83	1048	2846	1028	46748	0	
2	 9	 3	 6	control	-58.19	1998	0	82240	0	
2	 9	 4	 1	sample84	1780	3578	1800	116870	0	
2	 9	 4	 2	sample84	1330	3128	1286	113274	0	
2	 9	 4	 3	sample84	1008	2806	1028	89900	0	
2	 9	 4	 4	sample84	928	2726	1028	82708	0	
2	 9	 4	 5	sample84	418	2216	514	71920	0	
2	 9	 4	 6	control	1653	3709	1542	94576	0	
2	 10	 1	 1	sample85	2643	4185	2570	141864	0	
2	 10	 1	 2	sample85	2936	4736	2570	147600	0	
2	 10	 1	 3	sample85	2507	4307	2312	126000	0	
2	 10	 1	 4	sample85	1481	3281	1542	138600	0	
2	 10	 1	 5	sample85	1053	2853	1028	72000	0	
2	 10	 1	 6	control	199	1999	256	72000	0	
2	 10	 2	 1	sample86	1963	3763	1798	90000	0	
2	 10	 2	 2	sample86	1535	3335	1284	135000	0	
2	 10	 2	 3	sample86	1230	3030	1028	93600	0	
2	 10	 2	 4	sample86	918	2718	770	72000	0	
2	 10	 2	 5	sample86	740	2540	770	90000	0	
2	 10	 2	 6	control	2091	4147	2056	123360	0	
2	 10	 3	 1	sample87	2220	4020	2056	145800	0	
2	 10	 3	 2	sample87	2112	3912	2056	90000	0	
2	 10	 3	 3	sample87	1290	3090	1284	84600	0	
2	 10	 3	 4	sample87	944	2744	770	82800	0	
2	 10	 3	 5	sample87	858	2658	770	90000	0	
2	 10	 3	 6	control	77.7	2134	0	82240	0	
2	 10	 4	 1	sample88	1860	3660	1798	142200	0	
2	 10	 4	 2	sample88	1012	2812	1028	90000	0	
2	 10	 4	 3	sample88	706	2506	770	72000	0	
2	 10	 4	 4	sample88	944	2744	770	88200	0	
2	 10	 4	 5	sample88	559	2359	514	72000	0	
2	 10	 4	 6	control	1387	3443	1542	98688	0	
2	 11	 1	 1	sample89	3262	4546	3342	120696	0	
2	 11	 1	 2	sample89	3255	4539	3342	114276	0	
2	 11	 1	 3	sample89	2303	3845	2570	126444	0	
2	 11	 1	 4	sample89	1808	3350	1798	127986	0	
2	 11	 1	 5	sample89	1369	2911	1284	168078	0	
2	 11	 1	 6	control	264	2062	258	71920	0	
2	 11	 2	 1	sample90	2019	3303	1542	106572	0	
2	 11	 2	 2	sample90	1524	3066	1542	111024	0	
2	 11	 2	 3	sample90	2113	3655	2056	124902	0	
2	 11	 2	 4	sample90	2136	3678	2312	74016	0	
2	 11	 2	 5	sample90	1617	3159	1542	63222	0	
2	 11	 2	 6	control	3814	5612	4112	122264	0	
2	 11	 3	 1	sample91	3215	4757	3084	135696	0	
2	 11	 3	 2	sample91	2384	3926	2570	127986	0	
2	 11	 3	 3	sample91	1674	3216	1798	143406	0	
2	 11	 3	 4	sample91	1409	2951	1542	134154	0	
2	 11	 3	 5	sample91	1136	2678	1028	69390	0	
2	 11	 3	 6	control	521	2319	514	71920	0	
2	 11	 4	 1	sample92	1604	2888	1542	96300	0	
2	 11	 4	 2	sample92	1605	2889	1542	47508	0	
2	 11	 4	 3	sample92	1077	2619	1028	72474	0	
2	 11	 4	 4	sample92	880	2422	770	72474	0	
2	 11	 4	 5	sample92	443	1985	514	61680	0	
2	 11	 4	 6	control	2728	4526	2314	120466	0	
2	 12	 1	 1	sample93	2047	3331	2056	100152	0	
2	 12	 1	 2	sample93	1755	3039	1800	96300	0	
2	 12	 1	 3	sample93	1187	2729	1284	109482	0	
2	 12	 1	 4	sample93	1003	2801	1028	71920	0	
2	 12	 1	 5	sample93	948	3004	1028	53456	0	
2	 12	 1	 6	control	257	2569	258	92480	0	
2	 12	 2	 1	sample94	1560	3102	1284	131070	0	
2	 12	 2	 2	sample94	2725	4267	2312	89436	0	
2	 12	 2	 3	sample94	2092	3634	2312	98688	0	
2	 12	 2	 4	sample94	1887	3685	1800	84506	0	
2	 12	 2	 5	sample94	1422	3478	1542	88408	0	
2	 12	 2	 6	control	5001	7313	5140	106352	0	
2	 12	 3	 1	sample95	3027	4311	2828	86028	0	
2	 12	 3	 2	sample95	1835	3377	1542	87894	0	
2	 12	 3	 3	sample95	1332	3130	1286	118668	0	
2	 12	 3	 4	sample95	1321	3119	1286	52142	0	
2	 12	 3	 5	sample95	604	2660	514	82240	0	
2	 12	 3	 6	control	64.8	2377	0	92480	0	
2	 12	 4	 1	sample96	3099	4383	3342	69336	0	
2	 12	 4	 2	sample96	1677	3219	1798	87894	0	
2	 12	 4	 3	sample96	1579	3377	1542	113274	0	
2	 12	 4	 4	sample96	1169	2967	1286	79112	0	
2	 12	 4	 5	sample96	910	2966	1028	71960	0	
2	 12	 4	 6	control	2527	4839	2314	122536	0	
3	 1	 1	 1	sample97	1852	3908	1798	158312	0	
3	 1	 1	 2	sample97	2411	4209	2570	127658	0	
3	 1	 1	 3	sample97	1420	3218	1542	143840	0	
3	 1	 1	 4	sample97	1641	3183	1542	127986	0	
3	 1	 1	 5	sample97	978	2520	1028	72474	0	
3	 1	 1	 6	control	256	1798	256	61680	0	
3	 1	 2	 1	sample98	3977	6033	4112	180928	0	
3	 1	 2	 2	sample98	3510	5566	3854	150088	0	
3	 1	 2	 3	sample98	1070	2868	1028	89900	0	
3	 1	 2	 4	sample98	1603	3401	1542	91698	0	
3	 1	 2	 5	sample98	1386	3184	1542	91698	0	
3	 1	 2	 6	control	2838	4636	3084	167214	0	
3	 1	 3	 1	sample99	1769	4081	1800	231200	0	
3	 1	 3	 2	sample99	2135	4191	2056	106912	0	
3	 1	 3	 3	sample99	1989	3787	1800	165416	0	
3	 1	 3	 4	sample99	1758	3556	1542	156426	0	
3	 1	 3	 5	sample99	1895	3693	1800	111476	0	
3	 1	 3	 6	control	245	2043	258	71920	0	
3	 1	 4	 1	sample100	1924	3980	2056	164480	0	
3	 1	 4	 2	sample100	1048	2846	1028	93496	0	
3	 1	 4	 3	sample100	1347	3145	1286	89900	0	
3	 1	 4	 4	sample100	457	2255	514	71920	0	
3	 1	 4	 5	sample100	640	2438	514	88102	0	
3	 1	 4	 6	control	1634	3432	1542	80910	0	
3	 2	 1	 1	sample101	1715	3257	1798	118734	0	
3	 2	 1	 2	sample101	1402	3200	1286	95294	0	
3	 2	 1	 3	sample101	887	2685	772	71920	0	
3	 2	 1	 4	sample101	857	2655	772	91698	0	
3	 2	 1	 5	sample101	624	2422	514	71920	0	
3	 2	 1	 6	control	392	2190	514	71920	0	
3	 2	 2	 1	sample102	1001	2799	1028	84506	0	
3	 2	 2	 2	sample102	1035	2833	1028	71920	0	
3	 2	 2	 3	sample102	772	2570	772	57536	0	
3	 2	 2	 4	sample102	283	2081	258	71920	0	
3	 2	 2	 5	sample102	540	2338	514	71920	0	
3	 2	 2	 6	control	3205	5261	3340	156256	0	
3	 2	 3	 1	sample103	2907	4963	2312	267280	0	
3	 2	 3	 2	sample103	4101	6157	4112	152144	0	
3	 2	 3	 3	sample103	3069	5125	3084	178872	0	
3	 2	 3	 4	sample103	2417	4473	2570	162424	0	
3	 2	 3	 5	sample103	1912	4224	2056	168776	0	
3	 2	 3	 6	control	213	2525	258	92480	0	
3	 2	 4	 1	sample104	1849	3647	1800	131254	0	
3	 2	 4	 2	sample104	2430	4228	2314	75516	0	
3	 2	 4	 3	sample104	1345	3401	1284	104856	0	
3	 2	 4	 4	sample104	888	2944	770	94576	0	
3	 2	 4	 5	sample104	677	2989	772	69360	0	
3	 2	 4	 6	control	1573	3885	1542	115600	0	
3	 3	 1	 1	sample105	1698	2984	1798	95164	0	
3	 3	 1	 2	sample105	1713	2999	1542	108024	0	
3	 3	 1	 3	sample105	1425	2711	1284	108024	0	
3	 3	 1	 4	sample105	1263	2549	1284	60442	0	
3	 3	 1	 5	sample105	809	2095	514	51440	0	
3	 3	 1	 6	control	205	1491	0	51440	0	
3	 3	 2	 1	sample106	2959	4501	2570	126444	0	
3	 3	 2	 2	sample106	2355	3897	2056	134154	0	
3	 3	 2	 3	sample106	2228	3770	2314	129528	0	
3	 3	 2	 4	sample106	1568	3110	1542	61680	0	
3	 3	 2	 5	sample106	1154	2696	1286	72474	0	
3	 3	 2	 6	control	3970	5512	3856	100230	0	
3	 3	 3	 1	sample107	2230	3772	2056	151116	0	
3	 3	 3	 2	sample107	1732	3532	1798	126000	0	
3	 3	 3	 3	sample107	1719	3261	1542	78642	0	
3	 3	 3	 4	sample107	1078	2620	1028	80184	0	
3	 3	 3	 5	sample107	733	2275	514	61680	0	
3	 3	 3	 6	control	251	1793	0	61680	0	
3	 3	 4	 1	sample108	3086	4886	3084	176400	0	
3	 3	 4	 2	sample108	2108	3908	2056	142200	0	
3	 3	 4	 3	sample108	2230	4030	2056	95400	0	
3	 3	 4	 4	sample108	1208	3008	1028	72000	0	
3	 3	 4	 5	sample108	656	2198	514	61680	0	
3	 3	 4	 6	control	1536	3078	1542	64764	0	
3	 4	 1	 1	sample109	1984	4040	2056	160368	0	
3	 4	 1	 2	sample109	3781	5581	3854	133200	0	
3	 4	 1	 3	sample109	2219	3761	2314	109482	0	
3	 4	 1	 4	sample109	1112	2654	1286	114108	0	
3	 4	 1	 5	sample109	836	2378	772	61680	0	
3	 4	 1	 6	control	84	1626	0	61680	0	
3	 4	 2	 1	sample110	1792	4106	1798	187434	0	
3	 4	 2	 2	sample110	2348	4404	2314	154200	0	
3	 4	 2	 3	sample110	1697	3497	1542	95400	0	
3	 4	 2	 4	sample110	1332	2874	1286	77100	0	
3	 4	 2	 5	sample110	1112	2654	1028	57054	0	
3	 4	 2	 6	control	3562	5104	3342	107940	0	
3	 4	 3	 1	sample111	5026	7340	5140	182806	0	
3	 4	 3	 2	sample111	6790	9104	6168	180492	0	
3	 4	 3	 3	sample111	4116	6172	3598	148032	0	
3	 4	 3	 4	sample111	2978	4778	3084	122400	0	
3	 4	 3	 5	sample111	1452	3252	1542	129600	0	
3	 4	 3	 6	control	527	2069	514	61680	0	
3	 4	 4	 1	sample112	1306	3362	1286	100744	0	
3	 4	 4	 2	sample112	1501	3557	1542	102800	0	
3	 4	 4	 3	sample112	944	2744	1028	72000	0	
3	 4	 4	 4	sample112	848	2648	770	72000	0	
3	 4	 4	 5	sample112	411	2211	256	72000	0	
3	 4	 4	 6	control	1246	3046	1284	72000	0	
3	 5	 1	 1	sample113	1991	3533	2056	127986	0	
3	 5	 1	 2	sample113	3014	4556	2828	123360	0	
3	 5	 1	 3	sample113	2086	3628	2314	107940	0	
3	 5	 1	 4	sample113	1614	2900	1798	77160	0	
3	 5	 1	 5	sample113	1405	2691	1284	65586	0	
3	 5	 1	 6	control	418	1960	258	61680	0	
3	 5	 2	 1	sample114	1937	3479	1800	69390	0	
3	 5	 2	 2	sample114	1523	3065	1542	143406	0	
3	 5	 2	 3	sample114	1252	2794	1286	70932	0	
3	 5	 2	 4	sample114	954	2240	1028	63014	0	
3	 5	 2	 5	sample114	1040	2326	1028	51440	0	
3	 5	 2	 6	control	3521	5063	3856	117192	0	
3	 5	 3	 1	sample115	1029	2571	1028	61680	0	
3	 5	 3	 2	sample115	804	2346	772	61680	0	
3	 5	 3	 3	sample115	489	2031	514	61680	0	
3	 5	 3	 4	sample115	758	2044	770	51440	0	
3	 5	 3	 5	sample115	740	2282	772	63222	0	
3	 5	 3	 6	control	328	1870	258	61680	0	
3	 5	 4	 1	sample116	913	2455	1028	61680	0	
3	 5	 4	 2	sample116	939	2481	1028	61680	0	
3	 5	 4	 3	sample116	277	1819	258	61680	0	
3	 5	 4	 4	sample116	585	2127	514	61680	0	
3	 5	 4	 5	sample116	534	2076	514	61680	0	
3	 5	 4	 6	control	1265	3065	1028	72000	0	
3	 6	 1	 1	sample117	2174	3716	2056	155742	0	
3	 6	 1	 2	sample117	3309	4851	3342	121818	0	
3	 6	 1	 3	sample117	1653	3195	1542	143406	0	
3	 6	 1	 4	sample117	1249	3049	1284	90000	0	
3	 6	 1	 5	sample117	1407	3207	1542	72000	0	
3	 6	 1	 6	control	436	2236	514	72000	0	
3	 6	 2	 1	sample118	1606	3406	1542	21600	0	
3	 6	 2	 2	sample118	1990	3532	2056	101772	0	
3	 6	 2	 3	sample118	1465	3007	1542	61680	0	
3	 6	 2	 4	sample118	1013	2555	1028	75558	0	
3	 6	 2	 5	sample118	1088	2888	1028	68400	0	
3	 6	 2	 6	control	3004	5060	3084	131584	0	
3	 6	 3	 1	sample119	2236	3778	2056	81726	0	
3	 6	 3	 2	sample119	1578	3378	1542	88200	0	
3	 6	 3	 3	sample119	1230	3030	1028	84600	0	
3	 6	 3	 4	sample119	886	2686	770	72000	0	
3	 6	 3	 5	sample119	877	2933	1028	34952	0	
3	 6	 3	 6	control	399	2455	258	82240	0	
3	 6	 4	 1	sample120	1332	3132	1284	154800	0	
3	 6	 4	 2	sample120	1428	3228	1542	106200	0	
3	 6	 4	 3	sample120	1231	3031	1284	95400	0	
3	 6	 4	 4	sample120	713	2513	770	72000	0	
3	 6	 4	 5	sample120	707	2763	514	41120	0	
3	 6	 4	 6	control	1336	3392	1286	84296	0	
3	 7	 1	 1	sample121	2735	4277	2314	163452	0	
3	 7	 1	 2	sample121	4175	5717	4370	114108	0	
3	 7	 1	 3	sample121	2817	4359	3084	115650	0	
3	 7	 1	 4	sample121	2162	3704	2314	52428	0	
3	 7	 1	 5	sample121	1234	2776	1286	69390	0	
3	 7	 1	 6	control	102	1902	0	72000	0	
3	 7	 2	 1	sample122	1988	3530	1800	121818	0	
3	 7	 2	 2	sample122	1738	3280	1800	141864	0	
3	 7	 2	 3	sample122	1054	2596	1028	61680	0	
3	 7	 2	 4	sample122	945	2487	772	61680	0	
3	 7	 2	 5	sample122	957	2499	772	72474	0	
3	 7	 2	 6	control	4126	5926	4368	131400	0	
3	 7	 3	 1	sample123	2548	4090	2314	140322	0	
3	 7	 3	 2	sample123	2524	4066	2570	77100	0	
3	 7	 3	 3	sample123	1784	3326	1800	77100	0	
3	 7	 3	 4	sample123	994	2536	1028	69390	0	
3	 7	 3	 5	sample123	573	2373	514	77400	0	
3	 7	 3	 6	control	50.9	1851	0	72000	0	
3	 7	 4	 1	sample124	3182	4982	3340	140400	0	
3	 7	 4	 2	sample124	2653	4195	2570	111024	0	
3	 7	 4	 3	sample124	1585	3127	1542	74016	0	
3	 7	 4	 4	sample124	1072	2872	1028	72000	0	
3	 7	 4	 5	sample124	860	2402	772	58596	0	
3	 7	 4	 6	control	1188	2988	1284	72000	0	
3	 8	 1	 1	sample125	4244	6556	3856	208080	0	
3	 8	 1	 2	sample125	4859	7171	4884	191896	0	
3	 8	 1	 3	sample125	3726	5782	4112	164480	0	
3	 8	 1	 4	sample125	2007	4063	2312	164480	0	
3	 8	 1	 5	sample125	1667	3723	1798	176816	0	
3	 8	 1	 6	control	295	2351	256	82240	0	
3	 8	 2	 1	sample126	5494	7806	5654	184960	0	
3	 8	 2	 2	sample126	4483	6795	4884	178024	0	
3	 8	 2	 3	sample126	3871	5927	3854	162424	0	
3	 8	 2	 4	sample126	2404	4460	2312	156256	0	
3	 8	 2	 5	sample126	1762	3818	1542	174760	0	
3	 8	 2	 6	control	4541	6597	4882	143920	0	
3	 8	 3	 1	sample127	2117	4173	2056	180928	0	
3	 8	 3	 2	sample127	2172	4228	2056	108968	0	
3	 8	 3	 3	sample127	1488	3544	1542	187096	0	
3	 8	 3	 4	sample127	1817	3873	1798	55512	0	
3	 8	 3	 5	sample127	1209	3265	1028	104856	0	
3	 8	 3	 6	control	179	2235	256	82240	0	
3	 8	 4	 1	sample128	2098	4154	2056	213824	0	
3	 8	 4	 2	sample128	1322	3378	1284	84296	0	
3	 8	 4	 3	sample128	1537	3593	1542	104856	0	
3	 8	 4	 4	sample128	964	2762	1028	71920	0	
3	 8	 4	 5	sample128	598	2396	514	71920	0	
3	 8	 4	 6	control	1235	3033	1028	194184	0	
3	 9	 1	 1	sample129	2603	4403	2570	167400	0	
3	 9	 1	 2	sample129	4371	6171	4368	149400	0	
3	 9	 1	 3	sample129	2648	4448	2312	158400	0	
3	 9	 1	 4	sample129	1929	3729	2056	113400	0	
3	 9	 1	 5	sample129	1291	3091	1284	72000	0	
3	 9	 1	 6	control	379	2179	256	72000	0	
3	 9	 2	 1	sample130	6144	8200	6168	150088	0	
3	 9	 2	 2	sample130	4994	7050	4884	143920	0	
3	 9	 2	 3	sample130	3483	5539	3342	145976	0	
3	 9	 2	 4	sample130	2163	3963	2056	133200	0	
3	 9	 2	 5	sample130	2167	3967	2312	124200	0	
3	 9	 2	 6	control	4369	6425	4626	139808	0	
3	 9	 3	 1	sample131	1265	3065	1028	95400	0	
3	 9	 3	 2	sample131	1233	3033	1028	72000	0	
3	 9	 3	 3	sample131	1509	3309	1542	72000	0	
3	 9	 3	 4	sample131	1342	3142	1284	88200	0	
3	 9	 3	 5	sample131	918	2718	770	72000	0	
3	 9	 3	 6	control	430	2230	514	72000	0	
3	 9	 4	 1	sample132	2771	4313	2828	98688	0	
3	 9	 4	 2	sample132	2418	3960	2314	124902	0	
3	 9	 4	 3	sample132	1829	3629	1798	91800	0	
3	 9	 4	 4	sample132	1208	2750	1028	61680	0	
3	 9	 4	 5	sample132	546	2346	514	72000	0	
3	 9	 4	 6	control	1886	3686	1542	147600	0	
3	 10	 1	 1	sample133	5130	7186	4882	168592	0	
3	 10	 1	 2	sample133	4984	7040	5140	135696	0	
3	 10	 1	 3	sample133	2972	5028	2826	141864	0	
3	 10	 1	 4	sample133	2131	3929	2314	111476	0	
3	 10	 1	 5	sample133	1729	3527	1800	131254	0	
3	 10	 1	 6	control	482	2280	514	71920	0	
3	 10	 2	 1	sample134	2650	4706	2570	182984	0	
3	 10	 2	 2	sample134	3042	5098	3084	139808	0	
3	 10	 2	 3	sample134	1913	3969	1798	152144	0	
3	 10	 2	 4	sample134	1893	3691	1800	93496	0	
3	 10	 2	 5	sample134	1671	3469	1800	82708	0	
3	 10	 2	 6	control	3591	5389	3856	125860	0	
3	 10	 3	 1	sample135	2604	4402	2314	178002	0	
3	 10	 3	 2	sample135	2395	4193	2314	142042	0	
3	 10	 3	 3	sample135	1543	3341	1542	86304	0	
3	 10	 3	 4	sample135	1429	3227	1286	89900	0	
3	 10	 3	 5	sample135	984	2782	1028	73718	0	
3	 10	 3	 6	control	412	2210	514	71920	0	
3	 10	 4	 1	sample136	1900	3442	1798	109482	0	
3	 10	 4	 2	sample136	1988	3530	2056	123360	0	
3	 10	 4	 3	sample136	1261	3059	1286	95294	0	
3	 10	 4	 4	sample136	1024	2822	1028	93496	0	
3	 10	 4	 5	sample136	771	2569	772	66526	0	
3	 10	 4	 6	control	2128	3926	2314	89900	0	
3	 11	 1	 1	sample137	2671	4985	2312	275366	0	
3	 11	 1	 2	sample137	3885	6199	4368	192062	0	
3	 11	 1	 3	sample137	2661	4717	2570	164480	0	
3	 11	 1	 4	sample137	1910	3966	2056	148032	0	
3	 11	 1	 5	sample137	1566	3880	1542	97188	0	
3	 11	 1	 6	control	398	2712	256	92560	0	
3	 11	 2	 1	sample138	2481	4795	2312	180492	0	
3	 11	 2	 2	sample138	3375	5689	3854	157352	0	
3	 11	 2	 3	sample138	2177	4491	2312	219830	0	
3	 11	 2	 4	sample138	1877	3933	1800	82240	0	
3	 11	 2	 5	sample138	1754	3810	1800	82240	0	
3	 11	 2	 6	control	3621	5935	3598	152724	0	
3	 11	 3	 1	sample139	3845	6159	3598	187434	0	
3	 11	 3	 2	sample139	2123	4437	2312	247598	0	
3	 11	 3	 3	sample139	1762	3818	1800	185040	0	
3	 11	 3	 4	sample139	1870	3926	1800	96632	0	
3	 11	 3	 5	sample139	992	3306	1028	99502	0	
3	 11	 3	 6	control	218	2532	256	92560	0	
3	 11	 4	 1	sample140	1967	4023	2056	154200	0	
3	 11	 4	 2	sample140	1810	3866	1800	98688	0	
3	 11	 4	 3	sample140	1582	3638	1542	92520	0	
3	 11	 4	 4	sample140	1106	3162	1028	82240	0	
3	 11	 4	 5	sample140	899	3213	1028	41652	0	
3	 11	 4	 6	control	1993	4307	1798	161980	0	
3	 12	 1	 1	sample141	3115	4657	2828	154200	0	
3	 12	 1	 2	sample141	3310	5110	3084	151200	0	
3	 12	 1	 3	sample141	2874	4674	3084	126000	0	
3	 12	 1	 4	sample141	1722	3778	1800	82240	0	
3	 12	 1	 5	sample141	1147	3461	1284	94874	0	
3	 12	 1	 6	control	321	2635	256	92560	0	
3	 12	 2	 1	sample142	2964	4764	2826	127800	0	
3	 12	 2	 2	sample142	2784	4584	2826	129600	0	
3	 12	 2	 3	sample142	2523	4323	2570	147600	0	
3	 12	 2	 4	sample142	2032	4088	1800	150088	0	
3	 12	 2	 5	sample142	1398	3454	1542	98688	0	
3	 12	 2	 6	control	3841	6155	4112	175864	0	
3	 12	 3	 1	sample143	3646	5446	3598	144000	0	
3	 12	 3	 2	sample143	2752	4294	2828	135696	0	
3	 12	 3	 3	sample143	1878	3420	1800	126444	0	
3	 12	 3	 4	sample143	1555	3355	1542	108000	0	
3	 12	 3	 5	sample143	839	2895	772	94576	0	
3	 12	 3	 6	control	-71.19	2243	0	92560	0	
3	 12	 4	 1	sample144	2275	3817	2056	134154	0	
3	 12	 4	 2	sample144	2142	3684	2056	134154	0	
3	 12	 4	 3	sample144	1324	2866	1286	155742	0	
3	 12	 4	 4	sample144	1435	3235	1284	82800	0	
3	 12	 4	 5	sample144	803	2859	772	84296	0	
3	 12	 4	 6	control	2074	4130	2056	148032	0	
4	 1	 1	 1	sample145	2136	4192	2056	172704	0	
4	 1	 1	 2	sample145	2606	4920	2826	196690	0	
4	 1	 1	 3	sample145	1807	4121	1798	138840	0	
4	 1	 1	 4	sample145	1601	3915	1542	159666	0	
4	 1	 1	 5	sample145	1167	3481	1028	106444	0	
4	 1	 1	 6	control	212	2526	256	92560	0	
4	 1	 2	 1	sample146	1750	4064	1798	74048	0	
4	 1	 2	 2	sample146	1881	4195	1798	122642	0	
4	 1	 2	 3	sample146	1634	3948	1542	108758	0	
4	 1	 2	 4	sample146	1177	3491	1284	111072	0	
4	 1	 2	 5	sample146	1086	3656	1028	125930	0	
4	 1	 2	 6	control	3616	5930	3598	189748	0	
4	 1	 3	 1	sample147	2116	4172	2056	88408	0	
4	 1	 3	 2	sample147	1445	3759	1542	92560	0	
4	 1	 3	 3	sample147	1253	3567	1284	94874	0	
4	 1	 3	 4	sample147	939	3509	1028	102800	0	
4	 1	 3	 5	sample147	985	3813	1028	135744	0	
4	 1	 3	 6	control	244	3072	256	113120	0	
4	 1	 4	 1	sample148	610	2410	514	72000	0	
4	 1	 4	 2	sample148	476	2532	514	82240	0	
4	 1	 4	 3	sample148	604	2660	514	82240	0	
4	 1	 4	 4	sample148	923	2979	1028	90464	0	
4	 1	 4	 5	sample148	1063	3377	1028	118014	0	
4	 1	 4	 6	control	2396	4710	2312	205946	0	
4	 2	 1	 1	sample149	1684	3482	1800	143840	0	
4	 2	 1	 2	sample149	1840	3638	1800	79112	0	
4	 2	 1	 3	sample149	1305	3361	1284	100744	0	
4	 2	 1	 4	sample149	1259	3057	1286	88102	0	
4	 2	 1	 5	sample149	1074	3130	1028	45232	0	
4	 2	 1	 6	control	308	2364	256	82240	0	
4	 2	 2	 1	sample150	2762	4560	2828	142042	0	
4	 2	 2	 2	sample150	2357	4413	2312	154200	0	
4	 2	 2	 3	sample150	1802	3858	1542	166536	0	
4	 2	 2	 4	sample150	1743	3799	1798	57568	0	
4	 2	 2	 5	sample150	1100	3156	1028	94576	0	
4	 2	 2	 6	control	4178	6234	4368	152144	0	
4	 2	 3	 1	sample151	1856	3912	1798	82240	0	
4	 2	 3	 2	sample151	1336	3392	1284	82240	0	
4	 2	 3	 3	sample151	1441	3239	1286	77314	0	
4	 2	 3	 4	sample151	958	2756	1028	71920	0	
4	 2	 3	 5	sample151	978	2776	1028	73718	0	
4	 2	 3	 6	control	353	2409	256	82240	0	
4	 2	 4	 1	sample152	1743	3541	1800	172608	0	
4	 2	 4	 2	sample152	1464	3262	1286	194184	0	
4	 2	 4	 3	sample152	1632	3174	1542	118734	0	
4	 2	 4	 4	sample152	1311	2853	1284	75558	0	
4	 2	 4	 5	sample152	792	2334	770	72474	0	
4	 2	 4	 6	control	2058	3600	2056	134154	0	
4	 3	 1	 1	sample153	3724	6552	3854	195132	0	
4	 3	 1	 2	sample153	4453	7537	4626	237468	0	
4	 3	 1	 3	sample153	2817	5901	2828	234384	0	
4	 3	 1	 4	sample153	2674	5502	2826	166852	0	
4	 3	 1	 5	sample153	1793	4621	1798	141400	0	
4	 3	 1	 6	control	270	2840	258	102800	0	
4	 3	 2	 1	sample154	2133	4961	2056	206444	0	
4	 3	 2	 2	sample154	2181	5009	2056	214928	0	
4	 3	 2	 3	sample154	2184	5012	2312	135744	0	
4	 3	 2	 4	sample154	1819	4647	1798	138572	0	
4	 3	 2	 5	sample154	1515	4343	1542	110292	0	
4	 3	 2	 6	control	4445	7529	4626	200460	0	
4	 3	 3	 1	sample155	1392	3962	1286	136210	0	
4	 3	 3	 2	sample155	1214	4042	1284	144228	0	
4	 3	 3	 3	sample155	674	3502	514	113120	0	
4	 3	 3	 4	sample155	981	4065	1028	132612	0	
4	 3	 3	 5	sample155	655	3997	514	133680	0	
4	 3	 3	 6	control	128	3470	0	133680	0	
4	 3	 4	 1	sample156	3664	5720	3342	185040	0	
4	 3	 4	 2	sample156	2481	4795	2312	194376	0	
4	 3	 4	 3	sample156	3052	5622	3342	120790	0	
4	 3	 4	 4	sample156	2586	5414	2570	130088	0	
4	 3	 4	 5	sample156	1942	4770	2056	141400	0	
4	 3	 4	 6	control	2882	5196	2826	85618	0	
4	 4	 1	 1	sample157	2288	5116	2312	206444	0	
4	 4	 1	 2	sample157	2440	5010	2570	167050	0	
4	 4	 1	 3	sample157	2122	4436	2056	134212	0	
4	 4	 1	 4	sample157	1626	3940	1798	127270	0	
4	 4	 1	 5	sample157	771	3085	770	85618	0	
4	 4	 1	 6	control	173	2487	256	92560	0	
4	 4	 2	 1	sample158	3145	6229	2828	249804	0	
4	 4	 2	 2	sample158	2679	5507	2570	113120	0	
4	 4	 2	 3	sample158	2092	4662	2056	131070	0	
4	 4	 2	 4	sample158	1757	4071	1798	115700	0	
4	 4	 2	 5	sample158	914	3228	1028	99502	0	
4	 4	 2	 6	control	3874	6188	4368	150410	0	
4	 4	 3	 1	sample159	4003	6831	3854	254520	0	
4	 4	 3	 2	sample159	3684	6254	3598	200460	0	
4	 4	 3	 3	sample159	3285	5599	3084	150410	0	
4	 4	 3	 4	sample159	2046	4360	1798	194376	0	
4	 4	 3	 5	sample159	1311	3367	1286	84296	0	
4	 4	 3	 6	control	373	2429	258	82240	0	
4	 4	 4	 1	sample160	1871	3927	1800	133640	0	
4	 4	 4	 2	sample160	1869	3669	1798	91800	0	
4	 4	 4	 3	sample160	1069	2869	1028	90000	0	
4	 4	 4	 4	sample160	828	2628	770	81000	0	
4	 4	 4	 5	sample160	693	2493	770	54000	0	
4	 4	 4	 6	control	2384	3926	2314	44718	0	
4	 5	 1	 1	sample161	2845	5415	2828	115650	0	
4	 5	 1	 2	sample161	3055	5625	3084	110510	0	
4	 5	 1	 3	sample161	2558	4872	2570	101816	0	
4	 5	 1	 4	sample161	2051	4107	2056	94576	0	
4	 5	 1	 5	sample161	1035	3091	1028	82240	0	
4	 5	 1	 6	control	135	2191	258	82240	0	
4	 5	 2	 1	sample162	4398	6968	4884	118220	0	
4	 5	 2	 2	sample162	3541	6369	3598	141400	0	
4	 5	 2	 3	sample162	2991	5305	3084	180492	0	
4	 5	 2	 4	sample162	2756	4812	2828	96632	0	
4	 5	 2	 5	sample162	2051	4107	2056	100744	0	
4	 5	 2	 6	control	3592	5648	3598	252888	0	
4	 5	 3	 1	sample163	2710	5024	2826	215202	0	
4	 5	 3	 2	sample163	2577	4633	2314	82240	0	
4	 5	 3	 3	sample163	1725	3781	1542	92520	0	
4	 5	 3	 4	sample163	1381	3181	1284	57600	0	
4	 5	 3	 5	sample163	1103	2903	1028	73800	0	
4	 5	 3	 6	control	-32.79	1767	0	72000	0	
4	 5	 4	 1	sample164	2734	4534	2826	84600	0	
4	 5	 4	 2	sample164	1692	3492	1542	138600	0	
4	 5	 4	 3	sample164	2192	3992	2056	91800	0	
4	 5	 4	 4	sample164	1679	3221	1542	78642	0	
4	 5	 4	 5	sample164	862	2404	772	61680	0	
4	 5	 4	 6	control	1527	3069	1542	49344	0	
4	 6	 1	 1	sample165	2138	4450	2056	203456	0	
4	 6	 1	 2	sample165	2244	4556	2314	196520	0	
4	 6	 1	 3	sample165	1761	4073	1542	122536	0	
4	 6	 1	 4	sample165	1323	3635	1286	110976	0	
4	 6	 1	 5	sample165	924	2980	770	96632	0	
4	 6	 1	 6	control	256	2312	256	82240	0	
4	 6	 2	 1	sample166	2468	4780	2570	184960	0	
4	 6	 2	 2	sample166	2087	4399	2314	157216	0	
4	 6	 2	 3	sample166	2886	5198	2570	122536	0	
4	 6	 2	 4	sample166	1442	3754	1286	117912	0	
4	 6	 2	 5	sample166	959	3015	1028	100744	0	
4	 6	 2	 6	control	3132	5188	3084	164480	0	
4	 6	 3	 1	sample167	2443	4499	2312	104856	0	
4	 6	 3	 2	sample167	1245	3557	1286	117912	0	
4	 6	 3	 3	sample167	1374	3430	1284	100744	0	
4	 6	 3	 4	sample167	1051	3107	1028	67848	0	
4	 6	 3	 5	sample167	488	2544	514	82240	0	
4	 6	 3	 6	control	44.5	2100	0	82240	0	
4	 6	 4	 1	sample168	1982	3524	2056	64764	0	
4	 6	 4	 2	sample168	1671	3469	1542	43152	0	
4	 6	 4	 3	sample168	1439	3237	1542	93496	0	
4	 6	 4	 4	sample168	996	2794	1028	86304	0	
4	 6	 4	 5	sample168	450	2248	514	71920	0	
4	 6	 4	 6	control	1542	3340	1542	86304	0	
4	 7	 1	 1	sample169	4001	6057	4112	156256	0	
4	 7	 1	 2	sample169	5482	7538	6168	137752	0	
4	 7	 1	 3	sample169	3866	5922	4370	154200	0	
4	 7	 1	 4	sample169	2903	4703	2826	120600	0	
4	 7	 1	 5	sample169	2082	3882	2056	86400	0	
4	 7	 1	 6	control	58.3	2114	0	82240	0	
4	 7	 2	 1	sample170	2935	4735	2826	93600	0	
4	 7	 2	 2	sample170	2601	4401	2826	133200	0	
4	 7	 2	 3	sample170	1965	3765	2056	91800	0	
4	 7	 2	 4	sample170	1895	3695	1798	72000	0	
4	 7	 2	 5	sample170	1273	3073	1284	81000	0	
4	 7	 2	 6	control	3505	5047	3598	101772	0	
4	 7	 3	 1	sample171	1547	3347	1542	84600	0	
4	 7	 3	 2	sample171	1642	3184	1542	75558	0	
4	 7	 3	 3	sample171	1120	2662	1028	74016	0	
4	 7	 3	 4	sample171	727	2269	772	61680	0	
4	 7	 3	 5	sample171	752	2294	772	61680	0	
4	 7	 3	 6	control	347	1889	258	61680	0	
4	 7	 4	 1	sample172	1308	2850	1286	35466	0	
4	 7	 4	 2	sample172	974	2516	1028	58596	0	
4	 7	 4	 3	sample172	822	2108	770	51440	0	
4	 7	 4	 4	sample172	796	2082	770	51440	0	
4	 7	 4	 5	sample172	565	1851	514	51440	0	
4	 7	 4	 6	control	1384	2926	1286	40092	0	
4	 8	 1	 1	sample173	5332	8160	4882	260176	0	
4	 8	 1	 2	sample173	5701	8271	5912	197890	0	
4	 8	 1	 3	sample173	4901	7215	4368	189748	0	
4	 8	 1	 4	sample173	5385	7699	5654	150410	0	
4	 8	 1	 5	sample173	4440	6754	4626	166608	0	
4	 8	 1	 6	control	-19.69	2294	0	92560	0	
4	 8	 2	 1	sample174	1714	4028	1542	259168	0	
4	 8	 2	 2	sample174	2202	4516	2312	161980	0	
4	 8	 2	 3	sample174	1862	3918	1800	84296	0	
4	 8	 2	 4	sample174	1427	3483	1542	100744	0	
4	 8	 2	 5	sample174	1085	3141	1028	84296	0	
4	 8	 2	 6	control	3426	5482	3598	131584	0	
4	 8	 3	 1	sample175	2324	4380	2314	100744	0	
4	 8	 3	 2	sample175	1344	3400	1286	108968	0	
4	 8	 3	 3	sample175	1023	3079	1028	96632	0	
4	 8	 3	 4	sample175	495	2551	514	82240	0	
4	 8	 3	 5	sample175	661	2461	770	72000	0	
4	 8	 3	 6	control	213	2269	258	82240	0	
4	 8	 4	 1	sample176	1343	3143	1284	126000	0	
4	 8	 4	 2	sample176	1077	2877	1028	129600	0	
4	 8	 4	 3	sample176	546	2346	514	72000	0	
4	 8	 4	 4	sample176	559	2359	514	72000	0	
4	 8	 4	 5	sample176	366	2166	256	72000	0	
4	 8	 4	 6	control	1294	3094	1284	100800	0	
4	 9	 1	 1	sample177	2400	4200	2570	90000	0	
4	 9	 1	 2	sample177	1807	3607	1798	162000	0	
4	 9	 1	 3	sample177	2155	3955	2056	88200	0	
4	 9	 1	 4	sample177	1627	3427	1542	64800	0	
4	 9	 1	 5	sample177	745	2545	770	72000	0	
4	 9	 1	 6	control	12.4	1812	0	72000	0	
4	 9	 2	 1	sample178	1999	3541	1800	124902	0	
4	 9	 2	 2	sample178	1960	3760	1798	135000	0	
4	 9	 2	 3	sample178	2040	3840	2056	88200	0	
4	 9	 2	 4	sample178	1017	2817	1028	90000	0	
4	 9	 2	 5	sample178	874	2416	1028	30840	0	
4	 9	 2	 6	control	2379	3921	2056	126444	0	
4	 9	 3	 1	sample179	1163	2963	1028	95400	0	
4	 9	 3	 2	sample179	1789	3331	1800	74016	0	
4	 9	 3	 3	sample179	1125	2667	1028	74016	0	
4	 9	 3	 4	sample179	1023	2565	1028	69390	0	
4	 9	 3	 5	sample179	811	2097	770	56584	0	
4	 9	 3	 6	control	174	1716	258	61680	0	
4	 9	 4	 1	sample180	1448	2734	1542	109310	0	
4	 9	 4	 2	sample180	1872	3158	1798	102880	0	
4	 9	 4	 3	sample180	955	2497	772	75558	0	
4	 9	 4	 4	sample180	846	2388	772	74016	0	
4	 9	 4	 5	sample180	690	1976	770	57870	0	
4	 9	 4	 6	control	1122	2408	1028	52726	0	
4	 10	 1	 1	sample181	2493	4549	2314	82240	0	
4	 10	 1	 2	sample181	3767	5823	3598	137752	0	
4	 10	 1	 3	sample181	2940	4996	2828	98688	0	
4	 10	 1	 4	sample181	2458	4514	2314	84296	0	
4	 10	 1	 5	sample181	1524	3580	1542	84296	0	
4	 10	 1	 6	control	521	2577	514	82240	0	
4	 10	 2	 1	sample182	3285	5085	3598	126000	0	
4	 10	 2	 2	sample182	3624	5424	3598	106200	0	
4	 10	 2	 3	sample182	2907	4707	2826	126000	0	
4	 10	 2	 4	sample182	2776	4576	2826	91800	0	
4	 10	 2	 5	sample182	1944	4000	2056	80184	0	
4	 10	 2	 6	control	4048	6104	4112	123360	0	
4	 10	 3	 1	sample183	2985	4785	3084	70200	0	
4	 10	 3	 2	sample183	2063	3605	2056	61680	0	
4	 10	 3	 3	sample183	1272	3072	1542	72000	0	
4	 10	 3	 4	sample183	1146	2946	1284	90000	0	
4	 10	 3	 5	sample183	513	2313	514	72000	0	
4	 10	 3	 6	control	270	2070	256	72000	0	
4	 10	 4	 1	sample184	707	2249	514	61680	0	
4	 10	 4	 2	sample184	828	2114	770	51440	0	
4	 10	 4	 3	sample184	553	2095	514	61680	0	
4	 10	 4	 4	sample184	688	2230	772	61680	0	
4	 10	 4	 5	sample184	514	2056	514	61680	0	
4	 10	 4	 6	control	823	2365	772	61680	0	
4	 11	 1	 1	sample185	2412	4468	2570	191208	0	
4	 11	 1	 2	sample185	2831	5143	2828	189584	0	
4	 11	 1	 3	sample185	2513	4825	2570	154904	0	
4	 11	 1	 4	sample185	1415	3985	1284	187610	0	
4	 11	 1	 5	sample185	1207	3777	1284	102800	0	
4	 11	 1	 6	control	282	2852	256	102800	0	
4	 11	 2	 1	sample186	2270	4326	2056	150088	0	
4	 11	 2	 2	sample186	3092	5404	3084	150280	0	
4	 11	 2	 3	sample186	2601	4913	2570	154904	0	
4	 11	 2	 4	sample186	2294	4864	2312	107940	0	
4	 11	 2	 5	sample186	1613	4183	1542	120790	0	
4	 11	 2	 6	control	3744	6570	3856	169560	0	
4	 11	 3	 1	sample187	3378	5176	3598	152830	0	
4	 11	 3	 2	sample187	3940	5996	4112	148032	0	
4	 11	 3	 3	sample187	4254	6566	4112	113288	0	
4	 11	 3	 4	sample187	2332	4902	2056	136210	0	
4	 11	 3	 5	sample187	2672	5242	2826	149060	0	
4	 11	 3	 6	control	328	3154	258	113040	0	
4	 11	 4	 1	sample188	1404	2946	1028	155742	0	
4	 11	 4	 2	sample188	1660	3458	1800	133052	0	
4	 11	 4	 3	sample188	1325	3381	1284	65792	0	
4	 11	 4	 4	sample188	1077	3389	1028	110976	0	
4	 11	 4	 5	sample188	1006	3318	1028	53176	0	
4	 11	 4	 6	control	2434	5004	2312	185040	0	
4	 12	 1	 1	sample189	2177	3205	2312	41120	0	
4	 12	 1	 2	sample189	1863	2891	1798	41120	0	
4	 12	 1	 3	sample189	1593	2621	1542	41120	0	
4	 12	 1	 4	sample189	1185	2469	1028	35952	0	
4	 12	 1	 5	sample189	650	1934	514	51360	0	
4	 12	 1	 6	control	122	1664	0	61680	0	
4	 12	 2	 1	sample190	2251	3535	2056	120696	0	
4	 12	 2	 2	sample190	3144	4428	3598	111708	0	
4	 12	 2	 3	sample190	2384	3668	2314	51360	0	
4	 12	 2	 4	sample190	1523	2807	1542	66768	0	
4	 12	 2	 5	sample190	1452	2736	1286	65484	0	
4	 12	 2	 6	control	2453	3995	2570	112566	0	
4	 12	 3	 1	sample191	1522	2806	1542	65484	0	
4	 12	 3	 2	sample191	1362	2646	1286	64200	0	
4	 12	 3	 3	sample191	1280	2564	1286	60348	0	
4	 12	 3	 4	sample191	1200	2484	1028	46224	0	
4	 12	 3	 5	sample191	3131	4415	2056	56496	0	
4	 12	 3	 6	control	244	1786	256	61680	0	
4	 12	 4	 1	sample192	2077	3361	2056	65484	0	
4	 12	 4	 2	sample192	1777	3061	1800	43656	0	
4	 12	 4	 3	sample192	1244	2528	1028	55212	0	
4	 12	 4	 4	sample192	810	2094	772	51360	0	
4	 12	 4	 5	sample192	533	2075	514	61680	0	
4	 12	 4	 6	control	2518	4060	2826	84810	0	
