MicroVigene	 Version	 2650
Culture	en-US
8/16/2006 10:25:00 AM
Roi Row	 4	 Roi Col	 12	 Main Row	 4	 Main Col	 6	 Sub Row	 1	 Sub Col	 1
Main Row	 Main Col	 Sub Row	 Sub Col	  GeneID	mean_net	 mean_total	 median_net	 vol_bkg	 vol_dust	 
1	 1	 1	 1	sample1	4438	7522	4626	243636	0	
1	 1	 1	 2	sample1	2891	5975	3084	274476	0	
1	 1	 1	 3	sample1	3389	6473	3856	218964	0	
1	 1	 1	 4	sample1	2405	5489	2314	243636	0	
1	 1	 1	 5	sample1	1747	4831	1542	151116	0	
1	 1	 1	 6	control	391	3219	256	113120	0	
1	 1	 2	 1	sample2	5587	8671	6168	209712	0	
1	 1	 2	 2	sample2	4701	7529	4882	231896	0	
1	 1	 2	 3	sample2	4615	7443	4882	217756	0	
1	 1	 2	 4	sample2	4067	6637	4370	190180	0	
1	 1	 2	 5	sample2	2452	5022	2056	277560	0	
1	 1	 2	 6	control	7487	10057	7710	195320	0	
1	 1	 3	 1	sample3	7992	10562	9510	190180	0	
1	 1	 3	 2	sample3	7152	9722	7968	179900	0	
1	 1	 3	 3	sample3	6029	8599	6682	179900	0	
1	 1	 3	 4	sample3	5015	7329	4626	161980	0	
1	 1	 3	 5	sample3	3159	5473	3340	189748	0	
1	 1	 3	 6	control	147	2461	0	92560	0	
1	 1	 4	 1	sample4	8054	10368	9508	189748	0	
1	 1	 4	 2	sample4	7459	9773	8224	192062	0	
1	 1	 4	 3	sample4	5457	7771	6168	196690	0	
1	 1	 4	 4	sample4	4566	6622	4626	182984	0	
1	 1	 4	 5	sample4	3110	5166	3084	141864	0	
1	 1	 4	 6	control	6530	8586	7710	131584	0	
1	 2	 1	 1	sample5	8791	11875	8224	274476	0	
1	 2	 1	 2	sample5	8381	11723	9252	277386	0	
1	 2	 1	 3	sample5	7055	10139	8482	274476	0	
1	 2	 1	 4	sample5	5195	8279	5140	277560	0	
1	 2	 1	 5	sample5	4447	7275	4368	231896	0	
1	 2	 1	 6	control	295	3123	256	113120	0	
1	 2	 2	 1	sample6	6095	8923	6682	209272	0	
1	 2	 2	 2	sample6	4526	7354	4626	226240	0	
1	 2	 2	 3	sample6	4552	7380	4368	226240	0	
1	 2	 2	 4	sample6	3908	6478	3598	251860	0	
1	 2	 2	 5	sample6	3012	5582	2828	228730	0	
1	 2	 2	 6	control	6468	9038	6940	218450	0	
1	 2	 3	 1	sample7	7574	10144	8224	213310	0	
1	 2	 3	 2	sample7	7519	10089	7454	200460	0	
1	 2	 3	 3	sample7	6583	9153	6426	205600	0	
1	 2	 3	 4	sample7	5295	7865	5398	200460	0	
1	 2	 3	 5	sample7	3812	6126	3598	194376	0	
1	 2	 3	 6	control	276	2590	256	92560	0	
1	 2	 4	 1	sample8	6783	9097	6938	240656	0	
1	 2	 4	 2	sample8	5233	7547	5396	196690	0	
1	 2	 4	 3	sample8	5029	7343	4882	231400	0	
1	 2	 4	 4	sample8	3546	5860	3598	196690	0	
1	 2	 4	 5	sample8	2550	4864	2570	180492	0	
1	 2	 4	 6	control	5369	7683	5910	171236	0	
1	 3	 1	 1	sample9	8708	11534	9510	189342	0	
1	 3	 1	 2	sample9	8139	10965	9766	194994	0	
1	 3	 1	 3	sample9	7251	10077	8224	186516	0	
1	 3	 1	 4	sample9	5911	8481	6168	164480	0	
1	 3	 1	 5	sample9	4192	6504	4370	164152	0	
1	 3	 1	 6	control	309	2621	258	92480	0	
1	 3	 2	 1	sample10	6069	8639	6424	187610	0	
1	 3	 2	 2	sample10	6574	9144	5910	277560	0	
1	 3	 2	 3	sample10	6114	8684	5910	174760	0	
1	 3	 2	 4	sample10	5240	7552	5398	143344	0	
1	 3	 2	 5	sample10	4146	6202	4368	139808	0	
1	 3	 2	 6	control	7634	9690	8224	145976	0	
1	 3	 3	 1	sample11	5811	8123	6426	147968	0	
1	 3	 3	 2	sample11	5239	7551	4626	157216	0	
1	 3	 3	 3	sample11	5298	7610	4626	131784	0	
1	 3	 3	 4	sample11	3436	5492	3854	121304	0	
1	 3	 3	 5	sample11	2707	4505	2570	122264	0	
1	 3	 3	 6	control	187	1985	0	71920	0	
1	 3	 4	 1	sample12	6490	8546	6938	137752	0	
1	 3	 4	 2	sample12	5222	7278	5140	148032	0	
1	 3	 4	 3	sample12	5252	7308	4626	145976	0	
1	 3	 4	 4	sample12	3297	5095	3084	145638	0	
1	 3	 4	 5	sample12	1800	3598	1542	133052	0	
1	 3	 4	 6	control	6146	7944	6426	102486	0	
1	 4	 1	 1	sample13	8926	11238	8996	180336	0	
1	 4	 1	 2	sample13	9235	11805	9508	205600	0	
1	 4	 1	 3	sample13	8448	10760	8996	175712	0	
1	 4	 1	 4	sample13	6053	8365	6168	180336	0	
1	 4	 1	 5	sample13	4626	6682	4368	148032	0	
1	 4	 1	 6	control	380	2692	258	92480	0	
1	 4	 2	 1	sample14	7148	9204	8224	156256	0	
1	 4	 2	 2	sample14	6296	8352	6938	152144	0	
1	 4	 2	 3	sample14	5369	7425	5910	170648	0	
1	 4	 2	 4	sample14	4301	6357	4368	164480	0	
1	 4	 2	 5	sample14	3149	5205	2312	185040	0	
1	 4	 2	 6	control	7805	9861	8480	143920	0	
1	 4	 3	 1	sample15	4746	6544	5140	131254	0	
1	 4	 3	 2	sample15	3757	5555	3856	122264	0	
1	 4	 3	 3	sample15	3276	5074	2828	127658	0	
1	 4	 3	 4	sample15	2478	4276	2570	89900	0	
1	 4	 3	 5	sample15	1583	3381	1542	91698	0	
1	 4	 3	 6	control	250	2306	256	82240	0	
1	 4	 4	 1	sample16	5307	6849	5396	123360	0	
1	 4	 4	 2	sample16	3351	5149	3084	145638	0	
1	 4	 4	 3	sample16	3795	5593	3598	138446	0	
1	 4	 4	 4	sample16	2143	3941	2056	138446	0	
1	 4	 4	 5	sample16	1613	3411	1542	104284	0	
1	 4	 4	 6	control	4373	6171	4112	116870	0	
1	 5	 1	 1	sample17	6643	9469	6940	254340	0	
1	 5	 1	 2	sample17	6594	9420	6682	228906	0	
1	 5	 1	 3	sample17	5199	8025	5140	211950	0	
1	 5	 1	 4	sample17	4208	7034	4112	220428	0	
1	 5	 1	 5	sample17	2513	5339	2314	214776	0	
1	 5	 1	 6	control	129	2955	258	113040	0	
1	 5	 2	 1	sample18	4846	7672	5140	214776	0	
1	 5	 2	 2	sample18	5854	8938	5910	225132	0	
1	 5	 2	 3	sample18	5158	7984	5140	211950	0	
1	 5	 2	 4	sample18	3568	6394	3342	237384	0	
1	 5	 2	 5	sample18	2627	5453	2570	257166	0	
1	 5	 2	 6	control	6745	9315	6938	208170	0	
1	 5	 3	 1	sample19	7671	10497	8738	200646	0	
1	 5	 3	 2	sample19	7422	10248	7454	319338	0	
1	 5	 3	 3	sample19	6247	9073	6168	186516	0	
1	 5	 3	 4	sample19	5154	7724	4882	185040	0	
1	 5	 3	 5	sample19	2890	5460	2826	259570	0	
1	 5	 3	 6	control	63.7	2634	0	102800	0	
1	 5	 4	 1	sample20	6792	9104	7196	221952	0	
1	 5	 4	 2	sample20	5211	7523	5140	201144	0	
1	 5	 4	 3	sample20	4854	7166	4626	203456	0	
1	 5	 4	 4	sample20	3274	5586	3598	194208	0	
1	 5	 4	 5	sample20	1994	4306	2056	180336	0	
1	 5	 4	 6	control	3641	5953	3598	141032	0	
1	 6	 1	 1	sample21	7101	9415	7452	201318	0	
1	 6	 1	 2	sample21	9136	11450	10022	185120	0	
1	 6	 1	 3	sample21	7089	9403	7196	201318	0	
1	 6	 1	 4	sample21	5633	7689	6168	172704	0	
1	 6	 1	 5	sample21	3486	5542	3342	178872	0	
1	 6	 1	 6	control	258	2314	258	82240	0	
1	 6	 2	 1	sample22	5936	7992	5654	150088	0	
1	 6	 2	 2	sample22	7447	9503	8738	154200	0	
1	 6	 2	 3	sample22	6746	8802	6940	158312	0	
1	 6	 2	 4	sample22	4814	6870	4112	166536	0	
1	 6	 2	 5	sample22	4447	6247	4112	147600	0	
1	 6	 2	 6	control	7363	9163	8994	124200	0	
1	 6	 3	 1	sample23	4136	5936	4368	133200	0	
1	 6	 3	 2	sample23	3197	4997	3340	158400	0	
1	 6	 3	 3	sample23	2556	4356	2570	142200	0	
1	 6	 3	 4	sample23	1730	3530	1542	154800	0	
1	 6	 3	 5	sample23	1356	2898	1286	61680	0	
1	 6	 3	 6	control	322	1864	258	61680	0	
1	 6	 4	 1	sample24	5886	7686	5654	149400	0	
1	 6	 4	 2	sample24	4348	6148	4112	133200	0	
1	 6	 4	 3	sample24	3870	5412	3856	132612	0	
1	 6	 4	 4	sample24	2120	3662	2056	143406	0	
1	 6	 4	 5	sample24	1404	2946	1542	120276	0	
1	 6	 4	 6	control	4337	5879	4370	132612	0	
1	 7	 1	 1	sample25	7439	9495	7710	180928	0	
1	 7	 1	 2	sample25	8959	11273	9766	182806	0	
1	 7	 1	 3	sample25	8030	10086	8738	152144	0	
1	 7	 1	 4	sample25	5591	7647	5398	166536	0	
1	 7	 1	 5	sample25	4602	6402	4368	135000	0	
1	 7	 1	 6	control	425	2481	514	82240	0	
1	 7	 2	 1	sample26	6185	7985	6424	133200	0	
1	 7	 2	 2	sample26	5584	7640	6682	156256	0	
1	 7	 2	 3	sample26	5254	7310	5912	162424	0	
1	 7	 2	 4	sample26	4291	6091	3854	149400	0	
1	 7	 2	 5	sample26	3390	5190	2826	131400	0	
1	 7	 2	 6	control	6371	8171	7196	147600	0	
1	 7	 3	 1	sample27	3141	4683	3342	112566	0	
1	 7	 3	 2	sample27	3650	5192	3342	131070	0	
1	 7	 3	 3	sample27	3160	4960	3084	120600	0	
1	 7	 3	 4	sample27	1998	3540	1800	95604	0	
1	 7	 3	 5	sample27	1843	3385	1800	81726	0	
1	 7	 3	 6	control	296	1838	258	61680	0	
1	 7	 4	 1	sample28	3924	5466	3856	115650	0	
1	 7	 4	 2	sample28	2481	4023	2314	115650	0	
1	 7	 4	 3	sample28	1889	3175	1798	109310	0	
1	 7	 4	 4	sample28	1557	3099	1542	81726	0	
1	 7	 4	 5	sample28	881	2423	772	72474	0	
1	 7	 4	 6	control	4606	5892	4368	84876	0	
1	 8	 1	 1	sample29	7607	10177	8224	213310	0	
1	 8	 1	 2	sample29	8739	11051	10024	182648	0	
1	 8	 1	 3	sample29	7869	10181	8224	157216	0	
1	 8	 1	 4	sample29	6146	8458	6426	159528	0	
1	 8	 1	 5	sample29	5054	7110	4882	141864	0	
1	 8	 1	 6	control	366	2422	256	82240	0	
1	 8	 2	 1	sample30	5965	8277	6168	145656	0	
1	 8	 2	 2	sample30	6467	8779	7196	157216	0	
1	 8	 2	 3	sample30	5893	7949	6168	148032	0	
1	 8	 2	 4	sample30	5261	7317	5396	143920	0	
1	 8	 2	 5	sample30	3924	5980	3598	143920	0	
1	 8	 2	 6	control	7978	10034	9252	143920	0	
1	 8	 3	 1	sample31	3906	5962	3854	174760	0	
1	 8	 3	 2	sample31	4495	6551	3854	141864	0	
1	 8	 3	 3	sample31	4549	6347	4370	125860	0	
1	 8	 3	 4	sample31	2716	4514	2570	107880	0	
1	 8	 3	 5	sample31	2015	3813	1800	145638	0	
1	 8	 3	 6	control	314	1856	256	61680	0	
1	 8	 4	 1	sample32	6872	8670	7454	129456	0	
1	 8	 4	 2	sample32	5506	7304	5654	115072	0	
1	 8	 4	 3	sample32	5326	6868	5140	118734	0	
1	 8	 4	 4	sample32	4068	5610	3854	118734	0	
1	 8	 4	 5	sample32	2485	4027	2570	103314	0	
1	 8	 4	 6	control	4429	5971	4368	84810	0	
1	 9	 1	 1	sample33	8207	11033	7710	211950	0	
1	 9	 1	 2	sample33	7942	10768	7968	228906	0	
1	 9	 1	 3	sample33	5787	8871	5396	243636	0	
1	 9	 1	 4	sample33	5637	8463	5654	203472	0	
1	 9	 1	 5	sample33	3551	6377	2828	228906	0	
1	 9	 1	 6	control	359	3443	256	123360	0	
1	 9	 2	 1	sample34	6471	9041	6424	169620	0	
1	 9	 2	 2	sample34	8504	11074	8480	167050	0	
1	 9	 2	 3	sample34	7477	10047	7710	190180	0	
1	 9	 2	 4	sample34	6336	8906	5654	200460	0	
1	 9	 2	 5	sample34	5308	7878	4626	208170	0	
1	 9	 2	 6	control	7218	10044	7710	203472	0	
1	 9	 3	 1	sample35	5345	7657	5140	157216	0	
1	 9	 3	 2	sample35	3844	6156	3342	159528	0	
1	 9	 3	 3	sample35	3197	5509	2828	147968	0	
1	 9	 3	 4	sample35	2252	4564	2056	154904	0	
1	 9	 3	 5	sample35	1869	4181	1542	180336	0	
1	 9	 3	 6	control	245	2557	258	92480	0	
1	 9	 4	 1	sample36	6921	8977	7196	152144	0	
1	 9	 4	 2	sample36	6741	8797	7196	133640	0	
1	 9	 4	 3	sample36	6126	8438	6168	182648	0	
1	 9	 4	 4	sample36	4369	6681	4626	152592	0	
1	 9	 4	 5	sample36	3290	5346	3340	135696	0	
1	 9	 4	 6	control	5487	7543	5654	139808	0	
1	 10	 1	 1	sample37	7751	10835	7968	234384	0	
1	 10	 1	 2	sample37	8439	11267	9508	229068	0	
1	 10	 1	 3	sample37	7522	10350	8224	197960	0	
1	 10	 1	 4	sample37	5899	8727	6168	189476	0	
1	 10	 1	 5	sample37	4390	7218	4368	206444	0	
1	 10	 1	 6	control	205	3033	0	113120	0	
1	 10	 2	 1	sample38	6135	8963	6938	200788	0	
1	 10	 2	 2	sample38	7188	9758	7454	164480	0	
1	 10	 2	 3	sample38	6701	9271	6940	182470	0	
1	 10	 2	 4	sample38	5723	8293	5654	182470	0	
1	 10	 2	 5	sample38	4744	7314	4370	179900	0	
1	 10	 2	 6	control	7895	10465	8224	154200	0	
1	 10	 3	 1	sample39	7572	9886	7966	159666	0	
1	 10	 3	 2	sample39	8106	10420	8738	263796	0	
1	 10	 3	 3	sample39	7181	9495	6682	199004	0	
1	 10	 3	 4	sample39	3732	5788	3598	162424	0	
1	 10	 3	 5	sample39	3868	5924	3342	170648	0	
1	 10	 3	 6	control	205	2519	256	92560	0	
1	 10	 4	 1	sample40	3559	5615	3856	148032	0	
1	 10	 4	 2	sample40	2362	4418	1800	215880	0	
1	 10	 4	 3	sample40	4070	5870	3854	144000	0	
1	 10	 4	 4	sample40	1979	3779	1798	138600	0	
1	 10	 4	 5	sample40	1647	3447	1542	91800	0	
1	 10	 4	 6	control	5188	7244	5140	121304	0	
1	 11	 1	 1	sample41	7213	10039	7710	223254	0	
1	 11	 1	 2	sample41	7042	9868	7968	226080	0	
1	 11	 1	 3	sample41	5604	8430	5654	214776	0	
1	 11	 1	 4	sample41	4724	7294	4882	195320	0	
1	 11	 1	 5	sample41	3523	6093	3598	185040	0	
1	 11	 1	 6	control	526	3096	514	102800	0	
1	 11	 2	 1	sample42	6624	9194	7196	172190	0	
1	 11	 2	 2	sample42	6365	8935	6938	167050	0	
1	 11	 2	 3	sample42	5331	7901	5396	192750	0	
1	 11	 2	 4	sample42	5322	7634	4884	180336	0	
1	 11	 2	 5	sample42	3714	6026	3342	184960	0	
1	 11	 2	 6	control	7772	10084	8996	154904	0	
1	 11	 3	 1	sample43	5492	7804	5140	150280	0	
1	 11	 3	 2	sample43	5843	8155	5398	164152	0	
1	 11	 3	 3	sample43	3919	6231	3856	196520	0	
1	 11	 3	 4	sample43	3722	5778	3340	135696	0	
1	 11	 3	 5	sample43	2999	5055	2826	162424	0	
1	 11	 3	 6	control	57.5	2113	0	82240	0	
1	 11	 4	 1	sample44	7847	9645	8482	183396	0	
1	 11	 4	 2	sample44	7483	9539	8480	156256	0	
1	 11	 4	 3	sample44	5561	7617	6168	160368	0	
1	 11	 4	 4	sample44	4561	6359	4370	147436	0	
1	 11	 4	 5	sample44	3359	5157	3084	133052	0	
1	 11	 4	 6	control	4946	6744	4884	118668	0	
1	 12	 1	 1	sample45	6139	8967	6682	200788	0	
1	 12	 1	 2	sample45	5899	8727	6168	186648	0	
1	 12	 1	 3	sample45	4705	7789	5398	191208	0	
1	 12	 1	 4	sample45	3160	6244	3084	209712	0	
1	 12	 1	 5	sample45	3179	6263	3598	175788	0	
1	 12	 1	 6	control	282	3624	256	133680	0	
1	 12	 2	 1	sample46	3867	6437	3856	169620	0	
1	 12	 2	 2	sample46	5946	8774	5910	161196	0	
1	 12	 2	 3	sample46	6185	8755	6426	161910	0	
1	 12	 2	 4	sample46	4810	7638	4626	180992	0	
1	 12	 2	 5	sample46	3711	6539	3340	186648	0	
1	 12	 2	 6	control	7537	10365	7452	172508	0	
1	 12	 3	 1	sample47	5081	7395	5140	141154	0	
1	 12	 3	 2	sample47	4746	7060	5140	143468	0	
1	 12	 3	 3	sample47	3604	5918	3340	171236	0	
1	 12	 3	 4	sample47	2607	4921	2570	141154	0	
1	 12	 3	 5	sample47	1880	4450	1800	172190	0	
1	 12	 3	 6	control	257	2827	258	102800	0	
1	 12	 4	 1	sample48	6303	8359	6426	137752	0	
1	 12	 4	 2	sample48	4863	6919	4884	127472	0	
1	 12	 4	 3	sample48	6065	8121	7196	117192	0	
1	 12	 4	 4	sample48	4477	6791	4112	136526	0	
1	 12	 4	 5	sample48	3146	5460	3084	143468	0	
1	 12	 4	 6	control	6243	8813	7454	133640	0	
2	 1	 1	 1	sample49	8498	11324	9510	259992	0	
2	 1	 1	 2	sample49	6957	10041	7452	262140	0	
2	 1	 1	 3	sample49	6261	9087	6426	243036	0	
2	 1	 1	 4	sample49	5429	8255	5912	231732	0	
2	 1	 1	 5	sample49	4636	7206	4626	195320	0	
2	 1	 1	 6	control	353	2923	256	102800	0	
2	 1	 2	 1	sample50	6723	9549	7196	214776	0	
2	 1	 2	 2	sample50	7645	10729	7710	243636	0	
2	 1	 2	 3	sample50	7083	10167	6682	274476	0	
2	 1	 2	 4	sample50	6037	8863	5912	248688	0	
2	 1	 2	 5	sample50	5186	8012	4884	226080	0	
2	 1	 2	 6	control	8541	11367	10024	257166	0	
2	 1	 3	 1	sample51	4620	7446	5398	214776	0	
2	 1	 3	 2	sample51	4319	7145	4112	214776	0	
2	 1	 3	 3	sample51	4263	7089	4370	211950	0	
2	 1	 3	 4	sample51	3549	6375	3084	206298	0	
2	 1	 3	 5	sample51	2805	5375	3084	210740	0	
2	 1	 3	 6	control	64.8	2891	0	113040	0	
2	 1	 4	 1	sample52	5853	8423	6168	208170	0	
2	 1	 4	 2	sample52	3681	6251	3598	246720	0	
2	 1	 4	 3	sample52	3095	5665	2826	236440	0	
2	 1	 4	 4	sample52	2411	4981	2312	267280	0	
2	 1	 4	 5	sample52	1741	4311	1798	125930	0	
2	 1	 4	 6	control	6072	8642	6424	179900	0	
2	 2	 1	 1	sample53	6641	8439	7454	124062	0	
2	 2	 1	 2	sample53	4691	6489	5398	136648	0	
2	 2	 1	 3	sample53	4347	6145	4626	124062	0	
2	 2	 1	 4	sample53	3092	4890	2828	131254	0	
2	 2	 1	 5	sample53	2641	4439	2570	111476	0	
2	 2	 1	 6	control	322	2120	258	71920	0	
2	 2	 2	 1	sample54	7518	9574	7452	137752	0	
2	 2	 2	 2	sample54	7282	9338	7710	145976	0	
2	 2	 2	 3	sample54	7054	9110	7196	141864	0	
2	 2	 2	 4	sample54	5418	7474	5396	148032	0	
2	 2	 2	 5	sample54	4922	6978	4626	148032	0	
2	 2	 2	 6	control	8219	10275	9508	131584	0	
2	 2	 3	 1	sample55	8224	10280	8738	145976	0	
2	 2	 3	 2	sample55	8449	10761	8482	145656	0	
2	 2	 3	 3	sample55	6511	8567	6424	133640	0	
2	 2	 3	 4	sample55	4638	6694	4112	125416	0	
2	 2	 3	 5	sample55	2984	5040	2312	222048	0	
2	 2	 3	 6	control	-51.89	2004	0	82240	0	
2	 2	 4	 1	sample56	8006	10062	8480	199432	0	
2	 2	 4	 2	sample56	6029	8085	5654	160368	0	
2	 2	 4	 3	sample56	4588	6644	4112	170648	0	
2	 2	 4	 4	sample56	3135	4933	3342	145638	0	
2	 2	 4	 5	sample56	2102	3900	2056	80910	0	
2	 2	 4	 6	control	4716	6514	4626	88102	0	
2	 3	 1	 1	sample57	8747	11317	9252	213310	0	
2	 3	 1	 2	sample57	8770	11340	8994	223590	0	
2	 3	 1	 3	sample57	7559	9871	7968	203456	0	
2	 3	 1	 4	sample57	5012	7324	4370	208080	0	
2	 3	 1	 5	sample57	4311	6367	3598	185040	0	
2	 3	 1	 6	control	129	2441	0	92480	0	
2	 3	 2	 1	sample58	7151	9977	7196	206298	0	
2	 3	 2	 2	sample58	7100	9926	6940	240210	0	
2	 3	 2	 3	sample58	7358	9928	7710	215880	0	
2	 3	 2	 4	sample58	6219	8789	5910	205600	0	
2	 3	 2	 5	sample58	5121	7433	4884	184960	0	
2	 3	 2	 6	control	8069	10381	9510	187272	0	
2	 3	 3	 1	sample59	9046	11872	9510	228906	0	
2	 3	 3	 2	sample59	8298	11124	9252	217602	0	
2	 3	 3	 3	sample59	6326	8896	6168	187610	0	
2	 3	 3	 4	sample59	5213	7783	5140	169620	0	
2	 3	 3	 5	sample59	4141	6453	3856	189584	0	
2	 3	 3	 6	control	-50.94	2261	0	92480	0	
2	 3	 4	 1	sample60	7747	10317	8224	231300	0	
2	 3	 4	 2	sample60	5439	8009	5396	215880	0	
2	 3	 4	 3	sample60	6023	8593	6682	223590	0	
2	 3	 4	 4	sample60	3936	6248	3856	289000	0	
2	 3	 4	 5	sample60	1494	3550	1284	154200	0	
2	 3	 4	 6	control	2148	4204	2056	148032	0	
2	 4	 1	 1	sample61	8196	10510	8738	175864	0	
2	 4	 1	 2	sample61	8753	11323	8996	182470	0	
2	 4	 1	 3	sample61	7136	9450	7710	168922	0	
2	 4	 1	 4	sample61	5179	7749	5654	169620	0	
2	 4	 1	 5	sample61	3532	5846	3340	164294	0	
2	 4	 1	 6	control	404	2718	256	92560	0	
2	 4	 2	 1	sample62	5014	7584	5398	161910	0	
2	 4	 2	 2	sample62	4225	6795	3856	169620	0	
2	 4	 2	 3	sample62	3493	6063	3084	187610	0	
2	 4	 2	 4	sample62	2099	4669	1800	215880	0	
2	 4	 2	 5	sample62	1776	4346	1542	200460	0	
2	 4	 2	 6	control	8591	11161	9510	174760	0	
2	 4	 3	 1	sample63	6487	8801	6938	152724	0	
2	 4	 3	 2	sample63	6250	8820	5654	161910	0	
2	 4	 3	 3	sample63	4493	6807	3854	138840	0	
2	 4	 3	 4	sample63	3605	5919	2826	150410	0	
2	 4	 3	 5	sample63	2423	4737	2056	178178	0	
2	 4	 3	 6	control	289	2603	256	92560	0	
2	 4	 4	 1	sample64	4866	7180	5140	143468	0	
2	 4	 4	 2	sample64	3484	5798	3598	161980	0	
2	 4	 4	 3	sample64	2403	4459	2570	148032	0	
2	 4	 4	 4	sample64	1419	3475	1542	98688	0	
2	 4	 4	 5	sample64	610	2924	514	92560	0	
2	 4	 4	 6	control	2534	4848	2570	168922	0	
2	 5	 1	 1	sample65	8066	10122	8482	160368	0	
2	 5	 1	 2	sample65	7735	10049	7710	187434	0	
2	 5	 1	 3	sample65	7354	9410	7710	148032	0	
2	 5	 1	 4	sample65	5133	7189	4884	148032	0	
2	 5	 1	 5	sample65	3880	5936	3598	150088	0	
2	 5	 1	 6	control	431	2487	258	82240	0	
2	 5	 2	 1	sample66	5155	7469	4882	155038	0	
2	 5	 2	 2	sample66	5209	7523	5654	161980	0	
2	 5	 2	 3	sample66	4326	6382	4112	158312	0	
2	 5	 2	 4	sample66	3564	5620	3342	152144	0	
2	 5	 2	 5	sample66	2580	4636	2314	164480	0	
2	 5	 2	 6	control	7109	9165	6940	139808	0	
2	 5	 3	 1	sample67	8080	10394	8994	173550	0	
2	 5	 3	 2	sample67	7427	9741	7966	161980	0	
2	 5	 3	 3	sample67	5486	7800	5396	159666	0	
2	 5	 3	 4	sample67	4273	6329	4112	141864	0	
2	 5	 3	 5	sample67	2823	4879	2570	242608	0	
2	 5	 3	 6	control	276	2076	256	72000	0	
2	 5	 4	 1	sample68	12390	14446	13364	108968	0	
2	 5	 4	 2	sample68	6953	9267	7452	159666	0	
2	 5	 4	 3	sample68	7317	9373	7710	170648	0	
2	 5	 4	 4	sample68	5413	7469	5140	209712	0	
2	 5	 4	 5	sample68	3617	5417	3854	144000	0	
2	 5	 4	 6	control	1750	3550	1542	142200	0	
2	 6	 1	 1	sample69	7577	10147	7196	187610	0	
2	 6	 1	 2	sample69	5928	8498	5912	195320	0	
2	 6	 1	 3	sample69	5347	7917	5398	197890	0	
2	 6	 1	 4	sample69	4667	6981	4368	157352	0	
2	 6	 1	 5	sample69	3303	5617	3084	159666	0	
2	 6	 1	 6	control	303	2873	258	102800	0	
2	 6	 2	 1	sample70	5045	7615	4884	172190	0	
2	 6	 2	 2	sample70	4630	7200	5140	174760	0	
2	 6	 2	 3	sample70	3668	6238	3856	179900	0	
2	 6	 2	 4	sample70	3208	5522	2826	152724	0	
2	 6	 2	 5	sample70	2639	4953	2312	180492	0	
2	 6	 2	 6	control	7329	9643	7452	173550	0	
2	 6	 3	 1	sample71	4646	7216	5140	167050	0	
2	 6	 3	 2	sample71	3294	5864	2828	208170	0	
2	 6	 3	 3	sample71	2632	5202	2314	182470	0	
2	 6	 3	 4	sample71	2032	4346	1798	152724	0	
2	 6	 3	 5	sample71	1617	3931	1542	101816	0	
2	 6	 3	 6	control	179	2493	256	92560	0	
2	 6	 4	 1	sample72	8971	11285	8994	180492	0	
2	 6	 4	 2	sample72	5619	7933	5396	171236	0	
2	 6	 4	 3	sample72	5729	8043	5396	173550	0	
2	 6	 4	 4	sample72	4835	6891	4884	162424	0	
2	 6	 4	 5	sample72	2976	5032	3342	131584	0	
2	 6	 4	 6	control	3446	5502	3342	121304	0	
2	 7	 1	 1	sample73	8317	10629	9510	191896	0	
2	 7	 1	 2	sample73	8234	10546	7968	191896	0	
2	 7	 1	 3	sample73	7704	10016	7968	175712	0	
2	 7	 1	 4	sample73	5460	7772	5398	171088	0	
2	 7	 1	 5	sample73	4636	6692	4882	143920	0	
2	 7	 1	 6	control	623	2679	514	82240	0	
2	 7	 2	 1	sample74	5313	7369	5140	139808	0	
2	 7	 2	 2	sample74	5477	7789	5654	150280	0	
2	 7	 2	 3	sample74	4166	6478	4112	166464	0	
2	 7	 2	 4	sample74	3921	5977	3854	150088	0	
2	 7	 2	 5	sample74	2736	4792	2570	145976	0	
2	 7	 2	 6	control	6882	8938	7710	150088	0	
2	 7	 3	 1	sample75	713	2769	514	82240	0	
2	 7	 3	 2	sample75	1021	3077	1028	82240	0	
2	 7	 3	 3	sample75	2359	4415	2312	102800	0	
2	 7	 3	 4	sample75	1362	3418	1284	102800	0	
2	 7	 3	 5	sample75	1143	3199	1028	82240	0	
2	 7	 3	 6	control	205	2261	256	82240	0	
2	 7	 4	 1	sample76	8340	10396	8480	135696	0	
2	 7	 4	 2	sample76	6763	8819	6938	141864	0	
2	 7	 4	 3	sample76	5372	7428	5140	152144	0	
2	 7	 4	 4	sample76	2690	4746	2056	166536	0	
2	 7	 4	 5	sample76	1550	3606	1542	121304	0	
2	 7	 4	 6	control	3402	5458	3598	129528	0	
2	 8	 1	 1	sample77	6485	9055	6426	210740	0	
2	 8	 1	 2	sample77	7263	9833	7454	197890	0	
2	 8	 1	 3	sample77	5856	8170	6168	185120	0	
2	 8	 1	 4	sample77	4711	7025	4626	159666	0	
2	 8	 1	 5	sample77	3009	5323	3084	166608	0	
2	 8	 1	 6	control	276	2590	256	92560	0	
2	 8	 2	 1	sample78	3651	6221	3598	177330	0	
2	 8	 2	 2	sample78	3616	6186	3598	187610	0	
2	 8	 2	 3	sample78	2736	5306	2828	195320	0	
2	 8	 2	 4	sample78	2591	5161	2570	190180	0	
2	 8	 2	 5	sample78	2023	4337	1798	166608	0	
2	 8	 2	 6	control	7148	9462	7196	164294	0	
2	 8	 3	 1	sample79	6258	8828	6426	185040	0	
2	 8	 3	 2	sample79	5106	7676	5398	172190	0	
2	 8	 3	 3	sample79	3991	6561	3598	190180	0	
2	 8	 3	 4	sample79	3445	5759	3340	175864	0	
2	 8	 3	 5	sample79	2375	4689	2056	201318	0	
2	 8	 3	 6	control	225	2539	256	92560	0	
2	 8	 4	 1	sample80	6261	8831	6426	192750	0	
2	 8	 4	 2	sample80	5638	8208	5912	161910	0	
2	 8	 4	 3	sample80	4588	7158	4626	187610	0	
2	 8	 4	 4	sample80	3924	6238	3340	171236	0	
2	 8	 4	 5	sample80	2075	4389	2056	150410	0	
2	 8	 4	 6	control	4684	6998	4882	152724	0	
2	 9	 1	 1	sample81	5536	8106	6424	185040	0	
2	 9	 1	 2	sample81	4094	6664	3854	185040	0	
2	 9	 1	 3	sample81	4035	6605	4368	172190	0	
2	 9	 1	 4	sample81	2374	4944	2570	172190	0	
2	 9	 1	 5	sample81	1959	4271	1800	164152	0	
2	 9	 1	 6	control	218	2788	0	102800	0	
2	 9	 2	 1	sample82	6911	9737	6682	175212	0	
2	 9	 2	 2	sample82	8604	11430	8996	183690	0	
2	 9	 2	 3	sample82	8141	10967	8482	192168	0	
2	 9	 2	 4	sample82	6612	9182	5910	172190	0	
2	 9	 2	 5	sample82	4779	7349	4112	172190	0	
2	 9	 2	 6	control	8668	11238	9508	161910	0	
2	 9	 3	 1	sample83	8030	10856	8738	175212	0	
2	 9	 3	 2	sample83	7883	10709	8224	180864	0	
2	 9	 3	 3	sample83	6679	9505	6168	211950	0	
2	 9	 3	 4	sample83	5029	7599	4882	149060	0	
2	 9	 3	 5	sample83	4166	6478	3856	154904	0	
2	 9	 3	 6	control	102	2672	0	102800	0	
2	 9	 4	 1	sample84	7978	10548	8480	169620	0	
2	 9	 4	 2	sample84	7119	9945	7196	186516	0	
2	 9	 4	 3	sample84	6253	8823	5910	177330	0	
2	 9	 4	 4	sample84	5501	8071	5140	177330	0	
2	 9	 4	 5	sample84	2521	4833	2570	180336	0	
2	 9	 4	 6	control	5283	7595	5398	129472	0	
2	 10	 1	 1	sample85	7220	10046	6682	220428	0	
2	 10	 1	 2	sample85	8012	10838	7710	214776	0	
2	 10	 1	 3	sample85	7124	9694	7196	174760	0	
2	 10	 1	 4	sample85	5786	8356	5396	159340	0	
2	 10	 1	 5	sample85	4288	6858	4112	172190	0	
2	 10	 1	 6	control	540	3366	258	113040	0	
2	 10	 2	 1	sample86	5327	7897	5654	161910	0	
2	 10	 2	 2	sample86	4762	7332	4882	169620	0	
2	 10	 2	 3	sample86	4475	7045	4626	179900	0	
2	 10	 2	 4	sample86	3483	6053	3340	172190	0	
2	 10	 2	 5	sample86	2323	4893	2056	187610	0	
2	 10	 2	 6	control	6360	9186	7196	166734	0	
2	 10	 3	 1	sample87	6334	8904	6168	167050	0	
2	 10	 3	 2	sample87	5037	7607	4882	179900	0	
2	 10	 3	 3	sample87	3975	6545	3854	174760	0	
2	 10	 3	 4	sample87	3275	5587	3342	152592	0	
2	 10	 3	 5	sample87	2459	5029	2056	167050	0	
2	 10	 3	 6	control	353	2923	256	102800	0	
2	 10	 4	 1	sample88	6557	9127	6938	169620	0	
2	 10	 4	 2	sample88	4689	7259	4626	187610	0	
2	 10	 4	 3	sample88	4633	7203	4368	185040	0	
2	 10	 4	 4	sample88	3795	6107	3342	187272	0	
2	 10	 4	 5	sample88	2586	4898	2570	187272	0	
2	 10	 4	 6	control	5305	7617	4884	141032	0	
2	 11	 1	 1	sample89	9226	11540	10280	189748	0	
2	 11	 1	 2	sample89	8278	10334	8738	178872	0	
2	 11	 1	 3	sample89	7028	9084	7454	172704	0	
2	 11	 1	 4	sample89	5749	7805	5654	145976	0	
2	 11	 1	 5	sample89	4432	6488	3598	185040	0	
2	 11	 1	 6	control	398	2198	514	72000	0	
2	 11	 2	 1	sample90	5669	7983	5654	187434	0	
2	 11	 2	 2	sample90	6354	8668	6168	175864	0	
2	 11	 2	 3	sample90	6046	8360	5654	205946	0	
2	 11	 2	 4	sample90	5336	7392	4884	162424	0	
2	 11	 2	 5	sample90	5010	7066	4370	150088	0	
2	 11	 2	 6	control	6974	9030	7454	154200	0	
2	 11	 3	 1	sample91	6208	8264	6426	162424	0	
2	 11	 3	 2	sample91	5026	7082	4370	189152	0	
2	 11	 3	 3	sample91	4795	6851	3856	172704	0	
2	 11	 3	 4	sample91	3706	5762	3342	172704	0	
2	 11	 3	 5	sample91	2819	4875	2570	180928	0	
2	 11	 3	 6	control	-6.04	2050	0	82240	0	
2	 11	 4	 1	sample92	4191	5991	4112	133200	0	
2	 11	 4	 2	sample92	4132	5932	3598	136800	0	
2	 11	 4	 3	sample92	3604	5404	3598	138600	0	
2	 11	 4	 4	sample92	2252	4052	2056	136800	0	
2	 11	 4	 5	sample92	1268	3068	1284	84600	0	
2	 11	 4	 6	control	6501	8301	6938	108000	0	
2	 12	 1	 1	sample93	5079	7135	5398	145976	0	
2	 12	 1	 2	sample93	4610	6666	4884	125416	0	
2	 12	 1	 3	sample93	4227	6283	4626	133640	0	
2	 12	 1	 4	sample93	2196	4252	2314	139808	0	
2	 12	 1	 5	sample93	1812	3868	1800	131584	0	
2	 12	 1	 6	control	192	2506	256	92560	0	
2	 12	 2	 1	sample94	4369	6425	4884	111024	0	
2	 12	 2	 2	sample94	5765	7821	5912	119248	0	
2	 12	 2	 3	sample94	4912	6968	4884	129528	0	
2	 12	 2	 4	sample94	4297	6353	4884	123360	0	
2	 12	 2	 5	sample94	2874	4930	2314	135696	0	
2	 12	 2	 6	control	7689	10003	8738	115700	0	
2	 12	 3	 1	sample95	5269	7325	5912	123360	0	
2	 12	 3	 2	sample95	4622	6678	4370	125416	0	
2	 12	 3	 3	sample95	4804	6860	4884	125416	0	
2	 12	 3	 4	sample95	3511	5567	3342	115136	0	
2	 12	 3	 5	sample95	2152	4208	2056	137752	0	
2	 12	 3	 6	control	134	2448	0	92560	0	
2	 12	 4	 1	sample96	6387	8443	6168	137752	0	
2	 12	 4	 2	sample96	4684	6740	4884	129528	0	
2	 12	 4	 3	sample96	4488	6544	5140	133640	0	
2	 12	 4	 4	sample96	3745	5801	3856	115136	0	
2	 12	 4	 5	sample96	2553	4609	2570	119248	0	
2	 12	 4	 6	control	7752	10066	9252	111072	0	
3	 1	 1	 1	sample97	8043	10613	8994	215880	0	
3	 1	 1	 2	sample97	7010	9580	7710	213310	0	
3	 1	 1	 3	sample97	5732	8302	5654	226160	0	
3	 1	 1	 4	sample97	4736	7048	4884	168776	0	
3	 1	 1	 5	sample97	3535	5847	2828	168776	0	
3	 1	 1	 6	control	168	2480	0	92480	0	
3	 1	 2	 1	sample98	8399	11225	10538	254340	0	
3	 1	 2	 2	sample98	8695	11521	10794	231732	0	
3	 1	 2	 3	sample98	2423	5249	2314	285426	0	
3	 1	 2	 4	sample98	5714	8284	5910	218450	0	
3	 1	 2	 5	sample98	5034	7604	4368	257000	0	
3	 1	 2	 6	control	6444	9014	6682	203030	0	
3	 1	 3	 1	sample99	9186	12012	10538	197820	0	
3	 1	 3	 2	sample99	6830	9914	7710	240552	0	
3	 1	 3	 3	sample99	7772	10598	8224	211950	0	
3	 1	 3	 4	sample99	6861	9687	6940	194994	0	
3	 1	 3	 5	sample99	6502	9072	7196	231300	0	
3	 1	 3	 6	control	38	2608	0	102800	0	
3	 1	 4	 1	sample100	6391	9217	6682	271296	0	
3	 1	 4	 2	sample100	7305	10131	6682	240210	0	
3	 1	 4	 3	sample100	5588	8414	5912	251514	0	
3	 1	 4	 4	sample100	4371	6941	4368	223590	0	
3	 1	 4	 5	sample100	2496	4808	2570	168776	0	
3	 1	 4	 6	control	5836	8148	6940	134096	0	
3	 2	 1	 1	sample101	6205	8517	6682	194208	0	
3	 2	 1	 2	sample101	5252	7564	5654	212704	0	
3	 2	 1	 3	sample101	3853	6165	3598	194208	0	
3	 2	 1	 4	sample101	2562	4874	2570	208080	0	
3	 2	 1	 5	sample101	2405	4717	2314	168776	0	
3	 2	 1	 6	control	296	2608	258	92480	0	
3	 2	 2	 1	sample102	3927	6497	4626	190180	0	
3	 2	 2	 2	sample102	3631	6201	3854	197890	0	
3	 2	 2	 3	sample102	2438	5008	2312	241580	0	
3	 2	 2	 4	sample102	2041	4353	1800	187272	0	
3	 2	 2	 5	sample102	1522	4092	1542	133640	0	
3	 2	 2	 6	control	7822	10392	7196	182470	0	
3	 2	 3	 1	sample103	10011	12837	11308	226080	0	
3	 2	 3	 2	sample103	9704	12530	11566	220428	0	
3	 2	 3	 3	sample103	8084	10910	8224	211950	0	
3	 2	 3	 4	sample103	7720	10290	7966	182470	0	
3	 2	 3	 5	sample103	5619	8189	4882	231300	0	
3	 2	 3	 6	control	179	2749	256	102800	0	
3	 2	 4	 1	sample104	6645	9215	6682	215880	0	
3	 2	 4	 2	sample104	4948	7518	4882	231300	0	
3	 2	 4	 3	sample104	3255	5825	2826	300690	0	
3	 2	 4	 4	sample104	2475	4787	2570	117912	0	
3	 2	 4	 5	sample104	1643	3955	1542	117912	0	
3	 2	 4	 6	control	4383	6953	5140	182470	0	
3	 3	 1	 1	sample105	7821	9877	8480	170648	0	
3	 3	 1	 2	sample105	6949	9261	7196	187272	0	
3	 3	 1	 3	sample105	6074	8130	6424	158312	0	
3	 3	 1	 4	sample105	3742	5798	3340	164480	0	
3	 3	 1	 5	sample105	3005	4803	2056	140244	0	
3	 3	 1	 6	control	373	2171	258	71920	0	
3	 3	 2	 1	sample106	7388	9958	7196	233870	0	
3	 3	 2	 2	sample106	8064	10634	8738	203030	0	
3	 3	 2	 3	sample106	6618	8930	6940	203456	0	
3	 3	 2	 4	sample106	4999	7311	4370	205768	0	
3	 3	 2	 5	sample106	4105	6161	3598	166536	0	
3	 3	 2	 6	control	6815	8871	6682	154200	0	
3	 3	 3	 1	sample107	7399	9969	6938	197890	0	
3	 3	 3	 2	sample107	7077	9647	6424	172190	0	
3	 3	 3	 3	sample107	6554	8866	6940	282064	0	
3	 3	 3	 4	sample107	4788	7100	4626	161840	0	
3	 3	 3	 5	sample107	3255	5311	3084	172704	0	
3	 3	 3	 6	control	213	2011	258	71920	0	
3	 3	 4	 1	sample108	8212	10524	8482	194208	0	
3	 3	 4	 2	sample108	5395	7707	5912	212704	0	
3	 3	 4	 3	sample108	5218	7530	5140	205768	0	
3	 3	 4	 4	sample108	3576	5632	3598	201488	0	
3	 3	 4	 5	sample108	2085	3883	2314	131254	0	
3	 3	 4	 6	control	2252	4050	2056	142042	0	
3	 4	 1	 1	sample109	5892	7434	5654	140322	0	
3	 4	 1	 2	sample109	8474	10274	9252	144000	0	
3	 4	 1	 3	sample109	6400	8200	6424	131400	0	
3	 4	 1	 4	sample109	4197	5739	4112	117192	0	
3	 4	 1	 5	sample109	3577	5119	3342	111024	0	
3	 4	 1	 6	control	444	1986	258	61680	0	
3	 4	 2	 1	sample110	7335	8877	6426	103314	0	
3	 4	 2	 2	sample110	6779	8579	6682	118800	0	
3	 4	 2	 3	sample110	5599	7141	5398	127986	0	
3	 4	 2	 4	sample110	3841	5383	3342	114108	0	
3	 4	 2	 5	sample110	3010	4552	3342	121818	0	
3	 4	 2	 6	control	7222	9022	7196	122400	0	
3	 4	 3	 1	sample111	778	2320	772	61680	0	
3	 4	 3	 2	sample111	1065	2607	1028	64764	0	
3	 4	 3	 3	sample111	457	1999	258	61680	0	
3	 4	 3	 4	sample111	386	1928	258	61680	0	
3	 4	 3	 5	sample111	283	1825	258	61680	0	
3	 4	 3	 6	control	193	1735	0	61680	0	
3	 4	 4	 1	sample112	5401	6943	5654	114108	0	
3	 4	 4	 2	sample112	4313	5855	4626	112566	0	
3	 4	 4	 3	sample112	2996	4538	2828	120276	0	
3	 4	 4	 4	sample112	2457	3743	2312	114454	0	
3	 4	 4	 5	sample112	1091	2633	1028	101772	0	
3	 4	 4	 6	control	3058	4600	3084	103314	0	
3	 5	 1	 1	sample113	7871	10185	7710	205946	0	
3	 5	 1	 2	sample113	9412	11982	9510	231300	0	
3	 5	 1	 3	sample113	6778	9348	5912	228730	0	
3	 5	 1	 4	sample113	6759	9073	6424	168922	0	
3	 5	 1	 5	sample113	5097	7411	4368	168922	0	
3	 5	 1	 6	control	256	2570	256	92560	0	
3	 5	 2	 1	sample114	6021	8591	6168	187610	0	
3	 5	 2	 2	sample114	5651	8221	6168	185040	0	
3	 5	 2	 3	sample114	4945	7259	5140	180492	0	
3	 5	 2	 4	sample114	3437	5751	3340	178178	0	
3	 5	 2	 5	sample114	2774	4830	2314	187096	0	
3	 5	 2	 6	control	7504	9560	6682	156256	0	
3	 5	 3	 1	sample115	4879	7193	5140	152724	0	
3	 5	 3	 2	sample115	3881	6195	3854	178178	0	
3	 5	 3	 3	sample115	2991	5305	2570	155038	0	
3	 5	 3	 4	sample115	1757	4071	1798	229086	0	
3	 5	 3	 5	sample115	1704	3760	1542	150088	0	
3	 5	 3	 6	control	225	2281	0	82240	0	
3	 5	 4	 1	sample116	3884	5940	3856	166536	0	
3	 5	 4	 2	sample116	2816	5130	2826	171236	0	
3	 5	 4	 3	sample116	1853	3909	1800	178872	0	
3	 5	 4	 4	sample116	1755	3811	1800	166536	0	
3	 5	 4	 5	sample116	977	3033	1028	71960	0	
3	 5	 4	 6	control	2416	4472	2314	160368	0	
3	 6	 1	 1	sample117	6791	9105	7196	168922	0	
3	 6	 1	 2	sample117	7999	10313	8738	164294	0	
3	 6	 1	 3	sample117	5708	8022	5654	164294	0	
3	 6	 1	 4	sample117	3940	5996	3598	137752	0	
3	 6	 1	 5	sample117	3331	5387	3084	145976	0	
3	 6	 1	 6	control	301	2615	256	92560	0	
3	 6	 2	 1	sample118	3160	5474	3340	148096	0	
3	 6	 2	 2	sample118	5279	7593	5654	161980	0	
3	 6	 2	 3	sample118	5187	7501	5140	164294	0	
3	 6	 2	 4	sample118	3823	5879	4112	131584	0	
3	 6	 2	 5	sample118	2692	5006	2570	159666	0	
3	 6	 2	 6	control	8820	11134	10536	136526	0	
3	 6	 3	 1	sample119	6918	9232	6682	143468	0	
3	 6	 3	 2	sample119	6395	8709	6424	141154	0	
3	 6	 3	 3	sample119	4211	6525	3854	155038	0	
3	 6	 3	 4	sample119	3089	5145	2828	129528	0	
3	 6	 3	 5	sample119	2460	4516	2314	133640	0	
3	 6	 3	 6	control	340	2654	256	92560	0	
3	 6	 4	 1	sample120	6290	8604	6938	150410	0	
3	 6	 4	 2	sample120	6907	9221	6938	152724	0	
3	 6	 4	 3	sample120	5313	7369	5654	137752	0	
3	 6	 4	 4	sample120	3797	5853	4112	135696	0	
3	 6	 4	 5	sample120	1928	3984	1800	135696	0	
3	 6	 4	 6	control	4272	6586	4112	122642	0	
3	 7	 1	 1	sample121	9277	11847	9252	218450	0	
3	 7	 1	 2	sample121	10321	13149	10536	209272	0	
3	 7	 1	 3	sample121	8543	11113	8482	195320	0	
3	 7	 1	 4	sample121	6750	9064	6682	164294	0	
3	 7	 1	 5	sample121	5774	8088	5910	178178	0	
3	 7	 1	 6	control	379	2693	256	92560	0	
3	 7	 2	 1	sample122	6052	8622	5654	192750	0	
3	 7	 2	 2	sample122	5507	8335	5396	203616	0	
3	 7	 2	 3	sample122	4350	6920	4370	208170	0	
3	 7	 2	 4	sample122	3152	5722	3084	195320	0	
3	 7	 2	 5	sample122	2399	4713	2056	171236	0	
3	 7	 2	 6	control	6548	8862	7710	182806	0	
3	 7	 3	 1	sample123	8299	10869	8482	185040	0	
3	 7	 3	 2	sample123	8462	11290	9252	197960	0	
3	 7	 3	 3	sample123	5871	8441	6426	164480	0	
3	 7	 3	 4	sample123	4666	7236	4884	167050	0	
3	 7	 3	 5	sample123	3759	6073	3598	187434	0	
3	 7	 3	 6	control	-26.09	2288	0	92560	0	
3	 7	 4	 1	sample124	9617	12187	11308	185040	0	
3	 7	 4	 2	sample124	7675	10245	8482	187610	0	
3	 7	 4	 3	sample124	6449	8763	5910	219830	0	
3	 7	 4	 4	sample124	5445	7759	5910	182806	0	
3	 7	 4	 5	sample124	2601	4657	2314	187096	0	
3	 7	 4	 6	control	5050	7106	5140	123360	0	
3	 8	 1	 1	sample125	8169	10997	8480	251692	0	
3	 8	 1	 2	sample125	9040	12124	9766	286812	0	
3	 8	 1	 3	sample125	8352	11180	8994	226240	0	
3	 8	 1	 4	sample125	6598	9168	6940	187610	0	
3	 8	 1	 5	sample125	5671	7985	4882	164294	0	
3	 8	 1	 6	control	391	2705	256	92560	0	
3	 8	 2	 1	sample126	10028	12856	10280	144228	0	
3	 8	 2	 2	sample126	8555	11383	9508	214928	0	
3	 8	 2	 3	sample126	8418	10988	9252	208170	0	
3	 8	 2	 4	sample126	6537	9107	6426	190180	0	
3	 8	 2	 5	sample126	5584	7898	4626	161980	0	
3	 8	 2	 6	control	8045	10359	8738	166608	0	
3	 8	 3	 1	sample127	7176	9746	7454	190180	0	
3	 8	 3	 2	sample127	6123	8951	6682	197960	0	
3	 8	 3	 3	sample127	5129	7699	5140	169620	0	
3	 8	 3	 4	sample127	4640	6954	4368	159666	0	
3	 8	 3	 5	sample127	2904	5218	2570	208260	0	
3	 8	 3	 6	control	174	2230	0	82240	0	
3	 8	 4	 1	sample128	8188	10758	8738	200460	0	
3	 8	 4	 2	sample128	4944	7514	5140	282700	0	
3	 8	 4	 3	sample128	5940	8254	5910	201318	0	
3	 8	 4	 4	sample128	3763	6077	4368	175864	0	
3	 8	 4	 5	sample128	2876	4932	2828	154200	0	
3	 8	 4	 6	control	5077	7133	5398	117192	0	
3	 9	 1	 1	sample129	7618	10188	8224	200460	0	
3	 9	 1	 2	sample129	8713	11283	8224	208170	0	
3	 9	 1	 3	sample129	7692	10006	7710	171236	0	
3	 9	 1	 4	sample129	5486	7800	5910	152724	0	
3	 9	 1	 5	sample129	3528	5842	3084	155038	0	
3	 9	 1	 6	control	327	2641	256	92560	0	
3	 9	 2	 1	sample130	7018	9588	7196	177330	0	
3	 9	 2	 2	sample130	8206	10776	7710	179900	0	
3	 9	 2	 3	sample130	7586	9900	7196	182806	0	
3	 9	 2	 4	sample130	5677	7991	5654	178178	0	
3	 9	 2	 5	sample130	5709	8023	5654	161980	0	
3	 9	 2	 6	control	7176	9490	7196	187434	0	
3	 9	 3	 1	sample131	4916	7230	5140	143468	0	
3	 9	 3	 2	sample131	4450	6764	5140	159666	0	
3	 9	 3	 3	sample131	3244	5558	2826	141154	0	
3	 9	 3	 4	sample131	2922	4978	2828	123360	0	
3	 9	 3	 5	sample131	1702	3758	1542	189152	0	
3	 9	 3	 6	control	174	2230	258	82240	0	
3	 9	 4	 1	sample132	6221	8535	6682	189748	0	
3	 9	 4	 2	sample132	4851	7165	4882	187434	0	
3	 9	 4	 3	sample132	5463	7519	4626	187096	0	
3	 9	 4	 4	sample132	3552	5608	3598	160368	0	
3	 9	 4	 5	sample132	2223	4279	1800	152144	0	
3	 9	 4	 6	control	2905	4961	2828	123360	0	
3	 10	 1	 1	sample133	7910	10222	7968	196520	0	
3	 10	 1	 2	sample133	8656	10712	8994	168592	0	
3	 10	 1	 3	sample133	7175	9231	7452	156256	0	
3	 10	 1	 4	sample133	5458	7514	4882	145976	0	
3	 10	 1	 5	sample133	4615	6413	4626	120466	0	
3	 10	 1	 6	control	605	2403	514	71920	0	
3	 10	 2	 1	sample134	6357	8669	6168	147968	0	
3	 10	 2	 2	sample134	6429	8741	7196	159528	0	
3	 10	 2	 3	sample134	5666	7722	5654	166536	0	
3	 10	 2	 4	sample134	3061	5117	2056	238496	0	
3	 10	 2	 5	sample134	3691	5747	3340	141864	0	
3	 10	 2	 6	control	7199	9255	6938	139808	0	
3	 10	 3	 1	sample135	6291	8347	6682	145976	0	
3	 10	 3	 2	sample135	7289	9345	6938	129528	0	
3	 10	 3	 3	sample135	5102	7158	5140	127472	0	
3	 10	 3	 4	sample135	4525	6581	4368	131584	0	
3	 10	 3	 5	sample135	4115	5913	4112	149234	0	
3	 10	 3	 6	control	936	2992	770	28784	0	
3	 10	 4	 1	sample136	5127	6925	4884	134850	0	
3	 10	 4	 2	sample136	4861	6659	4370	125860	0	
3	 10	 4	 3	sample136	4089	5887	3856	136648	0	
3	 10	 4	 4	sample136	2574	4372	2314	131254	0	
3	 10	 4	 5	sample136	1638	3436	1542	77314	0	
3	 10	 4	 6	control	5263	7061	5140	106082	0	
3	 11	 1	 1	sample137	7946	10260	7966	171236	0	
3	 11	 1	 2	sample137	7941	10255	8738	189748	0	
3	 11	 1	 3	sample137	6347	8661	6938	185120	0	
3	 11	 1	 4	sample137	4475	6789	4626	161980	0	
3	 11	 1	 5	sample137	3814	6128	3598	159666	0	
3	 11	 1	 6	control	77.6	2648	0	102800	0	
3	 11	 2	 1	sample138	5486	8056	5912	179900	0	
3	 11	 2	 2	sample138	5953	8267	6168	168922	0	
3	 11	 2	 3	sample138	5809	8123	5910	199004	0	
3	 11	 2	 4	sample138	3560	5874	3084	189748	0	
3	 11	 2	 5	sample138	2765	5335	2056	200460	0	
3	 11	 2	 6	control	7558	10128	8224	164480	0	
3	 11	 3	 1	sample139	5124	7438	5396	150410	0	
3	 11	 3	 2	sample139	4948	7262	5910	164294	0	
3	 11	 3	 3	sample139	4448	6762	4368	157352	0	
3	 11	 3	 4	sample139	2745	5059	2570	182806	0	
3	 11	 3	 5	sample139	2426	4740	2056	194376	0	
3	 11	 3	 6	control	218	2532	256	92560	0	
3	 11	 4	 1	sample140	7538	9852	7710	173550	0	
3	 11	 4	 2	sample140	6235	8549	6682	166608	0	
3	 11	 4	 3	sample140	5325	7639	5140	175864	0	
3	 11	 4	 4	sample140	3598	5912	3598	159666	0	
3	 11	 4	 5	sample140	2931	5245	2570	164294	0	
3	 11	 4	 6	control	5367	7681	6168	138840	0	
3	 12	 1	 1	sample141	7808	9864	7968	172704	0	
3	 12	 1	 2	sample141	7428	9742	7966	192062	0	
3	 12	 1	 3	sample141	6193	8507	5910	164294	0	
3	 12	 1	 4	sample141	4492	6806	4112	168922	0	
3	 12	 1	 5	sample141	4078	6392	3854	175864	0	
3	 12	 1	 6	control	161	2731	258	102800	0	
3	 12	 2	 1	sample142	5322	7636	5396	296192	0	
3	 12	 2	 2	sample142	6143	8457	6682	168922	0	
3	 12	 2	 3	sample142	6078	8392	6168	199004	0	
3	 12	 2	 4	sample142	5466	7780	4882	187434	0	
3	 12	 2	 5	sample142	4261	6831	4112	177330	0	
3	 12	 2	 6	control	7218	9788	8996	187610	0	
3	 12	 3	 1	sample143	3538	5852	3598	171236	0	
3	 12	 3	 2	sample143	5378	7692	5654	161980	0	
3	 12	 3	 3	sample143	3928	6242	3854	178178	0	
3	 12	 3	 4	sample143	3191	5505	3084	166608	0	
3	 12	 3	 5	sample143	1748	4318	1286	128500	0	
3	 12	 3	 6	control	129	2699	0	102800	0	
3	 12	 4	 1	sample144	5996	8052	6682	150088	0	
3	 12	 4	 2	sample144	5116	7430	5396	178178	0	
3	 12	 4	 3	sample144	3428	5742	3598	203632	0	
3	 12	 4	 4	sample144	3275	5589	3084	173550	0	
3	 12	 4	 5	sample144	2438	5008	2314	190180	0	
3	 12	 4	 6	control	6647	9217	7454	187610	0	
4	 1	 1	 1	sample145	8286	10598	8482	194208	0	
4	 1	 1	 2	sample145	8632	10944	8738	205768	0	
4	 1	 1	 3	sample145	8271	10327	8994	156256	0	
4	 1	 1	 4	sample145	5821	7877	5910	154200	0	
4	 1	 1	 5	sample145	4542	6598	4626	139808	0	
4	 1	 1	 6	control	438	2236	258	71920	0	
4	 1	 2	 1	sample146	4392	7218	4626	189342	0	
4	 1	 2	 2	sample146	4124	6950	4370	197820	0	
4	 1	 2	 3	sample146	3718	6288	3854	213310	0	
4	 1	 2	 4	sample146	3663	5975	3598	184960	0	
4	 1	 2	 5	sample146	3320	5632	3598	164152	0	
4	 1	 2	 6	control	7204	9516	7710	152592	0	
4	 1	 3	 1	sample147	6207	9291	6424	218964	0	
4	 1	 3	 2	sample147	6109	9193	6424	215880	0	
4	 1	 3	 3	sample147	4622	7448	4626	169560	0	
4	 1	 3	 4	sample147	3061	5631	2826	174760	0	
4	 1	 3	 5	sample147	2534	5104	2570	205600	0	
4	 1	 3	 6	control	160	2730	256	102800	0	
4	 1	 4	 1	sample148	4198	7538	4112	230460	0	
4	 1	 4	 2	sample148	2570	5654	2570	163452	0	
4	 1	 4	 3	sample148	2818	5644	2828	149778	0	
4	 1	 4	 4	sample148	2051	4877	2056	257166	0	
4	 1	 4	 5	sample148	2229	4799	2056	125930	0	
4	 1	 4	 6	control	5087	7913	5140	189342	0	
4	 2	 1	 1	sample149	5868	7410	5910	111024	0	
4	 2	 1	 2	sample149	4991	6533	5140	109482	0	
4	 2	 1	 3	sample149	3471	5013	3340	112566	0	
4	 2	 1	 4	sample149	2568	3852	2314	136104	0	
4	 2	 1	 5	sample149	1719	3003	1542	106572	0	
4	 2	 1	 6	control	495	1779	514	51360	0	
4	 2	 2	 1	sample150	7278	9076	7454	136648	0	
4	 2	 2	 2	sample150	6215	8271	6682	154200	0	
4	 2	 2	 3	sample150	4995	6793	5140	124062	0	
4	 2	 2	 4	sample150	4095	5893	3856	131254	0	
4	 2	 2	 5	sample150	2574	4372	2828	122264	0	
4	 2	 2	 6	control	8294	10092	8996	113274	0	
4	 2	 3	 1	sample151	5831	8143	6168	141032	0	
4	 2	 3	 2	sample151	5172	7484	4626	168776	0	
4	 2	 3	 3	sample151	3780	5836	3598	156256	0	
4	 2	 3	 4	sample151	2388	4444	2312	148032	0	
4	 2	 3	 5	sample151	2343	4399	2056	104856	0	
4	 2	 3	 6	control	179	2235	256	82240	0	
4	 2	 4	 1	sample152	7834	10404	7966	179900	0	
4	 2	 4	 2	sample152	5820	8132	6168	175712	0	
4	 2	 4	 3	sample152	4451	6763	3856	175712	0	
4	 2	 4	 4	sample152	3563	5619	3340	154200	0	
4	 2	 4	 5	sample152	1603	3659	1284	238496	0	
4	 2	 4	 6	control	4850	6906	4626	129528	0	
4	 3	 1	 1	sample153	7491	9289	7710	122264	0	
4	 3	 1	 2	sample153	8676	10474	9510	140244	0	
4	 3	 1	 3	sample153	7758	9556	7968	125860	0	
4	 3	 1	 4	sample153	6182	7724	6424	111024	0	
4	 3	 1	 5	sample153	4765	6049	4370	83460	0	
4	 3	 1	 6	control	166	1708	256	61680	0	
4	 3	 2	 1	sample154	5504	7560	5396	162424	0	
4	 3	 2	 2	sample154	5912	8224	5398	143344	0	
4	 3	 2	 3	sample154	4697	6753	4112	154200	0	
4	 3	 2	 4	sample154	3874	5930	3340	133640	0	
4	 3	 2	 5	sample154	2787	4585	2570	113274	0	
4	 3	 2	 6	control	8630	10428	9766	124062	0	
4	 3	 3	 1	sample155	4888	7200	5398	138720	0	
4	 3	 3	 2	sample155	3847	6159	3598	145656	0	
4	 3	 3	 3	sample155	2788	5100	2570	166464	0	
4	 3	 3	 4	sample155	2133	4189	2056	123360	0	
4	 3	 3	 5	sample155	1870	3926	1798	102800	0	
4	 3	 3	 6	control	231	2287	256	82240	0	
4	 3	 4	 1	sample156	9479	11791	11308	154904	0	
4	 3	 4	 2	sample156	8044	10356	8996	154904	0	
4	 3	 4	 3	sample156	6601	8913	6940	152592	0	
4	 3	 4	 4	sample156	5201	7257	4626	154200	0	
4	 3	 4	 5	sample156	3583	5639	3340	141864	0	
4	 3	 4	 6	control	5762	7818	5654	121304	0	
4	 4	 1	 1	sample157	6668	8210	6682	117192	0	
4	 4	 1	 2	sample157	5998	7540	7196	112566	0	
4	 4	 1	 3	sample157	4359	6157	4626	127658	0	
4	 4	 1	 4	sample157	3328	5126	3084	133052	0	
4	 4	 1	 5	sample157	2666	4208	2570	98688	0	
4	 4	 1	 6	control	155	1953	0	71920	0	
4	 4	 2	 1	sample158	6784	8840	6682	150088	0	
4	 4	 2	 2	sample158	6928	9240	7710	154904	0	
4	 4	 2	 3	sample158	6204	8516	6168	166464	0	
4	 4	 2	 4	sample158	5185	7241	5140	139808	0	
4	 4	 2	 5	sample158	3637	5693	3598	148032	0	
4	 4	 2	 6	control	6941	8997	7196	228216	0	
4	 4	 3	 1	sample159	9160	11472	10024	159528	0	
4	 4	 3	 2	sample159	8005	10575	8738	172190	0	
4	 4	 3	 3	sample159	7618	9930	7968	141032	0	
4	 4	 3	 4	sample159	4988	7300	4884	147968	0	
4	 4	 3	 5	sample159	3727	6039	3342	180336	0	
4	 4	 3	 6	control	-25.14	2287	0	92480	0	
4	 4	 4	 1	sample160	5744	7542	6168	129456	0	
4	 4	 4	 2	sample160	4002	5800	4370	113274	0	
4	 4	 4	 3	sample160	2370	4168	2314	138446	0	
4	 4	 4	 4	sample160	2403	3945	2056	118734	0	
4	 4	 4	 5	sample160	1657	3455	1542	84506	0	
4	 4	 4	 6	control	4942	6740	5654	118668	0	
4	 5	 1	 1	sample161	8841	10897	9510	164480	0	
4	 5	 1	 2	sample161	7550	9864	8224	182806	0	
4	 5	 1	 3	sample161	6947	9003	6940	148032	0	
4	 5	 1	 4	sample161	5010	7066	5140	145976	0	
4	 5	 1	 5	sample161	3641	5697	3856	148032	0	
4	 5	 1	 6	control	367	2423	258	82240	0	
4	 5	 2	 1	sample162	7215	10043	7966	186648	0	
4	 5	 2	 2	sample162	6847	9675	7966	189476	0	
4	 5	 2	 3	sample162	6660	9230	6940	203030	0	
4	 5	 2	 4	sample162	5048	7618	5398	213310	0	
4	 5	 2	 5	sample162	4036	6606	3856	197890	0	
4	 5	 2	 6	control	6552	8866	7196	196690	0	
4	 5	 3	 1	sample163	8029	10857	8480	209272	0	
4	 5	 3	 2	sample163	6679	9763	7196	209712	0	
4	 5	 3	 3	sample163	5315	8143	5140	186648	0	
4	 5	 3	 4	sample163	4019	6847	3598	220584	0	
4	 5	 3	 5	sample163	3517	6345	3340	226240	0	
4	 5	 3	 6	control	219	2789	258	102800	0	
4	 5	 4	 1	sample164	8512	10826	8480	192062	0	
4	 5	 4	 2	sample164	7353	9667	7966	161980	0	
4	 5	 4	 3	sample164	5748	8062	6168	189748	0	
4	 5	 4	 4	sample164	4331	6645	4112	205946	0	
4	 5	 4	 5	sample164	3183	5497	3084	203632	0	
4	 5	 4	 6	control	4314	6628	3854	141154	0	
4	 6	 1	 1	sample165	7331	9645	7196	175864	0	
4	 6	 1	 2	sample165	7350	9664	7710	168922	0	
4	 6	 1	 3	sample165	5981	8037	6168	152144	0	
4	 6	 1	 4	sample165	4250	6306	3598	141864	0	
4	 6	 1	 5	sample165	3170	4970	2826	127800	0	
4	 6	 1	 6	control	224	2024	256	72000	0	
4	 6	 2	 1	sample166	6664	9234	6940	182470	0	
4	 6	 2	 2	sample166	6915	9485	7196	190180	0	
4	 6	 2	 3	sample166	6469	9039	5912	182470	0	
4	 6	 2	 4	sample166	5209	7523	4882	171236	0	
4	 6	 2	 5	sample166	3954	6010	3856	133640	0	
4	 6	 2	 6	control	6167	8481	6424	175864	0	
4	 6	 3	 1	sample167	5159	7987	4882	189476	0	
4	 6	 3	 2	sample167	5210	8038	4882	195132	0	
4	 6	 3	 3	sample167	4255	7083	4112	192304	0	
4	 6	 3	 4	sample167	2123	4951	1798	203616	0	
4	 6	 3	 5	sample167	2246	4816	2314	136210	0	
4	 6	 3	 6	control	193	2763	258	102800	0	
4	 6	 4	 1	sample168	7236	9806	7710	185040	0	
4	 6	 4	 2	sample168	5491	8319	5396	192304	0	
4	 6	 4	 3	sample168	4495	7065	4112	205600	0	
4	 6	 4	 4	sample168	3782	6352	3342	205600	0	
4	 6	 4	 5	sample168	2523	5093	2056	192750	0	
4	 6	 4	 6	control	4657	7227	4626	195320	0	
4	 7	 1	 1	sample169	578	2634	514	82240	0	
4	 7	 1	 2	sample169	835	2891	770	82240	0	
4	 7	 1	 3	sample169	489	2801	514	92480	0	
4	 7	 1	 4	sample169	335	2647	258	92480	0	
4	 7	 1	 5	sample169	481	2537	514	82240	0	
4	 7	 1	 6	control	296	2608	258	92480	0	
4	 7	 2	 1	sample170	6353	8923	6424	185040	0	
4	 7	 2	 2	sample170	7225	10051	7968	203472	0	
4	 7	 2	 3	sample170	6001	8571	5396	218450	0	
4	 7	 2	 4	sample170	4997	7567	4626	185040	0	
4	 7	 2	 5	sample170	3569	6139	3340	185040	0	
4	 7	 2	 6	control	7796	10366	9252	174760	0	
4	 7	 3	 1	sample171	5551	8377	5654	175212	0	
4	 7	 3	 2	sample171	4862	7946	4368	194292	0	
4	 7	 3	 3	sample171	4278	7104	4112	206298	0	
4	 7	 3	 4	sample171	2298	5124	2314	186516	0	
4	 7	 3	 5	sample171	2126	4952	1800	228906	0	
4	 7	 3	 6	control	142	2968	258	113040	0	
4	 7	 4	 1	sample172	6450	9276	6940	209124	0	
4	 7	 4	 2	sample172	5397	8481	5910	215880	0	
4	 7	 4	 3	sample172	4279	7105	4112	226080	0	
4	 7	 4	 4	sample172	3341	6167	2828	214776	0	
4	 7	 4	 5	sample172	1633	4459	1542	169560	0	
4	 7	 4	 6	control	3287	6113	3342	161082	0	
4	 8	 1	 1	sample173	8675	11245	10280	208170	0	
4	 8	 1	 2	sample173	8624	11194	10024	208170	0	
4	 8	 1	 3	sample173	7855	10169	8738	175864	0	
4	 8	 1	 4	sample173	6953	9009	7454	162424	0	
4	 8	 1	 5	sample173	6805	8605	6938	127800	0	
4	 8	 1	 6	control	379	2179	256	72000	0	
4	 8	 2	 1	sample174	5981	8809	6168	186648	0	
4	 8	 2	 2	sample174	6223	8793	7196	182470	0	
4	 8	 2	 3	sample174	4212	6526	3854	182806	0	
4	 8	 2	 4	sample174	3388	5702	3084	187434	0	
4	 8	 2	 5	sample174	2974	5288	3340	168922	0	
4	 8	 2	 6	control	6896	9210	7196	155038	0	
4	 8	 3	 1	sample175	6869	9697	7452	197960	0	
4	 8	 3	 2	sample175	5906	8734	6168	155540	0	
4	 8	 3	 3	sample175	5785	8355	5912	151630	0	
4	 8	 3	 4	sample175	3748	6318	3856	154200	0	
4	 8	 3	 5	sample175	2932	5246	2570	180492	0	
4	 8	 3	 6	control	224	2538	256	92560	0	
4	 8	 4	 1	sample176	4450	7278	5140	231896	0	
4	 8	 4	 2	sample176	3992	6562	4112	169620	0	
4	 8	 4	 3	sample176	3113	5683	3342	164480	0	
4	 8	 4	 4	sample176	2610	4924	2312	175864	0	
4	 8	 4	 5	sample176	2007	4321	2056	111072	0	
4	 8	 4	 6	control	4754	7068	4368	120328	0	
4	 9	 1	 1	sample177	6891	8947	6940	164480	0	
4	 9	 1	 2	sample177	6059	8115	6426	164480	0	
4	 9	 1	 3	sample177	5286	7342	6168	152144	0	
4	 9	 1	 4	sample177	3894	5694	3854	129600	0	
4	 9	 1	 5	sample177	2327	4127	2312	131400	0	
4	 9	 1	 6	control	257	2057	256	72000	0	
4	 9	 2	 1	sample178	4258	6572	4112	178178	0	
4	 9	 2	 2	sample178	4966	7280	4626	164294	0	
4	 9	 2	 3	sample178	4820	6876	4370	158312	0	
4	 9	 2	 4	sample178	3358	5414	2828	156256	0	
4	 9	 2	 5	sample178	2130	4186	2056	180928	0	
4	 9	 2	 6	control	7852	9908	8738	137752	0	
4	 9	 3	 1	sample179	5227	7797	5398	167050	0	
4	 9	 3	 2	sample179	5530	8100	6168	185040	0	
4	 9	 3	 3	sample179	3713	6283	3342	190180	0	
4	 9	 3	 4	sample179	3597	5911	3340	150410	0	
4	 9	 3	 5	sample179	2416	4730	2056	178178	0	
4	 9	 3	 6	control	218	2532	256	92560	0	
4	 9	 4	 1	sample180	7073	9643	7710	182470	0	
4	 9	 4	 2	sample180	6804	9374	8224	185040	0	
4	 9	 4	 3	sample180	4150	6720	4370	228730	0	
4	 9	 4	 4	sample180	4380	6694	4112	159666	0	
4	 9	 4	 5	sample180	3198	5512	3084	166608	0	
4	 9	 4	 6	control	4931	7245	5396	134212	0	
4	 10	 1	 1	sample181	7411	9981	7966	190180	0	
4	 10	 1	 2	sample181	8863	11433	8994	195320	0	
4	 10	 1	 3	sample181	8258	10570	8224	159528	0	
4	 10	 1	 4	sample181	6788	9100	6426	152592	0	
4	 10	 1	 5	sample181	4649	6961	4112	157216	0	
4	 10	 1	 6	control	174	2486	258	92480	0	
4	 10	 2	 1	sample182	7845	10415	8224	151630	0	
4	 10	 2	 2	sample182	7233	10059	8482	178038	0	
4	 10	 2	 3	sample182	6954	9524	7452	259570	0	
4	 10	 2	 4	sample182	6425	8995	7196	172190	0	
4	 10	 2	 5	sample182	5687	8257	5910	156770	0	
4	 10	 2	 6	control	8099	10669	8738	164480	0	
4	 10	 3	 1	sample183	7985	10811	8996	169560	0	
4	 10	 3	 2	sample183	6304	9130	6940	161082	0	
4	 10	 3	 3	sample183	6547	9117	6168	151630	0	
4	 10	 3	 4	sample183	5187	7757	5140	154200	0	
4	 10	 3	 5	sample183	3356	5926	3084	210740	0	
4	 10	 3	 6	control	123	2949	0	113040	0	
4	 10	 4	 1	sample184	5967	8793	5654	197820	0	
4	 10	 4	 2	sample184	4684	7254	4626	146490	0	
4	 10	 4	 3	sample184	4495	7065	3854	187610	0	
4	 10	 4	 4	sample184	4057	6369	3856	138720	0	
4	 10	 4	 5	sample184	1970	4282	1800	150280	0	
4	 10	 4	 6	control	6318	8630	5398	115600	0	
4	 11	 1	 1	sample185	7961	10017	8738	152144	0	
4	 11	 1	 2	sample185	7221	9535	7710	164294	0	
4	 11	 1	 3	sample185	6440	8496	7196	141864	0	
4	 11	 1	 4	sample185	4259	6315	4370	148032	0	
4	 11	 1	 5	sample185	3242	5298	3084	143920	0	
4	 11	 1	 6	control	341	2397	258	82240	0	
4	 11	 2	 1	sample186	6520	9090	6426	174760	0	
4	 11	 2	 2	sample186	7678	10248	9252	164480	0	
4	 11	 2	 3	sample186	6537	8851	6938	168922	0	
4	 11	 2	 4	sample186	5136	7450	5140	152724	0	
4	 11	 2	 5	sample186	3873	6187	3854	159666	0	
4	 11	 2	 6	control	6975	9289	8738	145782	0	
4	 11	 3	 1	sample187	8525	11353	10536	214928	0	
4	 11	 3	 2	sample187	8375	11203	10022	192304	0	
4	 11	 3	 3	sample187	6785	9355	7196	174760	0	
4	 11	 3	 4	sample187	5806	8376	5912	169620	0	
4	 11	 3	 5	sample187	5627	8197	5912	192750	0	
4	 11	 3	 6	control	123	2693	0	102800	0	
4	 11	 4	 1	sample188	5865	8179	5654	194376	0	
4	 11	 4	 2	sample188	5976	8290	5396	145782	0	
4	 11	 4	 3	sample188	4905	7219	4626	157352	0	
4	 11	 4	 4	sample188	3819	5875	3342	131584	0	
4	 11	 4	 5	sample188	2670	4726	2314	137752	0	
4	 11	 4	 6	control	5654	7968	6938	129584	0	
4	 12	 1	 1	sample189	4237	6037	4112	144000	0	
4	 12	 1	 2	sample189	4880	6680	5140	162000	0	
4	 12	 1	 3	sample189	4352	6152	4368	138600	0	
4	 12	 1	 4	sample189	3090	4890	3084	131400	0	
4	 12	 1	 5	sample189	1926	3982	1800	158312	0	
4	 12	 1	 6	control	327	2641	256	92560	0	
4	 12	 2	 1	sample190	4753	6809	4884	150088	0	
4	 12	 2	 2	sample190	4420	6476	5140	158312	0	
4	 12	 2	 3	sample190	3582	5638	3598	189152	0	
4	 12	 2	 4	sample190	3295	5351	3598	158312	0	
4	 12	 2	 5	sample190	3162	5476	3340	159666	0	
4	 12	 2	 6	control	5939	8509	6426	167050	0	
4	 12	 3	 1	sample191	2548	4862	2826	166608	0	
4	 12	 3	 2	sample191	2552	4866	2570	171236	0	
4	 12	 3	 3	sample191	2301	4615	2056	212888	0	
4	 12	 3	 4	sample191	2886	5200	3084	159666	0	
4	 12	 3	 5	sample191	1378	3948	1286	136210	0	
4	 12	 3	 6	control	-6.84	2821	0	113120	0	
4	 12	 4	 1	sample192	4290	6346	4884	139808	0	
4	 12	 4	 2	sample192	3194	5250	3342	150088	0	
4	 12	 4	 3	sample192	1757	3813	1286	298120	0	
4	 12	 4	 4	sample192	2148	4462	2312	141154	0	
4	 12	 4	 5	sample192	1714	4284	1542	123360	0	
4	 12	 4	 6	control	3714	6542	3598	212100	0	
