MicroVigene	 Version	 2501
Culture	en-US
9/30/2006 12:07:58 PM
Roi Row	 4	 Roi Col	 12	 Main Row	 4	 Main Col	 6	 Sub Row	 1	 Sub Col	 1
Main Row	 Main Col	 Sub Row	 Sub Col	  GeneID	mean_net	 mean_total	 median_net	 vol_bkg	 vol_dust	 
1	 1	 1	 1	sample1	4809	7747	5012	232102	0	
1	 1	 1	 2	sample1	5036	7954	5862	250948	0	
1	 1	 1	 3	sample1	4659	7489	4922	212250	0	
1	 1	 1	 4	sample1	4066	7000	4128	149634	0	
1	 1	 1	 5	sample1	2730	5668	2812	146900	0	
1	 1	 1	 6	control	98.1	3398	56	132000	0	
1	 1	 2	 1	sample2	2982	5802	2914	174840	0	
1	 1	 2	 2	sample2	4252	7072	4556	242520	0	
1	 1	 2	 3	sample2	3705	6435	3750	221130	0	
1	 1	 2	 4	sample2	3514	6322	3850	146016	0	
1	 1	 2	 5	sample2	2803	5597	2730	136906	0	
1	 1	 2	 6	control	9143	12109	10364	216518	0	
1	 1	 3	 1	sample3	7211	10123	7592	209664	0	
1	 1	 3	 2	sample3	6747	9609	7178	223236	0	
1	 1	 3	 3	sample3	6903	9623	7160	190400	0	
1	 1	 3	 4	sample3	5101	7823	5686	190540	0	
1	 1	 3	 5	sample3	3129	5721	3260	220320	0	
1	 1	 3	 6	control	19.8	2800	52	111200	0	
1	 1	 4	 1	sample4	8893	11485	9140	228096	0	
1	 1	 4	 2	sample4	8592	11104	9122	231104	0	
1	 1	 4	 3	sample4	7651	10095	8014	205296	0	
1	 1	 4	 4	sample4	5559	8047	5946	218944	0	
1	 1	 4	 5	sample4	4194	6578	3982	178800	0	
1	 1	 4	 6	control	7203	9621	7452	152334	0	
1	 2	 1	 1	sample5	7926	11422	8218	346104	0	
1	 2	 1	 2	sample5	9301	12575	10584	317578	0	
1	 2	 1	 3	sample5	8037	11061	8840	290304	0	
1	 2	 1	 4	sample5	7263	10205	8112	235360	0	
1	 2	 1	 5	sample5	5931	8645	6076	214406	0	
1	 2	 1	 6	control	435	3175	374	109600	0	
1	 2	 2	 1	sample6	6755	9859	7172	248320	0	
1	 2	 2	 2	sample6	6655	9583	7248	237168	0	
1	 2	 2	 3	sample6	6144	8898	6606	247860	0	
1	 2	 2	 4	sample6	5844	8538	6156	223602	0	
1	 2	 2	 5	sample6	5009	7565	5048	214704	0	
1	 2	 2	 6	control	8563	11117	9526	240076	0	
1	 2	 3	 1	sample7	6253	9007	5860	253368	0	
1	 2	 3	 2	sample7	7302	9926	7520	246656	0	
1	 2	 3	 3	sample7	6921	9507	7794	201708	0	
1	 2	 3	 4	sample7	5828	8184	5908	193192	0	
1	 2	 3	 5	sample7	4647	6961	4492	196690	0	
1	 2	 3	 6	control	218	2630	274	96480	0	
1	 2	 4	 1	sample8	5280	7306	6124	186392	0	
1	 2	 4	 2	sample8	3408	5458	3370	157850	0	
1	 2	 4	 3	sample8	4619	6605	4720	192642	0	
1	 2	 4	 4	sample8	3307	5295	3416	161028	0	
1	 2	 4	 5	sample8	2866	4828	2792	102024	0	
1	 2	 4	 6	control	7127	9087	7640	147000	0	
1	 3	 1	 1	sample9	9579	12819	10924	236520	0	
1	 3	 1	 2	sample9	11053	14123	12598	236390	0	
1	 3	 1	 3	sample9	10201	13143	11260	200056	0	
1	 3	 1	 4	sample9	8185	11127	9158	200056	0	
1	 3	 1	 5	sample9	6232	8960	6206	207328	0	
1	 3	 1	 6	control	452	3224	510	110880	0	
1	 3	 2	 1	sample10	2676	5700	2726	120960	0	
1	 3	 2	 2	sample10	4848	7768	4872	198560	0	
1	 3	 2	 3	sample10	5593	8361	6390	124560	0	
1	 3	 2	 4	sample10	3602	6298	3578	188720	0	
1	 3	 2	 5	sample10	3521	6369	3818	142400	0	
1	 3	 2	 6	control	9480	12204	10810	198852	0	
1	 3	 3	 1	sample11	7117	9937	7400	203040	0	
1	 3	 3	 2	sample11	7899	10699	8360	182000	0	
1	 3	 3	 3	sample11	7376	10044	6618	178756	0	
1	 3	 3	 4	sample11	5996	8654	6288	164796	0	
1	 3	 3	 5	sample11	4950	7580	4684	186730	0	
1	 3	 3	 6	control	80.8	2733	-23.99	106080	0	
1	 3	 4	 1	sample12	5353	7785	5774	189696	0	
1	 3	 4	 2	sample12	5245	7557	5714	157216	0	
1	 3	 4	 3	sample12	6072	8366	6060	178932	0	
1	 3	 4	 4	sample12	4688	6856	4626	153928	0	
1	 3	 4	 5	sample12	3445	5715	3528	138470	0	
1	 3	 4	 6	control	8201	10471	9016	136200	0	
1	 4	 1	 1	sample13	6187	9215	5774	251324	0	
1	 4	 1	 2	sample13	8098	10970	8112	241248	0	
1	 4	 1	 3	sample13	5839	8699	5502	234520	0	
1	 4	 1	 4	sample13	4675	7415	4422	194540	0	
1	 4	 1	 5	sample13	3543	6207	3538	141192	0	
1	 4	 1	 6	control	504	3264	460	110400	0	
1	 4	 2	 1	sample14	7756	10658	8204	217650	0	
1	 4	 2	 2	sample14	7648	10536	8516	288800	0	
1	 4	 2	 3	sample14	6709	9453	7220	214032	0	
1	 4	 2	 4	sample14	5539	8267	5126	207328	0	
1	 4	 2	 5	sample14	5502	8158	5280	140768	0	
1	 4	 2	 6	control	9233	11785	9964	204160	0	
1	 4	 3	 1	sample15	7908	10574	8218	218612	0	
1	 4	 3	 2	sample15	8299	10971	8066	189712	0	
1	 4	 3	 3	sample15	7151	9735	7612	180880	0	
1	 4	 3	 4	sample15	5719	8171	5106	174092	0	
1	 4	 3	 5	sample15	4178	6512	3870	170382	0	
1	 4	 3	 6	control	373	2711	344	93520	0	
1	 4	 4	 1	sample16	8242	10456	7770	117342	0	
1	 4	 4	 2	sample16	4403	6661	4644	169350	0	
1	 4	 4	 3	sample16	5698	7830	5482	187616	0	
1	 4	 4	 4	sample16	3610	5676	3560	175610	0	
1	 4	 4	 5	sample16	2906	4956	2930	139400	0	
1	 4	 4	 6	control	6420	8542	7084	135808	0	
1	 5	 1	 1	sample17	8059	10381	9022	195048	0	
1	 5	 1	 2	sample17	8509	10981	9202	212592	0	
1	 5	 1	 3	sample17	7028	9524	7240	202176	0	
1	 5	 1	 4	sample17	5863	8277	6166	183464	0	
1	 5	 1	 5	sample17	4169	6669	4098	180000	0	
1	 5	 1	 6	control	926	3536	964	104400	0	
1	 5	 2	 1	sample18	3223	5363	3190	38520	0	
1	 5	 2	 2	sample18	3862	6196	3710	123702	0	
1	 5	 2	 3	sample18	3060	5372	3092	117912	0	
1	 5	 2	 4	sample18	2760	5028	2632	113400	0	
1	 5	 2	 5	sample18	2354	4680	2218	111648	0	
1	 5	 2	 6	control	9808	12208	11212	163200	0	
1	 5	 3	 1	sample19	8224	10158	9214	148918	0	
1	 5	 3	 2	sample19	7312	9302	7600	151240	0	
1	 5	 3	 3	sample19	7199	9137	7302	120156	0	
1	 5	 3	 4	sample19	5324	7272	5226	132464	0	
1	 5	 3	 5	sample19	3945	5791	3900	153218	0	
1	 5	 3	 6	control	141	2131	104	79600	0	
1	 5	 4	 1	sample20	3939	5619	4160	146160	0	
1	 5	 4	 2	sample20	3300	4976	3526	125700	0	
1	 5	 4	 3	sample20	3007	4675	2574	155124	0	
1	 5	 4	 4	sample20	2125	3783	2124	69636	0	
1	 5	 4	 5	sample20	1904	3624	1916	37840	0	
1	 5	 4	 6	control	5872	7634	6824	103958	0	
1	 6	 1	 1	sample21	8287	11395	8770	317016	0	
1	 6	 1	 2	sample21	10151	13151	10594	294000	0	
1	 6	 1	 3	sample21	8692	11612	9146	245280	0	
1	 6	 1	 4	sample21	7471	10185	7280	208978	0	
1	 6	 1	 5	sample21	5495	8067	5240	198044	0	
1	 6	 1	 6	control	484	3094	382	104400	0	
1	 6	 2	 1	sample22	12352	15006	12580	106160	0	
1	 6	 2	 2	sample22	13648	16404	14278	146068	0	
1	 6	 2	 3	sample22	9462	12054	9546	287712	0	
1	 6	 2	 4	sample22	9591	11967	9608	209088	0	
1	 6	 2	 5	sample22	8512	10884	8634	201620	0	
1	 6	 2	 6	control	9458	11746	10316	167024	0	
1	 6	 3	 1	sample23	4360	6496	4484	106800	0	
1	 6	 3	 2	sample23	3798	5906	3586	162316	0	
1	 6	 3	 3	sample23	3095	5231	3252	111072	0	
1	 6	 3	 4	sample23	2089	4179	2098	106590	0	
1	 6	 3	 5	sample23	1089	3143	1008	82160	0	
1	 6	 3	 6	control	420	2494	388	82960	0	
1	 6	 4	 1	sample24	3409	5223	2950	159632	0	
1	 6	 4	 2	sample24	2573	4365	2606	155904	0	
1	 6	 4	 3	sample24	2171	3997	2120	162514	0	
1	 6	 4	 4	sample24	1166	3036	1218	74800	0	
1	 6	 4	 5	sample24	1353	3165	1364	72480	0	
1	 6	 4	 6	control	7491	9381	8654	126630	0	
1	 7	 1	 1	sample25	6146	8792	6092	230202	0	
1	 7	 1	 2	sample25	7279	9945	7158	231942	0	
1	 7	 1	 3	sample25	6227	8823	5834	205084	0	
1	 7	 1	 4	sample25	4568	7130	4574	194712	0	
1	 7	 1	 5	sample25	4189	6689	4118	132500	0	
1	 7	 1	 6	control	544	3174	472	105200	0	
1	 7	 2	 1	sample26	3995	6495	3760	190000	0	
1	 7	 2	 2	sample26	6108	8532	6198	116352	0	
1	 7	 2	 3	sample26	5028	7420	5000	124384	0	
1	 7	 2	 4	sample26	3399	5793	3688	126882	0	
1	 7	 2	 5	sample26	3218	5602	3504	126352	0	
1	 7	 2	 6	control	8939	11345	10402	182856	0	
1	 7	 3	 1	sample27	5067	7327	4910	176280	0	
1	 7	 3	 2	sample27	5754	7960	5512	165450	0	
1	 7	 3	 3	sample27	4969	7099	4808	161880	0	
1	 7	 3	 4	sample27	3320	5344	3418	145728	0	
1	 7	 3	 5	sample27	3619	5611	3672	105576	0	
1	 7	 3	 6	control	590	2638	510	81920	0	
1	 7	 4	 1	sample28	6469	8401	6896	150696	0	
1	 7	 4	 2	sample28	5182	7216	5286	154584	0	
1	 7	 4	 3	sample28	5060	7034	5570	104622	0	
1	 7	 4	 4	sample28	3601	5403	3310	151368	0	
1	 7	 4	 5	sample28	1936	3702	1758	155408	0	
1	 7	 4	 6	control	5302	7070	5606	130832	0	
1	 8	 1	 1	sample29	7593	10147	8108	224752	0	
1	 8	 1	 2	sample29	9225	11875	10382	235850	0	
1	 8	 1	 3	sample29	8224	10858	8836	197550	0	
1	 8	 1	 4	sample29	6454	8980	6754	181872	0	
1	 8	 1	 5	sample29	5273	7627	5476	193028	0	
1	 8	 1	 6	control	233	2569	224	93440	0	
1	 8	 2	 1	sample30	4064	6522	3846	122900	0	
1	 8	 2	 2	sample30	4529	6879	4678	183300	0	
1	 8	 2	 3	sample30	4872	7136	4914	185648	0	
1	 8	 2	 4	sample30	3720	6076	3788	174344	0	
1	 8	 2	 5	sample30	3650	6082	3888	126464	0	
1	 8	 2	 6	control	8804	11032	9936	162644	0	
1	 8	 3	 1	sample31	5294	7412	5154	156732	0	
1	 8	 3	 2	sample31	6242	8322	6098	162240	0	
1	 8	 3	 3	sample31	5567	7635	5394	132352	0	
1	 8	 3	 4	sample31	3690	5714	3826	137632	0	
1	 8	 3	 5	sample31	3407	5457	3270	159900	0	
1	 8	 3	 6	control	171	2233	168	82480	0	
1	 8	 4	 1	sample32	3556	5390	3546	141218	0	
1	 8	 4	 2	sample32	2267	4119	2330	135196	0	
1	 8	 4	 3	sample32	3146	5032	2820	141450	0	
1	 8	 4	 4	sample32	1909	3783	1978	93700	0	
1	 8	 4	 5	sample32	1567	3473	1608	76240	0	
1	 8	 4	 6	control	4697	6505	4708	146448	0	
1	 9	 1	 1	sample33	2333	4127	2382	139932	0	
1	 9	 1	 2	sample33	2781	4463	2610	146334	0	
1	 9	 1	 3	sample33	2391	4225	2240	95368	0	
1	 9	 1	 4	sample33	1835	3707	1780	97344	0	
1	 9	 1	 5	sample33	1063	3013	1010	78000	0	
1	 9	 1	 6	control	382	2538	290	86240	0	
1	 9	 2	 1	sample34	3163	4907	3494	115104	0	
1	 9	 2	 2	sample34	5267	7029	4790	132150	0	
1	 9	 2	 3	sample34	4478	6356	4452	146484	0	
1	 9	 2	 4	sample34	4139	5989	4268	148000	0	
1	 9	 2	 5	sample34	3565	5559	3608	143568	0	
1	 9	 2	 6	control	8929	11039	9446	162470	0	
1	 9	 3	 1	sample35	4644	6220	4032	118200	0	
1	 9	 3	 2	sample35	3830	5488	3802	102796	0	
1	 9	 3	 3	sample35	3264	4946	3116	104284	0	
1	 9	 3	 4	sample35	2417	4061	2352	111792	0	
1	 9	 3	 5	sample35	2345	4045	2306	90100	0	
1	 9	 3	 6	control	447	2295	404	73920	0	
1	 9	 4	 1	sample36	4666	6016	4838	118800	0	
1	 9	 4	 2	sample36	4145	5517	3916	113876	0	
1	 9	 4	 3	sample36	5201	6597	5418	114472	0	
1	 9	 4	 4	sample36	3337	4797	3488	100740	0	
1	 9	 4	 5	sample36	2190	3774	2196	136224	0	
1	 9	 4	 6	control	6886	8488	7024	105732	0	
1	 10	 1	 1	sample37	3047	4835	2860	85824	0	
1	 10	 1	 2	sample37	7220	9052	7010	157552	0	
1	 10	 1	 3	sample37	5632	7552	5662	155520	0	
1	 10	 1	 4	sample37	4925	6871	4428	89516	0	
1	 10	 1	 5	sample37	4245	6155	4114	80220	0	
1	 10	 1	 6	control	321	2405	142	83360	0	
1	 10	 2	 1	sample38	5441	7211	4782	77880	0	
1	 10	 2	 2	sample38	7407	9279	7600	146016	0	
1	 10	 2	 3	sample38	7358	9270	7416	160608	0	
1	 10	 2	 4	sample38	6981	8805	6512	145920	0	
1	 10	 2	 5	sample38	6288	8206	5788	149604	0	
1	 10	 2	 6	control	8850	10894	8274	136948	0	
1	 10	 3	 1	sample39	6175	7621	6636	138816	0	
1	 10	 3	 2	sample39	5441	7111	6050	130260	0	
1	 10	 3	 3	sample39	5188	6858	5150	100200	0	
1	 10	 3	 4	sample39	2982	4682	2930	100300	0	
1	 10	 3	 5	sample39	2802	4646	2620	95888	0	
1	 10	 3	 6	control	516	2456	338	77600	0	
1	 10	 4	 1	sample40	3669	4917	3692	89856	0	
1	 10	 4	 2	sample40	3197	4489	3256	100776	0	
1	 10	 4	 3	sample40	5340	6846	5304	78312	0	
1	 10	 4	 4	sample40	2654	4286	2562	79968	0	
1	 10	 4	 5	sample40	2093	3889	2172	84412	0	
1	 10	 4	 6	control	6539	8587	6278	129024	0	
1	 11	 1	 1	sample41	7987	10149	8532	179446	0	
1	 11	 1	 2	sample41	7674	9892	8646	190748	0	
1	 11	 1	 3	sample41	6067	8159	5964	171544	0	
1	 11	 1	 4	sample41	5176	7190	5122	155078	0	
1	 11	 1	 5	sample41	4202	6130	3970	102184	0	
1	 11	 1	 6	control	249	2151	158	76080	0	
1	 11	 2	 1	sample42	5902	8056	5552	176628	0	
1	 11	 2	 2	sample42	6062	8236	6184	165224	0	
1	 11	 2	 3	sample42	6314	8452	5894	113314	0	
1	 11	 2	 4	sample42	6222	8298	6444	105876	0	
1	 11	 2	 5	sample42	4708	6796	4766	104400	0	
1	 11	 2	 6	control	8641	10767	10148	146694	0	
1	 11	 3	 1	sample43	6844	9006	7040	196742	0	
1	 11	 3	 2	sample43	7731	9885	7610	178782	0	
1	 11	 3	 3	sample43	7087	9129	7442	140898	0	
1	 11	 3	 4	sample43	5704	7624	6120	130560	0	
1	 11	 3	 5	sample43	5170	6888	4888	140876	0	
1	 11	 3	 6	control	80.4	1756	76	67040	0	
1	 11	 4	 1	sample44	12700	15036	13422	116800	0	
1	 11	 4	 2	sample44	8111	10311	8370	244200	0	
1	 11	 4	 3	sample44	7379	9395	8290	189504	0	
1	 11	 4	 4	sample44	6099	7825	6080	182956	0	
1	 11	 4	 5	sample44	5437	6865	5650	118524	0	
1	 11	 4	 6	control	7445	8735	7962	77400	0	
1	 12	 1	 1	sample45	5141	8185	5748	200904	0	
1	 12	 1	 2	sample45	5092	8086	5718	233532	0	
1	 12	 1	 3	sample45	5089	8075	5390	140342	0	
1	 12	 1	 4	sample45	3535	6411	3490	126544	0	
1	 12	 1	 5	sample45	2266	5006	2230	126040	0	
1	 12	 1	 6	control	446	3208	406	110480	0	
1	 12	 2	 1	sample46	6453	9559	6588	332342	0	
1	 12	 2	 2	sample46	7028	9936	6594	212284	0	
1	 12	 2	 3	sample46	6930	9746	7002	216832	0	
1	 12	 2	 4	sample46	6460	9130	6732	173550	0	
1	 12	 2	 5	sample46	5523	8111	5460	165632	0	
1	 12	 2	 6	control	8733	11253	9040	148680	0	
1	 12	 3	 1	sample47	7607	10201	7648	163422	0	
1	 12	 3	 2	sample47	6783	9281	6596	152378	0	
1	 12	 3	 3	sample47	7297	9691	7764	153216	0	
1	 12	 3	 4	sample47	4400	6714	4460	148096	0	
1	 12	 3	 5	sample47	4171	6271	3906	153300	0	
1	 12	 3	 6	control	416	2552	332	85440	0	
1	 12	 4	 1	sample48	3328	5584	2912	169200	0	
1	 12	 4	 2	sample48	2112	4218	2372	124254	0	
1	 12	 4	 3	sample48	2844	4894	2702	125050	0	
1	 12	 4	 4	sample48	2679	4603	2968	88504	0	
1	 12	 4	 5	sample48	1860	3816	1858	97800	0	
1	 12	 4	 6	control	8095	10137	8748	104142	0	
2	 1	 1	 1	sample49	7561	10467	7468	296412	0	
2	 1	 1	 2	sample49	7020	9814	6394	318516	0	
2	 1	 1	 3	sample49	7467	9791	7498	216132	0	
2	 1	 1	 4	sample49	5962	8182	6098	206460	0	
2	 1	 1	 5	sample49	5250	7292	5178	159276	0	
2	 1	 1	 6	control	282	2270	188	79520	0	
2	 1	 2	 1	sample50	8281	10657	7934	251856	0	
2	 1	 2	 2	sample50	8896	11238	8044	243568	0	
2	 1	 2	 3	sample50	9342	11622	9614	248520	0	
2	 1	 2	 4	sample50	9633	11775	10158	201348	0	
2	 1	 2	 5	sample50	8298	10460	8540	201066	0	
2	 1	 2	 6	control	8385	10491	8712	193752	0	
2	 1	 3	 1	sample51	3308	5288	3488	154440	0	
2	 1	 3	 2	sample51	4182	6148	4052	155314	0	
2	 1	 3	 3	sample51	3079	5053	3112	167790	0	
2	 1	 3	 4	sample51	2962	4902	3126	102820	0	
2	 1	 3	 5	sample51	1848	3782	1756	77360	0	
2	 1	 3	 6	control	2.05	2146	-157.99	85760	0	
2	 1	 4	 1	sample52	3708	5438	3528	152240	0	
2	 1	 4	 2	sample52	3386	5086	3114	147900	0	
2	 1	 4	 3	sample52	2724	4454	2676	91690	0	
2	 1	 4	 4	sample52	1967	3677	1766	68400	0	
2	 1	 4	 5	sample52	1094	2858	1096	70560	0	
2	 1	 4	 6	control	6081	7989	5734	160272	0	
2	 2	 1	 1	sample53	5123	7271	4902	169692	0	
2	 2	 1	 2	sample53	4593	6717	5150	163548	0	
2	 2	 1	 3	sample53	4083	6119	4422	148628	0	
2	 2	 1	 4	sample53	2778	4908	2592	164010	0	
2	 2	 1	 5	sample53	2549	4733	2686	115752	0	
2	 2	 1	 6	control	337	2693	210	94240	0	
2	 2	 2	 1	sample54	3007	5399	3286	157872	0	
2	 2	 2	 2	sample54	3388	5706	3472	162260	0	
2	 2	 2	 3	sample54	3916	6062	3818	160950	0	
2	 2	 2	 4	sample54	3352	5574	3354	151096	0	
2	 2	 2	 5	sample54	3147	5467	3256	109040	0	
2	 2	 2	 6	control	9592	12082	11016	184260	0	
2	 2	 3	 1	sample55	5201	7831	5200	186730	0	
2	 2	 3	 2	sample55	6426	8976	6250	181050	0	
2	 2	 3	 3	sample55	4007	6427	3954	157300	0	
2	 2	 3	 4	sample55	2894	5220	3064	139560	0	
2	 2	 3	 5	sample55	2509	4771	2486	115362	0	
2	 2	 3	 6	control	50.1	2476	36	97040	0	
2	 2	 4	 1	sample56	7548	9830	6970	251020	0	
2	 2	 4	 2	sample56	7632	9878	8024	211124	0	
2	 2	 4	 3	sample56	5587	7883	5628	245672	0	
2	 2	 4	 4	sample56	3245	5461	3172	248192	0	
2	 2	 4	 5	sample56	3240	5358	3276	254160	0	
2	 2	 4	 6	control	3830	5872	3054	189906	0	
2	 3	 1	 1	sample57	4694	7194	4946	207500	0	
2	 3	 1	 2	sample57	5423	7743	5598	192560	0	
2	 3	 1	 3	sample57	4528	6608	4322	189280	0	
2	 3	 1	 4	sample57	2952	4980	3180	81120	0	
2	 3	 1	 5	sample57	2724	4636	2710	89864	0	
2	 3	 1	 6	control	393	2247	374	74160	0	
2	 3	 2	 1	sample58	7384	10108	8056	220644	0	
2	 3	 2	 2	sample58	9167	11563	9836	198868	0	
2	 3	 2	 3	sample58	7937	10247	7730	196350	0	
2	 3	 2	 4	sample58	7410	9640	7718	182860	0	
2	 3	 2	 5	sample58	5638	7924	5690	189738	0	
2	 3	 2	 6	control	9753	11873	11796	165360	0	
2	 3	 3	 1	sample59	8542	10984	9228	200244	0	
2	 3	 3	 2	sample59	7624	9864	7486	203840	0	
2	 3	 3	 3	sample59	5995	8103	6038	155992	0	
2	 3	 3	 4	sample59	4688	6802	4432	173348	0	
2	 3	 3	 5	sample59	4827	6857	5136	103530	0	
2	 3	 3	 6	control	151	2195	154	81760	0	
2	 3	 4	 1	sample60	5470	7462	5906	187248	0	
2	 3	 4	 2	sample60	3794	5746	3886	142496	0	
2	 3	 4	 3	sample60	3050	4914	3184	158440	0	
2	 3	 4	 4	sample60	1422	3274	1240	74080	0	
2	 3	 4	 5	sample60	1306	3076	1116	70800	0	
2	 3	 4	 6	control	3540	5268	3116	158976	0	
2	 4	 1	 1	sample61	5196	7570	5546	182798	0	
2	 4	 1	 2	sample61	6305	8743	6344	192602	0	
2	 4	 1	 3	sample61	4917	7407	5282	189240	0	
2	 4	 1	 4	sample61	3210	5644	3044	184984	0	
2	 4	 1	 5	sample61	2924	5368	3000	117312	0	
2	 4	 1	 6	control	384	2882	342	99920	0	
2	 4	 2	 1	sample62	3910	6444	3838	184982	0	
2	 4	 2	 2	sample62	3862	6432	3924	172190	0	
2	 4	 2	 3	sample62	3221	5799	3350	193350	0	
2	 4	 2	 4	sample62	2894	5450	3076	125244	0	
2	 4	 2	 5	sample62	2373	4997	2330	123328	0	
2	 4	 2	 6	control	10898	13534	13192	176612	0	
2	 4	 3	 1	sample63	8383	11069	9718	201450	0	
2	 4	 3	 2	sample63	8456	11174	8582	201132	0	
2	 4	 3	 3	sample63	7264	10096	7202	186912	0	
2	 4	 3	 4	sample63	6049	8783	6188	185912	0	
2	 4	 3	 5	sample63	4914	7606	4106	212668	0	
2	 4	 3	 6	control	122	2972	54	114000	0	
2	 4	 4	 1	sample64	6106	8378	6468	154496	0	
2	 4	 4	 2	sample64	4337	6789	4546	186352	0	
2	 4	 4	 3	sample64	3587	6167	3784	136740	0	
2	 4	 4	 4	sample64	1124	3690	948	102640	0	
2	 4	 4	 5	sample64	1320	4040	1352	108800	0	
2	 4	 4	 6	control	5156	8120	5098	142272	0	
2	 5	 1	 1	sample65	3785	5977	3730	168784	0	
2	 5	 1	 2	sample65	4837	6979	4754	167076	0	
2	 5	 1	 3	sample65	4210	6300	4544	163020	0	
2	 5	 1	 4	sample65	2860	5016	2908	109956	0	
2	 5	 1	 5	sample65	2017	4187	1896	93310	0	
2	 5	 1	 6	control	511	2683	458	86880	0	
2	 5	 2	 1	sample66	5534	7868	5570	165714	0	
2	 5	 2	 2	sample66	6575	8987	5974	178488	0	
2	 5	 2	 3	sample66	5075	7409	4778	189054	0	
2	 5	 2	 4	sample66	4927	7197	4248	172520	0	
2	 5	 2	 5	sample66	3716	5918	3446	173958	0	
2	 5	 2	 6	control	8977	11171	9548	155774	0	
2	 5	 3	 1	sample67	6322	8862	6478	187960	0	
2	 5	 3	 2	sample67	5165	7755	4928	196840	0	
2	 5	 3	 3	sample67	4852	7318	5172	120834	0	
2	 5	 3	 4	sample67	3225	5551	3192	118626	0	
2	 5	 3	 5	sample67	2445	4649	2598	114608	0	
2	 5	 3	 6	control	378	2546	180	86720	0	
2	 5	 4	 1	sample68	15832	18540	16450	129984	0	
2	 5	 4	 2	sample68	9409	11989	9682	229620	0	
2	 5	 4	 3	sample68	13846	16488	14212	132100	0	
2	 5	 4	 4	sample68	8395	10671	8058	238980	0	
2	 5	 4	 5	sample68	6120	8246	5994	201970	0	
2	 5	 4	 6	control	3247	5441	2808	114088	0	
2	 6	 1	 1	sample69	4896	6742	4620	140296	0	
2	 6	 1	 2	sample69	4596	6368	4712	152392	0	
2	 6	 1	 3	sample69	4184	6050	4332	145548	0	
2	 6	 1	 4	sample69	3274	5180	3616	85770	0	
2	 6	 1	 5	sample69	2435	4331	2156	81528	0	
2	 6	 1	 6	control	918	2842	994	76960	0	
2	 6	 2	 1	sample70	5264	7152	5124	128384	0	
2	 6	 2	 2	sample70	5292	7084	5428	136192	0	
2	 6	 2	 3	sample70	4499	6327	4616	137100	0	
2	 6	 2	 4	sample70	4135	5923	4272	71520	0	
2	 6	 2	 5	sample70	3563	5263	3590	83300	0	
2	 6	 2	 6	control	9733	11483	10630	115500	0	
2	 6	 3	 1	sample71	7465	9467	7594	138138	0	
2	 6	 3	 2	sample71	6977	8765	7362	132312	0	
2	 6	 3	 3	sample71	6262	7980	5826	127132	0	
2	 6	 3	 4	sample71	4470	6142	4644	115368	0	
2	 6	 3	 5	sample71	3317	4903	3052	104676	0	
2	 6	 3	 6	control	288	1862	196	62960	0	
2	 6	 4	 1	sample72	11357	13197	11290	92000	0	
2	 6	 4	 2	sample72	5424	7056	5942	138720	0	
2	 6	 4	 3	sample72	6005	7649	6488	133164	0	
2	 6	 4	 4	sample72	3022	4546	3168	112776	0	
2	 6	 4	 5	sample72	2541	4027	2734	92132	0	
2	 6	 4	 6	control	3127	4599	2704	75072	0	
2	 7	 1	 1	sample73	8700	11398	8312	304874	0	
2	 7	 1	 2	sample73	10820	13506	12312	244426	0	
2	 7	 1	 3	sample73	10239	12805	11304	207846	0	
2	 7	 1	 4	sample73	8746	11338	9310	189216	0	
2	 7	 1	 5	sample73	7343	9903	7608	197120	0	
2	 7	 1	 6	control	984	3602	966	104720	0	
2	 7	 2	 1	sample74	4143	6571	4088	106832	0	
2	 7	 2	 2	sample74	4590	7030	4866	163480	0	
2	 7	 2	 3	sample74	3965	6349	3858	188336	0	
2	 7	 2	 4	sample74	4367	6825	4042	117984	0	
2	 7	 2	 5	sample74	2581	5125	2488	124656	0	
2	 7	 2	 6	control	10043	12539	10608	177216	0	
2	 7	 3	 1	sample75	649	2851	576	88080	0	
2	 7	 3	 2	sample75	1068	3306	964	89520	0	
2	 7	 3	 3	sample75	2485	4749	2492	90560	0	
2	 7	 3	 4	sample75	1475	3749	1432	90960	0	
2	 7	 3	 5	sample75	1475	3757	1394	91280	0	
2	 7	 3	 6	control	493	2843	536	94000	0	
2	 7	 4	 1	sample76	7831	9903	7790	149184	0	
2	 7	 4	 2	sample76	6207	8313	5756	160056	0	
2	 7	 4	 3	sample76	4669	6843	4470	178268	0	
2	 7	 4	 4	sample76	2343	4559	2312	113016	0	
2	 7	 4	 5	sample76	1585	3725	1612	85600	0	
2	 7	 4	 6	control	5356	7538	4926	87280	0	
2	 8	 1	 1	sample77	10739	13277	11996	220806	0	
2	 8	 1	 2	sample77	12140	14566	14366	213488	0	
2	 8	 1	 3	sample77	10729	13137	12098	192640	0	
2	 8	 1	 4	sample77	8884	11158	8506	175098	0	
2	 8	 1	 5	sample77	7004	9194	6910	168630	0	
2	 8	 1	 6	control	221	2421	226	88000	0	
2	 8	 2	 1	sample78	4860	7230	4834	165900	0	
2	 8	 2	 2	sample78	5011	7423	5174	178488	0	
2	 8	 2	 3	sample78	4386	6724	4294	196392	0	
2	 8	 2	 4	sample78	4405	6697	4456	119184	0	
2	 8	 2	 5	sample78	3218	5554	3200	105120	0	
2	 8	 2	 6	control	9041	11311	9304	149820	0	
2	 8	 3	 1	sample79	8730	10940	9160	163540	0	
2	 8	 3	 2	sample79	6600	8922	6644	167184	0	
2	 8	 3	 3	sample79	6105	8365	5912	155940	0	
2	 8	 3	 4	sample79	5498	7672	5620	154354	0	
2	 8	 3	 5	sample79	4505	6703	4272	116494	0	
2	 8	 3	 6	control	384	2684	366	92000	0	
2	 8	 4	 1	sample80	3910	5916	4134	152456	0	
2	 8	 4	 2	sample80	3859	5989	4168	104370	0	
2	 8	 4	 3	sample80	3753	5855	4184	107202	0	
2	 8	 4	 4	sample80	1501	3585	1502	83360	0	
2	 8	 4	 5	sample80	1153	3267	956	84560	0	
2	 8	 4	 6	control	3655	5809	3958	161550	0	
2	 9	 1	 1	sample81	7346	9206	7476	133920	0	
2	 9	 1	 2	sample81	6013	7899	6574	141450	0	
2	 9	 1	 3	sample81	5230	7154	5234	155844	0	
2	 9	 1	 4	sample81	3528	5448	3476	142080	0	
2	 9	 1	 5	sample81	3056	5084	3066	99372	0	
2	 9	 1	 6	control	945	2971	1072	81040	0	
2	 9	 2	 1	sample82	5223	7309	5572	135590	0	
2	 9	 2	 2	sample82	7812	9930	8038	152496	0	
2	 9	 2	 3	sample82	7574	9732	7420	148902	0	
2	 9	 2	 4	sample82	6391	8471	6664	149760	0	
2	 9	 2	 5	sample82	4998	7128	4666	151230	0	
2	 9	 2	 6	control	10191	12317	11670	153072	0	
2	 9	 3	 1	sample83	7702	9662	8814	156800	0	
2	 9	 3	 2	sample83	8216	10226	8438	144720	0	
2	 9	 3	 3	sample83	6821	8829	6934	140560	0	
2	 9	 3	 4	sample83	4894	6828	5408	117974	0	
2	 9	 3	 5	sample83	4376	6338	4416	127530	0	
2	 9	 3	 6	control	414	2368	406	78160	0	
2	 9	 4	 1	sample84	7309	9151	7510	154728	0	
2	 9	 4	 2	sample84	7592	9442	7932	125800	0	
2	 9	 4	 3	sample84	5499	7325	5786	151558	0	
2	 9	 4	 4	sample84	5827	7601	6124	120632	0	
2	 9	 4	 5	sample84	3290	5126	3506	110160	0	
2	 9	 4	 6	control	5769	7633	5896	126752	0	
2	 10	 1	 1	sample85	10545	12725	9878	111180	0	
2	 10	 1	 2	sample85	9361	11491	10380	185310	0	
2	 10	 1	 3	sample85	9046	11120	9360	163846	0	
2	 10	 1	 4	sample85	6661	8733	6850	151256	0	
2	 10	 1	 5	sample85	5604	7750	5872	158804	0	
2	 10	 1	 6	control	477	2679	328	88080	0	
2	 10	 2	 1	sample86	4323	6411	4384	150336	0	
2	 10	 2	 2	sample86	5030	7062	4866	191008	0	
2	 10	 2	 3	sample86	4655	6649	4544	147556	0	
2	 10	 2	 4	sample86	3716	5790	3478	153476	0	
2	 10	 2	 5	sample86	3256	5502	3260	110054	0	
2	 10	 2	 6	control	8647	11021	8704	149562	0	
2	 10	 3	 1	sample87	4383	6301	4228	134260	0	
2	 10	 3	 2	sample87	3620	5542	3192	144150	0	
2	 10	 3	 3	sample87	2917	4797	2810	144760	0	
2	 10	 3	 4	sample87	1763	3653	1718	75600	0	
2	 10	 3	 5	sample87	2834	4970	3032	32040	0	
2	 10	 3	 6	control	382	2628	312	89840	0	
2	 10	 4	 1	sample88	9638	11364	10064	86300	0	
2	 10	 4	 2	sample88	4856	6608	4942	126144	0	
2	 10	 4	 3	sample88	5609	7389	6024	144180	0	
2	 10	 4	 4	sample88	4991	6769	5130	135128	0	
2	 10	 4	 5	sample88	3676	5550	4160	133054	0	
2	 10	 4	 6	control	6346	8340	6900	115652	0	
2	 11	 1	 1	sample89	9914	12042	11150	187264	0	
2	 11	 1	 2	sample89	9485	11597	9474	196416	0	
2	 11	 1	 3	sample89	8479	10605	8724	189214	0	
2	 11	 1	 4	sample89	6192	8186	5950	161514	0	
2	 11	 1	 5	sample89	5373	7133	4858	151360	0	
2	 11	 1	 6	control	244	2036	252	71680	0	
2	 11	 2	 1	sample90	8630	11116	9144	236170	0	
2	 11	 2	 2	sample90	8452	11012	9184	212480	0	
2	 11	 2	 3	sample90	8539	10997	8584	228594	0	
2	 11	 2	 4	sample90	7630	9800	8054	182280	0	
2	 11	 2	 5	sample90	6876	8862	7020	180726	0	
2	 11	 2	 6	control	10171	12131	11288	135240	0	
2	 11	 3	 1	sample91	5944	8196	6030	195924	0	
2	 11	 3	 2	sample91	5405	7675	5212	190680	0	
2	 11	 3	 3	sample91	4128	6254	4204	182836	0	
2	 11	 3	 4	sample91	3415	5415	3366	104000	0	
2	 11	 3	 5	sample91	2475	4369	2464	100382	0	
2	 11	 3	 6	control	-19.34	1795	-115.99	72560	0	
2	 11	 4	 1	sample92	5700	7664	6616	155156	0	
2	 11	 4	 2	sample92	6810	8758	6854	151944	0	
2	 11	 4	 3	sample92	6104	7938	6158	150388	0	
2	 11	 4	 4	sample92	4837	6515	4758	142630	0	
2	 11	 4	 5	sample92	2778	4484	2886	117714	0	
2	 11	 4	 6	control	7922	9504	8546	104412	0	
2	 12	 1	 1	sample93	6500	8838	6670	163660	0	
2	 12	 1	 2	sample93	6488	8758	6894	161170	0	
2	 12	 1	 3	sample93	5111	7333	5200	146652	0	
2	 12	 1	 4	sample93	3962	6074	3636	90816	0	
2	 12	 1	 5	sample93	2570	4608	2518	140622	0	
2	 12	 1	 6	control	120	2242	74	84880	0	
2	 12	 2	 1	sample94	6852	9376	7274	171632	0	
2	 12	 2	 2	sample94	8996	11458	10392	150182	0	
2	 12	 2	 3	sample94	8223	10585	8054	158254	0	
2	 12	 2	 4	sample94	7510	9808	7088	156264	0	
2	 12	 2	 5	sample94	6104	8304	6332	147400	0	
2	 12	 2	 6	control	9699	11863	10888	116856	0	
2	 12	 3	 1	sample95	6553	8841	6060	148720	0	
2	 12	 3	 2	sample95	4628	6896	4988	154224	0	
2	 12	 3	 3	sample95	5911	8131	5836	126540	0	
2	 12	 3	 4	sample95	4512	6668	4308	127204	0	
2	 12	 3	 5	sample95	2874	4948	3030	132736	0	
2	 12	 3	 6	control	214	2348	160	85360	0	
2	 12	 4	 1	sample96	4075	6117	4038	124562	0	
2	 12	 4	 2	sample96	3035	5075	3186	77520	0	
2	 12	 4	 3	sample96	2249	4333	2512	116704	0	
2	 12	 4	 4	sample96	1883	3885	1882	88088	0	
2	 12	 4	 5	sample96	998	3030	950	81280	0	
2	 12	 4	 6	control	8646	10776	10178	102240	0	
3	 1	 1	 1	sample97	6708	9978	6832	372780	0	
3	 1	 1	 2	sample97	7789	10607	6972	433972	0	
3	 1	 1	 3	sample97	6467	8999	7108	217752	0	
3	 1	 1	 4	sample97	5533	7947	5804	207604	0	
3	 1	 1	 5	sample97	4215	6607	4242	198536	0	
3	 1	 1	 6	control	243	2585	192	93680	0	
3	 1	 2	 1	sample98	9065	12647	8964	404766	0	
3	 1	 2	 2	sample98	9307	12503	10336	357952	0	
3	 1	 2	 3	sample98	6305	9323	6618	247476	0	
3	 1	 2	 4	sample98	8352	11458	9484	279540	0	
3	 1	 2	 5	sample98	7824	10382	8600	253242	0	
3	 1	 2	 6	control	7384	10018	7934	215988	0	
3	 1	 3	 1	sample99	8323	11379	8828	281152	0	
3	 1	 3	 2	sample99	8977	12397	9516	246240	0	
3	 1	 3	 3	sample99	8635	11791	9714	230388	0	
3	 1	 3	 4	sample99	6999	10319	7324	265600	0	
3	 1	 3	 5	sample99	7032	9680	7426	267448	0	
3	 1	 3	 6	control	-53.54	2446	-37.99	100000	0	
3	 1	 4	 1	sample100	10013	12395	9706	114336	0	
3	 1	 4	 2	sample100	7523	9871	7838	281760	0	
3	 1	 4	 3	sample100	6451	8891	6382	275720	0	
3	 1	 4	 4	sample100	5518	8246	5622	144584	0	
3	 1	 4	 5	sample100	3363	6423	3410	122400	0	
3	 1	 4	 6	control	3183	5271	3340	177480	0	
3	 2	 1	 1	sample101	7220	9896	7544	248868	0	
3	 2	 1	 2	sample101	7415	9937	7826	221936	0	
3	 2	 1	 3	sample101	5480	7872	5278	212888	0	
3	 2	 1	 4	sample101	3826	6206	4104	195160	0	
3	 2	 1	 5	sample101	4043	6295	4080	114852	0	
3	 2	 1	 6	control	201	2385	192	87360	0	
3	 2	 2	 1	sample102	5670	8672	5768	222148	0	
3	 2	 2	 2	sample102	5387	8051	5790	210456	0	
3	 2	 2	 3	sample102	4627	7181	4422	219644	0	
3	 2	 2	 4	sample102	4169	6693	4242	133772	0	
3	 2	 2	 5	sample102	3043	5567	3284	133772	0	
3	 2	 2	 6	control	10437	12729	11412	181068	0	
3	 2	 3	 1	sample103	8769	11983	9360	353540	0	
3	 2	 3	 2	sample103	8254	11242	7570	301788	0	
3	 2	 3	 3	sample103	8352	10992	9444	216480	0	
3	 2	 3	 4	sample103	7544	10084	7578	210820	0	
3	 2	 3	 5	sample103	5837	8211	6604	213660	0	
3	 2	 3	 6	control	172	2490	136	92720	0	
3	 2	 4	 1	sample104	5893	8469	5776	234416	0	
3	 2	 4	 2	sample104	5187	7701	5160	223746	0	
3	 2	 4	 3	sample104	4273	6583	4164	221760	0	
3	 2	 4	 4	sample104	2126	4278	2150	90384	0	
3	 2	 4	 5	sample104	1497	3621	1522	84960	0	
3	 2	 4	 6	control	4541	6619	4314	162084	0	
3	 3	 1	 1	sample105	5879	8083	5774	200564	0	
3	 3	 1	 2	sample105	7108	9222	7722	186032	0	
3	 3	 1	 3	sample105	5509	7531	5540	161760	0	
3	 3	 1	 4	sample105	3601	5649	3184	155648	0	
3	 3	 1	 5	sample105	2686	4912	2808	89040	0	
3	 3	 1	 6	control	474	2890	350	96640	0	
3	 3	 2	 1	sample106	4312	6438	4204	163702	0	
3	 3	 2	 2	sample106	4052	6210	3536	183430	0	
3	 3	 2	 3	sample106	4201	6301	3998	178500	0	
3	 3	 2	 4	sample106	3284	5422	3438	113314	0	
3	 3	 2	 5	sample106	2329	4649	2348	92800	0	
3	 3	 2	 6	control	9397	11779	9154	173886	0	
3	 3	 3	 1	sample107	2993	5063	3154	146970	0	
3	 3	 3	 2	sample107	2686	4720	2568	158652	0	
3	 3	 3	 3	sample107	2869	4833	3056	88380	0	
3	 3	 3	 4	sample107	1839	3851	1820	88528	0	
3	 3	 3	 5	sample107	1711	3845	1808	46948	0	
3	 3	 3	 6	control	69.5	2341	0	90880	0	
3	 3	 4	 1	sample108	4820	6894	4532	182512	0	
3	 3	 4	 2	sample108	3103	5149	3200	169818	0	
3	 3	 4	 3	sample108	2852	4834	2488	188290	0	
3	 3	 4	 4	sample108	1255	3225	1222	78800	0	
3	 3	 4	 5	sample108	763	2893	716	85200	0	
3	 3	 4	 6	control	4071	6295	4108	117872	0	
3	 4	 1	 1	sample109	9993	13075	10344	274298	0	
3	 4	 1	 2	sample109	12495	15523	12840	251324	0	
3	 4	 1	 3	sample109	10552	13584	10992	242560	0	
3	 4	 1	 4	sample109	8012	11028	8300	232232	0	
3	 4	 1	 5	sample109	6923	9873	7310	230100	0	
3	 4	 1	 6	control	433	3569	440	125440	0	
3	 4	 2	 1	sample110	2277	5249	2142	118880	0	
3	 4	 2	 2	sample110	2710	5722	2854	147588	0	
3	 4	 2	 3	sample110	2580	5582	2570	156104	0	
3	 4	 2	 4	sample110	1285	4305	1232	120800	0	
3	 4	 2	 5	sample110	1090	4078	1010	119520	0	
3	 4	 2	 6	control	9112	12056	8126	214912	0	
3	 4	 3	 1	sample111	4474	7450	4412	208320	0	
3	 4	 3	 2	sample111	6702	9674	7462	216956	0	
3	 4	 3	 3	sample111	5300	8248	5742	218152	0	
3	 4	 3	 4	sample111	4651	7493	4468	201782	0	
3	 4	 3	 5	sample111	4327	7081	4636	145962	0	
3	 4	 3	 6	control	273	3073	272	112000	0	
3	 4	 4	 1	sample112	7994	10878	8102	207648	0	
3	 4	 4	 2	sample112	5650	8506	5576	265608	0	
3	 4	 4	 3	sample112	5968	8860	6102	242928	0	
3	 4	 4	 4	sample112	3525	6273	3448	140148	0	
3	 4	 4	 5	sample112	1925	4619	1880	107760	0	
3	 4	 4	 6	control	4187	6853	3716	186620	0	
3	 5	 1	 1	sample113	6247	8829	6454	260782	0	
3	 5	 1	 2	sample113	9691	12251	10522	222720	0	
3	 5	 1	 3	sample113	7931	10521	7896	202020	0	
3	 5	 1	 4	sample113	6070	8544	6312	188024	0	
3	 5	 1	 5	sample113	4729	7167	5144	173098	0	
3	 5	 1	 6	control	525	2983	526	98320	0	
3	 5	 2	 1	sample114	5300	7842	5246	200818	0	
3	 5	 2	 2	sample114	6326	8806	6510	190960	0	
3	 5	 2	 3	sample114	5086	7604	5070	206476	0	
3	 5	 2	 4	sample114	3889	6301	3840	168840	0	
3	 5	 2	 5	sample114	3575	6029	3724	127608	0	
3	 5	 2	 6	control	9454	11840	10638	181336	0	
3	 5	 3	 1	sample115	5900	8298	5984	172656	0	
3	 5	 3	 2	sample115	4945	7389	5206	212628	0	
3	 5	 3	 3	sample115	4080	6452	3912	182644	0	
3	 5	 3	 4	sample115	2281	4559	2106	184518	0	
3	 5	 3	 5	sample115	2927	5069	2908	107100	0	
3	 5	 3	 6	control	186	2522	22	93440	0	
3	 5	 4	 1	sample116	5425	7695	5862	190680	0	
3	 5	 4	 2	sample116	5525	7801	6058	316364	0	
3	 5	 4	 3	sample116	3564	5896	3650	191224	0	
3	 5	 4	 4	sample116	1497	3721	1478	88960	0	
3	 5	 4	 5	sample116	1350	3524	1336	86960	0	
3	 5	 4	 6	control	3964	6150	4096	166136	0	
3	 6	 1	 1	sample117	7358	9322	7692	147300	0	
3	 6	 1	 2	sample117	9096	10986	9186	145530	0	
3	 6	 1	 3	sample117	7221	9157	7088	145200	0	
3	 6	 1	 4	sample117	4808	6572	5028	137592	0	
3	 6	 1	 5	sample117	4655	6509	4896	135342	0	
3	 6	 1	 6	control	1040	3006	1126	78640	0	
3	 6	 2	 1	sample118	2995	4877	3008	65870	0	
3	 6	 2	 2	sample118	6142	8042	6476	134900	0	
3	 6	 2	 3	sample118	6861	8695	6992	141218	0	
3	 6	 2	 4	sample118	4573	6507	4390	135380	0	
3	 6	 2	 5	sample118	3714	5614	3832	138700	0	
3	 6	 2	 6	control	9934	12014	10536	126880	0	
3	 6	 3	 1	sample119	3450	5146	3048	135680	0	
3	 6	 3	 2	sample119	3843	5623	3598	113920	0	
3	 6	 3	 3	sample119	2762	4606	2722	86668	0	
3	 6	 3	 4	sample119	1827	3643	1904	85352	0	
3	 6	 3	 5	sample119	1586	3432	1570	88608	0	
3	 6	 3	 6	control	788	2786	726	79920	0	
3	 6	 4	 1	sample120	7916	9700	8382	80280	0	
3	 6	 4	 2	sample120	7109	8763	6970	124050	0	
3	 6	 4	 3	sample120	5143	6819	5682	132404	0	
3	 6	 4	 4	sample120	3708	5420	3928	114704	0	
3	 6	 4	 5	sample120	3194	4806	3132	24180	0	
3	 6	 4	 6	control	4319	6227	4410	110664	0	
3	 7	 1	 1	sample121	12452	15054	12658	117090	0	
3	 7	 1	 2	sample121	10459	13073	11516	240488	0	
3	 7	 1	 3	sample121	9387	11921	10420	197652	0	
3	 7	 1	 4	sample121	7495	10001	8186	180432	0	
3	 7	 1	 5	sample121	6539	8991	6854	178996	0	
3	 7	 1	 6	control	1400	3954	1332	102160	0	
3	 7	 2	 1	sample122	4189	6753	4310	184608	0	
3	 7	 2	 2	sample122	3930	6680	3762	203500	0	
3	 7	 2	 3	sample122	3820	6414	3886	137482	0	
3	 7	 2	 4	sample122	2622	5266	2834	140132	0	
3	 7	 2	 5	sample122	2144	4708	2008	128200	0	
3	 7	 2	 6	control	9027	11607	10420	188340	0	
3	 7	 3	 1	sample123	12749	15313	12544	102560	0	
3	 7	 3	 2	sample123	9317	11893	11300	226688	0	
3	 7	 3	 3	sample123	8273	10749	9364	175796	0	
3	 7	 3	 4	sample123	6644	9112	7394	180164	0	
3	 7	 3	 5	sample123	5566	8022	5844	196480	0	
3	 7	 3	 6	control	325	2817	230	99680	0	
3	 7	 4	 1	sample124	6529	8919	7286	176860	0	
3	 7	 4	 2	sample124	4274	6642	4464	184704	0	
3	 7	 4	 3	sample124	3492	5910	3194	234546	0	
3	 7	 4	 4	sample124	2427	4867	2394	119560	0	
3	 7	 4	 5	sample124	1525	3953	1546	97120	0	
3	 7	 4	 6	control	5624	8078	5658	174234	0	
3	 8	 1	 1	sample125	12737	15419	13008	139464	0	
3	 8	 1	 2	sample125	10673	13361	12084	268800	0	
3	 8	 1	 3	sample125	9789	12417	10626	210240	0	
3	 8	 1	 4	sample125	7754	10350	8508	202488	0	
3	 8	 1	 5	sample125	7123	9613	7280	214140	0	
3	 8	 1	 6	control	332	2630	358	91920	0	
3	 8	 2	 1	sample126	7929	10727	8528	218244	0	
3	 8	 2	 2	sample126	9225	12079	9758	219758	0	
3	 8	 2	 3	sample126	8743	11573	8980	254700	0	
3	 8	 2	 4	sample126	8016	10730	8096	222548	0	
3	 8	 2	 5	sample126	7319	9921	7502	205558	0	
3	 8	 2	 6	control	9915	12485	11134	195320	0	
3	 8	 3	 1	sample127	5113	7781	5300	234784	0	
3	 8	 3	 2	sample127	6135	8879	6270	211288	0	
3	 8	 3	 3	sample127	4572	7274	4508	186438	0	
3	 8	 3	 4	sample127	3836	6430	3700	194550	0	
3	 8	 3	 5	sample127	3057	5557	2840	192500	0	
3	 8	 3	 6	control	104	2534	148	97200	0	
3	 8	 4	 1	sample128	12916	15622	13382	143418	0	
3	 8	 4	 2	sample128	7362	9982	8534	220080	0	
3	 8	 4	 3	sample128	8001	10621	8410	254140	0	
3	 8	 4	 4	sample128	5872	8474	6412	202956	0	
3	 8	 4	 5	sample128	4975	7437	5428	192036	0	
3	 8	 4	 6	control	4927	7299	5248	203992	0	
3	 9	 1	 1	sample129	2943	5229	2968	196596	0	
3	 9	 1	 2	sample129	5179	7313	5126	168586	0	
3	 9	 1	 3	sample129	3641	5781	3590	154080	0	
3	 9	 1	 4	sample129	2779	4905	3042	110552	0	
3	 9	 1	 5	sample129	1710	3822	1740	101376	0	
3	 9	 1	 6	control	695	2815	626	84800	0	
3	 9	 2	 1	sample130	10119	12645	10434	128826	0	
3	 9	 2	 2	sample130	9693	12125	10032	170240	0	
3	 9	 2	 3	sample130	9576	11854	9390	202742	0	
3	 9	 2	 4	sample130	7821	10127	8692	193704	0	
3	 9	 2	 5	sample130	7793	9961	7618	156096	0	
3	 9	 2	 6	control	8832	11060	9558	164872	0	
3	 9	 3	 1	sample131	4087	6509	4158	174384	0	
3	 9	 3	 2	sample131	4774	7180	4890	168420	0	
3	 9	 3	 3	sample131	3947	6271	4126	113876	0	
3	 9	 3	 4	sample131	3143	5411	3350	111132	0	
3	 9	 3	 5	sample131	2512	4702	2692	111690	0	
3	 9	 3	 6	control	383	2435	286	82080	0	
3	 9	 4	 1	sample132	9716	12100	10488	114432	0	
3	 9	 4	 2	sample132	7508	9920	7454	224316	0	
3	 9	 4	 3	sample132	8270	10542	8148	254464	0	
3	 9	 4	 4	sample132	6268	8470	6840	180564	0	
3	 9	 4	 5	sample132	4102	6304	4252	160746	0	
3	 9	 4	 6	control	5953	7891	5386	125970	0	
3	 10	 1	 1	sample133	8156	10372	8870	110800	0	
3	 10	 1	 2	sample133	8933	11147	9198	188190	0	
3	 10	 1	 3	sample133	6597	8697	6384	174300	0	
3	 10	 1	 4	sample133	5441	7441	5318	154000	0	
3	 10	 1	 5	sample133	4604	6660	4332	150088	0	
3	 10	 1	 6	control	508	2658	374	86000	0	
3	 10	 2	 1	sample134	5627	7875	5338	164104	0	
3	 10	 2	 2	sample134	5889	8163	6132	177372	0	
3	 10	 2	 3	sample134	5416	7612	5646	177876	0	
3	 10	 2	 4	sample134	4458	6476	4146	157404	0	
3	 10	 2	 5	sample134	4085	6279	3718	157968	0	
3	 10	 2	 6	control	8549	10709	8612	151200	0	
3	 10	 3	 1	sample135	7056	9046	7262	87560	0	
3	 10	 3	 2	sample135	5990	8124	5516	170720	0	
3	 10	 3	 3	sample135	4295	6347	4342	145692	0	
3	 10	 3	 4	sample135	3700	5650	3442	115050	0	
3	 10	 3	 5	sample135	3357	5277	3234	157440	0	
3	 10	 3	 6	control	280	2274	294	79760	0	
3	 10	 4	 1	sample136	1409	3347	1466	77520	0	
3	 10	 4	 2	sample136	1232	3086	1222	74160	0	
3	 10	 4	 3	sample136	1012	2904	984	75680	0	
3	 10	 4	 4	sample136	785	2571	742	71440	0	
3	 10	 4	 5	sample136	822	2684	654	74480	0	
3	 10	 4	 6	control	5449	7411	5354	119682	0	
3	 11	 1	 1	sample137	9601	12029	10304	191812	0	
3	 11	 1	 2	sample137	10038	12558	11982	221760	0	
3	 11	 1	 3	sample137	8635	11005	9068	184860	0	
3	 11	 1	 4	sample137	6454	8748	6898	172050	0	
3	 11	 1	 5	sample137	5290	7470	5588	187480	0	
3	 11	 1	 6	control	444	2640	368	87840	0	
3	 11	 2	 1	sample138	5042	7364	5260	160218	0	
3	 11	 2	 2	sample138	6675	9015	6570	170820	0	
3	 11	 2	 3	sample138	6113	8457	6548	196896	0	
3	 11	 2	 4	sample138	4062	6354	3736	178776	0	
3	 11	 2	 5	sample138	3663	5911	3636	164104	0	
3	 11	 2	 6	control	9962	12248	10524	141732	0	
3	 11	 3	 1	sample139	3293	5449	3490	146608	0	
3	 11	 3	 2	sample139	4702	6880	5088	163350	0	
3	 11	 3	 3	sample139	3135	5257	2630	180370	0	
3	 11	 3	 4	sample139	2937	5015	2982	93510	0	
3	 11	 3	 5	sample139	2229	4251	2082	105144	0	
3	 11	 3	 6	control	98.4	2252	70	86160	0	
3	 11	 4	 1	sample140	5316	7296	5426	152460	0	
3	 11	 4	 2	sample140	4586	6642	4910	156256	0	
3	 11	 4	 3	sample140	3621	5685	3900	148608	0	
3	 11	 4	 4	sample140	2640	4626	2512	142992	0	
3	 11	 4	 5	sample140	2235	4331	2196	102704	0	
3	 11	 4	 6	control	7699	9855	8800	131516	0	
3	 12	 1	 1	sample141	5605	7303	5924	140934	0	
3	 12	 1	 2	sample141	5716	7410	5762	140602	0	
3	 12	 1	 3	sample141	4851	6485	4762	135622	0	
3	 12	 1	 4	sample141	2920	4586	2686	79968	0	
3	 12	 1	 5	sample141	2709	4443	2750	135252	0	
3	 12	 1	 6	control	150	2030	188	75200	0	
3	 12	 2	 1	sample142	4557	6245	4360	155296	0	
3	 12	 2	 2	sample142	4575	6359	4674	130232	0	
3	 12	 2	 3	sample142	4457	6229	4702	148848	0	
3	 12	 2	 4	sample142	4299	6093	4780	89700	0	
3	 12	 2	 5	sample142	3535	5431	3654	92904	0	
3	 12	 2	 6	control	8250	10322	9744	165760	0	
3	 12	 3	 1	sample143	1029	2587	966	62320	0	
3	 12	 3	 2	sample143	947	2571	838	64960	0	
3	 12	 3	 3	sample143	682	2344	702	66480	0	
3	 12	 3	 4	sample143	361	2121	398	70400	0	
3	 12	 3	 5	sample143	195	2039	180	73760	0	
3	 12	 3	 6	control	130	2200	76	82800	0	
3	 12	 4	 1	sample144	5247	6817	5118	120890	0	
3	 12	 4	 2	sample144	4904	6516	5052	127348	0	
3	 12	 4	 3	sample144	3193	4949	3142	142236	0	
3	 12	 4	 4	sample144	3171	4973	3766	90100	0	
3	 12	 4	 5	sample144	2924	4844	3334	96000	0	
3	 12	 4	 6	control	8252	10486	9672	156380	0	
4	 1	 1	 1	sample145	4544	6584	4880	175440	0	
4	 1	 1	 2	sample145	6106	8264	6342	187746	0	
4	 1	 1	 3	sample145	5139	7319	5428	165680	0	
4	 1	 1	 4	sample145	3736	5916	3642	163500	0	
4	 1	 1	 5	sample145	3398	5532	3574	96030	0	
4	 1	 1	 6	control	260	2480	284	88800	0	
4	 1	 2	 1	sample146	3984	6254	4478	152090	0	
4	 1	 2	 2	sample146	4225	6609	4942	185952	0	
4	 1	 2	 3	sample146	4986	7258	4832	193120	0	
4	 1	 2	 4	sample146	4342	6702	4226	184080	0	
4	 1	 2	 5	sample146	3842	6256	3922	200362	0	
4	 1	 2	 6	control	8859	11501	10128	184940	0	
4	 1	 3	 1	sample147	5384	7934	5642	196350	0	
4	 1	 3	 2	sample147	6283	8807	5676	191824	0	
4	 1	 3	 3	sample147	4216	6690	4022	173180	0	
4	 1	 3	 4	sample147	3235	5759	3126	176680	0	
4	 1	 3	 5	sample147	3275	5899	3412	133824	0	
4	 1	 3	 6	control	-131.64	2724	-103.99	114240	0	
4	 1	 4	 1	sample148	3646	6304	3064	207324	0	
4	 1	 4	 2	sample148	2232	4846	2166	130700	0	
4	 1	 4	 3	sample148	2147	4617	1912	128440	0	
4	 1	 4	 4	sample148	1795	4273	1768	126378	0	
4	 1	 4	 5	sample148	1267	3793	1284	101040	0	
4	 1	 4	 6	control	6519	9317	7416	181870	0	
4	 2	 1	 1	sample149	9555	12375	10280	222780	0	
4	 2	 1	 2	sample149	8712	11432	9686	220320	0	
4	 2	 1	 3	sample149	7224	9976	7942	209152	0	
4	 2	 1	 4	sample149	5828	8490	5720	207636	0	
4	 2	 1	 5	sample149	5739	8449	6290	51490	0	
4	 2	 1	 6	control	198	3420	230	128880	0	
4	 2	 2	 1	sample150	6999	10333	7314	260052	0	
4	 2	 2	 2	sample150	7106	10322	7822	260496	0	
4	 2	 2	 3	sample150	6070	9160	6782	237930	0	
4	 2	 2	 4	sample150	6432	9432	6778	150000	0	
4	 2	 2	 5	sample150	3297	6375	3330	135432	0	
4	 2	 2	 6	control	10103	13431	11016	219648	0	
4	 2	 3	 1	sample151	7507	10967	8534	266420	0	
4	 2	 3	 2	sample151	7975	11339	8784	255664	0	
4	 2	 3	 3	sample151	6433	9751	6072	248850	0	
4	 2	 3	 4	sample151	4811	8069	4904	237834	0	
4	 2	 3	 5	sample151	3813	7003	3860	140360	0	
4	 2	 3	 6	control	192	3458	96	130640	0	
4	 2	 4	 1	sample152	5607	8667	5838	153000	0	
4	 2	 4	 2	sample152	3660	6702	3680	130806	0	
4	 2	 4	 3	sample152	2816	5732	2934	116640	0	
4	 2	 4	 4	sample152	2061	5021	1986	118400	0	
4	 2	 4	 5	sample152	1080	4126	1014	121840	0	
4	 2	 4	 6	control	8388	11706	8950	222306	0	
4	 3	 1	 1	sample153	11258	14676	12218	321292	0	
4	 3	 1	 2	sample153	12923	16243	14672	272240	0	
4	 3	 1	 3	sample153	12258	15394	13376	219520	0	
4	 3	 1	 4	sample153	11092	14034	12090	208882	0	
4	 3	 1	 5	sample153	9635	12377	10438	194682	0	
4	 3	 1	 6	control	312	3010	342	107920	0	
4	 3	 2	 1	sample154	7041	10493	7450	251996	0	
4	 3	 2	 2	sample154	9229	12723	10186	258556	0	
4	 3	 2	 3	sample154	8442	11822	8536	253500	0	
4	 3	 2	 4	sample154	7197	10435	7610	223422	0	
4	 3	 2	 5	sample154	6328	9630	6602	161798	0	
4	 3	 2	 6	control	10489	13773	11762	229880	0	
4	 3	 3	 1	sample155	6563	9819	7192	153032	0	
4	 3	 3	 2	sample155	5600	8894	5254	167994	0	
4	 3	 3	 3	sample155	4169	7383	4560	160700	0	
4	 3	 3	 4	sample155	2679	5811	2810	159732	0	
4	 3	 3	 5	sample155	2146	5224	2318	147744	0	
4	 3	 3	 6	control	252	3374	218	124880	0	
4	 3	 4	 1	sample156	9304	12492	10240	229536	0	
4	 3	 4	 2	sample156	7385	10523	8458	247902	0	
4	 3	 4	 3	sample156	6324	9362	6956	233926	0	
4	 3	 4	 4	sample156	4496	7490	4828	155688	0	
4	 3	 4	 5	sample156	3747	6689	3978	135332	0	
4	 3	 4	 6	control	8180	11046	8620	163362	0	
4	 4	 1	 1	sample157	9083	11711	9774	207612	0	
4	 4	 1	 2	sample157	9747	12389	10988	200792	0	
4	 4	 1	 3	sample157	8328	10884	8938	186588	0	
4	 4	 1	 4	sample157	7506	9948	7882	175824	0	
4	 4	 1	 5	sample157	5056	7456	5456	96000	0	
4	 4	 1	 6	control	351	2613	320	90480	0	
4	 4	 2	 1	sample158	7850	10804	8394	239274	0	
4	 4	 2	 2	sample158	8075	11029	8366	224504	0	
4	 4	 2	 3	sample158	9555	12519	11088	157092	0	
4	 4	 2	 4	sample158	6989	9797	7156	213408	0	
4	 4	 2	 5	sample158	4881	7529	5012	121808	0	
4	 4	 2	 6	control	9039	11691	10082	180336	0	
4	 4	 3	 1	sample159	3365	6321	3424	147800	0	
4	 4	 3	 2	sample159	2164	5110	2020	117840	0	
4	 4	 3	 3	sample159	1960	4818	2072	142900	0	
4	 4	 3	 4	sample159	1263	4133	1114	114800	0	
4	 4	 3	 5	sample159	744	3564	670	112800	0	
4	 4	 3	 6	control	239	3053	292	112560	0	
4	 4	 4	 1	sample160	7784	10334	7900	193800	0	
4	 4	 4	 2	sample160	6939	9443	7120	107672	0	
4	 4	 4	 3	sample160	5498	8028	5482	131560	0	
4	 4	 4	 4	sample160	4832	7322	5142	129480	0	
4	 4	 4	 5	sample160	3714	6278	3726	112816	0	
4	 4	 4	 6	control	7764	10232	7236	182632	0	
4	 5	 1	 1	sample161	7092	9148	7338	162424	0	
4	 5	 1	 2	sample161	7670	9776	8422	172692	0	
4	 5	 1	 3	sample161	6357	8423	6480	161148	0	
4	 5	 1	 4	sample161	4501	6489	4246	145124	0	
4	 5	 1	 5	sample161	3339	5325	3220	139020	0	
4	 5	 1	 6	control	308	2356	230	81920	0	
4	 5	 2	 1	sample162	2267	4595	2232	116400	0	
4	 5	 2	 2	sample162	2301	4661	2332	120360	0	
4	 5	 2	 3	sample162	2044	4364	2018	106720	0	
4	 5	 2	 4	sample162	1470	3806	1432	93440	0	
4	 5	 2	 5	sample162	1175	3597	1054	96880	0	
4	 5	 2	 6	control	9200	11576	10112	171072	0	
4	 5	 3	 1	sample163	5121	7651	5490	187220	0	
4	 5	 3	 2	sample163	4913	7447	5292	192584	0	
4	 5	 3	 3	sample163	3987	6521	3856	124166	0	
4	 5	 3	 4	sample163	2934	5472	2926	129438	0	
4	 5	 3	 5	sample163	2702	5254	2920	130152	0	
4	 5	 3	 6	control	218	2812	200	103760	0	
4	 5	 4	 1	sample164	13192	15392	14284	110000	0	
4	 5	 4	 2	sample164	8190	10352	8360	185932	0	
4	 5	 4	 3	sample164	6878	8968	6664	196460	0	
4	 5	 4	 4	sample164	5046	7026	4542	207900	0	
4	 5	 4	 5	sample164	4947	7001	4532	191022	0	
4	 5	 4	 6	control	6119	8205	5808	189826	0	
4	 6	 1	 1	sample165	7106	9036	7314	150540	0	
4	 6	 1	 2	sample165	7987	9951	8546	161048	0	
4	 6	 1	 3	sample165	6383	8377	6462	161514	0	
4	 6	 1	 4	sample165	5270	7218	5492	97400	0	
4	 6	 1	 5	sample165	3364	5204	3026	75440	0	
4	 6	 1	 6	control	484	2422	194	77520	0	
4	 6	 2	 1	sample166	3578	5952	3570	118700	0	
4	 6	 2	 2	sample166	4803	7097	4662	121582	0	
4	 6	 2	 3	sample166	4588	6922	4444	123702	0	
4	 6	 2	 4	sample166	3062	5270	3188	117024	0	
4	 6	 2	 5	sample166	2060	4332	2078	90880	0	
4	 6	 2	 6	control	8736	11076	9138	159120	0	
4	 6	 3	 1	sample167	7187	9565	7370	173594	0	
4	 6	 3	 2	sample167	6795	9129	6994	170382	0	
4	 6	 3	 3	sample167	7443	9795	7902	166992	0	
4	 6	 3	 4	sample167	4867	7207	4952	114660	0	
4	 6	 3	 5	sample167	3820	5994	3720	95656	0	
4	 6	 3	 6	control	402	2826	404	96960	0	
4	 6	 4	 1	sample168	6015	7939	6144	101972	0	
4	 6	 4	 2	sample168	3978	5852	4196	95574	0	
4	 6	 4	 3	sample168	3427	5393	3698	102232	0	
4	 6	 4	 4	sample168	2162	4068	2300	76240	0	
4	 6	 4	 5	sample168	1406	3508	1422	84080	0	
4	 6	 4	 6	control	8034	10366	9004	149248	0	
4	 7	 1	 1	sample169	2137	4079	2056	71854	0	
4	 7	 1	 2	sample169	4161	6255	4250	94230	0	
4	 7	 1	 3	sample169	3580	5598	3428	92828	0	
4	 7	 1	 4	sample169	2613	4673	2734	107120	0	
4	 7	 1	 5	sample169	1956	4050	1998	98418	0	
4	 7	 1	 6	control	688	2836	692	85920	0	
4	 7	 2	 1	sample170	6095	8445	6232	173900	0	
4	 7	 2	 2	sample170	7219	9651	7816	172672	0	
4	 7	 2	 3	sample170	6790	9250	6668	196800	0	
4	 7	 2	 4	sample170	5709	8141	5802	177536	0	
4	 7	 2	 5	sample170	5463	7829	5710	113568	0	
4	 7	 2	 6	control	10251	12629	12136	156948	0	
4	 7	 3	 1	sample171	8291	10879	9456	204452	0	
4	 7	 3	 2	sample171	9458	12134	9972	179292	0	
4	 7	 3	 3	sample171	8710	11390	9100	174200	0	
4	 7	 3	 4	sample171	6354	9012	6650	162138	0	
4	 7	 3	 5	sample171	6178	8632	6354	196320	0	
4	 7	 3	 6	control	461	3017	472	102240	0	
4	 7	 4	 1	sample172	7438	9892	7732	198774	0	
4	 7	 4	 2	sample172	6943	9481	7348	180198	0	
4	 7	 4	 3	sample172	6989	9441	6976	178996	0	
4	 7	 4	 4	sample172	6497	8803	6436	161420	0	
4	 7	 4	 5	sample172	3906	6120	4024	148338	0	
4	 7	 4	 6	control	5872	8174	5770	122006	0	
4	 8	 1	 1	sample173	6914	9366	7904	203516	0	
4	 8	 1	 2	sample173	7443	9945	8088	260208	0	
4	 8	 1	 3	sample173	7214	9628	8286	193120	0	
4	 8	 1	 4	sample173	6276	8658	7092	192942	0	
4	 8	 1	 5	sample173	6239	8601	6674	160616	0	
4	 8	 1	 6	control	372	2650	260	91120	0	
4	 8	 2	 1	sample174	6773	9433	6906	183540	0	
4	 8	 2	 2	sample174	7291	10083	7530	192648	0	
4	 8	 2	 3	sample174	5616	8302	5964	204136	0	
4	 8	 2	 4	sample174	4852	7476	4992	196800	0	
4	 8	 2	 5	sample174	4753	7325	4886	102880	0	
4	 8	 2	 6	control	9011	11455	9580	163748	0	
4	 8	 3	 1	sample175	7859	10641	8518	222560	0	
4	 8	 3	 2	sample175	7690	10470	8918	172360	0	
4	 8	 3	 3	sample175	7564	10280	8196	181972	0	
4	 8	 3	 4	sample175	6176	8872	6406	150976	0	
4	 8	 3	 5	sample175	5021	7555	4882	200186	0	
4	 8	 3	 6	control	63.1	2597	-7.99	101360	0	
4	 8	 4	 1	sample176	6462	9042	6862	203820	0	
4	 8	 4	 2	sample176	4902	7458	5098	166140	0	
4	 8	 4	 3	sample176	3822	6292	3960	165490	0	
4	 8	 4	 4	sample176	3366	5822	3480	179288	0	
4	 8	 4	 5	sample176	2281	4775	2386	99760	0	
4	 8	 4	 6	control	7037	9623	7148	155160	0	
4	 9	 1	 1	sample177	7488	10046	7840	199524	0	
4	 9	 1	 2	sample177	7494	10112	8040	204204	0	
4	 9	 1	 3	sample177	6022	8480	6352	206472	0	
4	 9	 1	 4	sample177	4122	6488	4060	186914	0	
4	 9	 1	 5	sample177	3460	5900	3458	119560	0	
4	 9	 1	 6	control	518	2990	538	98880	0	
4	 9	 2	 1	sample178	5611	8463	6210	196788	0	
4	 9	 2	 2	sample178	6824	9722	7066	214452	0	
4	 9	 2	 3	sample178	6507	9285	6618	219462	0	
4	 9	 2	 4	sample178	5154	7910	5138	201188	0	
4	 9	 2	 5	sample178	3837	6567	4148	212940	0	
4	 9	 2	 6	control	9651	12389	9114	188922	0	
4	 9	 3	 1	sample179	5619	8565	6046	176760	0	
4	 9	 3	 2	sample179	7076	10026	7068	215350	0	
4	 9	 3	 3	sample179	5345	8197	6212	193936	0	
4	 9	 3	 4	sample179	4424	7234	4742	202320	0	
4	 9	 3	 5	sample179	3845	6607	3622	207150	0	
4	 9	 3	 6	control	198	2890	166	107680	0	
4	 9	 4	 1	sample180	9395	12253	9904	242930	0	
4	 9	 4	 2	sample180	8727	11641	9648	259346	0	
4	 9	 4	 3	sample180	7597	10403	8156	230092	0	
4	 9	 4	 4	sample180	7054	9816	7156	179530	0	
4	 9	 4	 5	sample180	5954	8622	6280	200100	0	
4	 9	 4	 6	control	8263	10687	9190	155136	0	
4	 10	 1	 1	sample181	7177	10383	7264	304570	0	
4	 10	 1	 2	sample181	9532	12768	10792	278296	0	
4	 10	 1	 3	sample181	9221	12423	10304	236948	0	
4	 10	 1	 4	sample181	6975	10059	7314	206628	0	
4	 10	 1	 5	sample181	5499	8461	5534	213264	0	
4	 10	 1	 6	control	590	3424	544	113360	0	
4	 10	 2	 1	sample182	9380	12796	9790	215208	0	
4	 10	 2	 2	sample182	9480	13028	10968	244812	0	
4	 10	 2	 3	sample182	9596	13074	10722	260850	0	
4	 10	 2	 4	sample182	8996	12304	8994	267948	0	
4	 10	 2	 5	sample182	7017	10325	6870	241484	0	
4	 10	 2	 6	control	9941	13123	10698	213194	0	
4	 10	 3	 1	sample183	5165	8389	4938	225680	0	
4	 10	 3	 2	sample183	3901	7123	3814	244872	0	
4	 10	 3	 3	sample183	4627	7799	4690	203008	0	
4	 10	 3	 4	sample183	3662	6742	3696	200200	0	
4	 10	 3	 5	sample183	2822	5900	2778	156978	0	
4	 10	 3	 6	control	327	3457	338	125200	0	
4	 10	 4	 1	sample184	3250	6052	3424	179328	0	
4	 10	 4	 2	sample184	2192	4994	2332	117684	0	
4	 10	 4	 3	sample184	3104	5904	3072	137200	0	
4	 10	 4	 4	sample184	2599	5355	2664	135044	0	
4	 10	 4	 5	sample184	1120	3968	1228	113920	0	
4	 10	 4	 6	control	8478	11268	8484	167400	0	
4	 11	 1	 1	sample185	7328	9552	8028	160128	0	
4	 11	 1	 2	sample185	7294	9582	7414	173888	0	
4	 11	 1	 3	sample185	6281	8531	7026	166500	0	
4	 11	 1	 4	sample185	4286	6496	4500	148070	0	
4	 11	 1	 5	sample185	3030	5268	3302	102948	0	
4	 11	 1	 6	control	347	2671	346	92960	0	
4	 11	 2	 1	sample186	6594	9018	6916	167256	0	
4	 11	 2	 2	sample186	8499	10923	10024	174528	0	
4	 11	 2	 3	sample186	6851	9329	6702	195762	0	
4	 11	 2	 4	sample186	4975	7343	4320	194176	0	
4	 11	 2	 5	sample186	4372	6812	4434	109800	0	
4	 11	 2	 6	control	9634	12064	10844	157950	0	
4	 11	 3	 1	sample187	2339	4687	2472	110356	0	
4	 11	 3	 2	sample187	2038	4398	1962	113280	0	
4	 11	 3	 3	sample187	1283	3635	1350	94080	0	
4	 11	 3	 4	sample187	1029	3373	996	93760	0	
4	 11	 3	 5	sample187	1029	3409	940	95200	0	
4	 11	 3	 6	control	76	2500	42	96960	0	
4	 11	 4	 1	sample188	2822	4640	3066	92718	0	
4	 11	 4	 2	sample188	2575	4211	2524	71984	0	
4	 11	 4	 3	sample188	2060	3736	2042	82124	0	
4	 11	 4	 4	sample188	1228	2946	1170	68720	0	
4	 11	 4	 5	sample188	1281	3065	1368	71360	0	
4	 11	 4	 6	control	8614	10438	9712	116736	0	
4	 12	 1	 1	sample189	6701	9689	7010	271908	0	
4	 12	 1	 2	sample189	8398	11378	8502	232440	0	
4	 12	 1	 3	sample189	6866	9740	7672	218424	0	
4	 12	 1	 4	sample189	5050	7980	5430	208030	0	
4	 12	 1	 5	sample189	3590	6508	3394	230522	0	
4	 12	 1	 6	control	394	3490	170	123840	0	
4	 12	 2	 1	sample190	4600	7606	4674	216432	0	
4	 12	 2	 2	sample190	4408	7504	4566	235296	0	
4	 12	 2	 3	sample190	3628	6716	3860	290272	0	
4	 12	 2	 4	sample190	3110	6132	3132	235716	0	
4	 12	 2	 5	sample190	3670	6698	3984	160484	0	
4	 12	 2	 6	control	7972	11190	9264	222042	0	
4	 12	 3	 1	sample191	3496	6336	3660	198800	0	
4	 12	 3	 2	sample191	3989	6911	3894	151944	0	
4	 12	 3	 3	sample191	3902	6934	3858	157664	0	
4	 12	 3	 4	sample191	3958	6978	4122	205360	0	
4	 12	 3	 5	sample191	2608	5534	2382	146300	0	
4	 12	 3	 6	control	391	3475	248	123360	0	
4	 12	 4	 1	sample192	8605	10835	9608	118190	0	
4	 12	 4	 2	sample192	5691	8041	5932	157450	0	
4	 12	 4	 3	sample192	5349	7709	5306	162840	0	
4	 12	 4	 4	sample192	4378	6818	4610	183000	0	
4	 12	 4	 5	sample192	3745	6245	3814	155000	0	
4	 12	 4	 6	control	6439	9091	6852	209508	0	
