MicroVigene	 Version	 2501
Culture	en-US
9/30/2006 12:56:54 PM
Roi Row	 4	 Roi Col	 12	 Main Row	 4	 Main Col	 6	 Sub Row	 1	 Sub Col	 1
Main Row	 Main Col	 Sub Row	 Sub Col	  GeneID	mean_net	 mean_total	 median_net	 vol_bkg	 vol_dust	 
1	 1	 1	 1	sample1	4998	7824	5398	234558	0	
1	 1	 1	 2	sample1	3253	6337	2826	163452	0	
1	 1	 1	 3	sample1	3880	6450	4368	205600	0	
1	 1	 1	 4	sample1	3496	5808	3598	180336	0	
1	 1	 1	 5	sample1	2431	4487	2570	102800	0	
1	 1	 1	 6	control	-108.54	2203	-255.99	92480	0	
1	 1	 2	 1	sample2	5120	8204	5140	163452	0	
1	 1	 2	 2	sample2	5007	8091	4882	280644	0	
1	 1	 2	 3	sample2	4419	6989	4626	223590	0	
1	 1	 2	 4	sample2	3460	5772	3598	215016	0	
1	 1	 2	 5	sample2	2683	4739	2826	106912	0	
1	 1	 2	 6	control	308	2364	256	82240	0	
1	 1	 3	 1	sample3	4543	7113	4368	136210	0	
1	 1	 3	 2	sample3	5135	7447	5140	221952	0	
1	 1	 3	 3	sample3	4265	6321	4368	234384	0	
1	 1	 3	 4	sample3	3010	4808	3084	154628	0	
1	 1	 3	 5	sample3	1525	3323	1542	79112	0	
1	 1	 3	 6	control	-160.14	1638	-255.99	71920	0	
1	 1	 4	 1	sample4	3799	5855	3854	170648	0	
1	 1	 4	 2	sample4	3057	4855	3084	133052	0	
1	 1	 4	 3	sample4	2200	3742	2312	148032	0	
1	 1	 4	 4	sample4	1525	3067	1542	72474	0	
1	 1	 4	 5	sample4	1015	2557	1028	61680	0	
1	 1	 4	 6	control	83.2	1625	0	61680	0	
1	 2	 1	 1	sample5	6177	9003	5654	245862	0	
1	 2	 1	 2	sample5	6139	9993	6426	200408	0	
1	 2	 1	 3	sample5	5040	8894	4884	177284	0	
1	 2	 1	 4	sample5	3249	6847	3340	161910	0	
1	 2	 1	 5	sample5	2480	5820	2570	123580	0	
1	 2	 1	 6	control	-199.59	2884	-257.99	123360	0	
1	 2	 2	 1	sample6	6387	9213	6168	113040	0	
1	 2	 2	 2	sample6	5057	8655	5396	190694	0	
1	 2	 2	 3	sample6	2982	6322	2314	133600	0	
1	 2	 2	 4	sample6	2467	5551	2056	123360	0	
1	 2	 2	 5	sample6	3628	6454	3856	98910	0	
1	 2	 2	 6	control	444	2756	514	92480	0	
1	 2	 3	 1	sample7	4079	6391	3856	252008	0	
1	 2	 3	 2	sample7	4050	6362	4370	208080	0	
1	 2	 3	 3	sample7	4200	6770	4368	133640	0	
1	 2	 3	 4	sample7	2962	5018	3084	148032	0	
1	 2	 3	 5	sample7	1339	3395	1542	78128	0	
1	 2	 3	 6	control	245	2043	258	71920	0	
1	 2	 4	 1	sample8	2649	4191	2570	149574	0	
1	 2	 4	 2	sample8	2187	3729	2312	63222	0	
1	 2	 4	 3	sample8	2333	3875	2312	77100	0	
1	 2	 4	 4	sample8	1259	2801	1284	61680	0	
1	 2	 4	 5	sample8	797	2081	514	51360	0	
1	 2	 4	 6	control	457	1741	258	51360	0	
1	 3	 1	 1	sample9	7786	11128	8224	237282	0	
1	 3	 1	 2	sample9	6673	10015	6938	287412	0	
1	 3	 1	 3	sample9	5683	8511	5396	172508	0	
1	 3	 1	 4	sample9	4664	6978	5140	138840	0	
1	 3	 1	 5	sample9	2796	4596	2826	135000	0	
1	 3	 1	 6	control	155	1697	0	61680	0	
1	 3	 2	 1	sample10	4884	7968	4112	120276	0	
1	 3	 2	 2	sample10	7645	10987	7452	147048	0	
1	 3	 2	 3	sample10	5734	8304	6426	174760	0	
1	 3	 2	 4	sample10	4627	6683	4884	88408	0	
1	 3	 2	 5	sample10	3484	5026	3598	69390	0	
1	 3	 2	 6	control	296	1838	258	61680	0	
1	 3	 3	 1	sample11	5675	7731	5398	102800	0	
1	 3	 3	 2	sample11	5615	8185	5912	118220	0	
1	 3	 3	 3	sample11	4505	6561	3856	74016	0	
1	 3	 3	 4	sample11	3380	4922	3084	50886	0	
1	 3	 3	 5	sample11	2507	3793	2570	42438	0	
1	 3	 3	 6	control	277	1305	258	41120	0	
1	 3	 4	 1	sample12	3905	5191	3854	52726	0	
1	 3	 4	 2	sample12	2722	4264	2570	94062	0	
1	 3	 4	 3	sample12	4108	5650	4112	92520	0	
1	 3	 4	 4	sample12	2184	3470	1798	51440	0	
1	 3	 4	 5	sample12	694	1722	772	41120	0	
1	 3	 4	 6	control	142	1170	0	41120	0	
1	 4	 1	 1	sample13	7747	10061	6938	219830	0	
1	 4	 1	 2	sample13	8419	10733	8738	173550	0	
1	 4	 1	 3	sample13	7354	9410	8224	164480	0	
1	 4	 1	 4	sample13	4669	6469	5140	117000	0	
1	 4	 1	 5	sample13	3676	5218	3856	123360	0	
1	 4	 1	 6	control	6.7	1549	0	61680	0	
1	 4	 2	 1	sample14	6502	8816	6424	122642	0	
1	 4	 2	 2	sample14	5470	8040	5398	136210	0	
1	 4	 2	 3	sample14	3766	5822	4112	106912	0	
1	 4	 2	 4	sample14	3114	4656	3598	123360	0	
1	 4	 2	 5	sample14	2667	3953	2570	57870	0	
1	 4	 2	 6	control	328	1870	258	61680	0	
1	 4	 3	 1	sample15	5169	6969	5396	95400	0	
1	 4	 3	 2	sample15	2690	4490	2312	196200	0	
1	 4	 3	 3	sample15	3039	4581	2828	123360	0	
1	 4	 3	 4	sample15	2244	3530	2312	96450	0	
1	 4	 3	 5	sample15	1755	2783	1800	29812	0	
1	 4	 3	 6	control	-51.84	1234	0	51440	0	
1	 4	 4	 1	sample16	2891	4177	2570	153034	0	
1	 4	 4	 2	sample16	2359	3901	2314	61680	0	
1	 4	 4	 3	sample16	1772	3314	1542	72474	0	
1	 4	 4	 4	sample16	1555	2583	1286	41120	0	
1	 4	 4	 5	sample16	585	1613	514	41120	0	
1	 4	 4	 6	control	341	1369	258	41120	0	
1	 5	 1	 1	sample17	6953	8753	7196	187200	0	
1	 5	 1	 2	sample17	6598	8654	6682	180928	0	
1	 5	 1	 3	sample17	4819	6361	5398	117192	0	
1	 5	 1	 4	sample17	4384	5926	4112	111024	0	
1	 5	 1	 5	sample17	2854	4396	3084	75558	0	
1	 5	 1	 6	control	-44.59	1497	0	61680	0	
1	 5	 2	 1	sample18	3909	6479	3598	136210	0	
1	 5	 2	 2	sample18	4631	6945	5140	201318	0	
1	 5	 2	 3	sample18	3694	5494	3854	158400	0	
1	 5	 2	 4	sample18	2421	3963	2314	77100	0	
1	 5	 2	 5	sample18	1686	3228	1800	80184	0	
1	 5	 2	 6	control	263	2063	256	72000	0	
1	 5	 3	 1	sample19	4496	7580	4370	163452	0	
1	 5	 3	 2	sample19	5217	7531	5396	122642	0	
1	 5	 3	 3	sample19	4428	6228	4626	93600	0	
1	 5	 3	 4	sample19	3033	4319	3084	104166	0	
1	 5	 3	 5	sample19	2370	3656	2570	63014	0	
1	 5	 3	 6	control	-237.34	1305	-255.99	61680	0	
1	 5	 4	 1	sample20	2200	4770	2056	110510	0	
1	 5	 4	 2	sample20	2963	4505	3084	55512	0	
1	 5	 4	 3	sample20	1207	2493	1028	51440	0	
1	 5	 4	 4	sample20	1253	2281	1028	41120	0	
1	 5	 4	 5	sample20	540	1568	514	41120	0	
1	 5	 4	 6	control	314	1600	256	51440	0	
1	 6	 1	 1	sample21	4768	7082	4368	104130	0	
1	 6	 1	 2	sample21	4998	7054	5140	170648	0	
1	 6	 1	 3	sample21	3316	5116	3598	167400	0	
1	 6	 1	 4	sample21	3407	4949	3598	78642	0	
1	 6	 1	 5	sample21	2066	3608	2056	81726	0	
1	 6	 1	 6	control	-57.29	1485	0	61680	0	
1	 6	 2	 1	sample22	7336	10934	7196	165508	0	
1	 6	 2	 2	sample22	7163	9733	7196	257000	0	
1	 6	 2	 3	sample22	6961	9017	8224	170648	0	
1	 6	 2	 4	sample22	4431	5973	4112	127986	0	
1	 6	 2	 5	sample22	4205	5747	4626	124902	0	
1	 6	 2	 6	control	-102.29	1954	0	82240	0	
1	 6	 3	 1	sample23	3332	5902	3342	133640	0	
1	 6	 3	 2	sample23	3105	5161	2570	100744	0	
1	 6	 3	 3	sample23	3214	4756	3084	131070	0	
1	 6	 3	 4	sample23	2806	4092	2826	95164	0	
1	 6	 3	 5	sample23	1310	2596	1284	51440	0	
1	 6	 3	 6	control	-320.64	1221	-255.99	61680	0	
1	 6	 4	 1	sample24	3538	5594	3598	104856	0	
1	 6	 4	 2	sample24	3448	5248	3340	90000	0	
1	 6	 4	 3	sample24	4189	5475	4368	51440	0	
1	 6	 4	 4	sample24	1502	2788	1284	50154	0	
1	 6	 4	 5	sample24	662	1690	514	41120	0	
1	 6	 4	 6	control	-19.69	1266	0	51440	0	
1	 7	 1	 1	sample25	7217	9529	6682	235824	0	
1	 7	 1	 2	sample25	7539	9851	7968	194208	0	
1	 7	 1	 3	sample25	7196	9252	7710	160368	0	
1	 7	 1	 4	sample25	4354	6410	4368	150088	0	
1	 7	 1	 5	sample25	3083	5139	3340	176816	0	
1	 7	 1	 6	control	-13.19	2043	0	82240	0	
1	 7	 2	 1	sample26	6790	10130	6426	143620	0	
1	 7	 2	 2	sample26	6926	9496	7196	208170	0	
1	 7	 2	 3	sample26	4824	7136	5140	210392	0	
1	 7	 2	 4	sample26	4493	6549	4626	182984	0	
1	 7	 2	 5	sample26	3075	5131	3084	197376	0	
1	 7	 2	 6	control	296	2608	258	92480	0	
1	 7	 3	 1	sample27	1812	3610	1800	71920	0	
1	 7	 3	 2	sample27	1804	3346	1798	80184	0	
1	 7	 3	 3	sample27	1254	2796	1284	52428	0	
1	 7	 3	 4	sample27	800	2084	772	46224	0	
1	 7	 3	 5	sample27	385	1927	256	55512	0	
1	 7	 3	 6	control	-327.77	1470	-255.99	64728	0	
1	 7	 4	 1	sample28	3122	4664	2826	61680	0	
1	 7	 4	 2	sample28	3129	4413	3084	66768	0	
1	 7	 4	 3	sample28	2866	4150	2828	68052	0	
1	 7	 4	 4	sample28	2347	3631	2314	68052	0	
1	 7	 4	 5	sample28	593	1877	514	46224	0	
1	 7	 4	 6	control	121	1663	0	55512	0	
1	 8	 1	 1	sample29	9142	11456	8994	238342	0	
1	 8	 1	 2	sample29	8077	10391	8480	259168	0	
1	 8	 1	 3	sample29	8293	10349	8996	154200	0	
1	 8	 1	 4	sample29	6292	8092	6938	126000	0	
1	 8	 1	 5	sample29	3223	5023	3598	145800	0	
1	 8	 1	 6	control	-238.14	1562	-257.99	72000	0	
1	 8	 2	 1	sample30	5115	8199	5140	157284	0	
1	 8	 2	 2	sample30	6304	8874	6426	136210	0	
1	 8	 2	 3	sample30	4128	6184	4884	170648	0	
1	 8	 2	 4	sample30	3119	4919	3340	118800	0	
1	 8	 2	 5	sample30	2892	4692	2826	91800	0	
1	 8	 2	 6	control	84.1	2140	0	82240	0	
1	 8	 3	 1	sample31	4861	7175	4626	189748	0	
1	 8	 3	 2	sample31	4805	6605	4626	72000	0	
1	 8	 3	 3	sample31	3612	5154	3856	115650	0	
1	 8	 3	 4	sample31	2343	3629	2312	65586	0	
1	 8	 3	 5	sample31	1587	2615	1542	41120	0	
1	 8	 3	 6	control	-58.44	1228	0	51440	0	
1	 8	 4	 1	sample32	3546	4832	3340	159464	0	
1	 8	 4	 2	sample32	3020	4306	2826	99022	0	
1	 8	 4	 3	sample32	3149	4177	2828	53456	0	
1	 8	 4	 4	sample32	1862	2890	1800	50372	0	
1	 8	 4	 5	sample32	732	1504	770	30880	0	
1	 8	 4	 6	control	303	1331	258	41120	0	
1	 9	 1	 1	sample33	6103	8673	5910	257000	0	
1	 9	 1	 2	sample33	5775	8087	5912	191896	0	
1	 9	 1	 3	sample33	5038	7350	5140	104040	0	
1	 9	 1	 4	sample33	4439	6751	4884	110976	0	
1	 9	 1	 5	sample33	2396	4452	2312	100744	0	
1	 9	 1	 6	control	-161.24	1895	-257.99	82240	0	
1	 9	 2	 1	sample34	4601	7685	4368	163452	0	
1	 9	 2	 2	sample34	5358	7928	6168	223590	0	
1	 9	 2	 3	sample34	4686	6998	4884	208080	0	
1	 9	 2	 4	sample34	4516	6828	4884	113288	0	
1	 9	 2	 5	sample34	3297	5353	3084	96632	0	
1	 9	 2	 6	control	160	2216	256	82240	0	
1	 9	 3	 1	sample35	5214	7270	5140	156256	0	
1	 9	 3	 2	sample35	3675	5731	3598	108968	0	
1	 9	 3	 3	sample35	3185	4983	3342	91698	0	
1	 9	 3	 4	sample35	1861	3659	1800	89900	0	
1	 9	 3	 5	sample35	1208	3006	1028	71920	0	
1	 9	 3	 6	control	-243.64	1554	-255.99	71920	0	
1	 9	 4	 1	sample36	3216	5014	3084	88102	0	
1	 9	 4	 2	sample36	1884	3168	1542	145092	0	
1	 9	 4	 3	sample36	1870	3154	1800	51360	0	
1	 9	 4	 4	sample36	1138	2422	1028	51360	0	
1	 9	 4	 5	sample36	688	1972	772	51360	0	
1	 9	 4	 6	control	553	1837	514	51360	0	
1	 10	 1	 1	sample37	7406	10234	7196	234724	0	
1	 10	 1	 2	sample37	7434	10004	7968	203030	0	
1	 10	 1	 3	sample37	4994	7308	5140	208260	0	
1	 10	 1	 4	sample37	4596	6652	4884	158312	0	
1	 10	 1	 5	sample37	2349	4405	2570	164480	0	
1	 10	 1	 6	control	19.9	2076	0	82240	0	
1	 10	 2	 1	sample38	3737	6565	3340	130088	0	
1	 10	 2	 2	sample38	3896	6210	3854	113386	0	
1	 10	 2	 3	sample38	3573	5629	3598	104856	0	
1	 10	 2	 4	sample38	2296	4096	2056	167400	0	
1	 10	 2	 5	sample38	2203	4003	2056	72000	0	
1	 10	 2	 6	control	123	2179	0	82240	0	
1	 10	 3	 1	sample39	7469	10039	7968	125930	0	
1	 10	 3	 2	sample39	6002	8058	4884	174760	0	
1	 10	 3	 3	sample39	4202	6002	4368	147600	0	
1	 10	 3	 4	sample39	2699	4241	2570	77100	0	
1	 10	 3	 5	sample39	1440	2982	1286	61680	0	
1	 10	 3	 6	control	-179.39	1877	-255.99	82240	0	
1	 10	 4	 1	sample40	3825	5625	3598	95400	0	
1	 10	 4	 2	sample40	2799	4085	2570	95164	0	
1	 10	 4	 3	sample40	2685	3971	2570	105452	0	
1	 10	 4	 4	sample40	1246	2532	1284	51440	0	
1	 10	 4	 5	sample40	2608	3636	1800	69904	0	
1	 10	 4	 6	control	385	1671	256	51440	0	
1	 11	 1	 1	sample41	5758	8328	5912	223590	0	
1	 11	 1	 2	sample41	5176	7746	5654	241580	0	
1	 11	 1	 3	sample41	4442	6498	4884	152144	0	
1	 11	 1	 4	sample41	3373	5429	3342	133640	0	
1	 11	 1	 5	sample41	2406	4206	2312	93600	0	
1	 11	 1	 6	control	-13.39	1787	0	72000	0	
1	 11	 2	 1	sample42	5432	8516	6168	163452	0	
1	 11	 2	 2	sample42	4791	7619	5140	263004	0	
1	 11	 2	 3	sample42	4680	6736	5140	176816	0	
1	 11	 2	 4	sample42	3864	5664	4112	151200	0	
1	 11	 2	 5	sample42	3759	5559	3598	91800	0	
1	 11	 2	 6	control	289	2089	256	72000	0	
1	 11	 3	 1	sample43	5378	8976	4884	187096	0	
1	 11	 3	 2	sample43	5637	7951	5654	212888	0	
1	 11	 3	 3	sample43	5852	7908	5654	178872	0	
1	 11	 3	 4	sample43	4422	6222	4368	138600	0	
1	 11	 3	 5	sample43	3550	5092	3342	106398	0	
1	 11	 3	 6	control	84.1	1626	0	61680	0	
1	 11	 4	 1	sample44	3806	5348	3856	80184	0	
1	 11	 4	 2	sample44	3219	4761	3342	64764	0	
1	 11	 4	 3	sample44	1769	3311	1800	77100	0	
1	 11	 4	 4	sample44	2484	3770	2312	88734	0	
1	 11	 4	 5	sample44	1385	2671	1542	59156	0	
1	 11	 4	 6	control	244	1530	256	51440	0	
1	 12	 1	 1	sample45	7661	10489	7966	212100	0	
1	 12	 1	 2	sample45	6932	9502	7968	187610	0	
1	 12	 1	 3	sample45	6333	8647	6938	143468	0	
1	 12	 1	 4	sample45	4816	7130	5396	134212	0	
1	 12	 1	 5	sample45	2138	4194	2056	174760	0	
1	 12	 1	 6	control	346	2660	256	92560	0	
1	 12	 2	 1	sample46	2752	5322	2570	123360	0	
1	 12	 2	 2	sample46	3361	5675	3340	145782	0	
1	 12	 2	 3	sample46	3840	6154	3854	159666	0	
1	 12	 2	 4	sample46	2604	4660	2570	94576	0	
1	 12	 2	 5	sample46	2073	4129	2056	96632	0	
1	 12	 2	 6	control	444	2500	514	82240	0	
1	 12	 3	 1	sample47	6678	9248	6168	156770	0	
1	 12	 3	 2	sample47	4260	6574	4368	148096	0	
1	 12	 3	 3	sample47	4392	6448	4370	139808	0	
1	 12	 3	 4	sample47	2388	4188	2312	109800	0	
1	 12	 3	 5	sample47	1948	3748	2056	120600	0	
1	 12	 3	 6	control	174	2230	258	82240	0	
1	 12	 4	 1	sample48	4831	6887	4884	80184	0	
1	 12	 4	 2	sample48	3976	5776	3340	95400	0	
1	 12	 4	 3	sample48	4173	5973	4368	135000	0	
1	 12	 4	 4	sample48	2797	4597	2826	95400	0	
1	 12	 4	 5	sample48	2242	4042	2570	72000	0	
1	 12	 4	 6	control	141	2455	0	92560	0	
2	 1	 1	 1	sample49	6197	8767	6424	205600	0	
2	 1	 1	 2	sample49	5526	7838	5398	198832	0	
2	 1	 1	 3	sample49	5667	7465	5654	145638	0	
2	 1	 1	 4	sample49	4101	5899	4370	163618	0	
2	 1	 1	 5	sample49	3336	4878	3340	81726	0	
2	 1	 1	 6	control	-45.64	1496	-257.99	61680	0	
2	 1	 2	 1	sample50	5115	8713	5654	190694	0	
2	 1	 2	 2	sample50	7862	10688	7710	240210	0	
2	 1	 2	 3	sample50	6444	9014	7196	241580	0	
2	 1	 2	 4	sample50	5442	7240	5654	167214	0	
2	 1	 2	 5	sample50	4520	6062	4368	131070	0	
2	 1	 2	 6	control	507	2049	514	61680	0	
2	 1	 3	 1	sample51	1260	4086	514	113040	0	
2	 1	 3	 2	sample51	2788	5358	2312	102800	0	
2	 1	 3	 3	sample51	3026	5082	1542	82240	0	
2	 1	 3	 4	sample51	2091	3889	2056	93496	0	
2	 1	 3	 5	sample51	2282	3566	2056	62916	0	
2	 1	 3	 6	control	-26.19	1516	0	61680	0	
2	 1	 4	 1	sample52	5161	6959	4626	154628	0	
2	 1	 4	 2	sample52	4203	6001	4626	169012	0	
2	 1	 4	 3	sample52	2307	4105	2056	71920	0	
2	 1	 4	 4	sample52	2242	3784	2056	61680	0	
2	 1	 4	 5	sample52	1653	2937	1542	56496	0	
2	 1	 4	 6	control	283	1567	258	51360	0	
2	 2	 1	 1	sample53	8210	10010	9252	169200	0	
2	 2	 1	 2	sample53	6976	9032	7968	174760	0	
2	 2	 1	 3	sample53	6970	8770	8224	117000	0	
2	 2	 1	 4	sample53	4927	6469	5398	117192	0	
2	 2	 1	 5	sample53	4159	5445	4626	96450	0	
2	 2	 1	 6	control	96.9	1125	0	41120	0	
2	 2	 2	 1	sample54	6577	8377	6424	163800	0	
2	 2	 2	 2	sample54	7908	10736	8480	186648	0	
2	 2	 2	 3	sample54	5770	8084	6424	178178	0	
2	 2	 2	 4	sample54	4642	6442	4626	140400	0	
2	 2	 2	 5	sample54	3569	5111	3856	109482	0	
2	 2	 2	 6	control	314	1600	256	51440	0	
2	 2	 3	 1	sample55	9224	11024	9766	135000	0	
2	 2	 3	 2	sample55	8053	10623	8224	215880	0	
2	 2	 3	 3	sample55	5687	8001	6424	159666	0	
2	 2	 3	 4	sample55	4248	6304	4370	148032	0	
2	 2	 3	 5	sample55	2303	3845	2314	77100	0	
2	 2	 3	 6	control	-39.04	1247	0	51440	0	
2	 2	 4	 1	sample56	3841	5127	3340	168466	0	
2	 2	 4	 2	sample56	5986	7786	5654	73800	0	
2	 2	 4	 3	sample56	2492	4292	2312	72000	0	
2	 2	 4	 4	sample56	2333	3875	2056	61680	0	
2	 2	 4	 5	sample56	829	2371	772	61680	0	
2	 2	 4	 6	control	122	1408	256	51440	0	
2	 3	 1	 1	sample57	9098	10640	8994	137238	0	
2	 3	 1	 2	sample57	8442	10240	9252	163618	0	
2	 3	 1	 3	sample57	7554	9352	8224	151032	0	
2	 3	 1	 4	sample57	5387	6929	5654	124902	0	
2	 3	 1	 5	sample57	4480	5764	4626	110424	0	
2	 3	 1	 6	control	212	1240	256	41120	0	
2	 3	 2	 1	sample58	4835	6633	4626	172608	0	
2	 3	 2	 2	sample58	4914	7484	4626	210740	0	
2	 3	 2	 3	sample58	4832	7402	4882	131070	0	
2	 3	 2	 4	sample58	2459	4771	2570	122536	0	
2	 3	 2	 5	sample58	2270	4068	2314	95294	0	
2	 3	 2	 6	control	346	1888	256	61680	0	
2	 3	 3	 1	sample59	6960	9016	6424	314568	0	
2	 3	 3	 2	sample59	7839	10665	8224	113040	0	
2	 3	 3	 3	sample59	5668	8494	5912	262818	0	
2	 3	 3	 4	sample59	2532	4844	1800	92480	0	
2	 3	 3	 5	sample59	3250	5306	3084	104856	0	
2	 3	 3	 6	control	-346.44	1452	-255.99	71920	0	
2	 3	 4	 1	sample60	2974	4516	2570	174246	0	
2	 3	 4	 2	sample60	2336	3878	2312	132612	0	
2	 3	 4	 3	sample60	1329	2871	1284	61680	0	
2	 3	 4	 4	sample60	1098	2640	1028	61680	0	
2	 3	 4	 5	sample60	385	1927	256	61680	0	
2	 3	 4	 6	control	309	1593	258	51360	0	
2	 4	 1	 1	sample61	9103	10387	9252	104004	0	
2	 4	 1	 2	sample61	8474	10016	8224	115650	0	
2	 4	 1	 3	sample61	6737	8279	7452	100230	0	
2	 4	 1	 4	sample61	4460	6002	4368	112566	0	
2	 4	 1	 5	sample61	3531	4815	3598	97584	0	
2	 4	 1	 6	control	-44.44	1240	0	51360	0	
2	 4	 2	 1	sample62	7677	9733	7966	148032	0	
2	 4	 2	 2	sample62	5236	7548	5912	168776	0	
2	 4	 2	 3	sample62	4247	6303	4368	160368	0	
2	 4	 2	 4	sample62	3349	5147	3084	131254	0	
2	 4	 2	 5	sample62	2755	4297	2826	100230	0	
2	 4	 2	 6	control	4217	6273	3340	34952	0	
2	 4	 3	 1	sample63	5420	7732	4884	215016	0	
2	 4	 3	 2	sample63	4230	6800	3340	310970	0	
2	 4	 3	 3	sample63	4171	6227	4112	150088	0	
2	 4	 3	 4	sample63	2979	4521	3084	109482	0	
2	 4	 3	 5	sample63	1996	3280	2056	60348	0	
2	 4	 3	 6	control	-225.19	1317	-257.99	61680	0	
2	 4	 4	 1	sample64	3764	5820	3598	104856	0	
2	 4	 4	 2	sample64	3039	5351	3084	168776	0	
2	 4	 4	 3	sample64	1246	3302	1028	82240	0	
2	 4	 4	 4	sample64	1150	2692	1028	61680	0	
2	 4	 4	 5	sample64	527	1811	514	51360	0	
2	 4	 4	 6	control	315	1599	258	51360	0	
2	 5	 1	 1	sample65	7300	9356	5910	248776	0	
2	 5	 1	 2	sample65	8460	10516	7966	156256	0	
2	 5	 1	 3	sample65	8775	10831	10022	156256	0	
2	 5	 1	 4	sample65	5772	7570	6426	125860	0	
2	 5	 1	 5	sample65	3870	5668	3856	156426	0	
2	 5	 1	 6	control	38.2	2094	0	82240	0	
2	 5	 2	 1	sample66	5065	8149	4882	160368	0	
2	 5	 2	 2	sample66	5757	8583	5912	183690	0	
2	 5	 2	 3	sample66	4285	6597	4112	196520	0	
2	 5	 2	 4	sample66	3366	5422	3084	164480	0	
2	 5	 2	 5	sample66	2966	5022	2312	170648	0	
2	 5	 2	 6	control	115	2685	0	102800	0	
2	 5	 3	 1	sample67	5139	7965	3342	381510	0	
2	 5	 3	 2	sample67	5974	8800	5912	257166	0	
2	 5	 3	 3	sample67	5140	7452	5140	196520	0	
2	 5	 3	 4	sample67	3317	5373	3340	156256	0	
2	 5	 3	 5	sample67	1973	4029	2056	148032	0	
2	 5	 3	 6	control	-288.54	2023	-255.99	92480	0	
2	 5	 4	 1	sample68	2132	5216	2056	144948	0	
2	 5	 4	 2	sample68	1722	4548	1542	113040	0	
2	 5	 4	 3	sample68	1253	3565	1286	92480	0	
2	 5	 4	 4	sample68	1491	3289	1542	71920	0	
2	 5	 4	 5	sample68	906	2704	772	71920	0	
2	 5	 4	 6	control	849	3161	1028	92480	0	
2	 6	 1	 1	sample69	8746	11316	8224	313540	0	
2	 6	 1	 2	sample69	8822	11134	9510	219640	0	
2	 6	 1	 3	sample69	7453	9251	7454	163618	0	
2	 6	 1	 4	sample69	7131	8673	7710	111024	0	
2	 6	 1	 5	sample69	5118	6402	5398	101436	0	
2	 6	 1	 6	control	64.7	1349	0	51360	0	
2	 6	 2	 1	sample70	7781	10607	8482	144126	0	
2	 6	 2	 2	sample70	6519	8831	6682	178024	0	
2	 6	 2	 3	sample70	4759	6557	4884	199578	0	
2	 6	 2	 4	sample70	3192	4734	3084	154200	0	
2	 6	 2	 5	sample70	3240	4524	3084	123264	0	
2	 6	 2	 6	control	437	1721	514	51360	0	
2	 6	 3	 1	sample71	5993	8563	6424	136210	0	
2	 6	 3	 2	sample71	4590	6646	4882	207656	0	
2	 6	 3	 3	sample71	2962	4760	2314	219356	0	
2	 6	 3	 4	sample71	2915	4457	2826	134154	0	
2	 6	 3	 5	sample71	2827	4111	3084	20544	0	
2	 6	 3	 6	control	18.9	1047	0	41120	0	
2	 6	 4	 1	sample72	7138	9450	6940	101728	0	
2	 6	 4	 2	sample72	3788	5586	2828	165416	0	
2	 6	 4	 3	sample72	3200	4742	2826	67848	0	
2	 6	 4	 4	sample72	2211	3495	2314	51360	0	
2	 6	 4	 5	sample72	1337	2621	1286	51360	0	
2	 6	 4	 6	control	301	1329	256	41120	0	
2	 7	 1	 1	sample73	5229	7027	4370	203174	0	
2	 7	 1	 2	sample73	5760	7558	5912	140244	0	
2	 7	 1	 3	sample73	5243	6785	4882	111024	0	
2	 7	 1	 4	sample73	3175	4717	3084	107940	0	
2	 7	 1	 5	sample73	2486	4028	2312	118734	0	
2	 7	 1	 6	control	-276.74	1779	-257.99	82240	0	
2	 7	 2	 1	sample74	5775	7831	5140	182984	0	
2	 7	 2	 2	sample74	6805	8861	7196	170648	0	
2	 7	 2	 3	sample74	4620	6418	4884	152830	0	
2	 7	 2	 4	sample74	3891	5689	4112	143840	0	
2	 7	 2	 5	sample74	3016	4814	2828	142042	0	
2	 7	 2	 6	control	199	2255	256	82240	0	
2	 7	 3	 1	sample75	1128	2926	1028	64728	0	
2	 7	 3	 2	sample75	932	2730	1028	71920	0	
2	 7	 3	 3	sample75	2542	4340	2570	127658	0	
2	 7	 3	 4	sample75	1992	3534	1798	75558	0	
2	 7	 3	 5	sample75	1150	2692	1028	61680	0	
2	 7	 3	 6	control	-353.79	1702	-513.99	82240	0	
2	 7	 4	 1	sample76	4446	6502	4368	108968	0	
2	 7	 4	 2	sample76	3484	5282	3342	113274	0	
2	 7	 4	 3	sample76	1974	3772	1542	95294	0	
2	 7	 4	 4	sample76	1400	2942	1028	157284	0	
2	 7	 4	 5	sample76	1035	2319	772	51360	0	
2	 7	 4	 6	control	436	1978	514	61680	0	
2	 8	 1	 1	sample77	7099	9669	6682	280130	0	
2	 8	 1	 2	sample77	7636	9692	7710	209712	0	
2	 8	 1	 3	sample77	8038	10094	8480	102800	0	
2	 8	 1	 4	sample77	3605	5403	3342	142042	0	
2	 8	 1	 5	sample77	2914	4456	3084	121818	0	
2	 8	 1	 6	control	-103.29	1439	0	61680	0	
2	 8	 2	 1	sample78	5663	8747	5654	249804	0	
2	 8	 2	 2	sample78	5262	7832	5396	226160	0	
2	 8	 2	 3	sample78	3522	5578	3854	182984	0	
2	 8	 2	 4	sample78	3522	5320	3598	145638	0	
2	 8	 2	 5	sample78	2678	4476	2828	133052	0	
2	 8	 2	 6	control	309	2107	258	71920	0	
2	 8	 3	 1	sample79	6414	9498	6424	314568	0	
2	 8	 3	 2	sample79	6312	8882	6168	292980	0	
2	 8	 3	 3	sample79	5221	7533	5654	191896	0	
2	 8	 3	 4	sample79	4196	6252	4112	150088	0	
2	 8	 3	 5	sample79	1985	3783	1800	134850	0	
2	 8	 3	 6	control	-121.49	1677	-255.99	71920	0	
2	 8	 4	 1	sample80	3887	5943	3854	197376	0	
2	 8	 4	 2	sample80	2881	4679	2828	154628	0	
2	 8	 4	 3	sample80	1812	3610	1542	71920	0	
2	 8	 4	 4	sample80	1343	3141	1286	71920	0	
2	 8	 4	 5	sample80	790	2332	770	61680	0	
2	 8	 4	 6	control	142	1940	0	71920	0	
2	 9	 1	 1	sample81	8505	10561	9252	158312	0	
2	 9	 1	 2	sample81	6854	8654	7710	142200	0	
2	 9	 1	 3	sample81	6113	7655	6940	106398	0	
2	 9	 1	 4	sample81	4991	6277	5654	82304	0	
2	 9	 1	 5	sample81	2804	4090	3084	87448	0	
2	 9	 1	 6	control	0.4	1542	0	61680	0	
2	 9	 2	 1	sample82	5295	7351	6168	150088	0	
2	 9	 2	 2	sample82	6543	8343	7196	113400	0	
2	 9	 2	 3	sample82	5853	7395	6682	107940	0	
2	 9	 2	 4	sample82	4105	5647	4626	112566	0	
2	 9	 2	 5	sample82	2869	4155	2826	84876	0	
2	 9	 2	 6	control	187	1729	258	61680	0	
2	 9	 3	 1	sample83	3562	5618	3598	172704	0	
2	 9	 3	 2	sample83	3427	5227	3340	127800	0	
2	 9	 3	 3	sample83	3414	4956	3084	109482	0	
2	 9	 3	 4	sample83	2398	3940	2314	94062	0	
2	 9	 3	 5	sample83	1633	2919	1542	57870	0	
2	 9	 3	 6	control	-121.69	1420	-255.99	61680	0	
2	 9	 4	 1	sample84	3368	4910	3084	194292	0	
2	 9	 4	 2	sample84	2525	4067	2570	114108	0	
2	 9	 4	 3	sample84	1445	2987	1286	57054	0	
2	 9	 4	 4	sample84	2035	3321	1798	48868	0	
2	 9	 4	 5	sample84	584	1870	514	51440	0	
2	 9	 4	 6	control	321	1607	256	51440	0	
2	 10	 1	 1	sample85	5303	7103	5396	172800	0	
2	 10	 1	 2	sample85	6540	8082	5912	114108	0	
2	 10	 1	 3	sample85	5287	6573	4882	87448	0	
2	 10	 1	 4	sample85	2631	3917	2312	113168	0	
2	 10	 1	 5	sample85	2071	3357	2056	63014	0	
2	 10	 1	 6	control	-205.09	1337	-255.99	61680	0	
2	 10	 2	 1	sample86	4760	6816	4626	145976	0	
2	 10	 2	 2	sample86	4782	6582	4882	124200	0	
2	 10	 2	 3	sample86	3846	5388	3598	120276	0	
2	 10	 2	 4	sample86	2908	4194	2312	122170	0	
2	 10	 2	 5	sample86	3093	4379	3084	66872	0	
2	 10	 2	 6	control	245	1787	258	61680	0	
2	 10	 3	 1	sample87	5346	7402	5654	185040	0	
2	 10	 3	 2	sample87	5104	6646	4884	129528	0	
2	 10	 3	 3	sample87	3681	5223	3856	115650	0	
2	 10	 3	 4	sample87	3183	4469	3340	90020	0	
2	 10	 3	 5	sample87	1724	3010	1542	61728	0	
2	 10	 3	 6	control	-82.99	1459	0	61680	0	
2	 10	 4	 1	sample88	2843	4385	2828	154200	0	
2	 10	 4	 2	sample88	1916	3458	2056	64764	0	
2	 10	 4	 3	sample88	1869	3155	1542	51440	0	
2	 10	 4	 4	sample88	1609	2637	1286	35980	0	
2	 10	 4	 5	sample88	404	1690	514	51440	0	
2	 10	 4	 6	control	327	1613	256	51440	0	
2	 11	 1	 1	sample89	8484	11054	8738	254430	0	
2	 11	 1	 2	sample89	7140	9196	7454	215880	0	
2	 11	 1	 3	sample89	6452	8252	6938	149400	0	
2	 11	 1	 4	sample89	5347	6889	5654	117192	0	
2	 11	 1	 5	sample89	3708	5250	3856	137238	0	
2	 11	 1	 6	control	12.4	1298	0	51440	0	
2	 11	 2	 1	sample90	3252	5822	2828	102800	0	
2	 11	 2	 2	sample90	4112	6426	4368	118014	0	
2	 11	 2	 3	sample90	4406	6206	4112	158400	0	
2	 11	 2	 4	sample90	4379	6179	4368	86400	0	
2	 11	 2	 5	sample90	3043	4585	3084	75558	0	
2	 11	 2	 6	control	398	1684	514	51440	0	
2	 11	 3	 1	sample91	8025	10339	8480	111072	0	
2	 11	 3	 2	sample91	7798	9854	7968	108968	0	
2	 11	 3	 3	sample91	4661	6461	4882	91800	0	
2	 11	 3	 4	sample91	2959	4501	3084	120276	0	
2	 11	 3	 5	sample91	2589	3875	2570	66872	0	
2	 11	 3	 6	control	135	1421	0	51440	0	
2	 11	 4	 1	sample92	3499	5299	3854	93600	0	
2	 11	 4	 2	sample92	3735	5277	3598	78642	0	
2	 11	 4	 3	sample92	3009	4551	2570	78642	0	
2	 11	 4	 4	sample92	3295	4581	3340	36008	0	
2	 11	 4	 5	sample92	976	2262	1028	51440	0	
2	 11	 4	 6	control	160	1446	256	51440	0	
2	 12	 1	 1	sample93	9252	11564	10538	168776	0	
2	 12	 1	 2	sample93	7556	9612	8994	148032	0	
2	 12	 1	 3	sample93	6605	8403	7968	113274	0	
2	 12	 1	 4	sample93	4672	6470	5654	122264	0	
2	 12	 1	 5	sample93	3245	5043	3598	100688	0	
2	 12	 1	 6	control	38	2094	0	82240	0	
2	 12	 2	 1	sample94	4683	6995	4884	115600	0	
2	 12	 2	 2	sample94	5697	7495	6426	97092	0	
2	 12	 2	 3	sample94	5618	7416	5140	115072	0	
2	 12	 2	 4	sample94	5417	6959	5396	98688	0	
2	 12	 2	 5	sample94	4377	5919	4626	90978	0	
2	 12	 2	 6	control	598	2396	514	71920	0	
2	 12	 3	 1	sample95	6167	8223	5396	154200	0	
2	 12	 3	 2	sample95	4221	6019	4626	93496	0	
2	 12	 3	 3	sample95	3954	5496	4112	80184	0	
2	 12	 3	 4	sample95	3456	4740	3598	69336	0	
2	 12	 3	 5	sample95	2613	4155	2826	72474	0	
2	 12	 3	 6	control	160	1702	256	61680	0	
2	 12	 4	 1	sample96	8414	9956	8480	101772	0	
2	 12	 4	 2	sample96	5906	7448	6682	90978	0	
2	 12	 4	 3	sample96	4911	6195	5398	73188	0	
2	 12	 4	 4	sample96	2087	3371	2056	74472	0	
2	 12	 4	 5	sample96	2291	3575	2570	73188	0	
2	 12	 4	 6	control	592	1876	514	51360	0	
3	 1	 1	 1	sample97	8620	11704	9252	277560	0	
3	 1	 1	 2	sample97	8619	11445	9766	243036	0	
3	 1	 1	 3	sample97	7076	9132	7966	168592	0	
3	 1	 1	 4	sample97	6692	8748	7710	148032	0	
3	 1	 1	 5	sample97	5223	7021	5398	156426	0	
3	 1	 1	 6	control	155	1953	258	71920	0	
3	 1	 2	 1	sample98	6395	9993	6168	187096	0	
3	 1	 2	 2	sample98	5478	8048	5910	218450	0	
3	 1	 2	 3	sample98	854	2910	770	82240	0	
3	 1	 2	 4	sample98	2781	4837	3084	187096	0	
3	 1	 2	 5	sample98	2348	4404	2570	148032	0	
3	 1	 2	 6	control	752	2550	772	71920	0	
3	 1	 3	 1	sample99	3134	6474	2828	173680	0	
3	 1	 3	 2	sample99	4357	6413	4626	182984	0	
3	 1	 3	 3	sample99	3844	5642	3856	80910	0	
3	 1	 3	 4	sample99	3334	5132	3084	176204	0	
3	 1	 3	 5	sample99	4144	5942	4370	131254	0	
3	 1	 3	 6	control	231	1773	256	61680	0	
3	 1	 4	 1	sample100	3060	4858	3084	264306	0	
3	 1	 4	 2	sample100	3217	4759	3084	115650	0	
3	 1	 4	 3	sample100	2727	4269	2312	75558	0	
3	 1	 4	 4	sample100	1625	3167	1284	61680	0	
3	 1	 4	 5	sample100	1272	2814	1284	61680	0	
3	 1	 4	 6	control	379	1921	256	61680	0	
3	 2	 1	 1	sample101	10566	12622	11564	158312	0	
3	 2	 1	 2	sample101	7789	10359	8738	249290	0	
3	 2	 1	 3	sample101	7090	9402	8224	189584	0	
3	 2	 1	 4	sample101	5679	7477	6426	131254	0	
3	 2	 1	 5	sample101	4705	6247	5140	138780	0	
3	 2	 1	 6	control	148	1432	0	51360	0	
3	 2	 2	 1	sample102	5629	7685	5910	108968	0	
3	 2	 2	 2	sample102	6080	9164	5654	163452	0	
3	 2	 2	 3	sample102	5247	8073	5140	149778	0	
3	 2	 2	 4	sample102	3312	5624	3598	122536	0	
3	 2	 2	 5	sample102	2893	4691	3084	127658	0	
3	 2	 2	 6	control	616	2158	514	61680	0	
3	 2	 3	 1	sample103	7801	9599	7454	204972	0	
3	 2	 3	 2	sample103	6857	10197	7196	334000	0	
3	 2	 3	 3	sample103	7168	10508	7454	150300	0	
3	 2	 3	 4	sample103	5286	7856	5140	203030	0	
3	 2	 3	 5	sample103	3575	5631	3598	119248	0	
3	 2	 3	 6	control	25.2	1567	0	61680	0	
3	 2	 4	 1	sample104	8356	9640	8224	97584	0	
3	 2	 4	 2	sample104	6243	7785	6938	120276	0	
3	 2	 4	 3	sample104	5319	6861	5654	143406	0	
3	 2	 4	 4	sample104	3801	5343	4112	124902	0	
3	 2	 4	 5	sample104	1750	3292	1798	24672	0	
3	 2	 4	 6	control	245	1529	258	51360	0	
3	 3	 1	 1	sample105	10350	12148	10024	140244	0	
3	 3	 1	 2	sample105	9727	12039	10280	180336	0	
3	 3	 1	 3	sample105	8155	10211	8224	154200	0	
3	 3	 1	 4	sample105	5052	6850	5140	131254	0	
3	 3	 1	 5	sample105	3765	5307	4112	127986	0	
3	 3	 1	 6	control	103	1387	0	51360	0	
3	 3	 2	 1	sample106	9291	11347	8994	187096	0	
3	 3	 2	 2	sample106	7266	10350	6682	280644	0	
3	 3	 2	 3	sample106	6234	9060	6682	243036	0	
3	 3	 2	 4	sample106	4963	7019	5140	98688	0	
3	 3	 2	 5	sample106	3378	4920	3084	117192	0	
3	 3	 2	 6	control	282	1824	256	61680	0	
3	 3	 3	 1	sample107	7987	9785	7196	190588	0	
3	 3	 3	 2	sample107	6036	8862	5398	257166	0	
3	 3	 3	 3	sample107	4951	7521	5396	136210	0	
3	 3	 3	 4	sample107	4209	6265	4112	102800	0	
3	 3	 3	 5	sample107	1201	2743	1028	61680	0	
3	 3	 3	 6	control	77.6	1362	0	51360	0	
3	 3	 4	 1	sample108	7192	8734	7452	114108	0	
3	 3	 4	 2	sample108	4147	5945	4112	133052	0	
3	 3	 4	 3	sample108	3952	5494	3854	77100	0	
3	 3	 4	 4	sample108	3618	4902	3084	51360	0	
3	 3	 4	 5	sample108	1048	2332	1028	51360	0	
3	 3	 4	 6	control	501	1529	514	41120	0	
3	 4	 1	 1	sample109	7380	9950	6940	244150	0	
3	 4	 1	 2	sample109	11405	14233	12078	223412	0	
3	 4	 1	 3	sample109	7959	10273	7966	171236	0	
3	 4	 1	 4	sample109	4871	6671	4882	165600	0	
3	 4	 1	 5	sample109	4219	5761	3856	123360	0	
3	 4	 1	 6	control	-13.24	1787	0	72000	0	
3	 4	 2	 1	sample110	8552	10866	7710	273052	0	
3	 4	 2	 2	sample110	8006	10834	8738	313908	0	
3	 4	 2	 3	sample110	7006	9576	7710	218450	0	
3	 4	 2	 4	sample110	5819	7875	6168	160368	0	
3	 4	 2	 5	sample110	4177	5977	3598	154800	0	
3	 4	 2	 6	control	430	2230	514	72000	0	
3	 4	 3	 1	sample111	694	2750	514	82240	0	
3	 4	 3	 2	sample111	489	3059	258	102800	0	
3	 4	 3	 3	sample111	-148.29	2166	-257.99	92560	0	
3	 4	 3	 4	sample111	327	2127	256	72000	0	
3	 4	 3	 5	sample111	316	1858	258	61680	0	
3	 4	 3	 6	control	13.6	1556	0	61680	0	
3	 4	 4	 1	sample112	5420	6962	4626	178872	0	
3	 4	 4	 2	sample112	5352	7152	4882	178200	0	
3	 4	 4	 3	sample112	4039	5839	3854	90000	0	
3	 4	 4	 4	sample112	3832	5374	3856	135696	0	
3	 4	 4	 5	sample112	1503	2789	1542	51440	0	
3	 4	 4	 6	control	359	1645	256	51440	0	
3	 5	 1	 1	sample113	6417	8987	5912	239010	0	
3	 5	 1	 2	sample113	8871	11441	8996	239010	0	
3	 5	 1	 3	sample113	5783	7839	5398	180928	0	
3	 5	 1	 4	sample113	4600	6400	4882	126000	0	
3	 5	 1	 5	sample113	3571	5113	3598	131070	0	
3	 5	 1	 6	control	-39.09	1761	0	72000	0	
3	 5	 2	 1	sample114	6029	9113	4884	370080	0	
3	 5	 2	 2	sample114	8344	11428	8996	265224	0	
3	 5	 2	 3	sample114	5651	7965	5396	222144	0	
3	 5	 2	 4	sample114	3761	5817	3342	195320	0	
3	 5	 2	 5	sample114	3488	5030	3084	121818	0	
3	 5	 2	 6	control	269	2069	256	72000	0	
3	 5	 3	 1	sample115	6533	9103	6168	221020	0	
3	 5	 3	 2	sample115	6725	9295	5912	298120	0	
3	 5	 3	 3	sample115	4229	6285	3598	199432	0	
3	 5	 3	 4	sample115	2875	4675	3084	95400	0	
3	 5	 3	 5	sample115	2880	4422	2828	75558	0	
3	 5	 3	 6	control	-31.59	1510	0	61680	0	
3	 5	 4	 1	sample116	5890	7432	5398	161910	0	
3	 5	 4	 2	sample116	5168	6968	4626	127800	0	
3	 5	 4	 3	sample116	3869	5669	3598	95400	0	
3	 5	 4	 4	sample116	1902	3444	1800	61680	0	
3	 5	 4	 5	sample116	963	2249	1028	51440	0	
3	 5	 4	 6	control	160	1446	0	51440	0	
3	 6	 1	 1	sample117	8595	11165	8482	221020	0	
3	 6	 1	 2	sample117	9520	12090	9510	192750	0	
3	 6	 1	 3	sample117	6915	8971	7710	152144	0	
3	 6	 1	 4	sample117	4185	6241	4370	131584	0	
3	 6	 1	 5	sample117	5670	7470	5654	142200	0	
3	 6	 1	 6	control	-198.59	1857	-255.99	82240	0	
3	 6	 2	 1	sample118	2785	5355	2570	123360	0	
3	 6	 2	 2	sample118	6679	9249	6940	177330	0	
3	 6	 2	 3	sample118	4347	6403	4370	189152	0	
3	 6	 2	 4	sample118	3883	5683	3854	131400	0	
3	 6	 2	 5	sample118	2921	4721	2826	122400	0	
3	 6	 2	 6	control	96.9	2153	0	82240	0	
3	 6	 3	 1	sample119	6543	8343	5396	171000	0	
3	 6	 3	 2	sample119	6530	8586	6682	162424	0	
3	 6	 3	 3	sample119	4549	6349	4626	133200	0	
3	 6	 3	 4	sample119	3786	5328	4112	107940	0	
3	 6	 3	 5	sample119	2374	3660	2312	59156	0	
3	 6	 3	 6	control	200	1742	258	61680	0	
3	 6	 4	 1	sample120	3423	4709	3084	104166	0	
3	 6	 4	 2	sample120	2341	3627	1798	137602	0	
3	 6	 4	 3	sample120	2222	3508	2056	47582	0	
3	 6	 4	 4	sample120	1439	2725	1284	51440	0	
3	 6	 4	 5	sample120	675	1703	772	41120	0	
3	 6	 4	 6	control	289	1575	256	51440	0	
3	 7	 1	 1	sample121	6337	9677	5398	457580	0	
3	 7	 1	 2	sample121	9077	11903	10024	231732	0	
3	 7	 1	 3	sample121	7266	9578	7710	171088	0	
3	 7	 1	 4	sample121	4937	6993	4368	145976	0	
3	 7	 1	 5	sample121	3816	5614	3856	152830	0	
3	 7	 1	 6	control	-103.24	1953	0	82240	0	
3	 7	 2	 1	sample122	8527	12125	7966	320222	0	
3	 7	 2	 2	sample122	9409	12235	10024	245862	0	
3	 7	 2	 3	sample122	5217	7529	5140	217328	0	
3	 7	 2	 4	sample122	3918	5974	3854	158312	0	
3	 7	 2	 5	sample122	2747	4545	2570	190588	0	
3	 7	 2	 6	control	417	2473	514	82240	0	
3	 7	 3	 1	sample123	5846	9186	5654	170340	0	
3	 7	 3	 2	sample123	5114	7940	4370	251514	0	
3	 7	 3	 3	sample123	5012	7324	5140	106352	0	
3	 7	 3	 4	sample123	3048	4846	3084	89900	0	
3	 7	 3	 5	sample123	1913	3455	2056	114108	0	
3	 7	 3	 6	control	-63.74	1734	0	71920	0	
3	 7	 4	 1	sample124	6483	8539	6424	108968	0	
3	 7	 4	 2	sample124	4436	6492	4368	86352	0	
3	 7	 4	 3	sample124	2214	4012	2056	64728	0	
3	 7	 4	 4	sample124	2401	4199	2314	84506	0	
3	 7	 4	 5	sample124	2349	3891	2312	64764	0	
3	 7	 4	 6	control	322	1606	258	46224	0	
3	 8	 1	 1	sample125	11046	14130	10536	329988	0	
3	 8	 1	 2	sample125	11497	14581	12592	280644	0	
3	 8	 1	 3	sample125	9423	11993	10280	215880	0	
3	 8	 1	 4	sample125	6568	8880	6682	166464	0	
3	 8	 1	 5	sample125	6007	8063	6424	164480	0	
3	 8	 1	 6	control	-180.34	1876	-257.99	82240	0	
3	 8	 2	 1	sample126	495	3321	514	113040	0	
3	 8	 2	 2	sample126	449	3019	514	102800	0	
3	 8	 2	 3	sample126	425	2737	514	92480	0	
3	 8	 2	 4	sample126	269	2325	256	82240	0	
3	 8	 2	 5	sample126	212	2268	256	82240	0	
3	 8	 2	 6	control	507	2563	514	82240	0	
3	 8	 3	 1	sample127	5795	8365	5140	331530	0	
3	 8	 3	 2	sample127	6230	9056	6682	248688	0	
3	 8	 3	 3	sample127	4292	6862	4368	208170	0	
3	 8	 3	 4	sample127	4133	6189	4112	148032	0	
3	 8	 3	 5	sample127	1999	4055	2056	150088	0	
3	 8	 3	 6	control	-224.34	2088	-255.99	92480	0	
3	 8	 4	 1	sample128	3906	5704	3856	201376	0	
3	 8	 4	 2	sample128	2723	4521	2828	66526	0	
3	 8	 4	 3	sample128	4944	7000	5140	102800	0	
3	 8	 4	 4	sample128	1800	3598	1800	71920	0	
3	 8	 4	 5	sample128	682	2480	514	71920	0	
3	 8	 4	 6	control	322	2120	258	71920	0	
3	 9	 1	 1	sample129	6826	8882	6168	215880	0	
3	 9	 1	 2	sample129	10227	12283	11822	170648	0	
3	 9	 1	 3	sample129	8245	10043	9252	133052	0	
3	 9	 1	 4	sample129	5798	7596	6426	125860	0	
3	 9	 1	 5	sample129	3220	5276	3340	100744	0	
3	 9	 1	 6	control	-649.34	1921	-771.99	102800	0	
3	 9	 2	 1	sample130	628	2684	514	74016	0	
3	 9	 2	 2	sample130	399	2455	256	74016	0	
3	 9	 2	 3	sample130	348	2146	258	71920	0	
3	 9	 2	 4	sample130	135	1677	0	61680	0	
3	 9	 2	 5	sample130	-18.84	1779	0	71920	0	
3	 9	 2	 6	control	179	2235	256	82240	0	
3	 9	 3	 1	sample131	2847	6187	2056	133600	0	
3	 9	 3	 2	sample131	3559	6129	1284	102800	0	
3	 9	 3	 3	sample131	5378	7690	5398	122536	0	
3	 9	 3	 4	sample131	4222	6020	4370	131254	0	
3	 9	 3	 5	sample131	3266	5064	3598	79112	0	
3	 9	 3	 6	control	-308.79	1747	-513.99	82240	0	
3	 9	 4	 1	sample132	6133	7931	5398	235538	0	
3	 9	 4	 2	sample132	5320	7376	4882	152144	0	
3	 9	 4	 3	sample132	4554	6352	4370	95294	0	
3	 9	 4	 4	sample132	3617	5159	3340	80184	0	
3	 9	 4	 5	sample132	1260	2544	1286	51360	0	
3	 9	 4	 6	control	341	1625	258	51360	0	
3	 10	 1	 1	sample133	10057	15711	9766	588016	0	
3	 10	 1	 2	sample133	11478	15846	12850	358176	0	
3	 10	 1	 3	sample133	7738	11592	7968	254364	0	
3	 10	 1	 4	sample133	6488	10086	6938	248262	0	
3	 10	 1	 5	sample133	5410	9008	5396	277046	0	
3	 10	 1	 6	control	-25.09	3829	0	154160	0	
3	 10	 2	 1	sample134	6656	12052	5654	631332	0	
3	 10	 2	 2	sample134	7961	12329	8482	336336	0	
3	 10	 2	 3	sample134	6595	9935	7196	303940	0	
3	 10	 2	 4	sample134	5251	7821	4626	218450	0	
3	 10	 2	 5	sample134	4474	7558	4112	240552	0	
3	 10	 2	 6	control	205	4317	256	164480	0	
3	 10	 3	 1	sample135	3932	8558	3854	245178	0	
3	 10	 3	 2	sample135	5242	9096	5140	350714	0	
3	 10	 3	 3	sample135	3559	6899	3084	173680	0	
3	 10	 3	 4	sample135	4763	7589	4626	144126	0	
3	 10	 3	 5	sample135	1163	3989	1028	113040	0	
3	 10	 3	 6	control	308	3392	514	123360	0	
3	 10	 4	 1	sample136	6229	10083	5912	292904	0	
3	 10	 4	 2	sample136	5499	9097	5654	280644	0	
3	 10	 4	 3	sample136	5070	8410	5398	290580	0	
3	 10	 4	 4	sample136	3732	6558	3598	141300	0	
3	 10	 4	 5	sample136	1755	4581	1800	113040	0	
3	 10	 4	 6	control	989	4073	1028	123360	0	
3	 11	 1	 1	sample137	8311	12681	8994	358340	0	
3	 11	 1	 2	sample137	9035	13147	10280	370080	0	
3	 11	 1	 3	sample137	8026	11624	9252	266252	0	
3	 11	 1	 4	sample137	5942	9284	6682	217230	0	
3	 11	 1	 5	sample137	4501	7585	4884	228216	0	
3	 11	 1	 6	control	-38.09	3046	0	123360	0	
3	 11	 2	 1	sample138	4834	9718	5140	258852	0	
3	 11	 2	 2	sample138	6654	11024	7452	288420	0	
3	 11	 2	 3	sample138	6073	9929	6424	304624	0	
3	 11	 2	 4	sample138	3634	7232	3856	179900	0	
3	 11	 2	 5	sample138	3264	6862	3342	143920	0	
3	 11	 2	 6	control	123	3721	0	143920	0	
3	 11	 3	 1	sample139	6618	11244	7196	240552	0	
3	 11	 3	 2	sample139	6536	10906	6938	402040	0	
3	 11	 3	 3	sample139	5447	9559	5912	365968	0	
3	 11	 3	 4	sample139	5128	8984	5396	262208	0	
3	 11	 3	 5	sample139	3392	7248	3340	173520	0	
3	 11	 3	 6	control	-449.39	3663	-513.99	164480	0	
3	 11	 4	 1	sample140	3744	6058	3854	118014	0	
3	 11	 4	 2	sample140	3574	6916	3340	250650	0	
3	 11	 4	 3	sample140	3994	7336	3854	153732	0	
3	 11	 4	 4	sample140	3152	6750	3084	82754	0	
3	 11	 4	 5	sample140	1098	4954	1028	154240	0	
3	 11	 4	 6	control	96	3952	0	154240	0	
3	 12	 1	 1	sample141	8174	11002	7710	263004	0	
3	 12	 1	 2	sample141	8645	10959	8738	205946	0	
3	 12	 1	 3	sample141	6888	8688	7196	138600	0	
3	 12	 1	 4	sample141	4663	6205	5140	109482	0	
3	 12	 1	 5	sample141	2936	4222	3084	120884	0	
3	 12	 1	 6	control	134	1420	0	51440	0	
3	 12	 2	 1	sample142	6322	10178	6168	154240	0	
3	 12	 2	 2	sample142	6631	9201	5654	218450	0	
3	 12	 2	 3	sample142	6886	8942	7454	178872	0	
3	 12	 2	 4	sample142	5033	6833	5140	144000	0	
3	 12	 2	 5	sample142	3947	5233	3598	100308	0	
3	 12	 2	 6	control	668	1954	514	51440	0	
3	 12	 3	 1	sample143	8399	12511	7968	217936	0	
3	 12	 3	 2	sample143	7876	10960	7968	243636	0	
3	 12	 3	 3	sample143	4218	6532	4626	185120	0	
3	 12	 3	 4	sample143	3143	4943	3084	124200	0	
3	 12	 3	 5	sample143	2689	4231	2570	137238	0	
3	 12	 3	 6	control	167	1453	256	51440	0	
3	 12	 4	 1	sample144	7166	10508	6682	324174	0	
3	 12	 4	 2	sample144	7144	9972	8224	226240	0	
3	 12	 4	 3	sample144	5507	7821	6168	199004	0	
3	 12	 4	 4	sample144	4529	6329	5140	129600	0	
3	 12	 4	 5	sample144	3416	4958	3598	121818	0	
3	 12	 4	 6	control	417	1703	514	51440	0	
4	 1	 1	 1	sample145	6674	8472	6426	167214	0	
4	 1	 1	 2	sample145	10038	11836	11052	129456	0	
4	 1	 1	 3	sample145	7681	9223	8480	112566	0	
4	 1	 1	 4	sample145	5898	7440	6682	94062	0	
4	 1	 1	 5	sample145	5259	6543	5398	111708	0	
4	 1	 1	 6	control	180	1464	258	51360	0	
4	 1	 2	 1	sample146	5818	8130	6168	210392	0	
4	 1	 2	 2	sample146	5837	8149	6168	120224	0	
4	 1	 2	 3	sample146	4868	6924	4626	108968	0	
4	 1	 2	 4	sample146	4436	5978	4882	135696	0	
4	 1	 2	 5	sample146	4479	5763	4884	105288	0	
4	 1	 2	 6	control	611	1895	514	51360	0	
4	 1	 3	 1	sample147	5705	8017	5654	117912	0	
4	 1	 3	 2	sample147	4959	7271	4370	219640	0	
4	 1	 3	 3	sample147	4956	7012	5140	152144	0	
4	 1	 3	 4	sample147	4236	5778	4626	104856	0	
4	 1	 3	 5	sample147	2147	3431	2056	51360	0	
4	 1	 3	 6	control	129	1413	0	51360	0	
4	 1	 4	 1	sample148	4499	6297	4112	167214	0	
4	 1	 4	 2	sample148	5439	7237	6682	134850	0	
4	 1	 4	 3	sample148	4883	6425	4626	64764	0	
4	 1	 4	 4	sample148	3973	5257	3598	118128	0	
4	 1	 4	 5	sample148	3720	4748	3598	153172	0	
4	 1	 4	 6	control	321	1349	256	41120	0	
4	 2	 1	 1	sample149	11008	13064	13620	172704	0	
4	 2	 1	 2	sample149	9336	11906	10536	203030	0	
4	 2	 1	 3	sample149	7765	9821	8480	152144	0	
4	 2	 1	 4	sample149	5796	7594	6426	127658	0	
4	 2	 1	 5	sample149	3649	5191	3598	144948	0	
4	 2	 1	 6	control	238	1522	258	51360	0	
4	 2	 2	 1	sample150	9663	11719	9508	205600	0	
4	 2	 2	 2	sample150	8866	11436	9766	185040	0	
4	 2	 2	 3	sample150	7278	9334	7710	160368	0	
4	 2	 2	 4	sample150	6029	7827	6168	129456	0	
4	 2	 2	 5	sample150	4233	5775	3598	114108	0	
4	 2	 2	 6	control	836	2120	514	51360	0	
4	 2	 3	 1	sample151	2769	4567	2570	95294	0	
4	 2	 3	 2	sample151	2766	4564	2570	89900	0	
4	 2	 3	 3	sample151	2381	4179	2314	95294	0	
4	 2	 3	 4	sample151	1368	2910	1284	61680	0	
4	 2	 3	 5	sample151	842	2126	772	51360	0	
4	 2	 3	 6	control	129	1413	0	51360	0	
4	 2	 4	 1	sample152	5293	6577	5140	110424	0	
4	 2	 4	 2	sample152	4322	5606	3856	96300	0	
4	 2	 4	 3	sample152	3950	5234	4112	119412	0	
4	 2	 4	 4	sample152	2944	4228	2828	98868	0	
4	 2	 4	 5	sample152	2525	3809	2314	65484	0	
4	 2	 4	 6	control	539	1567	514	41120	0	
4	 3	 1	 1	sample153	9466	12036	10022	246720	0	
4	 3	 1	 2	sample153	11546	15400	12336	304466	0	
4	 3	 1	 3	sample153	10579	13919	11566	250500	0	
4	 3	 1	 4	sample153	7641	10725	8738	231300	0	
4	 3	 1	 5	sample153	5487	8057	5140	197890	0	
4	 3	 1	 6	control	-347.44	2223	-513.99	102800	0	
4	 3	 2	 1	sample154	5918	8488	5654	249290	0	
4	 3	 2	 2	sample154	7515	10855	7710	250500	0	
4	 3	 2	 3	sample154	5930	9014	5396	200460	0	
4	 3	 2	 4	sample154	6391	9217	6940	42390	0	
4	 3	 2	 5	sample154	3315	5885	3598	177330	0	
4	 3	 2	 6	control	990	3302	1028	92480	0	
4	 3	 3	 1	sample155	7835	10405	8224	195320	0	
4	 3	 3	 2	sample155	6967	10051	8224	225132	0	
4	 3	 3	 3	sample155	4901	7727	5398	243036	0	
4	 3	 3	 4	sample155	4214	6784	4112	167050	0	
4	 3	 3	 5	sample155	3413	5725	3598	99416	0	
4	 3	 3	 6	control	115	2171	0	82240	0	
4	 3	 4	 1	sample156	7298	9096	6940	127658	0	
4	 3	 4	 2	sample156	5249	7047	4370	199578	0	
4	 3	 4	 3	sample156	4862	6660	4884	172608	0	
4	 3	 4	 4	sample156	3076	4874	3084	160022	0	
4	 3	 4	 5	sample156	2907	4449	2826	78642	0	
4	 3	 4	 6	control	379	1921	256	61680	0	
4	 4	 1	 1	sample157	10800	14656	12078	304624	0	
4	 4	 1	 2	sample157	8612	13752	9510	364940	0	
4	 4	 1	 3	sample157	7947	12059	8738	312512	0	
4	 4	 1	 4	sample157	6751	10093	7452	210546	0	
4	 4	 1	 5	sample157	4686	7514	4626	214928	0	
4	 4	 1	 6	control	-148.24	2680	-257.99	113120	0	
4	 4	 2	 1	sample158	6904	10760	6424	200512	0	
4	 4	 2	 2	sample158	3550	9204	3342	299662	0	
4	 4	 2	 3	sample158	4889	9001	4626	209712	0	
4	 4	 2	 4	sample158	3625	6967	3598	157074	0	
4	 4	 2	 5	sample158	2325	5153	2056	113120	0	
4	 4	 2	 6	control	489	3059	514	102800	0	
4	 4	 3	 1	sample159	9586	13442	10022	204368	0	
4	 4	 3	 2	sample159	8299	12155	9508	196656	0	
4	 4	 3	 3	sample159	6737	10079	6682	264018	0	
4	 4	 3	 4	sample159	5069	8153	4884	222048	0	
4	 4	 3	 5	sample159	2590	5160	2570	102800	0	
4	 4	 3	 6	control	154	2468	0	92560	0	
4	 4	 4	 1	sample160	9046	11102	10280	104856	0	
4	 4	 4	 2	sample160	8302	10358	8996	82240	0	
4	 4	 4	 3	sample160	6617	8417	7196	86400	0	
4	 4	 4	 4	sample160	3924	5724	4112	140400	0	
4	 4	 4	 5	sample160	3538	5080	3598	72474	0	
4	 4	 4	 6	control	566	2108	514	61680	0	
4	 5	 1	 1	sample161	9580	14464	9252	454212	0	
4	 5	 1	 2	sample161	10337	15221	10794	434676	0	
4	 5	 1	 3	sample161	10619	14731	12080	300176	0	
4	 5	 1	 4	sample161	7449	10791	8224	237282	0	
4	 5	 1	 5	sample161	5582	8152	5654	218450	0	
4	 5	 1	 6	control	-153.69	2416	-255.99	102800	0	
4	 5	 2	 1	sample162	8195	13593	8224	480422	0	
4	 5	 2	 2	sample162	9571	14969	10280	264502	0	
4	 5	 2	 3	sample162	6724	10836	6682	411200	0	
4	 5	 2	 4	sample162	6951	10293	7710	140364	0	
4	 5	 2	 5	sample162	5169	7739	5140	115650	0	
4	 5	 2	 6	control	231	3059	256	113120	0	
4	 5	 3	 1	sample163	8802	13428	8738	245178	0	
4	 5	 3	 2	sample163	7778	11890	8482	189152	0	
4	 5	 3	 3	sample163	5817	9159	5654	257334	0	
4	 5	 3	 4	sample163	4911	7739	5140	127260	0	
4	 5	 3	 5	sample163	3110	5424	3084	113386	0	
4	 5	 3	 6	control	-63.64	2506	-255.99	102800	0	
4	 5	 4	 1	sample164	5267	7067	4368	225000	0	
4	 5	 4	 2	sample164	4009	5809	3084	180000	0	
4	 5	 4	 3	sample164	3555	5097	3084	234384	0	
4	 5	 4	 4	sample164	2704	4504	2570	72000	0	
4	 5	 4	 5	sample164	1747	3547	1798	72000	0	
4	 5	 4	 6	control	765	2307	772	61680	0	
4	 6	 1	 1	sample165	8025	11623	7196	143920	0	
4	 6	 1	 2	sample165	9435	12263	10536	248864	0	
4	 6	 1	 3	sample165	7737	10051	8224	194376	0	
4	 6	 1	 4	sample165	5548	7348	5654	122400	0	
4	 6	 1	 5	sample165	4289	5831	4370	127986	0	
4	 6	 1	 6	control	13.3	1555	0	61680	0	
4	 6	 2	 1	sample166	7153	10751	6682	190694	0	
4	 6	 2	 2	sample166	6204	9032	6168	217756	0	
4	 6	 2	 3	sample166	5563	7877	5396	189748	0	
4	 6	 2	 4	sample166	4686	6742	4626	106912	0	
4	 6	 2	 5	sample166	3416	5216	3340	91800	0	
4	 6	 2	 6	control	521	2577	514	82240	0	
4	 6	 3	 1	sample167	6091	9175	5912	163452	0	
4	 6	 3	 2	sample167	5259	7829	4626	233870	0	
4	 6	 3	 3	sample167	3910	5966	3598	193264	0	
4	 6	 3	 4	sample167	2987	4787	2826	72000	0	
4	 6	 3	 5	sample167	1857	3399	1800	75558	0	
4	 6	 3	 6	control	102	1902	0	72000	0	
4	 6	 4	 1	sample168	6045	7073	5912	51400	0	
4	 6	 4	 2	sample168	4184	5212	3856	85324	0	
4	 6	 4	 3	sample168	4581	5609	4884	86352	0	
4	 6	 4	 4	sample168	3060	4088	3342	54484	0	
4	 6	 4	 5	sample168	2834	3862	2828	41120	0	
4	 6	 4	 6	control	508	1536	514	41120	0	
4	 7	 1	 1	sample169	373	2429	258	82240	0	
4	 7	 1	 2	sample169	661	2461	770	72000	0	
4	 7	 1	 3	sample169	643	2185	514	61680	0	
4	 7	 1	 4	sample169	373	1915	258	61680	0	
4	 7	 1	 5	sample169	348	1890	258	61680	0	
4	 7	 1	 6	control	-173.09	1883	-255.99	82240	0	
4	 7	 2	 1	sample170	11580	14664	12080	163452	0	
4	 7	 2	 2	sample170	9128	11698	9766	233870	0	
4	 7	 2	 3	sample170	7327	9383	6940	170648	0	
4	 7	 2	 4	sample170	6783	8583	7196	154800	0	
4	 7	 2	 5	sample170	4909	6709	4626	138600	0	
4	 7	 2	 6	control	655	2455	770	72000	0	
4	 7	 3	 1	sample171	5375	7689	4626	270738	0	
4	 7	 3	 2	sample171	6327	8383	5654	199432	0	
4	 7	 3	 3	sample171	5143	6943	5140	140400	0	
4	 7	 3	 4	sample171	2759	4301	2828	127986	0	
4	 7	 3	 5	sample171	2339	3881	2314	77100	0	
4	 7	 3	 6	control	5.95	1806	0	72000	0	
4	 7	 4	 1	sample172	2151	3437	2056	131172	0	
4	 7	 4	 2	sample172	2787	3815	2570	52428	0	
4	 7	 4	 3	sample172	2266	3552	2056	128600	0	
4	 7	 4	 4	sample172	2166	3194	2056	96632	0	
4	 7	 4	 5	sample172	1414	2442	1286	41120	0	
4	 7	 4	 6	control	675	1703	772	41120	0	
4	 8	 1	 1	sample173	9497	13867	9766	201020	0	
4	 8	 1	 2	sample173	8402	13286	8994	224664	0	
4	 8	 1	 3	sample173	7039	10637	7454	298634	0	
4	 8	 1	 4	sample173	6701	9529	6938	223412	0	
4	 8	 1	 5	sample173	5532	7846	5910	201318	0	
4	 8	 1	 6	control	-199.64	2114	-257.99	92560	0	
4	 8	 2	 1	sample174	7428	10770	5910	497958	0	
4	 8	 2	 2	sample174	8185	11527	7966	270702	0	
4	 8	 2	 3	sample174	6134	8962	6424	214928	0	
4	 8	 2	 4	sample174	4949	7519	5398	200460	0	
4	 8	 2	 5	sample174	4201	6515	4112	178178	0	
4	 8	 2	 6	control	321	2635	256	92560	0	
4	 8	 3	 1	sample175	5446	8274	5140	147056	0	
4	 8	 3	 2	sample175	3936	6506	3598	131070	0	
4	 8	 3	 3	sample175	4042	6612	4370	131070	0	
4	 8	 3	 4	sample175	2474	4788	2570	118014	0	
4	 8	 3	 5	sample175	1253	3309	1286	82240	0	
4	 8	 3	 6	control	-38.09	2018	0	82240	0	
4	 8	 4	 1	sample176	7150	8692	6940	137238	0	
4	 8	 4	 2	sample176	5153	6695	4884	123360	0	
4	 8	 4	 3	sample176	4301	5843	4370	144948	0	
4	 8	 4	 4	sample176	3158	4700	2828	144948	0	
4	 8	 4	 5	sample176	2320	3606	2312	86162	0	
4	 8	 4	 6	control	584	1870	514	51440	0	
4	 9	 1	 1	sample177	8677	11761	8224	274476	0	
4	 9	 1	 2	sample177	8762	11846	9508	262140	0	
4	 9	 1	 3	sample177	7157	9727	7710	208170	0	
4	 9	 1	 4	sample177	5970	8026	6938	178872	0	
4	 9	 1	 5	sample177	3607	5405	3342	160022	0	
4	 9	 1	 6	control	-89.34	1709	0	71920	0	
4	 9	 2	 1	sample178	6816	11184	6426	227136	0	
4	 9	 2	 2	sample178	6390	10244	6940	254364	0	
4	 9	 2	 3	sample178	6780	9350	7196	200460	0	
4	 9	 2	 4	sample178	5009	7321	5398	180336	0	
4	 9	 2	 5	sample178	3316	5114	3342	127658	0	
4	 9	 2	 6	control	302	2100	258	71920	0	
4	 9	 3	 1	sample179	9259	13113	9252	454772	0	
4	 9	 3	 2	sample179	6676	9760	5654	397836	0	
4	 9	 3	 3	sample179	6290	8860	7196	231300	0	
4	 9	 3	 4	sample179	5357	7413	5654	162424	0	
4	 9	 3	 5	sample179	3421	4963	3598	127986	0	
4	 9	 3	 6	control	76.6	1619	0	61680	0	
4	 9	 4	 1	sample180	5468	7010	5396	143406	0	
4	 9	 4	 2	sample180	6372	7914	6938	104856	0	
4	 9	 4	 3	sample180	3890	5174	4112	114276	0	
4	 9	 4	 4	sample180	2821	4105	2828	51360	0	
4	 9	 4	 5	sample180	2129	3157	2056	89436	0	
4	 9	 4	 6	control	372	1400	256	41120	0	
4	 10	 1	 1	sample181	6062	8632	5910	218450	0	
4	 10	 1	 2	sample181	9241	11811	9766	185040	0	
4	 10	 1	 3	sample181	7390	9702	8224	141032	0	
4	 10	 1	 4	sample181	5242	7554	5912	134096	0	
4	 10	 1	 5	sample181	3702	6014	3598	166464	0	
4	 10	 1	 6	control	26.2	2852	0	113040	0	
4	 10	 2	 1	sample182	7058	10142	6682	265224	0	
4	 10	 2	 2	sample182	6700	9526	7196	211950	0	
4	 10	 2	 3	sample182	6029	8341	6682	166464	0	
4	 10	 2	 4	sample182	4353	6409	4882	168592	0	
4	 10	 2	 5	sample182	3388	5700	3342	154904	0	
4	 10	 2	 6	control	539	3109	514	102800	0	
4	 10	 3	 1	sample183	7088	9658	6424	251860	0	
4	 10	 3	 2	sample183	6261	8573	6168	166464	0	
4	 10	 3	 3	sample183	6547	8603	6938	125416	0	
4	 10	 3	 4	sample183	3662	5460	3598	109678	0	
4	 10	 3	 5	sample183	2866	4664	2828	71920	0	
4	 10	 3	 6	control	225	2537	258	92480	0	
4	 10	 4	 1	sample184	4900	6184	4884	98868	0	
4	 10	 4	 2	sample184	4198	5482	3856	88596	0	
4	 10	 4	 3	sample184	3934	5218	3342	96300	0	
4	 10	 4	 4	sample184	3202	4486	3342	87312	0	
4	 10	 4	 5	sample184	1845	3129	1800	21828	0	
4	 10	 4	 6	control	559	2101	514	61680	0	
4	 11	 1	 1	sample185	10036	15432	9252	442472	0	
4	 11	 1	 2	sample185	10676	15558	12336	390560	0	
4	 11	 1	 3	sample185	10145	14257	10794	267280	0	
4	 11	 1	 4	sample185	2975	7343	2828	174720	0	
4	 11	 1	 5	sample185	6384	12294	6426	218670	0	
4	 11	 1	 6	control	7563	18099	7454	421440	0	
4	 11	 2	 1	sample186	8267	14177	8482	289590	0	
4	 11	 2	 2	sample186	7625	13793	8224	413256	0	
4	 11	 2	 3	sample186	8953	14349	10024	259008	0	
4	 11	 2	 4	sample186	7686	13854	7710	271392	0	
4	 11	 2	 5	sample186	7889	17911	7968	390858	0	
4	 11	 2	 6	control	3816	18208	3854	575680	0	
4	 11	 3	 1	sample187	6243	11897	6682	288354	0	
4	 11	 3	 2	sample187	7296	12692	8224	264404	0	
4	 11	 3	 3	sample187	5918	11572	6168	361856	0	
4	 11	 3	 4	sample187	7132	14584	7196	208656	0	
4	 11	 3	 5	sample187	5012	16062	5140	397800	0	
4	 11	 3	 6	control	3514	18934	3340	616800	0	
4	 11	 4	 1	sample188	4728	7812	4626	138780	0	
4	 11	 4	 2	sample188	5237	8835	4626	151116	0	
4	 11	 4	 3	sample188	3226	7080	3084	154160	0	
4	 11	 4	 4	sample188	5025	10421	4370	215840	0	
4	 11	 4	 5	sample188	8263	28051	7967	910248	0	
4	 11	 4	 6	control	2742	27414	2569	986880	0	
4	 12	 1	 1	sample189	3251	30750	3084	1099960	0	
4	 12	 1	 2	sample189	7292	15260	7710	318720	0	
4	 12	 1	 3	sample189	4497	9381	4112	195360	0	
4	 12	 1	 4	sample189	3007	6349	3084	133680	0	
4	 12	 1	 5	sample189	1896	4466	1800	102800	0	
4	 12	 1	 6	control	566	2622	514	82240	0	
4	 12	 2	 1	sample190	-2177.17	25578	-2055.99	1110200	0	
4	 12	 2	 2	sample190	4578	24624	4626	1062438	0	
4	 12	 2	 3	sample190	5562	16356	4112	572082	0	
4	 12	 2	 4	sample190	6260	12942	5912	354146	0	
4	 12	 2	 5	sample190	4453	8309	4368	412592	0	
4	 12	 2	 6	control	1369	3939	1286	102800	0	
4	 12	 3	 1	sample191	-6116.24	15986	-6423.99	884080	0	
4	 12	 3	 2	sample191	2357	11353	1284	359840	0	
4	 12	 3	 3	sample191	2846	9786	2826	277600	0	
4	 12	 3	 4	sample191	3702	8842	3856	267280	0	
4	 12	 3	 5	sample191	4637	7979	4112	217230	0	
4	 12	 3	 6	control	83.1	2397	0	92560	0	
4	 12	 4	 1	sample192	10476	16388	10794	301512	0	
4	 12	 4	 2	sample192	8870	12982	9252	185040	0	
4	 12	 4	 3	sample192	6606	10462	6424	169664	0	
4	 12	 4	 4	sample192	5200	8284	5140	132612	0	
4	 12	 4	 5	sample192	3374	5430	3084	96632	0	
4	 12	 4	 6	control	899	2185	1028	51440	0	
