MicroVigene	 Version	 2650
Culture	en-US
8/15/2006 4:46:08 PM
Roi Row	 4	 Roi Col	 12	 Main Row	 4	 Main Col	 6	 Sub Row	 1	 Sub Col	 1
Main Row	 Main Col	 Sub Row	 Sub Col	  GeneID	mean_net	 mean_total	 median_net	 vol_bkg	 vol_dust	 
1	 1	 1	 1	sample1	7094	10948	7710	300612	0	
1	 1	 1	 2	sample1	8252	12106	8996	292904	0	
1	 1	 1	 3	sample1	5336	9190	5140	289050	0	
1	 1	 1	 4	sample1	3174	6772	2826	327418	0	
1	 1	 1	 5	sample1	2458	6056	2570	165508	0	
1	 1	 1	 6	control	822	4420	256	143920	0	
1	 1	 2	 1	sample2	7172	10770	6168	233870	0	
1	 1	 2	 2	sample2	10482	14080	10280	273448	0	
1	 1	 2	 3	sample2	8187	11785	8738	280644	0	
1	 1	 2	 4	sample2	6323	9663	6426	233800	0	
1	 1	 2	 5	sample2	4671	7755	4882	228216	0	
1	 1	 2	 6	control	12590	15930	12594	230460	0	
1	 1	 3	 1	sample3	13447	16787	13622	250500	0	
1	 1	 3	 2	sample3	11481	14821	11822	243820	0	
1	 1	 3	 3	sample3	9976	13060	10536	222048	0	
1	 1	 3	 4	sample3	6405	9489	5396	203544	0	
1	 1	 3	 5	sample3	3484	6568	3084	160368	0	
1	 1	 3	 6	control	565	3649	256	123360	0	
1	 1	 4	 1	sample4	11806	14890	13106	252888	0	
1	 1	 4	 2	sample4	11815	14899	12078	231300	0	
1	 1	 4	 3	sample4	8835	11661	8482	217602	0	
1	 1	 4	 4	sample4	5441	8267	4626	231732	0	
1	 1	 4	 5	sample4	3498	6324	3084	194994	0	
1	 1	 4	 6	control	7158	9984	6682	172386	0	
1	 2	 1	 1	sample5	7520	10862	6424	280728	0	
1	 2	 1	 2	sample5	9366	12708	8994	270702	0	
1	 2	 1	 3	sample5	6918	10260	6424	257334	0	
1	 2	 1	 4	sample5	4590	7674	4626	237468	0	
1	 2	 1	 5	sample5	3164	6248	3084	259056	0	
1	 2	 1	 6	control	579	3663	514	123360	0	
1	 2	 2	 1	sample6	12512	15596	12080	212796	0	
1	 2	 2	 2	sample6	10123	13207	9766	231300	0	
1	 2	 2	 3	sample6	10714	13542	10536	217756	0	
1	 2	 2	 4	sample6	10883	13711	10280	203616	0	
1	 2	 2	 5	sample6	7126	9954	7196	209272	0	
1	 2	 2	 6	control	13404	16232	14134	197960	0	
1	 2	 3	 1	sample7	5615	8443	5654	189476	0	
1	 2	 3	 2	sample7	6201	9029	6168	192304	0	
1	 2	 3	 3	sample7	6366	8936	5398	167050	0	
1	 2	 3	 4	sample7	4149	6719	3598	179900	0	
1	 2	 3	 5	sample7	2186	4756	1800	264710	0	
1	 2	 3	 6	control	444	3014	258	102800	0	
1	 2	 4	 1	sample8	4265	6835	4370	190180	0	
1	 2	 4	 2	sample8	2643	5213	2570	218450	0	
1	 2	 4	 3	sample8	3733	6047	3340	175864	0	
1	 2	 4	 4	sample8	2302	4616	2056	113386	0	
1	 2	 4	 5	sample8	1724	4038	1542	120328	0	
1	 2	 4	 6	control	9529	11843	10536	145782	0	
1	 3	 1	 1	sample9	13360	16958	14136	226674	0	
1	 3	 1	 2	sample9	12649	16247	12594	251860	0	
1	 3	 1	 3	sample9	10175	13773	10538	237468	0	
1	 3	 1	 4	sample9	7125	10723	6940	233870	0	
1	 3	 1	 5	sample9	3885	7483	3342	255458	0	
1	 3	 1	 6	control	412	4010	258	143920	0	
1	 3	 2	 1	sample10	5629	8971	5396	210546	0	
1	 3	 2	 2	sample10	8800	12142	8994	190494	0	
1	 3	 2	 3	sample10	7245	10587	7196	207204	0	
1	 3	 2	 4	sample10	4420	7762	4882	200520	0	
1	 3	 2	 5	sample10	2864	6206	2570	227256	0	
1	 3	 2	 6	control	12217	15559	12078	203862	0	
1	 3	 3	 1	sample11	8191	11275	8224	191208	0	
1	 3	 3	 2	sample11	7719	10803	7710	181956	0	
1	 3	 3	 3	sample11	6232	9316	6426	175788	0	
1	 3	 3	 4	sample11	2898	5982	2828	178872	0	
1	 3	 3	 5	sample11	2229	5313	2056	215880	0	
1	 3	 3	 6	control	437	3521	258	123360	0	
1	 3	 4	 1	sample12	10041	13125	10280	181956	0	
1	 3	 4	 2	sample12	9376	12204	10280	164024	0	
1	 3	 4	 3	sample12	9290	12374	8996	188124	0	
1	 3	 4	 4	sample12	5992	8820	5654	169680	0	
1	 3	 4	 5	sample12	2612	5440	2312	169680	0	
1	 3	 4	 6	control	9627	12455	10536	152712	0	
1	 4	 1	 1	sample13	9731	12815	9510	222048	0	
1	 4	 1	 2	sample13	10994	14078	10794	246720	0	
1	 4	 1	 3	sample13	7436	10520	7196	228216	0	
1	 4	 1	 4	sample13	5249	8333	5398	234384	0	
1	 4	 1	 5	sample13	3169	6253	2828	215880	0	
1	 4	 1	 6	control	572	3656	514	123360	0	
1	 4	 2	 1	sample14	9380	12208	8738	214928	0	
1	 4	 2	 2	sample14	9972	12800	10280	186648	0	
1	 4	 2	 3	sample14	8249	11077	7452	200788	0	
1	 4	 2	 4	sample14	6298	9126	5654	200788	0	
1	 4	 2	 5	sample14	3945	6773	3084	231896	0	
1	 4	 2	 6	control	12811	15639	13878	186648	0	
1	 4	 3	 1	sample15	6979	9549	6682	167050	0	
1	 4	 3	 2	sample15	5074	7644	5654	179900	0	
1	 4	 3	 3	sample15	4550	7120	4112	172190	0	
1	 4	 3	 4	sample15	2397	4967	2314	174760	0	
1	 4	 3	 5	sample15	1926	4496	1800	131070	0	
1	 4	 3	 6	control	682	3252	514	102800	0	
1	 4	 4	 1	sample16	6831	9145	5140	187434	0	
1	 4	 4	 2	sample16	5440	7754	4626	150410	0	
1	 4	 4	 3	sample16	6065	8379	6168	157352	0	
1	 4	 4	 4	sample16	3365	5679	3340	166608	0	
1	 4	 4	 5	sample16	2266	4836	2314	125930	0	
1	 4	 4	 6	control	8200	10770	7968	136210	0	
1	 5	 1	 1	sample17	11586	15184	11822	262654	0	
1	 5	 1	 2	sample17	10598	14196	10022	284242	0	
1	 5	 1	 3	sample17	7155	10495	6940	267200	0	
1	 5	 1	 4	sample17	5468	8808	5398	257180	0	
1	 5	 1	 5	sample17	3078	6418	3084	260520	0	
1	 5	 1	 6	control	482	3822	514	133600	0	
1	 5	 2	 1	sample18	4344	7684	4112	233800	0	
1	 5	 2	 2	sample18	7200	10540	6426	227120	0	
1	 5	 2	 3	sample18	5523	8863	4626	240480	0	
1	 5	 2	 4	sample18	3703	6787	3598	218964	0	
1	 5	 2	 5	sample18	2698	5782	2570	246720	0	
1	 5	 2	 6	control	11883	15223	12336	257180	0	
1	 5	 3	 1	sample19	13610	16694	14392	228216	0	
1	 5	 3	 2	sample19	11968	15052	11822	222048	0	
1	 5	 3	 3	sample19	9304	12388	9252	228216	0	
1	 5	 3	 4	sample19	7403	10487	8224	191208	0	
1	 5	 3	 5	sample19	5337	8421	4882	240552	0	
1	 5	 3	 6	control	167	3251	256	123360	0	
1	 5	 4	 1	sample20	8196	11022	7196	231732	0	
1	 5	 4	 2	sample20	6373	9199	5912	194994	0	
1	 5	 4	 3	sample20	6005	8831	5912	209124	0	
1	 5	 4	 4	sample20	3062	5888	2570	194994	0	
1	 5	 4	 5	sample20	2410	5236	2314	113040	0	
1	 5	 4	 6	control	9861	12945	10022	225132	0	
1	 6	 1	 1	sample21	6125	9723	6168	280644	0	
1	 6	 1	 2	sample21	8234	11574	7710	263860	0	
1	 6	 1	 3	sample21	5753	9093	5398	253840	0	
1	 6	 1	 4	sample21	4000	7340	3856	260520	0	
1	 6	 1	 5	sample21	2517	5857	2314	177020	0	
1	 6	 1	 6	control	328	3668	258	133600	0	
1	 6	 2	 1	sample22	9095	12435	10024	233800	0	
1	 6	 2	 2	sample22	13205	16545	13108	237140	0	
1	 6	 2	 3	sample22	11901	14985	13106	228216	0	
1	 6	 2	 4	sample22	8682	11766	8480	228216	0	
1	 6	 2	 5	sample22	6661	9745	6938	228216	0	
1	 6	 2	 6	control	11536	14620	13620	222048	0	
1	 6	 3	 1	sample23	6567	9651	5910	228216	0	
1	 6	 3	 2	sample23	5967	9051	5910	225132	0	
1	 6	 3	 3	sample23	4083	6909	3856	194994	0	
1	 6	 3	 4	sample23	3162	5988	3342	149778	0	
1	 6	 3	 5	sample23	1615	4441	1542	149778	0	
1	 6	 3	 6	control	251	3077	258	113040	0	
1	 6	 4	 1	sample24	10978	13804	10538	206298	0	
1	 6	 4	 2	sample24	7334	10160	7196	200646	0	
1	 6	 4	 3	sample24	7233	10059	7968	197820	0	
1	 6	 4	 4	sample24	3322	6148	2828	223254	0	
1	 6	 4	 5	sample24	1944	4770	1542	226080	0	
1	 6	 4	 6	control	10207	12777	10536	154200	0	
1	 7	 1	 1	sample25	9397	12737	8738	267200	0	
1	 7	 1	 2	sample25	9354	12694	7968	270540	0	
1	 7	 1	 3	sample25	7881	11221	6940	237140	0	
1	 7	 1	 4	sample25	5079	8163	4368	222048	0	
1	 7	 1	 5	sample25	3142	6226	2570	231300	0	
1	 7	 1	 6	control	386	3726	258	133600	0	
1	 7	 2	 1	sample26	10697	13781	9766	212796	0	
1	 7	 2	 2	sample26	9946	13030	10280	268308	0	
1	 7	 2	 3	sample26	9410	12494	8994	234384	0	
1	 7	 2	 4	sample26	5971	8797	5654	209124	0	
1	 7	 2	 5	sample26	4514	7340	4112	200646	0	
1	 7	 2	 6	control	12624	15450	14136	189342	0	
1	 7	 3	 1	sample27	2158	4984	2056	121518	0	
1	 7	 3	 2	sample27	2138	4964	2314	132822	0	
1	 7	 3	 3	sample27	1858	4428	2056	123360	0	
1	 7	 3	 4	sample27	1208	3778	1028	102800	0	
1	 7	 3	 5	sample27	1156	3726	1028	102800	0	
1	 7	 3	 6	control	373	3199	258	113040	0	
1	 7	 4	 1	sample28	7333	9903	7966	187610	0	
1	 7	 4	 2	sample28	4828	7398	4626	179900	0	
1	 7	 4	 3	sample28	4425	6995	4112	200460	0	
1	 7	 4	 4	sample28	3098	5668	2826	177330	0	
1	 7	 4	 5	sample28	1878	4448	1798	115650	0	
1	 7	 4	 6	control	6903	9473	6682	167050	0	
1	 8	 1	 1	sample29	14068	18180	13108	312512	0	
1	 8	 1	 2	sample29	15722	19834	16706	328960	0	
1	 8	 1	 3	sample29	11925	16037	12080	300176	0	
1	 8	 1	 4	sample29	8156	12268	7454	291952	0	
1	 8	 1	 5	sample29	5714	9570	5140	293056	0	
1	 8	 1	 6	control	501	4357	514	154240	0	
1	 8	 2	 1	sample30	4104	7960	4112	273776	0	
1	 8	 2	 2	sample30	5603	9459	5654	254496	0	
1	 8	 2	 3	sample30	5511	9367	5654	285344	0	
1	 8	 2	 4	sample30	3870	7468	4112	255458	0	
1	 8	 2	 5	sample30	2917	6773	2826	196656	0	
1	 8	 2	 6	control	12110	15966	13364	250640	0	
1	 8	 3	 1	sample31	7726	11324	7710	244664	0	
1	 8	 3	 2	sample31	6050	9648	5398	241066	0	
1	 8	 3	 3	sample31	4030	7628	3598	223076	0	
1	 8	 3	 4	sample31	2625	6223	2570	169106	0	
1	 8	 3	 5	sample31	2478	5820	2312	253992	0	
1	 8	 3	 6	control	296	3894	258	143920	0	
1	 8	 4	 1	sample32	9260	12858	10280	248262	0	
1	 8	 4	 2	sample32	7176	10518	6938	220572	0	
1	 8	 4	 3	sample32	7215	10813	7196	255458	0	
1	 8	 4	 4	sample32	3728	7070	3340	223914	0	
1	 8	 4	 5	sample32	2652	5994	2570	167100	0	
1	 8	 4	 6	control	7967	11309	8738	200520	0	
1	 9	 1	 1	sample33	6637	9721	5910	231300	0	
1	 9	 1	 2	sample33	6526	9610	6424	234384	0	
1	 9	 1	 3	sample33	3816	6900	3340	228216	0	
1	 9	 1	 4	sample33	2952	6036	2826	246720	0	
1	 9	 1	 5	sample33	1950	5034	2056	157284	0	
1	 9	 1	 6	control	373	3713	258	133600	0	
1	 9	 2	 1	sample34	6300	9384	5654	203544	0	
1	 9	 2	 2	sample34	9420	12504	8994	206628	0	
1	 9	 2	 3	sample34	8640	11724	8738	228216	0	
1	 9	 2	 4	sample34	6052	9136	5654	234384	0	
1	 9	 2	 5	sample34	5018	8102	4112	234384	0	
1	 9	 2	 6	control	12356	15440	12078	237468	0	
1	 9	 3	 1	sample35	7571	10397	7454	197820	0	
1	 9	 3	 2	sample35	3841	6667	3598	194994	0	
1	 9	 3	 3	sample35	2867	5693	2828	200646	0	
1	 9	 3	 4	sample35	1833	4659	1542	234558	0	
1	 9	 3	 5	sample35	2391	5217	2314	149778	0	
1	 9	 3	 6	control	669	3495	514	113040	0	
1	 9	 4	 1	sample36	7182	10008	6682	206298	0	
1	 9	 4	 2	sample36	7124	9694	6424	167050	0	
1	 9	 4	 3	sample36	8301	10871	8738	179900	0	
1	 9	 4	 4	sample36	4074	6644	3854	174760	0	
1	 9	 4	 5	sample36	2951	5521	2570	179900	0	
1	 9	 4	 6	control	9430	12000	10794	159340	0	
1	 10	 1	 1	sample37	8237	11321	7452	237468	0	
1	 10	 1	 2	sample37	9186	12270	8224	231300	0	
1	 10	 1	 3	sample37	6143	9227	5654	222048	0	
1	 10	 1	 4	sample37	3388	6472	3340	234384	0	
1	 10	 1	 5	sample37	2528	5612	2312	228216	0	
1	 10	 1	 6	control	456	3540	256	123360	0	
1	 10	 2	 1	sample38	4499	7583	3854	225132	0	
1	 10	 2	 2	sample38	5905	8731	5140	209124	0	
1	 10	 2	 3	sample38	5901	8727	5398	211950	0	
1	 10	 2	 4	sample38	4248	7074	3856	203472	0	
1	 10	 2	 5	sample38	2883	5709	2828	223254	0	
1	 10	 2	 6	control	11043	13869	11308	172386	0	
1	 10	 3	 1	sample39	14677	17503	14906	268470	0	
1	 10	 3	 2	sample39	12230	15056	12850	211950	0	
1	 10	 3	 3	sample39	9183	12009	8996	189342	0	
1	 10	 3	 4	sample39	3462	6288	3342	175212	0	
1	 10	 3	 5	sample39	3206	6032	2828	220428	0	
1	 10	 3	 6	control	669	3495	514	113040	0	
1	 10	 4	 1	sample40	5200	7770	4882	185040	0	
1	 10	 4	 2	sample40	5515	8085	4882	172190	0	
1	 10	 4	 3	sample40	6432	9002	5396	185040	0	
1	 10	 4	 4	sample40	2681	5251	2570	159340	0	
1	 10	 4	 5	sample40	2104	4674	2056	177330	0	
1	 10	 4	 6	control	7748	10574	7968	155430	0	
1	 11	 1	 1	sample41	11601	15199	12594	262654	0	
1	 11	 1	 2	sample41	10061	13659	10280	295036	0	
1	 11	 1	 3	sample41	7158	10756	7196	266252	0	
1	 11	 1	 4	sample41	5331	8929	4884	262654	0	
1	 11	 1	 5	sample41	3417	7015	3084	269850	0	
1	 11	 1	 6	control	629	3971	514	133680	0	
1	 11	 2	 1	sample42	10566	14164	10280	259056	0	
1	 11	 2	 2	sample42	11619	15217	12336	241066	0	
1	 11	 2	 3	sample42	9338	12680	9252	267360	0	
1	 11	 2	 4	sample42	8160	11502	8738	243966	0	
1	 11	 2	 5	sample42	5231	8573	4368	243966	0	
1	 11	 2	 6	control	12682	16024	14906	220572	0	
1	 11	 3	 1	sample43	11393	14735	12078	220572	0	
1	 11	 3	 2	sample43	9985	13583	11052	262654	0	
1	 11	 3	 3	sample43	8726	12068	8224	227256	0	
1	 11	 3	 4	sample43	4871	8213	4626	217230	0	
1	 11	 3	 5	sample43	5256	8340	5140	246720	0	
1	 11	 3	 6	control	386	3470	258	123360	0	
1	 11	 4	 1	sample44	13786	17128	15676	243966	0	
1	 11	 4	 2	sample44	12419	15761	13620	237282	0	
1	 11	 4	 3	sample44	11267	14609	12592	233940	0	
1	 11	 4	 4	sample44	8239	11323	7710	212796	0	
1	 11	 4	 5	sample44	5223	8307	5140	191208	0	
1	 11	 4	 6	control	7711	10795	7968	188124	0	
1	 12	 1	 1	sample45	9372	12200	8994	186648	0	
1	 12	 1	 2	sample45	8294	11378	8482	194292	0	
1	 12	 1	 3	sample45	5674	8758	4884	206628	0	
1	 12	 1	 4	sample45	3446	6530	3342	181956	0	
1	 12	 1	 5	sample45	1787	4871	1800	123360	0	
1	 12	 1	 6	control	367	3451	258	123360	0	
1	 12	 2	 1	sample46	2192	5020	2056	186648	0	
1	 12	 2	 2	sample46	3460	6288	3598	164024	0	
1	 12	 2	 3	sample46	3551	6379	3340	172508	0	
1	 12	 2	 4	sample46	2578	5406	2826	172508	0	
1	 12	 2	 5	sample46	1817	4901	1800	138780	0	
1	 12	 2	 6	control	11280	14364	12850	166536	0	
1	 12	 3	 1	sample47	7015	9843	6938	197960	0	
1	 12	 3	 2	sample47	5786	8614	5910	164024	0	
1	 12	 3	 3	sample47	5066	7894	4882	158368	0	
1	 12	 3	 4	sample47	2292	5120	2570	175336	0	
1	 12	 3	 5	sample47	1873	4701	1798	195132	0	
1	 12	 3	 6	control	482	3566	258	123360	0	
1	 12	 4	 1	sample48	8863	11433	8996	149060	0	
1	 12	 4	 2	sample48	6400	9228	5654	149884	0	
1	 12	 4	 3	sample48	7243	10071	7966	152712	0	
1	 12	 4	 4	sample48	4078	6648	3856	151630	0	
1	 12	 4	 5	sample48	1989	4817	2056	152712	0	
1	 12	 4	 6	control	7689	10517	6168	144228	0	
2	 1	 1	 1	sample49	13865	17463	13620	305830	0	
2	 1	 1	 2	sample49	12028	15626	11822	309428	0	
2	 1	 1	 3	sample49	11509	15107	12850	298634	0	
2	 1	 1	 4	sample49	8136	11476	6940	270540	0	
2	 1	 1	 5	sample49	4729	8069	4370	277220	0	
2	 1	 1	 6	control	470	3810	514	133600	0	
2	 1	 2	 1	sample50	8223	11821	6938	269850	0	
2	 1	 2	 2	sample50	12382	15980	12336	298634	0	
2	 1	 2	 3	sample50	11657	15255	11822	309428	0	
2	 1	 2	 4	sample50	9003	12601	7710	320222	0	
2	 1	 2	 5	sample50	8063	11403	7454	270540	0	
2	 1	 2	 6	control	13360	16958	14648	255458	0	
2	 1	 3	 1	sample51	11396	14994	11308	230272	0	
2	 1	 3	 2	sample51	10728	14326	11050	255458	0	
2	 1	 3	 3	sample51	8334	11932	7966	251860	0	
2	 1	 3	 4	sample51	5947	9287	5398	217100	0	
2	 1	 3	 5	sample51	4030	7370	3856	290580	0	
2	 1	 3	 6	control	179	3777	256	143920	0	
2	 1	 4	 1	sample52	11886	15226	12336	257180	0	
2	 1	 4	 2	sample52	8495	11835	8738	257180	0	
2	 1	 4	 3	sample52	6459	9799	5654	253840	0	
2	 1	 4	 4	sample52	4027	7367	3598	250500	0	
2	 1	 4	 5	sample52	3132	6216	3084	163452	0	
2	 1	 4	 6	control	8541	11625	7196	197376	0	
2	 2	 1	 1	sample53	10332	13930	10794	233870	0	
2	 2	 1	 2	sample53	7465	11063	6426	251860	0	
2	 2	 1	 3	sample53	6782	10380	6426	241066	0	
2	 2	 1	 4	sample53	4173	7771	3856	244664	0	
2	 2	 1	 5	sample53	3079	6421	3084	200520	0	
2	 2	 1	 6	control	380	3978	258	143920	0	
2	 2	 2	 1	sample54	9882	13480	9252	223076	0	
2	 2	 2	 2	sample54	10320	14176	9766	266064	0	
2	 2	 2	 3	sample54	7946	11544	7968	262654	0	
2	 2	 2	 4	sample54	6206	9804	5912	248262	0	
2	 2	 2	 5	sample54	4789	8387	4884	233870	0	
2	 2	 2	 6	control	12585	16183	13108	230272	0	
2	 2	 3	 1	sample55	11678	15534	11564	235216	0	
2	 2	 3	 2	sample55	10089	13945	8994	239072	0	
2	 2	 3	 3	sample55	6400	9998	5912	219478	0	
2	 2	 3	 4	sample55	4311	7909	4626	158312	0	
2	 2	 3	 5	sample55	3739	7081	3598	170442	0	
2	 2	 3	 6	control	187	3785	0	143920	0	
2	 2	 4	 1	sample56	11838	15436	11308	237468	0	
2	 2	 4	 2	sample56	11012	14610	10538	233870	0	
2	 2	 4	 3	sample56	8434	11776	8480	240624	0	
2	 2	 4	 4	sample56	6075	9417	6168	223914	0	
2	 2	 4	 5	sample56	3849	7191	3854	167100	0	
2	 2	 4	 6	control	11370	14712	11822	193836	0	
2	 3	 1	 1	sample57	16876	21758	17990	361268	0	
2	 3	 1	 2	sample57	15925	20807	17476	395442	0	
2	 3	 1	 3	sample57	13861	18743	14392	361268	0	
2	 3	 1	 4	sample57	9170	13796	9508	365454	0	
2	 3	 1	 5	sample57	6484	11110	5910	337698	0	
2	 3	 1	 6	control	552	5178	514	185040	0	
2	 3	 2	 1	sample58	4237	9119	3856	351504	0	
2	 3	 2	 2	sample58	4760	9642	4884	356386	0	
2	 3	 2	 3	sample58	4568	9450	4112	405206	0	
2	 3	 2	 4	sample58	3827	8709	3856	258746	0	
2	 3	 2	 5	sample58	3131	8013	3084	244100	0	
2	 3	 2	 6	control	14580	19206	14392	328446	0	
2	 3	 3	 1	sample59	18840	23722	19018	366150	0	
2	 3	 3	 2	sample59	16228	21110	17476	346622	0	
2	 3	 3	 3	sample59	11402	16284	10794	307566	0	
2	 3	 3	 4	sample59	8347	13229	7710	336858	0	
2	 3	 3	 5	sample59	4720	9602	3856	722536	0	
2	 3	 3	 6	control	200	5082	258	195280	0	
2	 3	 4	 1	sample60	3959	8585	3340	365454	0	
2	 3	 4	 2	sample60	3064	7690	2826	185040	0	
2	 3	 4	 3	sample60	2454	7080	2056	185040	0	
2	 3	 4	 4	sample60	2120	6746	2056	185040	0	
2	 3	 4	 5	sample60	1137	5763	1028	185040	0	
2	 3	 4	 6	control	8453	13079	8224	263682	0	
2	 4	 1	 1	sample61	6564	11446	5912	380796	0	
2	 4	 1	 2	sample61	7688	12314	7196	323820	0	
2	 4	 1	 3	sample61	5425	10051	5140	337698	0	
2	 4	 1	 4	sample61	3084	7710	2826	323820	0	
2	 4	 1	 5	sample61	2374	7000	2312	212796	0	
2	 4	 1	 6	control	360	5242	258	195280	0	
2	 4	 2	 1	sample62	7138	12020	7710	302684	0	
2	 4	 2	 2	sample62	6367	11249	6426	297802	0	
2	 4	 2	 3	sample62	5172	9798	4626	328446	0	
2	 4	 2	 4	sample62	3361	7987	2826	407088	0	
2	 4	 2	 5	sample62	2461	7343	2570	331976	0	
2	 4	 2	 6	control	13450	18332	15164	322212	0	
2	 4	 3	 1	sample63	9847	14729	10794	297802	0	
2	 4	 3	 2	sample63	8229	13111	8224	307566	0	
2	 4	 3	 3	sample63	4929	9555	4882	282186	0	
2	 4	 3	 4	sample63	3594	8220	3598	309942	0	
2	 4	 3	 5	sample63	2823	7449	2570	309942	0	
2	 4	 3	 6	control	687	5313	770	185040	0	
2	 4	 4	 1	sample64	7852	12478	7710	333072	0	
2	 4	 4	 2	sample64	5951	10577	6168	319194	0	
2	 4	 4	 3	sample64	4660	9286	3854	309942	0	
2	 4	 4	 4	sample64	2940	7566	2570	314568	0	
2	 4	 4	 5	sample64	1841	6467	1798	305316	0	
2	 4	 4	 6	control	9355	13981	9252	263682	0	
2	 5	 1	 1	sample65	11115	14713	10794	305830	0	
2	 5	 1	 2	sample65	12302	15900	12080	295036	0	
2	 5	 1	 3	sample65	10610	14208	11052	280644	0	
2	 5	 1	 4	sample65	6088	9686	5654	262654	0	
2	 5	 1	 5	sample65	3581	7179	3342	269850	0	
2	 5	 1	 6	control	791	4389	514	143920	0	
2	 5	 2	 1	sample66	5942	9540	6168	241066	0	
2	 5	 2	 2	sample66	7837	11435	7968	255458	0	
2	 5	 2	 3	sample66	6432	10288	5396	273776	0	
2	 5	 2	 4	sample66	4986	8584	4884	251860	0	
2	 5	 2	 5	sample66	2798	6396	2570	284242	0	
2	 5	 2	 6	control	11670	15268	12594	230272	0	
2	 5	 3	 1	sample67	13671	17269	14392	244664	0	
2	 5	 3	 2	sample67	11092	14690	10538	251860	0	
2	 5	 3	 3	sample67	7690	11288	6940	230272	0	
2	 5	 3	 4	sample67	3977	7575	3598	251860	0	
2	 5	 3	 5	sample67	3477	7075	3342	190694	0	
2	 5	 3	 6	control	392	3990	258	143920	0	
2	 5	 4	 1	sample68	15318	18916	17220	251860	0	
2	 5	 4	 2	sample68	12512	16110	12080	237468	0	
2	 5	 4	 3	sample68	13458	17056	14906	237468	0	
2	 5	 4	 4	sample68	11260	14858	11822	230272	0	
2	 5	 4	 5	sample68	7449	10791	6682	237282	0	
2	 5	 4	 6	control	10072	13414	9766	207204	0	
2	 6	 1	 1	sample69	13385	16983	12850	269850	0	
2	 6	 1	 2	sample69	11799	15397	12080	280644	0	
2	 6	 1	 3	sample69	10056	13654	9766	280644	0	
2	 6	 1	 4	sample69	7175	10773	6426	262654	0	
2	 6	 1	 5	sample69	5071	8413	4368	237282	0	
2	 6	 1	 6	control	719	4061	514	133680	0	
2	 6	 2	 1	sample70	7638	11236	7968	230272	0	
2	 6	 2	 2	sample70	7856	11454	7454	241066	0	
2	 6	 2	 3	sample70	6543	10141	6682	259056	0	
2	 6	 2	 4	sample70	4637	8235	4884	259056	0	
2	 6	 2	 5	sample70	3471	6813	3084	257334	0	
2	 6	 2	 6	control	12656	15998	11564	230598	0	
2	 6	 3	 1	sample71	7161	10759	6682	262654	0	
2	 6	 3	 2	sample71	5584	9182	5398	248262	0	
2	 6	 3	 3	sample71	3939	7537	3342	345408	0	
2	 6	 3	 4	sample71	2633	5975	2570	217230	0	
2	 6	 3	 5	sample71	2071	5413	2056	163758	0	
2	 6	 3	 6	control	417	3759	256	133680	0	
2	 6	 4	 1	sample72	16217	19815	18504	255458	0	
2	 6	 4	 2	sample72	10488	14086	10794	244664	0	
2	 6	 4	 3	sample72	10020	13618	8996	248262	0	
2	 6	 4	 4	sample72	8043	11385	7966	213888	0	
2	 6	 4	 5	sample72	5082	8424	4882	207204	0	
2	 6	 4	 6	control	7810	11152	7710	197178	0	
2	 7	 1	 1	sample73	6379	9463	6424	225132	0	
2	 7	 1	 2	sample73	5619	8959	5140	263860	0	
2	 7	 1	 3	sample73	4727	7811	4368	265224	0	
2	 7	 1	 4	sample73	3077	6161	2826	231300	0	
2	 7	 1	 5	sample73	2296	5380	2056	148032	0	
2	 7	 1	 6	control	687	3771	770	123360	0	
2	 7	 2	 1	sample74	7928	11012	7452	206628	0	
2	 7	 2	 2	sample74	8478	11818	7968	230460	0	
2	 7	 2	 3	sample74	7171	10255	6682	228216	0	
2	 7	 2	 4	sample74	5595	8679	5396	231300	0	
2	 7	 2	 5	sample74	3816	6900	3854	123360	0	
2	 7	 2	 6	control	12761	15845	13364	215880	0	
2	 7	 3	 1	sample75	481	3565	256	123360	0	
2	 7	 3	 2	sample75	1021	4105	1028	123360	0	
2	 7	 3	 3	sample75	2375	5459	2312	151116	0	
2	 7	 3	 4	sample75	1303	4387	1284	126444	0	
2	 7	 3	 5	sample75	1265	4349	1284	123360	0	
2	 7	 3	 6	control	501	3585	514	123360	0	
2	 7	 4	 1	sample76	12898	15982	13364	212796	0	
2	 7	 4	 2	sample76	10855	13939	10794	218964	0	
2	 7	 4	 3	sample76	9837	12921	10022	222048	0	
2	 7	 4	 4	sample76	6036	8862	5912	186516	0	
2	 7	 4	 5	sample76	2639	5723	2312	181956	0	
2	 7	 4	 6	control	7595	10679	7196	172704	0	
2	 8	 1	 1	sample77	10083	13939	10022	293056	0	
2	 8	 1	 2	sample77	11529	15641	10794	316624	0	
2	 8	 1	 3	sample77	7876	11988	7710	300176	0	
2	 8	 1	 4	sample77	4368	8224	3854	285344	0	
2	 8	 1	 5	sample77	2841	6697	2826	277632	0	
2	 8	 1	 6	control	597	4453	514	154240	0	
2	 8	 2	 1	sample78	5866	9978	5912	254944	0	
2	 8	 2	 2	sample78	5766	9878	5140	304288	0	
2	 8	 2	 3	sample78	4825	8937	4370	324848	0	
2	 8	 2	 4	sample78	3654	7766	4112	304288	0	
2	 8	 2	 5	sample78	2656	6768	2570	197376	0	
2	 8	 2	 6	control	12570	16426	13106	262208	0	
2	 8	 3	 1	sample79	14416	18272	15420	281488	0	
2	 8	 3	 2	sample79	9095	13207	9510	287840	0	
2	 8	 3	 3	sample79	6800	10912	6426	296064	0	
2	 8	 3	 4	sample79	5412	9268	5140	250640	0	
2	 8	 3	 5	sample79	3913	7769	3854	204368	0	
2	 8	 3	 6	control	404	4260	256	154240	0	
2	 8	 4	 1	sample80	6635	10491	6424	258352	0	
2	 8	 4	 2	sample80	4170	8026	4112	235216	0	
2	 8	 4	 3	sample80	3799	7655	3340	266064	0	
2	 8	 4	 4	sample80	2994	6850	3084	188944	0	
2	 8	 4	 5	sample80	1548	5404	1542	154240	0	
2	 8	 4	 6	control	14493	18349	15162	235216	0	
2	 9	 1	 1	sample81	7300	10384	7196	212796	0	
2	 9	 1	 2	sample81	5082	8166	5140	222048	0	
2	 9	 1	 3	sample81	5023	8107	5396	203544	0	
2	 9	 1	 4	sample81	2390	5474	2312	225132	0	
2	 9	 1	 5	sample81	1878	4962	1798	138780	0	
2	 9	 1	 6	control	404	3488	256	123360	0	
2	 9	 2	 1	sample82	9775	13115	9510	203740	0	
2	 9	 2	 2	sample82	12743	16083	13622	207080	0	
2	 9	 2	 3	sample82	10050	13390	11308	227120	0	
2	 9	 2	 4	sample82	6809	10149	6940	210420	0	
2	 9	 2	 5	sample82	3958	7298	4112	217100	0	
2	 9	 2	 6	control	12615	15955	13622	197060	0	
2	 9	 3	 1	sample83	6572	9912	6426	233800	0	
2	 9	 3	 2	sample83	6755	10095	7968	190380	0	
2	 9	 3	 3	sample83	4804	8144	4884	193720	0	
2	 9	 3	 4	sample83	2623	5707	2826	191208	0	
2	 9	 3	 5	sample83	2388	5472	2312	135696	0	
2	 9	 3	 6	control	437	3521	514	123360	0	
2	 9	 4	 1	sample84	6358	9442	6938	228216	0	
2	 9	 4	 2	sample84	6429	9513	6682	191208	0	
2	 9	 4	 3	sample84	4834	7918	4882	194292	0	
2	 9	 4	 4	sample84	3761	6845	3598	203544	0	
2	 9	 4	 5	sample84	1709	4793	1798	203544	0	
2	 9	 4	 6	control	8439	11523	10022	172704	0	
2	 10	 1	 1	sample85	7630	9944	7966	157352	0	
2	 10	 1	 2	sample85	7881	10195	7452	166608	0	
2	 10	 1	 3	sample85	5792	8106	5910	155038	0	
2	 10	 1	 4	sample85	3367	5681	3084	155038	0	
2	 10	 1	 5	sample85	2899	5213	3084	106444	0	
2	 10	 1	 6	control	1112	3682	514	102800	0	
2	 10	 2	 1	sample86	7298	9868	7710	169620	0	
2	 10	 2	 2	sample86	6840	9410	6940	172190	0	
2	 10	 2	 3	sample86	6244	8814	5912	174760	0	
2	 10	 2	 4	sample86	4042	6612	4112	177330	0	
2	 10	 2	 5	sample86	2741	5055	2826	97188	0	
2	 10	 2	 6	control	9565	12135	10024	177330	0	
2	 10	 3	 1	sample87	8758	11072	8224	171236	0	
2	 10	 3	 2	sample87	3762	6332	3342	197890	0	
2	 10	 3	 3	sample87	4087	6401	3598	120328	0	
2	 10	 3	 4	sample87	2359	4673	2056	101816	0	
2	 10	 3	 5	sample87	2388	4702	2312	101816	0	
2	 10	 3	 6	control	1092	3406	770	92560	0	
2	 10	 4	 1	sample88	5381	7695	5396	152724	0	
2	 10	 4	 2	sample88	4560	6874	4368	155038	0	
2	 10	 4	 3	sample88	4756	7070	4882	145782	0	
2	 10	 4	 4	sample88	2803	5117	2826	150410	0	
2	 10	 4	 5	sample88	1968	4282	1798	101816	0	
2	 10	 4	 6	control	6918	9232	6938	148096	0	
2	 11	 1	 1	sample89	15131	18471	15678	263860	0	
2	 11	 1	 2	sample89	12975	16573	13620	309428	0	
2	 11	 1	 3	sample89	10658	13998	11566	263860	0	
2	 11	 1	 4	sample89	6755	10095	5912	247160	0	
2	 11	 1	 5	sample89	5554	8894	5398	257180	0	
2	 11	 1	 6	control	470	3810	258	133600	0	
2	 11	 2	 1	sample90	5864	9204	5140	233800	0	
2	 11	 2	 2	sample90	6601	10199	6424	241066	0	
2	 11	 2	 3	sample90	6282	9880	5654	298634	0	
2	 11	 2	 4	sample90	4312	7910	3854	277046	0	
2	 11	 2	 5	sample90	3102	6442	2570	297260	0	
2	 11	 2	 6	control	10632	13972	10538	237140	0	
2	 11	 3	 1	sample91	7521	10861	7454	240480	0	
2	 11	 3	 2	sample91	5530	8870	4626	290580	0	
2	 11	 3	 3	sample91	4351	7691	4370	233800	0	
2	 11	 3	 4	sample91	4216	7556	3856	273880	0	
2	 11	 3	 5	sample91	2221	5561	2056	177020	0	
2	 11	 3	 6	control	425	3765	258	133600	0	
2	 11	 4	 1	sample92	6679	10019	6940	227120	0	
2	 11	 4	 2	sample92	6076	9160	6168	200460	0	
2	 11	 4	 3	sample92	4792	8132	4884	233800	0	
2	 11	 4	 4	sample92	2511	5851	2570	243820	0	
2	 11	 4	 5	sample92	1400	4740	1286	150300	0	
2	 11	 4	 6	control	10696	14036	10280	217100	0	
2	 12	 1	 1	sample93	5677	8247	5912	177330	0	
2	 12	 1	 2	sample93	6029	8599	6940	151630	0	
2	 12	 1	 3	sample93	4260	7088	4112	161196	0	
2	 12	 1	 4	sample93	2809	5637	2826	127260	0	
2	 12	 1	 5	sample93	2085	4913	2056	121604	0	
2	 12	 1	 6	control	225	3309	258	123360	0	
2	 12	 2	 1	sample94	6082	8910	6168	161196	0	
2	 12	 2	 2	sample94	7813	10641	8994	147056	0	
2	 12	 2	 3	sample94	6924	9752	6682	152712	0	
2	 12	 2	 4	sample94	4283	7111	4626	186648	0	
2	 12	 2	 5	sample94	3447	6275	3598	149884	0	
2	 12	 2	 6	control	11494	14578	11566	154200	0	
2	 12	 3	 1	sample95	7762	10590	7966	152712	0	
2	 12	 3	 2	sample95	6887	9715	6938	141400	0	
2	 12	 3	 3	sample95	6822	9650	6424	155540	0	
2	 12	 3	 4	sample95	3579	6407	3084	158368	0	
2	 12	 3	 5	sample95	2455	5283	2312	132916	0	
2	 12	 3	 6	control	411	3239	256	113120	0	
2	 12	 4	 1	sample96	11366	13936	12336	149060	0	
2	 12	 4	 2	sample96	8105	10675	7968	149060	0	
2	 12	 4	 3	sample96	6292	9120	7196	158368	0	
2	 12	 4	 4	sample96	4454	7282	4882	135744	0	
2	 12	 4	 5	sample96	2580	5408	2570	138572	0	
2	 12	 4	 6	control	7258	10342	7196	141864	0	
3	 1	 1	 1	sample97	12919	16259	13878	263860	0	
3	 1	 1	 2	sample97	12282	15622	13622	267200	0	
3	 1	 1	 3	sample97	8355	11439	8480	246720	0	
3	 1	 1	 4	sample97	6322	9662	6682	257180	0	
3	 1	 1	 5	sample97	3571	6911	3856	247160	0	
3	 1	 1	 6	control	354	3694	258	133600	0	
3	 1	 2	 1	sample98	16407	19747	18762	227120	0	
3	 1	 2	 2	sample98	15737	19077	17990	247160	0	
3	 1	 2	 3	sample98	2142	5482	2056	170340	0	
3	 1	 2	 4	sample98	7632	10972	7968	250500	0	
3	 1	 2	 5	sample98	6014	9354	6168	260520	0	
3	 1	 2	 6	control	15802	19142	17734	207080	0	
3	 1	 3	 1	sample99	16935	20275	19018	217100	0	
3	 1	 3	 2	sample99	12537	15877	12336	243820	0	
3	 1	 3	 3	sample99	11941	15281	12336	223780	0	
3	 1	 3	 4	sample99	11755	15095	11052	230460	0	
3	 1	 3	 5	sample99	11907	15247	11566	273880	0	
3	 1	 3	 6	control	251	3591	258	133600	0	
3	 1	 4	 1	sample100	6476	9560	6424	231300	0	
3	 1	 4	 2	sample100	6888	9972	5910	268308	0	
3	 1	 4	 3	sample100	5784	8868	5396	231300	0	
3	 1	 4	 4	sample100	4328	7412	3598	234384	0	
3	 1	 4	 5	sample100	2466	5550	2570	160368	0	
3	 1	 4	 6	control	9063	12147	8224	172704	0	
3	 2	 1	 1	sample101	9360	13214	10024	304466	0	
3	 2	 1	 2	sample101	9226	13080	9766	304466	0	
3	 2	 1	 3	sample101	5509	9107	5396	280644	0	
3	 2	 1	 4	sample101	3330	6928	3084	273448	0	
3	 2	 1	 5	sample101	2852	6450	2826	183498	0	
3	 2	 1	 6	control	404	4002	256	143920	0	
3	 2	 2	 1	sample102	8616	12470	9510	242802	0	
3	 2	 2	 2	sample102	5838	9692	6168	269780	0	
3	 2	 2	 3	sample102	4837	8691	4884	296758	0	
3	 2	 2	 4	sample102	2852	6706	2828	200408	0	
3	 2	 2	 5	sample102	2261	5859	2056	179900	0	
3	 2	 2	 6	control	14048	17646	14648	244664	0	
3	 2	 3	 1	sample103	18423	22535	21588	304288	0	
3	 2	 3	 2	sample103	17789	21901	20560	300176	0	
3	 2	 3	 3	sample103	14483	18337	15678	262072	0	
3	 2	 3	 4	sample103	12115	15969	12594	250510	0	
3	 2	 3	 5	sample103	10219	13817	8994	277046	0	
3	 2	 3	 6	control	256	3854	256	143920	0	
3	 2	 4	 1	sample104	13583	17437	15678	285196	0	
3	 2	 4	 2	sample104	11094	14948	11822	281342	0	
3	 2	 4	 3	sample104	8734	12332	9508	266252	0	
3	 2	 4	 4	sample104	4273	7871	3340	269850	0	
3	 2	 4	 5	sample104	3141	6481	2828	227120	0	
3	 2	 4	 6	control	9784	13124	10538	190380	0	
3	 3	 1	 1	sample105	10831	14173	10536	274044	0	
3	 3	 1	 2	sample105	11184	14526	11564	257334	0	
3	 3	 1	 3	sample105	7916	11258	8224	257334	0	
3	 3	 1	 4	sample105	4659	8001	4368	253992	0	
3	 3	 1	 5	sample105	3246	6588	3340	237282	0	
3	 3	 1	 6	control	681	4023	514	133680	0	
3	 3	 2	 1	sample106	11157	14499	9766	250650	0	
3	 3	 2	 2	sample106	10623	13965	10794	237282	0	
3	 3	 2	 3	sample106	8599	11941	8480	253992	0	
3	 3	 2	 4	sample106	5887	9229	5140	253992	0	
3	 3	 2	 5	sample106	4259	7601	4112	243966	0	
3	 3	 2	 6	control	12259	15601	11564	247308	0	
3	 3	 3	 1	sample107	7145	10487	6682	220572	0	
3	 3	 3	 2	sample107	4960	8302	4626	220572	0	
3	 3	 3	 3	sample107	4534	7876	4112	264018	0	
3	 3	 3	 4	sample107	2714	6056	2570	213888	0	
3	 3	 3	 5	sample107	2698	6040	2570	147048	0	
3	 3	 3	 6	control	674	4016	514	133680	0	
3	 3	 4	 1	sample108	11192	14276	11052	231300	0	
3	 3	 4	 2	sample108	7675	10759	7454	225132	0	
3	 3	 4	 3	sample108	7304	10388	7710	228216	0	
3	 3	 4	 4	sample108	5131	8215	4370	240552	0	
3	 3	 4	 5	sample108	2762	5846	2314	231300	0	
3	 3	 4	 6	control	6731	9815	6682	178872	0	
3	 4	 1	 1	sample109	8061	12687	6682	356202	0	
3	 4	 1	 2	sample109	12878	17504	12850	351576	0	
3	 4	 1	 3	sample109	8343	12713	8224	327750	0	
3	 4	 1	 4	sample109	4636	9006	4112	319010	0	
3	 4	 1	 5	sample109	3512	7882	3598	209760	0	
3	 4	 1	 6	control	443	4813	514	174800	0	
3	 4	 2	 1	sample110	12221	17105	12592	317460	0	
3	 4	 2	 2	sample110	11868	16494	11052	314568	0	
3	 4	 2	 3	sample110	10839	15465	11308	346950	0	
3	 4	 2	 4	sample110	6042	10668	5654	383958	0	
3	 4	 2	 5	sample110	3660	8286	3856	328446	0	
3	 4	 2	 6	control	11837	16207	12078	288420	0	
3	 4	 3	 1	sample111	19271	23897	21846	314568	0	
3	 4	 3	 2	sample111	18679	23305	19276	319194	0	
3	 4	 3	 3	sample111	12700	17326	12336	291438	0	
3	 4	 3	 4	sample111	10630	15256	10538	296064	0	
3	 4	 3	 5	sample111	7988	12358	7966	358340	0	
3	 4	 3	 6	control	430	4800	514	174800	0	
3	 4	 4	 1	sample112	11809	16179	12078	279680	0	
3	 4	 4	 2	sample112	9151	13521	10022	336490	0	
3	 4	 4	 3	sample112	7759	12129	8224	319010	0	
3	 4	 4	 4	sample112	3427	7797	3084	349600	0	
3	 4	 4	 5	sample112	3170	7282	2828	283728	0	
3	 4	 4	 6	control	7986	12098	6682	234384	0	
3	 5	 1	 1	sample113	7706	11048	6938	274044	0	
3	 5	 1	 2	sample113	13487	16829	13878	250650	0	
3	 5	 1	 3	sample113	8998	12340	8224	247308	0	
3	 5	 1	 4	sample113	5826	9168	5910	253992	0	
3	 5	 1	 5	sample113	3812	7154	3340	243966	0	
3	 5	 1	 6	control	565	3907	256	133680	0	
3	 5	 2	 1	sample114	9945	13287	10536	220572	0	
3	 5	 2	 2	sample114	10976	14574	10794	244664	0	
3	 5	 2	 3	sample114	7409	10751	7710	237282	0	
3	 5	 2	 4	sample114	4066	7408	3598	267360	0	
3	 5	 2	 5	sample114	3431	6773	3084	274044	0	
3	 5	 2	 6	control	14074	17416	15676	227256	0	
3	 5	 3	 1	sample115	7317	10659	7710	233940	0	
3	 5	 3	 2	sample115	6437	9779	5910	264018	0	
3	 5	 3	 3	sample115	4485	7827	4368	220572	0	
3	 5	 3	 4	sample115	2368	5710	2570	170442	0	
3	 5	 3	 5	sample115	2837	5921	3084	160368	0	
3	 5	 3	 6	control	469	3811	256	133680	0	
3	 5	 4	 1	sample116	7531	10615	8482	215880	0	
3	 5	 4	 2	sample116	5756	8840	5140	234384	0	
3	 5	 4	 3	sample116	4202	7286	4112	222048	0	
3	 5	 4	 4	sample116	2886	5970	2570	231300	0	
3	 5	 4	 5	sample116	2031	5115	2056	157284	0	
3	 5	 4	 6	control	9156	12240	9252	188124	0	
3	 6	 1	 1	sample117	9376	12204	8994	197960	0	
3	 6	 1	 2	sample117	10030	12858	9766	195132	0	
3	 6	 1	 3	sample117	7089	9917	7196	183820	0	
3	 6	 1	 4	sample117	3414	6242	3084	197960	0	
3	 6	 1	 5	sample117	3157	5985	3084	178164	0	
3	 6	 1	 6	control	841	3669	770	113120	0	
3	 6	 2	 1	sample118	4190	7018	4112	166852	0	
3	 6	 2	 2	sample118	9558	12386	8738	189476	0	
3	 6	 2	 3	sample118	7791	10619	7452	195132	0	
3	 6	 2	 4	sample118	4746	7574	4882	180992	0	
3	 6	 2	 5	sample118	2778	5606	2570	209272	0	
3	 6	 2	 6	control	13368	16196	14392	169680	0	
3	 6	 3	 1	sample119	10194	13022	9766	178164	0	
3	 6	 3	 2	sample119	9313	12141	9766	178164	0	
3	 6	 3	 3	sample119	5109	7937	4882	189476	0	
3	 6	 3	 4	sample119	2617	5445	2570	212100	0	
3	 6	 3	 5	sample119	2139	4967	2056	209272	0	
3	 6	 3	 6	control	334	3162	256	113120	0	
3	 6	 4	 1	sample120	4992	7562	5140	177330	0	
3	 6	 4	 2	sample120	5774	8602	5910	175336	0	
3	 6	 4	 3	sample120	4280	6850	4112	169620	0	
3	 6	 4	 4	sample120	2570	5140	2570	169620	0	
3	 6	 4	 5	sample120	1987	4557	2056	133640	0	
3	 6	 4	 6	control	7067	9895	7966	147056	0	
3	 7	 1	 1	sample121	7481	10565	6424	252888	0	
3	 7	 1	 2	sample121	9364	12448	8994	246720	0	
3	 7	 1	 3	sample121	6563	9647	5910	234384	0	
3	 7	 1	 4	sample121	3653	6737	3084	255972	0	
3	 7	 1	 5	sample121	2575	5659	2312	274476	0	
3	 7	 1	 6	control	508	3848	514	133600	0	
3	 7	 2	 1	sample122	8786	12126	7454	237140	0	
3	 7	 2	 2	sample122	8780	11864	8994	203544	0	
3	 7	 2	 3	sample122	6952	10036	6424	231300	0	
3	 7	 2	 4	sample122	3861	6945	3340	259056	0	
3	 7	 2	 5	sample122	3248	6332	3598	154200	0	
3	 7	 2	 6	control	13585	16925	14906	213760	0	
3	 7	 3	 1	sample123	7963	11047	7710	206628	0	
3	 7	 3	 2	sample123	7464	10548	7196	215880	0	
3	 7	 3	 3	sample123	4035	7119	3854	218964	0	
3	 7	 3	 4	sample123	1818	4902	1542	123360	0	
3	 7	 3	 5	sample123	2488	5572	2312	234384	0	
3	 7	 3	 6	control	462	3546	256	123360	0	
3	 7	 4	 1	sample124	15019	18103	17218	209712	0	
3	 7	 4	 2	sample124	12963	16047	13620	209712	0	
3	 7	 4	 3	sample124	9974	13058	8994	259056	0	
3	 7	 4	 4	sample124	8017	11101	6682	218964	0	
3	 7	 4	 5	sample124	3959	7043	3598	197376	0	
3	 7	 4	 6	control	9256	12340	10022	175788	0	
3	 8	 1	 1	sample125	13339	17193	13108	312174	0	
3	 8	 1	 2	sample125	15221	19333	15162	324848	0	
3	 8	 1	 3	sample125	11722	15834	10794	308400	0	
3	 8	 1	 4	sample125	8372	12226	7710	289050	0	
3	 8	 1	 5	sample125	5777	9375	5140	291438	0	
3	 8	 1	 6	control	597	4195	514	143920	0	
3	 8	 2	 1	sample126	15144	19256	14906	283728	0	
3	 8	 2	 2	sample126	16917	21029	17476	283728	0	
3	 8	 2	 3	sample126	10714	14826	9508	213824	0	
3	 8	 2	 4	sample126	9990	13844	8482	269780	0	
3	 8	 2	 5	sample126	6398	10252	5654	285196	0	
3	 8	 2	 6	control	13021	16875	13108	285196	0	
3	 8	 3	 1	sample127	12155	16009	11308	289050	0	
3	 8	 3	 2	sample127	11065	15177	12336	291952	0	
3	 8	 3	 3	sample127	6809	10663	6168	265926	0	
3	 8	 3	 4	sample127	5689	9543	4626	285196	0	
3	 8	 3	 5	sample127	4569	8167	4368	277046	0	
3	 8	 3	 6	control	380	4234	258	154160	0	
3	 8	 4	 1	sample128	7398	11252	6682	285196	0	
3	 8	 4	 2	sample128	3873	7727	3342	331444	0	
3	 8	 4	 3	sample128	4894	8748	4370	289050	0	
3	 8	 4	 4	sample128	2958	6812	2828	196554	0	
3	 8	 4	 5	sample128	2656	6510	2314	173430	0	
3	 8	 4	 6	control	9747	13601	8996	208116	0	
3	 9	 1	 1	sample129	6598	10452	6168	269780	0	
3	 9	 1	 2	sample129	8027	11881	8224	316028	0	
3	 9	 1	 3	sample129	4514	8368	4370	308320	0	
3	 9	 1	 4	sample129	3128	6982	2828	273634	0	
3	 9	 1	 5	sample129	2066	5920	2056	200408	0	
3	 9	 1	 6	control	1687	5541	1542	61664	0	
3	 9	 2	 1	sample130	13416	17528	14392	263168	0	
3	 9	 2	 2	sample130	15335	19447	15934	263168	0	
3	 9	 2	 3	sample130	13546	17658	15162	296064	0	
3	 9	 2	 4	sample130	7375	11229	6940	277488	0	
3	 9	 2	 5	sample130	5618	9472	4884	323736	0	
3	 9	 2	 6	control	13040	16894	11566	262072	0	
3	 9	 3	 1	sample131	9265	13119	10794	235094	0	
3	 9	 3	 2	sample131	9058	12912	10794	254364	0	
3	 9	 3	 3	sample131	5882	9736	5140	269780	0	
3	 9	 3	 4	sample131	4381	8235	4112	258218	0	
3	 9	 3	 5	sample131	3384	7238	3084	304466	0	
3	 9	 3	 6	control	450	4304	258	154160	0	
3	 9	 4	 1	sample132	13799	17653	15164	285196	0	
3	 9	 4	 2	sample132	10188	14042	10538	277488	0	
3	 9	 4	 3	sample132	11444	15298	14136	277488	0	
3	 9	 4	 4	sample132	6237	10091	6426	262072	0	
3	 9	 4	 5	sample132	3594	7448	3342	238948	0	
3	 9	 4	 6	control	4479	8333	4370	208116	0	
3	 10	 1	 1	sample133	14227	18083	13106	289200	0	
3	 10	 1	 2	sample133	15786	19642	16962	281488	0	
3	 10	 1	 3	sample133	10828	14426	10794	280644	0	
3	 10	 1	 4	sample133	8125	11723	7710	259056	0	
3	 10	 1	 5	sample133	5651	9249	5398	244664	0	
3	 10	 1	 6	control	739	4337	514	143920	0	
3	 10	 2	 1	sample134	12375	16231	12078	250640	0	
3	 10	 2	 2	sample134	11890	15746	12078	246784	0	
3	 10	 2	 3	sample134	10591	14447	11050	289200	0	
3	 10	 2	 4	sample134	7881	11479	7968	255458	0	
3	 10	 2	 5	sample134	5099	8697	4884	244664	0	
3	 10	 2	 6	control	9330	12928	8738	323820	0	
3	 10	 3	 1	sample135	4859	8457	4370	226674	0	
3	 10	 3	 2	sample135	6168	9766	6168	226674	0	
3	 10	 3	 3	sample135	3223	6821	3084	179900	0	
3	 10	 3	 4	sample135	3079	6677	3084	169106	0	
3	 10	 3	 5	sample135	2410	6008	2570	190694	0	
3	 10	 3	 6	control	585	4183	514	143920	0	
3	 10	 4	 1	sample136	12519	16117	12850	259056	0	
3	 10	 4	 2	sample136	9848	13446	9766	248262	0	
3	 10	 4	 3	sample136	8678	12276	8738	244664	0	
3	 10	 4	 4	sample136	4007	7605	4112	237468	0	
3	 10	 4	 5	sample136	2661	6259	2314	143920	0	
3	 10	 4	 6	control	8450	12048	8738	205086	0	
3	 11	 1	 1	sample137	22281	27165	25186	327228	0	
3	 11	 1	 2	sample137	13478	18104	14136	356202	0	
3	 11	 1	 3	sample137	8833	13459	8738	328446	0	
3	 11	 1	 4	sample137	4363	8989	4112	356202	0	
3	 11	 1	 5	sample137	4289	8915	4112	309942	0	
3	 11	 1	 6	control	425	5051	258	185040	0	
3	 11	 2	 1	sample138	9170	14054	9508	322344	0	
3	 11	 2	 2	sample138	11194	16078	11308	341880	0	
3	 11	 2	 3	sample138	9579	14463	10280	376068	0	
3	 11	 2	 4	sample138	5351	10235	5140	361416	0	
3	 11	 2	 5	sample138	4790	9416	4884	291438	0	
3	 11	 2	 6	control	11211	15837	12336	291438	0	
3	 11	 3	 1	sample139	9560	14444	10536	293040	0	
3	 11	 3	 2	sample139	10957	15583	11822	328446	0	
3	 11	 3	 3	sample139	7389	12015	7454	314568	0	
3	 11	 3	 4	sample139	3537	8163	3342	309942	0	
3	 11	 3	 5	sample139	3418	8044	3084	402462	0	
3	 11	 3	 6	control	283	4909	258	185040	0	
3	 11	 4	 1	sample140	4602	9228	4884	342324	0	
3	 11	 4	 2	sample140	3593	8219	2828	416340	0	
3	 11	 4	 3	sample140	2823	7449	2828	296064	0	
3	 11	 4	 4	sample140	1754	6380	1800	185040	0	
3	 11	 4	 5	sample140	1497	6123	1542	208170	0	
3	 11	 4	 6	control	9243	13869	9510	263682	0	
3	 12	 1	 1	sample141	6073	9413	5912	243820	0	
3	 12	 1	 2	sample141	5744	9084	5140	250500	0	
3	 12	 1	 3	sample141	3732	7072	3598	250500	0	
3	 12	 1	 4	sample141	2071	5411	2056	243820	0	
3	 12	 1	 5	sample141	1851	5449	2056	248262	0	
3	 12	 1	 6	control	533	4131	514	143920	0	
3	 12	 2	 1	sample142	9459	13057	10536	259056	0	
3	 12	 2	 2	sample142	9946	13544	8224	291438	0	
3	 12	 2	 3	sample142	9852	13450	10022	277046	0	
3	 12	 2	 4	sample142	6665	10263	6168	277046	0	
3	 12	 2	 5	sample142	4206	7804	3598	255458	0	
3	 12	 2	 6	control	12796	16394	14134	241066	0	
3	 12	 3	 1	sample143	9158	12756	8738	248262	0	
3	 12	 3	 2	sample143	10268	13866	11050	244664	0	
3	 12	 3	 3	sample143	6800	10398	6424	266252	0	
3	 12	 3	 4	sample143	4629	8227	4626	230272	0	
3	 12	 3	 5	sample143	3920	7518	3598	295036	0	
3	 12	 3	 6	control	142	3996	0	154160	0	
3	 12	 4	 1	sample144	10363	13703	10024	240480	0	
3	 12	 4	 2	sample144	9005	12603	8994	266252	0	
3	 12	 4	 3	sample144	8324	11922	8738	277046	0	
3	 12	 4	 4	sample144	4701	8299	4368	255458	0	
3	 12	 4	 5	sample144	3629	7227	3598	262654	0	
3	 12	 4	 6	control	9071	12925	8482	262072	0	
4	 1	 1	 1	sample145	7878	10704	7196	211950	0	
4	 1	 1	 2	sample145	9792	12362	11050	197890	0	
4	 1	 1	 3	sample145	6193	8763	5910	208170	0	
4	 1	 1	 4	sample145	4483	7053	4112	190180	0	
4	 1	 1	 5	sample145	2646	5216	2570	172190	0	
4	 1	 1	 6	control	334	2904	514	102800	0	
4	 1	 2	 1	sample146	8854	11938	10794	197376	0	
4	 1	 2	 2	sample146	8823	11907	9508	203544	0	
4	 1	 2	 3	sample146	7992	11076	8738	218964	0	
4	 1	 2	 4	sample146	6972	9798	6940	200646	0	
4	 1	 2	 5	sample146	4934	7760	4626	217602	0	
4	 1	 2	 6	control	12206	15032	13622	178038	0	
4	 1	 3	 1	sample147	10600	13684	10280	200460	0	
4	 1	 3	 2	sample147	9806	12890	10536	197376	0	
4	 1	 3	 3	sample147	6041	9125	6168	206628	0	
4	 1	 3	 4	sample147	4041	6867	4370	183690	0	
4	 1	 3	 5	sample147	3313	6139	3342	203472	0	
4	 1	 3	 6	control	399	3225	258	113040	0	
4	 1	 4	 1	sample148	6704	9788	7710	212796	0	
4	 1	 4	 2	sample148	7382	10466	7966	203544	0	
4	 1	 4	 3	sample148	7632	10458	8738	194994	0	
4	 1	 4	 4	sample148	6161	8987	5912	192168	0	
4	 1	 4	 5	sample148	3799	6625	3598	192168	0	
4	 1	 4	 6	control	9059	11885	9510	149778	0	
4	 2	 1	 1	sample149	8371	12225	8738	277488	0	
4	 2	 1	 2	sample149	7037	10635	6682	262654	0	
4	 2	 1	 3	sample149	5154	8752	5140	251860	0	
4	 2	 1	 4	sample149	3599	6939	3342	270540	0	
4	 2	 1	 5	sample149	2014	5354	1800	263860	0	
4	 2	 1	 6	control	662	4002	514	133600	0	
4	 2	 2	 1	sample150	12406	16260	12850	285196	0	
4	 2	 2	 2	sample150	11707	15561	11308	265926	0	
4	 2	 2	 3	sample150	7634	11232	7196	269850	0	
4	 2	 2	 4	sample150	5979	9577	4882	255458	0	
4	 2	 2	 5	sample150	3066	6664	3084	259056	0	
4	 2	 2	 6	control	17294	20892	19532	219478	0	
4	 2	 3	 1	sample151	3376	7230	3342	262072	0	
4	 2	 3	 2	sample151	3671	7525	3342	258218	0	
4	 2	 3	 3	sample151	2402	6256	2056	258218	0	
4	 2	 3	 4	sample151	1697	5551	1542	154160	0	
4	 2	 3	 5	sample151	1292	5146	1286	154160	0	
4	 2	 3	 6	control	360	4214	258	154160	0	
4	 2	 4	 1	sample152	11694	15548	13108	262072	0	
4	 2	 4	 2	sample152	8758	12612	8738	296758	0	
4	 2	 4	 3	sample152	7162	11016	6426	289050	0	
4	 2	 4	 4	sample152	4926	8780	4112	277488	0	
4	 2	 4	 5	sample152	2917	6771	2828	265926	0	
4	 2	 4	 6	control	10182	14036	10538	211970	0	
4	 3	 1	 1	sample153	10016	14128	9508	308400	0	
4	 3	 1	 2	sample153	13954	18066	15676	304288	0	
4	 3	 1	 3	sample153	10302	14414	10536	279616	0	
4	 3	 1	 4	sample153	8152	12264	8480	267280	0	
4	 3	 1	 5	sample153	4813	8925	4882	242608	0	
4	 3	 1	 6	control	167	4279	0	164480	0	
4	 3	 2	 1	sample154	8046	12158	7452	267280	0	
4	 3	 2	 2	sample154	9786	13898	9766	259056	0	
4	 3	 2	 3	sample154	7188	11300	6168	296064	0	
4	 3	 2	 4	sample154	4897	9009	4368	287840	0	
4	 3	 2	 5	sample154	3167	7279	3084	201488	0	
4	 3	 2	 6	control	12178	16290	12850	296064	0	
4	 3	 3	 1	sample155	6832	11200	6682	292656	0	
4	 3	 3	 2	sample155	6433	10801	6682	288288	0	
4	 3	 3	 3	sample155	5157	9525	4884	266448	0	
4	 3	 3	 4	sample155	3290	7658	3342	174720	0	
4	 3	 3	 5	sample155	1941	6309	1800	174720	0	
4	 3	 3	 6	control	360	4728	258	174720	0	
4	 3	 4	 1	sample156	13886	18254	15934	283920	0	
4	 3	 4	 2	sample156	12333	16701	13878	297024	0	
4	 3	 4	 3	sample156	11420	15788	11308	292656	0	
4	 3	 4	 4	sample156	8524	12892	7710	292656	0	
4	 3	 4	 5	sample156	5951	10319	5140	288288	0	
4	 3	 4	 6	control	12472	16840	11822	248976	0	
4	 4	 1	 1	sample157	10253	13851	11050	277046	0	
4	 4	 1	 2	sample157	10336	13934	10536	262654	0	
4	 4	 1	 3	sample157	7185	10783	7196	266252	0	
4	 4	 1	 4	sample157	5805	9403	6168	262654	0	
4	 4	 1	 5	sample157	3363	6961	3340	248262	0	
4	 4	 1	 6	control	700	4298	514	143920	0	
4	 4	 2	 1	sample158	4803	8657	4370	246656	0	
4	 4	 2	 2	sample158	5508	9362	5140	250510	0	
4	 4	 2	 3	sample158	4394	8248	3856	285196	0	
4	 4	 2	 4	sample158	3103	6957	2570	273634	0	
4	 4	 2	 5	sample158	1999	5853	1800	154160	0	
4	 4	 2	 6	control	11782	15636	12336	246656	0	
4	 4	 3	 1	sample159	14345	18457	14134	275504	0	
4	 4	 3	 2	sample159	12858	16970	13620	263168	0	
4	 4	 3	 3	sample159	11063	15175	11822	250832	0	
4	 4	 3	 4	sample159	8204	12058	7710	238948	0	
4	 4	 3	 5	sample159	5892	10004	5654	283728	0	
4	 4	 3	 6	control	346	4458	256	164480	0	
4	 4	 4	 1	sample160	13566	17420	15164	250510	0	
4	 4	 4	 2	sample160	9347	13459	8994	275504	0	
4	 4	 4	 3	sample160	9486	13340	10024	250510	0	
4	 4	 4	 4	sample160	6718	10830	5910	287840	0	
4	 4	 4	 5	sample160	3598	7710	3084	279616	0	
4	 4	 4	 6	control	13790	17902	14134	230272	0	
4	 5	 1	 1	sample161	13701	17299	13622	313026	0	
4	 5	 1	 2	sample161	13147	16745	13108	280644	0	
4	 5	 1	 3	sample161	11509	15107	11566	262654	0	
4	 5	 1	 4	sample161	6821	10163	5910	300780	0	
4	 5	 1	 5	sample161	4224	7566	3598	243966	0	
4	 5	 1	 6	control	649	3991	514	133680	0	
4	 5	 2	 1	sample162	13387	17243	13878	254496	0	
4	 5	 2	 2	sample162	11774	15630	13106	273776	0	
4	 5	 2	 3	sample162	11094	14950	11564	293056	0	
4	 5	 2	 4	sample162	8165	12021	7966	304624	0	
4	 5	 2	 5	sample162	6314	9912	6426	266252	0	
4	 5	 2	 6	control	15156	18754	17220	233870	0	
4	 5	 3	 1	sample163	12476	16332	12850	281488	0	
4	 5	 3	 2	sample163	9344	13456	8482	300176	0	
4	 5	 3	 3	sample163	6342	10454	5912	279616	0	
4	 5	 3	 4	sample163	4654	8510	4882	242928	0	
4	 5	 3	 5	sample163	4632	8488	4626	285344	0	
4	 5	 3	 6	control	507	4363	514	154240	0	
4	 5	 4	 1	sample164	14975	18831	17218	269920	0	
4	 5	 4	 2	sample164	13341	17197	14392	258352	0	
4	 5	 4	 3	sample164	12322	16178	12850	285344	0	
4	 5	 4	 4	sample164	9417	13273	9766	281488	0	
4	 5	 4	 5	sample164	8731	12329	8996	244664	0	
4	 5	 4	 6	control	8934	12790	8994	212080	0	
4	 6	 1	 1	sample165	10719	13545	10024	240210	0	
4	 6	 1	 2	sample165	11295	14121	13108	220428	0	
4	 6	 1	 3	sample165	7902	10728	7454	220428	0	
4	 6	 1	 4	sample165	5429	7999	4368	205600	0	
4	 6	 1	 5	sample165	3022	5592	2826	192750	0	
4	 6	 1	 6	control	296	3122	258	113040	0	
4	 6	 2	 1	sample166	10313	13397	9508	209712	0	
4	 6	 2	 2	sample166	9718	12802	9766	218964	0	
4	 6	 2	 3	sample166	7987	11071	7196	234384	0	
4	 6	 2	 4	sample166	4823	7907	3340	265224	0	
4	 6	 2	 5	sample166	3635	6461	3342	200646	0	
4	 6	 2	 6	control	11853	14679	13364	189342	0	
4	 6	 3	 1	sample167	9988	13072	10536	206628	0	
4	 6	 3	 2	sample167	8617	11957	7968	240480	0	
4	 6	 3	 3	sample167	6720	9804	6168	203544	0	
4	 6	 3	 4	sample167	2811	5895	2570	206628	0	
4	 6	 3	 5	sample167	2443	5527	2056	243636	0	
4	 6	 3	 6	control	372	3456	256	123360	0	
4	 6	 4	 1	sample168	10896	13980	10022	231300	0	
4	 6	 4	 2	sample168	9232	12316	8994	203544	0	
4	 6	 4	 3	sample168	7490	10574	6424	231300	0	
4	 6	 4	 4	sample168	4908	7734	4626	203472	0	
4	 6	 4	 5	sample168	3200	6026	2828	200646	0	
4	 6	 4	 6	control	8287	11113	8224	175212	0	
4	 7	 1	 1	sample169	6346	9430	5912	240552	0	
4	 7	 1	 2	sample169	9496	12580	9766	240552	0	
4	 7	 1	 3	sample169	6627	9711	5654	240552	0	
4	 7	 1	 4	sample169	4249	7333	3598	237468	0	
4	 7	 1	 5	sample169	2635	5719	2828	148032	0	
4	 7	 1	 6	control	494	3836	514	133680	0	
4	 7	 2	 1	sample170	9929	13271	8224	347568	0	
4	 7	 2	 2	sample170	12828	16170	12592	243966	0	
4	 7	 2	 3	sample170	11167	14509	10794	250650	0	
4	 7	 2	 4	sample170	7333	10675	6424	243966	0	
4	 7	 2	 5	sample170	4685	8027	4882	247308	0	
4	 7	 2	 6	control	12332	15674	15162	253992	0	
4	 7	 3	 1	sample171	9176	12518	9252	203862	0	
4	 7	 3	 2	sample171	7882	11480	7710	237468	0	
4	 7	 3	 3	sample171	6816	10158	6938	217230	0	
4	 7	 3	 4	sample171	2887	6229	2570	213888	0	
4	 7	 3	 5	sample171	3116	6458	3084	133680	0	
4	 7	 3	 6	control	245	3843	258	143920	0	
4	 7	 4	 1	sample172	6148	9232	5654	228216	0	
4	 7	 4	 2	sample172	5215	8557	4626	237282	0	
4	 7	 4	 3	sample172	4545	7629	3856	212796	0	
4	 7	 4	 4	sample172	3432	6516	3084	200460	0	
4	 7	 4	 5	sample172	1564	4906	1798	153732	0	
4	 7	 4	 6	control	7458	10800	6938	173784	0	
4	 8	 1	 1	sample173	17739	21337	20816	269850	0	
4	 8	 1	 2	sample173	17334	20932	20816	280644	0	
4	 8	 1	 3	sample173	15947	19545	17732	269850	0	
4	 8	 1	 4	sample173	14758	18356	16448	269850	0	
4	 8	 1	 5	sample173	10815	14413	10280	262654	0	
4	 8	 1	 6	control	592	3932	514	133600	0	
4	 8	 2	 1	sample174	11250	15104	11566	254364	0	
4	 8	 2	 2	sample174	12340	16194	11308	269780	0	
4	 8	 2	 3	sample174	9403	13257	8738	289050	0	
4	 8	 2	 4	sample174	7016	10614	6938	251860	0	
4	 8	 2	 5	sample174	3972	7826	3342	289050	0	
4	 8	 2	 6	control	14661	18259	16190	230272	0	
4	 8	 3	 1	sample175	5989	9843	5398	343006	0	
4	 8	 3	 2	sample175	4865	8719	4884	219678	0	
4	 8	 3	 3	sample175	4965	8819	4884	231240	0	
4	 8	 3	 4	sample175	2685	6539	2570	181138	0	
4	 8	 3	 5	sample175	2541	6395	2314	200408	0	
4	 8	 3	 6	control	193	4047	0	154160	0	
4	 8	 4	 1	sample176	14174	17772	14906	255458	0	
4	 8	 4	 2	sample176	9967	13565	9766	233870	0	
4	 8	 4	 3	sample176	7639	11237	7452	237468	0	
4	 8	 4	 4	sample176	5664	9262	4882	251860	0	
4	 8	 4	 5	sample176	3412	7010	3340	179900	0	
4	 8	 4	 6	control	7926	11780	7454	188846	0	
4	 9	 1	 1	sample177	10388	13472	9766	234384	0	
4	 9	 1	 2	sample177	8084	11168	8224	243636	0	
4	 9	 1	 3	sample177	6625	9709	5910	237468	0	
4	 9	 1	 4	sample177	4891	7717	4370	206298	0	
4	 9	 1	 5	sample177	3203	6029	3084	146952	0	
4	 9	 1	 6	control	276	3360	256	123360	0	
4	 9	 2	 1	sample178	7979	11319	8224	220440	0	
4	 9	 2	 2	sample178	9933	13273	9766	227120	0	
4	 9	 2	 3	sample178	7546	10886	6940	270540	0	
4	 9	 2	 4	sample178	4503	7843	3598	270540	0	
4	 9	 2	 5	sample178	3204	6288	2826	237468	0	
4	 9	 2	 6	control	13818	16902	16448	185040	0	
4	 9	 3	 1	sample179	13009	16607	15162	208684	0	
4	 9	 3	 2	sample179	12653	16251	13106	244664	0	
4	 9	 3	 3	sample179	8750	12090	8738	220440	0	
4	 9	 3	 4	sample179	5705	9045	6168	203740	0	
4	 9	 3	 5	sample179	4444	7784	4370	287240	0	
4	 9	 3	 6	control	200	3540	258	133600	0	
4	 9	 4	 1	sample180	15288	18628	16962	220440	0	
4	 9	 4	 2	sample180	14536	17876	16448	250500	0	
4	 9	 4	 3	sample180	11224	14564	12594	233800	0	
4	 9	 4	 4	sample180	6588	9928	6168	217100	0	
4	 9	 4	 5	sample180	4958	8298	4112	230460	0	
4	 9	 4	 6	control	7924	11264	9510	177020	0	
4	 10	 1	 1	sample181	7503	10587	7196	203544	0	
4	 10	 1	 2	sample181	10871	13955	11050	203544	0	
4	 10	 1	 3	sample181	8103	11187	7710	197376	0	
4	 10	 1	 4	sample181	5057	8141	4626	191208	0	
4	 10	 1	 5	sample181	2941	5767	2828	166734	0	
4	 10	 1	 6	control	412	3238	258	113040	0	
4	 10	 2	 1	sample182	13815	17155	14392	177020	0	
4	 10	 2	 2	sample182	12535	15875	13108	207080	0	
4	 10	 2	 3	sample182	12903	15987	13878	206628	0	
4	 10	 2	 4	sample182	8979	12063	8738	206628	0	
4	 10	 2	 5	sample182	6690	9774	6938	194292	0	
4	 10	 2	 6	control	12836	15920	14134	181956	0	
4	 10	 3	 1	sample183	13574	16914	13878	200400	0	
4	 10	 3	 2	sample183	9444	12784	10024	197060	0	
4	 10	 3	 3	sample183	8530	11870	7968	193720	0	
4	 10	 3	 4	sample183	5132	8472	4626	200400	0	
4	 10	 3	 5	sample183	4016	7100	3854	132612	0	
4	 10	 3	 6	control	610	3694	514	123360	0	
4	 10	 4	 1	sample184	10799	14139	11822	197060	0	
4	 10	 4	 2	sample184	7196	10536	7710	187040	0	
4	 10	 4	 3	sample184	6499	9583	6168	191208	0	
4	 10	 4	 4	sample184	3940	7024	3854	185040	0	
4	 10	 4	 5	sample184	1897	4981	1798	144948	0	
4	 10	 4	 6	control	7896	10980	8738	157284	0	
4	 11	 1	 1	sample185	12225	16081	12078	277632	0	
4	 11	 1	 2	sample185	11393	15249	11564	266064	0	
4	 11	 1	 3	sample185	8318	12174	7710	273776	0	
4	 11	 1	 4	sample185	5432	9288	4882	250640	0	
4	 11	 1	 5	sample185	2760	6616	2570	254496	0	
4	 11	 1	 6	control	109	3965	0	154240	0	
4	 11	 2	 1	sample186	9260	13116	8994	246784	0	
4	 11	 2	 2	sample186	10203	14315	10538	246720	0	
4	 11	 2	 3	sample186	7684	11540	7452	269920	0	
4	 11	 2	 4	sample186	4200	8056	4112	281488	0	
4	 11	 2	 5	sample186	2822	6678	2826	231360	0	
4	 11	 2	 6	control	10690	14546	12078	219792	0	
4	 11	 3	 1	sample187	16137	20249	18762	271392	0	
4	 11	 3	 2	sample187	15221	19333	18762	254944	0	
4	 11	 3	 3	sample187	12431	16543	14136	246720	0	
4	 11	 3	 4	sample187	8479	12591	7710	415312	0	
4	 11	 3	 5	sample187	8972	12828	8738	269920	0	
4	 11	 3	 6	control	168	4280	0	164480	0	
4	 11	 4	 1	sample188	9130	13242	9510	275504	0	
4	 11	 4	 2	sample188	7208	11320	7196	263168	0	
4	 11	 4	 3	sample188	5789	9901	5398	267280	0	
4	 11	 4	 4	sample188	3404	7516	3342	238496	0	
4	 11	 4	 5	sample188	2693	6549	2826	185088	0	
4	 11	 4	 6	control	9462	13318	9766	235216	0	
4	 12	 1	 1	sample189	2676	5760	2570	163452	0	
4	 12	 1	 2	sample189	3222	6306	3084	228216	0	
4	 12	 1	 3	sample189	2122	5206	2056	237468	0	
4	 12	 1	 4	sample189	1818	4902	1798	160368	0	
4	 12	 1	 5	sample189	1336	4420	1028	123360	0	
4	 12	 1	 6	control	476	3816	258	133600	0	
4	 12	 2	 1	sample190	13710	17050	15678	223780	0	
4	 12	 2	 2	sample190	16399	19739	19018	227120	0	
4	 12	 2	 3	sample190	11370	14710	11822	250500	0	
4	 12	 2	 4	sample190	8728	12068	8482	250500	0	
4	 12	 2	 5	sample190	5831	9171	4626	223780	0	
4	 12	 2	 6	control	12873	16213	14136	190380	0	
4	 12	 3	 1	sample191	7398	10738	8738	217100	0	
4	 12	 3	 2	sample191	8288	11628	8738	230460	0	
4	 12	 3	 3	sample191	7743	11083	8738	213760	0	
4	 12	 3	 4	sample191	5483	8823	5654	200400	0	
4	 12	 3	 5	sample191	3940	7280	3598	243820	0	
4	 12	 3	 6	control	437	3777	258	133600	0	
4	 12	 4	 1	sample192	11358	14698	12594	227120	0	
4	 12	 4	 2	sample192	8543	11883	8996	223780	0	
4	 12	 4	 3	sample192	5797	8881	5654	203544	0	
4	 12	 4	 4	sample192	4452	7536	4368	200460	0	
4	 12	 4	 5	sample192	2615	5699	2570	172704	0	
4	 12	 4	 6	control	10885	14225	12850	217100	0	
