MicroVigene	 Version	 2501
Culture	en-US
9/28/2006 1:58:49 PM
Roi Row	 4	 Roi Col	 12	 Main Row	 4	 Main Col	 6	 Sub Row	 1	 Sub Col	 1
Main Row	 Main Col	 Sub Row	 Sub Col	  GeneID	mean_net	 mean_total	 median_net	 vol_bkg	 vol_dust	 
1	 1	 1	 1	sample1	1812	3558	1744	66348	0	
1	 1	 1	 2	sample1	1616	3502	1662	88642	0	
1	 1	 1	 3	sample1	1505	3329	1474	54720	0	
1	 1	 1	 4	sample1	680	2456	608	60384	0	
1	 1	 1	 5	sample1	634	2322	412	57392	0	
1	 1	 1	 6	control	226	1832	178	54604	0	
1	 1	 2	 1	sample2	2448	3978	2388	102510	0	
1	 1	 2	 2	sample2	3253	4967	3206	61704	0	
1	 1	 2	 3	sample2	2211	3801	2044	82680	0	
1	 1	 2	 4	sample2	1506	3054	1554	61920	0	
1	 1	 2	 5	sample2	1151	2593	1206	31724	0	
1	 1	 2	 6	control	2167	3471	2192	48248	0	
1	 1	 3	 1	sample3	1650	2980	1572	69160	0	
1	 1	 3	 2	sample3	1842	3210	1786	68400	0	
1	 1	 3	 3	sample3	1556	2874	1506	61946	0	
1	 1	 3	 4	sample3	1025	2329	944	45640	0	
1	 1	 3	 5	sample3	668	1844	686	39984	0	
1	 1	 3	 6	control	204	1290	58	39096	0	
1	 1	 4	 1	sample4	2824	3816	2754	66464	0	
1	 1	 4	 2	sample4	1952	3042	1974	63220	0	
1	 1	 4	 3	sample4	1724	2844	1766	57120	0	
1	 1	 4	 4	sample4	933	2099	914	48972	0	
1	 1	 4	 5	sample4	874	1922	782	41920	0	
1	 1	 4	 6	control	1539	2497	1638	43110	0	
1	 2	 1	 1	sample5	1623	4253	1518	92050	0	
1	 2	 1	 2	sample5	2034	4672	2140	131900	0	
1	 2	 1	 3	sample5	801	3177	796	85536	0	
1	 2	 1	 4	sample5	861	3029	874	78048	0	
1	 2	 1	 5	sample5	800	2840	798	75480	0	
1	 2	 1	 6	control	294	2170	230	63784	0	
1	 2	 2	 1	sample6	2876	5004	2868	202160	0	
1	 2	 2	 2	sample6	1897	4201	1720	214272	0	
1	 2	 2	 3	sample6	1531	3557	1420	107378	0	
1	 2	 2	 4	sample6	1551	3393	1546	156570	0	
1	 2	 2	 5	sample6	1432	3072	1512	85280	0	
1	 2	 2	 6	control	2199	3727	2250	58064	0	
1	 2	 3	 1	sample7	1584	3500	1460	97716	0	
1	 2	 3	 2	sample7	1443	3347	1384	89488	0	
1	 2	 3	 3	sample7	1293	3035	1290	130650	0	
1	 2	 3	 4	sample7	1080	2592	1104	57456	0	
1	 2	 3	 5	sample7	828	2246	792	21270	0	
1	 2	 3	 6	control	169	1385	116	41344	0	
1	 2	 4	 1	sample8	1622	3160	1496	36912	0	
1	 2	 4	 2	sample8	1192	2546	1162	102904	0	
1	 2	 4	 3	sample8	1424	2686	1438	100960	0	
1	 2	 4	 4	sample8	923	2157	930	49360	0	
1	 2	 4	 5	sample8	332	1530	262	47920	0	
1	 2	 4	 6	control	865	1851	688	33524	0	
1	 3	 1	 1	sample9	2209	4049	2206	117760	0	
1	 3	 1	 2	sample9	2842	4754	2768	47800	0	
1	 3	 1	 3	sample9	1667	3549	1632	75280	0	
1	 3	 1	 4	sample9	1396	3210	1370	72560	0	
1	 3	 1	 5	sample9	1001	2735	1012	62424	0	
1	 3	 1	 6	control	408	2192	224	64224	0	
1	 3	 2	 1	sample10	2157	3695	1786	49216	0	
1	 3	 2	 2	sample10	2792	4300	2784	34684	0	
1	 3	 2	 3	sample10	1642	3150	1632	73892	0	
1	 3	 2	 4	sample10	745	2213	680	52848	0	
1	 3	 2	 5	sample10	641	1977	616	45424	0	
1	 3	 2	 6	control	1801	3097	1776	51840	0	
1	 3	 3	 1	sample11	3728	5096	3794	80712	0	
1	 3	 3	 2	sample11	2469	3927	2624	93312	0	
1	 3	 3	 3	sample11	2685	4025	2804	81740	0	
1	 3	 3	 4	sample11	1426	2674	1528	49920	0	
1	 3	 3	 5	sample11	1007	2109	1100	45182	0	
1	 3	 3	 6	control	175	1221	104	37656	0	
1	 3	 4	 1	sample12	2981	4173	2056	69136	0	
1	 3	 4	 2	sample12	2032	3154	1786	71808	0	
1	 3	 4	 3	sample12	1588	2680	1478	43680	0	
1	 3	 4	 4	sample12	1321	2295	1334	65258	0	
1	 3	 4	 5	sample12	1702	2678	1542	22448	0	
1	 3	 4	 6	control	860	1884	728	34816	0	
1	 4	 1	 1	sample13	3405	5557	3336	176464	0	
1	 4	 1	 2	sample13	1956	4258	2074	92080	0	
1	 4	 1	 3	sample13	1989	4423	2018	97360	0	
1	 4	 1	 4	sample13	1125	3293	1158	86720	0	
1	 4	 1	 5	sample13	1125	3073	1048	85712	0	
1	 4	 1	 6	control	743	2405	454	36564	0	
1	 4	 2	 1	sample14	2881	4643	2874	42288	0	
1	 4	 2	 2	sample14	1362	3678	1422	120432	0	
1	 4	 2	 3	sample14	602	2808	570	75004	0	
1	 4	 2	 4	sample14	701	2567	684	67176	0	
1	 4	 2	 5	sample14	810	2242	782	57280	0	
1	 4	 2	 6	control	2198	3518	2168	51480	0	
1	 4	 3	 1	sample15	1464	2896	1424	68736	0	
1	 4	 3	 2	sample15	1034	2638	1036	54536	0	
1	 4	 3	 3	sample15	1236	2708	1148	50048	0	
1	 4	 3	 4	sample15	758	2126	798	46512	0	
1	 4	 3	 5	sample15	804	2124	732	30360	0	
1	 4	 3	 6	control	502	1578	468	36584	0	
1	 4	 4	 1	sample16	1730	2794	1738	50008	0	
1	 4	 4	 2	sample16	1582	2728	1512	42402	0	
1	 4	 4	 3	sample16	1390	2610	1508	53680	0	
1	 4	 4	 4	sample16	1330	2452	1366	42636	0	
1	 4	 4	 5	sample16	838	1838	856	17000	0	
1	 4	 4	 6	control	985	1933	870	32232	0	
1	 5	 1	 1	sample17	4635	6509	4702	144298	0	
1	 5	 1	 2	sample17	3625	5507	3992	141150	0	
1	 5	 1	 3	sample17	1909	3661	2014	70080	0	
1	 5	 1	 4	sample17	1650	3170	1586	68400	0	
1	 5	 1	 5	sample17	1285	2787	1318	55574	0	
1	 5	 1	 6	control	314	1752	404	51768	0	
1	 5	 2	 1	sample18	881	2311	724	57200	0	
1	 5	 2	 2	sample18	1715	3211	1674	74800	0	
1	 5	 2	 3	sample18	1494	2828	1550	65366	0	
1	 5	 2	 4	sample18	722	1918	686	40664	0	
1	 5	 2	 5	sample18	403	1529	356	45040	0	
1	 5	 2	 6	control	2092	3200	2156	49860	0	
1	 5	 3	 1	sample19	2151	3459	2144	65400	0	
1	 5	 3	 2	sample19	1907	3179	2058	91584	0	
1	 5	 3	 3	sample19	1719	2857	1758	73970	0	
1	 5	 3	 4	sample19	1429	2459	1478	42230	0	
1	 5	 3	 5	sample19	552	1582	504	35020	0	
1	 5	 3	 6	control	366	1354	270	33592	0	
1	 5	 4	 1	sample20	2051	2993	2036	21666	0	
1	 5	 4	 2	sample20	1414	2320	1324	32616	0	
1	 5	 4	 3	sample20	778	1756	904	35208	0	
1	 5	 4	 4	sample20	425	1353	420	31552	0	
1	 5	 4	 5	sample20	104	1040	-3.99	31824	0	
1	 5	 4	 6	control	573	1583	508	34340	0	
1	 6	 1	 1	sample21	1653	3791	1676	62002	0	
1	 6	 1	 2	sample21	992	2880	1022	75520	0	
1	 6	 1	 3	sample21	1077	2779	1042	68080	0	
1	 6	 1	 4	sample21	1054	2730	1094	60336	0	
1	 6	 1	 5	sample21	1067	2617	1064	55800	0	
1	 6	 1	 6	control	483	2039	410	56016	0	
1	 6	 2	 1	sample22	2026	4176	1946	77400	0	
1	 6	 2	 2	sample22	2982	4874	3166	132440	0	
1	 6	 2	 3	sample22	4260	5826	4622	147204	0	
1	 6	 2	 4	sample22	1072	2458	948	55440	0	
1	 6	 2	 5	sample22	2284	3632	2338	57964	0	
1	 6	 2	 6	control	2761	4039	2818	34506	0	
1	 6	 3	 1	sample23	1361	2991	1472	76610	0	
1	 6	 3	 2	sample23	168	1798	68	58680	0	
1	 6	 3	 3	sample23	1327	2751	1352	56960	0	
1	 6	 3	 4	sample23	1114	2364	1116	43750	0	
1	 6	 3	 5	sample23	567	1721	480	41544	0	
1	 6	 3	 6	control	284	1422	232	38692	0	
1	 6	 4	 1	sample24	2690	3920	2574	97170	0	
1	 6	 4	 2	sample24	2040	3354	2134	69642	0	
1	 6	 4	 3	sample24	1532	2882	1542	66150	0	
1	 6	 4	 4	sample24	844	2024	950	57820	0	
1	 6	 4	 5	sample24	572	1650	550	36652	0	
1	 6	 4	 6	control	1072	2090	986	40720	0	
1	 7	 1	 1	sample25	3669	6155	3428	62150	0	
1	 7	 1	 2	sample25	3883	6173	3916	116790	0	
1	 7	 1	 3	sample25	3413	5333	3322	57600	0	
1	 7	 1	 4	sample25	1080	2920	1068	73600	0	
1	 7	 1	 5	sample25	872	2600	814	62208	0	
1	 7	 1	 6	control	371	1885	344	54504	0	
1	 7	 2	 1	sample26	3926	5994	3758	250228	0	
1	 7	 2	 2	sample26	3885	5701	4256	127120	0	
1	 7	 2	 3	sample26	3013	4627	3026	142032	0	
1	 7	 2	 4	sample26	2190	3644	2282	107596	0	
1	 7	 2	 5	sample26	1351	2709	1252	55678	0	
1	 7	 2	 6	control	2736	3930	2790	47760	0	
1	 7	 3	 1	sample27	797	2325	714	61120	0	
1	 7	 3	 2	sample27	825	2279	756	58160	0	
1	 7	 3	 3	sample27	708	2036	604	53120	0	
1	 7	 3	 4	sample27	633	1869	556	49440	0	
1	 7	 3	 5	sample27	351	1491	150	38760	0	
1	 7	 3	 6	control	464	1456	358	33728	0	
1	 7	 4	 1	sample28	2378	3656	2334	98406	0	
1	 7	 4	 2	sample28	1527	2711	1558	72224	0	
1	 7	 4	 3	sample28	1528	2692	1484	61692	0	
1	 7	 4	 4	sample28	1248	2354	1198	50876	0	
1	 7	 4	 5	sample28	745	1857	664	44480	0	
1	 7	 4	 6	control	1896	2902	1804	23138	0	
1	 8	 1	 1	sample29	7407	10149	7452	233070	0	
1	 8	 1	 2	sample29	4736	6808	4604	155400	0	
1	 8	 1	 3	sample29	4879	6623	5218	132544	0	
1	 8	 1	 4	sample29	2353	3961	2178	82008	0	
1	 8	 1	 5	sample29	2073	3627	2076	76146	0	
1	 8	 1	 6	control	62.9	1527	-85.99	49776	0	
1	 8	 2	 1	sample30	1490	3388	1560	75920	0	
1	 8	 2	 2	sample30	1194	2772	1080	63120	0	
1	 8	 2	 3	sample30	1841	3239	1812	67104	0	
1	 8	 2	 4	sample30	1080	2422	1094	45628	0	
1	 8	 2	 5	sample30	964	2220	938	50240	0	
1	 8	 2	 6	control	1886	3096	1640	48400	0	
1	 8	 3	 1	sample31	3536	5066	3584	122400	0	
1	 8	 3	 2	sample31	1789	3117	1698	107568	0	
1	 8	 3	 3	sample31	1628	2860	1698	77616	0	
1	 8	 3	 4	sample31	1711	2877	1700	27984	0	
1	 8	 3	 5	sample31	500	1632	550	38488	0	
1	 8	 3	 6	control	102	1120	120	36648	0	
1	 8	 4	 1	sample32	2076	3354	1716	62622	0	
1	 8	 4	 2	sample32	1712	2880	1684	43216	0	
1	 8	 4	 3	sample32	1403	2531	1344	75576	0	
1	 8	 4	 4	sample32	1225	2307	1246	36788	0	
1	 8	 4	 5	sample32	553	1597	488	41760	0	
1	 8	 4	 6	control	1636	2594	1606	33530	0	
1	 9	 1	 1	sample33	1875	3371	2012	76296	0	
1	 9	 1	 2	sample33	1135	2507	1078	67228	0	
1	 9	 1	 3	sample33	842	2164	792	47592	0	
1	 9	 1	 4	sample33	694	2126	622	51552	0	
1	 9	 1	 5	sample33	509	2059	480	55800	0	
1	 9	 1	 6	control	255	1849	192	57384	0	
1	 9	 2	 1	sample34	1827	3115	1520	59248	0	
1	 9	 2	 2	sample34	2133	3309	2168	82320	0	
1	 9	 2	 3	sample34	1519	2635	1508	51336	0	
1	 9	 2	 4	sample34	1168	2372	1148	44548	0	
1	 9	 2	 5	sample34	706	1960	650	50160	0	
1	 9	 2	 6	control	1817	3063	1848	62300	0	
1	 9	 3	 1	sample35	2382	3492	2538	86580	0	
1	 9	 3	 2	sample35	1462	2548	1514	55386	0	
1	 9	 3	 3	sample35	1233	2293	1278	42400	0	
1	 9	 3	 4	sample35	597	1675	544	38808	0	
1	 9	 3	 5	sample35	1130	2202	1136	22512	0	
1	 9	 3	 6	control	282	1350	204	36312	0	
1	 9	 4	 1	sample36	979	1947	864	39688	0	
1	 9	 4	 2	sample36	1431	2453	1372	24528	0	
1	 9	 4	 3	sample36	1239	2363	1206	40464	0	
1	 9	 4	 4	sample36	1010	2138	1000	47376	0	
1	 9	 4	 5	sample36	745	1847	756	44080	0	
1	 9	 4	 6	control	1109	2195	1222	43440	0	
1	 10	 1	 1	sample37	2947	4773	2590	96778	0	
1	 10	 1	 2	sample37	1889	3603	1820	68560	0	
1	 10	 1	 3	sample37	803	2469	784	59976	0	
1	 10	 1	 4	sample37	1128	2698	1180	62800	0	
1	 10	 1	 5	sample37	669	2083	580	50904	0	
1	 10	 1	 6	control	194	1556	66	49032	0	
1	 10	 2	 1	sample38	670	2154	660	59360	0	
1	 10	 2	 2	sample38	1652	3194	1550	58596	0	
1	 10	 2	 3	sample38	769	2783	786	68476	0	
1	 10	 2	 4	sample38	901	2303	964	47668	0	
1	 10	 2	 5	sample38	1066	2176	1020	19980	0	
1	 10	 2	 6	control	1796	2926	1634	31640	0	
1	 10	 3	 1	sample39	3801	5175	3858	107172	0	
1	 10	 3	 2	sample39	2310	3752	2294	63448	0	
1	 10	 3	 3	sample39	1517	2915	1702	50328	0	
1	 10	 3	 4	sample39	913	2157	1028	44784	0	
1	 10	 3	 5	sample39	881	2007	794	28150	0	
1	 10	 3	 6	control	400	1552	270	41472	0	
1	 10	 4	 1	sample40	1215	2309	1168	51418	0	
1	 10	 4	 2	sample40	2061	3393	1890	73260	0	
1	 10	 4	 3	sample40	1983	3243	1880	59220	0	
1	 10	 4	 4	sample40	1170	2382	1102	53328	0	
1	 10	 4	 5	sample40	1153	2241	990	27200	0	
1	 10	 4	 6	control	1497	2683	1448	36766	0	
1	 11	 1	 1	sample41	2304	3686	2176	73246	0	
1	 11	 1	 2	sample41	2130	3518	2168	69400	0	
1	 11	 1	 3	sample41	1477	2775	1366	64900	0	
1	 11	 1	 4	sample41	1202	2566	1220	54560	0	
1	 11	 1	 5	sample41	1064	2454	1044	62550	0	
1	 11	 1	 6	control	73.3	1479	2	50616	0	
1	 11	 2	 1	sample42	1814	3178	1748	70928	0	
1	 11	 2	 2	sample42	2326	3702	2352	71552	0	
1	 11	 2	 3	sample42	2209	3413	2060	63812	0	
1	 11	 2	 4	sample42	1888	3060	1904	59772	0	
1	 11	 2	 5	sample42	2609	3705	1824	56992	0	
1	 11	 2	 6	control	3121	4217	3286	44936	0	
1	 11	 3	 1	sample43	2644	4196	2682	135024	0	
1	 11	 3	 2	sample43	4198	5614	4748	114696	0	
1	 11	 3	 3	sample43	3144	4364	3272	90280	0	
1	 11	 3	 4	sample43	1832	2934	1926	65018	0	
1	 11	 3	 5	sample43	2116	3104	2018	18772	0	
1	 11	 3	 6	control	287	1211	208	31416	0	
1	 11	 4	 1	sample44	2866	3922	2738	71808	0	
1	 11	 4	 2	sample44	2417	3551	2370	55566	0	
1	 11	 4	 3	sample44	2230	3204	2258	88634	0	
1	 11	 4	 4	sample44	1809	2745	1712	61776	0	
1	 11	 4	 5	sample44	1370	2306	1428	43992	0	
1	 11	 4	 6	control	1329	2197	1276	35588	0	
1	 12	 1	 1	sample45	4910	6920	4930	150750	0	
1	 12	 1	 2	sample45	3968	5836	4390	123288	0	
1	 12	 1	 3	sample45	2284	4054	2576	99120	0	
1	 12	 1	 4	sample45	1728	3474	1472	57618	0	
1	 12	 1	 5	sample45	690	2514	424	72960	0	
1	 12	 1	 6	control	344	2318	264	78960	0	
1	 12	 2	 1	sample46	1351	3065	1270	37708	0	
1	 12	 2	 2	sample46	2034	3700	2182	66640	0	
1	 12	 2	 3	sample46	2046	3404	2166	105924	0	
1	 12	 2	 4	sample46	1259	2643	1228	55360	0	
1	 12	 2	 5	sample46	436	1986	288	62000	0	
1	 12	 2	 6	control	1027	2743	996	68640	0	
1	 12	 3	 1	sample47	4692	6206	3994	99924	0	
1	 12	 3	 2	sample47	2941	4385	2980	89528	0	
1	 12	 3	 3	sample47	2851	4183	3054	81252	0	
1	 12	 3	 4	sample47	2185	3479	2016	21998	0	
1	 12	 3	 5	sample47	332	1704	210	54880	0	
1	 12	 3	 6	control	453	1893	316	57600	0	
1	 12	 4	 1	sample48	2124	3338	1922	35206	0	
1	 12	 4	 2	sample48	1930	3152	1912	54990	0	
1	 12	 4	 3	sample48	2541	3633	2652	70980	0	
1	 12	 4	 4	sample48	2256	3484	2144	24560	0	
1	 12	 4	 5	sample48	522	1786	488	50560	0	
1	 12	 4	 6	control	1811	3153	1760	68442	0	
2	 1	 1	 1	sample49	3586	5440	3574	100116	0	
2	 1	 1	 2	sample49	2611	4679	2702	107536	0	
2	 1	 1	 3	sample49	2429	4629	2520	88000	0	
2	 1	 1	 4	sample49	1905	3911	1904	80240	0	
2	 1	 1	 5	sample49	1232	3056	1192	78432	0	
2	 1	 1	 6	control	901	2547	610	59256	0	
2	 1	 2	 1	sample50	2721	4709	2436	184884	0	
2	 1	 2	 2	sample50	4811	7313	4860	202662	0	
2	 1	 2	 3	sample50	4836	7216	5356	214200	0	
2	 1	 2	 4	sample50	4595	6715	4600	171720	0	
2	 1	 2	 5	sample50	1809	3655	1800	95992	0	
2	 1	 2	 6	control	3378	5134	3480	86044	0	
2	 1	 3	 1	sample51	1636	3452	1466	72640	0	
2	 1	 3	 2	sample51	2823	4979	2786	114268	0	
2	 1	 3	 3	sample51	2249	4375	2228	108426	0	
2	 1	 3	 4	sample51	2126	4032	2058	76240	0	
2	 1	 3	 5	sample51	1205	3059	1208	61182	0	
2	 1	 3	 6	control	386	2106	298	61920	0	
2	 1	 4	 1	sample52	3604	5214	3288	117530	0	
2	 1	 4	 2	sample52	2963	4703	3110	132240	0	
2	 1	 4	 3	sample52	2121	3921	2060	158400	0	
2	 1	 4	 4	sample52	1317	3157	1356	86480	0	
2	 1	 4	 5	sample52	1396	3150	1458	64898	0	
2	 1	 4	 6	control	2180	3804	2060	55216	0	
2	 2	 1	 1	sample53	3349	5039	3658	138580	0	
2	 2	 1	 2	sample53	3325	4977	3540	66080	0	
2	 2	 1	 3	sample53	2358	3904	2336	63386	0	
2	 2	 1	 4	sample53	1448	2864	1472	58056	0	
2	 2	 1	 5	sample53	1242	2564	1190	51558	0	
2	 2	 1	 6	control	187	1377	122	42840	0	
2	 2	 2	 1	sample54	2612	4334	2342	108486	0	
2	 2	 2	 2	sample54	3444	5250	3290	72240	0	
2	 2	 2	 3	sample54	2101	3771	2116	55110	0	
2	 2	 2	 4	sample54	1271	2769	1220	55426	0	
2	 2	 2	 5	sample54	1298	2666	1214	36936	0	
2	 2	 2	 6	control	3371	4755	3316	59512	0	
2	 2	 3	 1	sample55	4349	6113	4224	118188	0	
2	 2	 3	 2	sample55	4473	6385	4626	128104	0	
2	 2	 3	 3	sample55	2764	4522	2918	107238	0	
2	 2	 3	 4	sample55	1785	3399	1738	35508	0	
2	 2	 3	 5	sample55	494	1916	526	56880	0	
2	 2	 3	 6	control	404	1578	328	42264	0	
2	 2	 4	 1	sample56	2444	4132	2356	89464	0	
2	 2	 4	 2	sample56	4687	6393	5356	93830	0	
2	 2	 4	 3	sample56	3502	5122	3630	93960	0	
2	 2	 4	 4	sample56	2131	3657	2374	112924	0	
2	 2	 4	 5	sample56	1609	2985	1682	83936	0	
2	 2	 4	 6	control	1400	2632	1318	50512	0	
2	 3	 1	 1	sample57	3374	4912	3278	129192	0	
2	 3	 1	 2	sample57	3601	5295	3642	84700	0	
2	 3	 1	 3	sample57	2451	3923	2584	113344	0	
2	 3	 1	 4	sample57	1874	3238	2034	65472	0	
2	 3	 1	 5	sample57	1380	2726	1308	53840	0	
2	 3	 1	 6	control	333	1661	260	45152	0	
2	 3	 2	 1	sample58	1230	2914	1122	67360	0	
2	 3	 2	 2	sample58	2291	4319	2126	101400	0	
2	 3	 2	 3	sample58	1423	3145	1322	61992	0	
2	 3	 2	 4	sample58	1205	2671	1218	49844	0	
2	 3	 2	 5	sample58	1103	2523	1050	56800	0	
2	 3	 2	 6	control	2794	4280	2656	66870	0	
2	 3	 3	 1	sample59	5580	7352	5146	242764	0	
2	 3	 3	 2	sample59	4638	6446	4860	137408	0	
2	 3	 3	 3	sample59	4225	5881	4226	125856	0	
2	 3	 3	 4	sample59	3291	4789	3080	59920	0	
2	 3	 3	 5	sample59	2328	3832	2126	46624	0	
2	 3	 3	 6	control	166	1624	62	46656	0	
2	 3	 4	 1	sample60	1464	2838	1420	21984	0	
2	 3	 4	 2	sample60	1704	3056	1648	66248	0	
2	 3	 4	 3	sample60	1317	2667	1298	48600	0	
2	 3	 4	 4	sample60	1170	2516	1172	53840	0	
2	 3	 4	 5	sample60	829	2179	792	45900	0	
2	 3	 4	 6	control	546	1936	528	47260	0	
2	 4	 1	 1	sample61	2095	4295	1854	195800	0	
2	 4	 1	 2	sample61	2236	4434	2164	169246	0	
2	 4	 1	 3	sample61	1300	3384	1282	91696	0	
2	 4	 1	 4	sample61	844	2858	780	80560	0	
2	 4	 1	 5	sample61	470	2448	492	71208	0	
2	 4	 1	 6	control	261	2185	174	69264	0	
2	 4	 2	 1	sample62	2974	5278	2984	165888	0	
2	 4	 2	 2	sample62	2111	4469	2370	132048	0	
2	 4	 2	 3	sample62	2002	4128	2250	133938	0	
2	 4	 2	 4	sample62	1464	3560	1454	140432	0	
2	 4	 2	 5	sample62	1080	3148	1104	82720	0	
2	 4	 2	 6	control	1835	3831	1918	63872	0	
2	 4	 3	 1	sample63	4611	6897	3926	164592	0	
2	 4	 3	 2	sample63	2753	5067	2214	99502	0	
2	 4	 3	 3	sample63	2142	4248	1862	162162	0	
2	 4	 3	 4	sample63	2133	4271	2170	83382	0	
2	 4	 3	 5	sample63	1098	3186	1268	43848	0	
2	 4	 3	 6	control	213	2293	138	74880	0	
2	 4	 4	 1	sample64	2500	4688	2714	140032	0	
2	 4	 4	 2	sample64	1892	4030	1842	115452	0	
2	 4	 4	 3	sample64	1705	3863	1714	86320	0	
2	 4	 4	 4	sample64	1075	3215	1054	85600	0	
2	 4	 4	 5	sample64	586	2692	542	75816	0	
2	 4	 4	 6	control	1045	3099	1000	73944	0	
2	 5	 1	 1	sample65	4869	6257	3926	111040	0	
2	 5	 1	 2	sample65	3038	4338	2714	62400	0	
2	 5	 1	 3	sample65	2560	3732	2490	94932	0	
2	 5	 1	 4	sample65	1850	2946	1690	56992	0	
2	 5	 1	 5	sample65	896	1988	842	43680	0	
2	 5	 1	 6	control	305	1425	220	38080	0	
2	 5	 2	 1	sample66	3139	4621	3232	59280	0	
2	 5	 2	 2	sample66	2531	3981	2498	58000	0	
2	 5	 2	 3	sample66	1571	2959	1626	55520	0	
2	 5	 2	 4	sample66	1372	2614	1398	55890	0	
2	 5	 2	 5	sample66	819	2007	762	47520	0	
2	 5	 2	 6	control	2247	3435	2312	41580	0	
2	 5	 3	 1	sample67	2746	4218	2980	58880	0	
2	 5	 3	 2	sample67	2168	3638	2322	58800	0	
2	 5	 3	 3	sample67	1465	2841	1612	55040	0	
2	 5	 3	 4	sample67	818	2054	760	49440	0	
2	 5	 3	 5	sample67	571	1743	422	42192	0	
2	 5	 3	 6	control	411	1513	262	39672	0	
2	 5	 4	 1	sample68	3369	4533	3150	80316	0	
2	 5	 4	 2	sample68	2221	3429	2390	73688	0	
2	 5	 4	 3	sample68	3212	4440	3470	92100	0	
2	 5	 4	 4	sample68	1911	3095	1854	76960	0	
2	 5	 4	 5	sample68	1468	2560	1384	46956	0	
2	 5	 4	 6	control	622	1712	554	39240	0	
2	 6	 1	 1	sample69	5012	6894	4828	156206	0	
2	 6	 1	 2	sample69	3860	5664	3832	147928	0	
2	 6	 1	 3	sample69	3415	5019	3824	107468	0	
2	 6	 1	 4	sample69	2625	4195	2604	95770	0	
2	 6	 1	 5	sample69	2053	3481	2032	109956	0	
2	 6	 1	 6	control	340	1758	202	51048	0	
2	 6	 2	 1	sample70	2943	4791	3090	153384	0	
2	 6	 2	 2	sample70	2303	4111	2456	137408	0	
2	 6	 2	 3	sample70	2286	3926	2314	82000	0	
2	 6	 2	 4	sample70	1883	3449	1994	82998	0	
2	 6	 2	 5	sample70	1453	2837	1542	59512	0	
2	 6	 2	 6	control	1806	3180	1742	59082	0	
2	 6	 3	 1	sample71	1757	3437	1714	147840	0	
2	 6	 3	 2	sample71	1817	3539	1828	79212	0	
2	 6	 3	 3	sample71	1256	2904	1284	65920	0	
2	 6	 3	 4	sample71	1295	2809	1210	56018	0	
2	 6	 3	 5	sample71	682	2130	668	49232	0	
2	 6	 3	 6	control	162	1532	206	46580	0	
2	 6	 4	 1	sample72	2010	3426	1500	165672	0	
2	 6	 4	 2	sample72	3218	4786	3244	92512	0	
2	 6	 4	 3	sample72	3104	4638	2726	138060	0	
2	 6	 4	 4	sample72	2289	3767	2324	100504	0	
2	 6	 4	 5	sample72	1025	2501	1060	54612	0	
2	 6	 4	 6	control	745	2053	772	52320	0	
2	 7	 1	 1	sample73	1380	3166	1342	87514	0	
2	 7	 1	 2	sample73	2700	4294	2484	52602	0	
2	 7	 1	 3	sample73	1807	3245	1572	56082	0	
2	 7	 1	 4	sample73	1433	2801	1340	54720	0	
2	 7	 1	 5	sample73	1283	2631	1368	45832	0	
2	 7	 1	 6	control	301	1595	158	43996	0	
2	 7	 2	 1	sample74	4575	6245	4536	66800	0	
2	 7	 2	 2	sample74	3583	5085	3726	88618	0	
2	 7	 2	 3	sample74	1264	2664	1222	40600	0	
2	 7	 2	 4	sample74	2439	3837	2530	99258	0	
2	 7	 2	 5	sample74	1451	2843	1402	55680	0	
2	 7	 2	 6	control	2957	4261	2824	59984	0	
2	 7	 3	 1	sample75	966	2456	884	53640	0	
2	 7	 3	 2	sample75	755	2179	636	56960	0	
2	 7	 3	 3	sample75	1739	3091	1874	36504	0	
2	 7	 3	 4	sample75	1073	2325	968	43820	0	
2	 7	 3	 5	sample75	246	1596	252	45900	0	
2	 7	 3	 6	control	125	1487	74	49032	0	
2	 7	 4	 1	sample76	3656	5106	3828	101500	0	
2	 7	 4	 2	sample76	2125	3477	1790	110864	0	
2	 7	 4	 3	sample76	2017	3363	1916	47110	0	
2	 7	 4	 4	sample76	1699	3019	1474	59400	0	
2	 7	 4	 5	sample76	756	2038	616	51280	0	
2	 7	 4	 6	control	585	1901	618	42112	0	
2	 8	 1	 1	sample77	5799	7401	4966	147384	0	
2	 8	 1	 2	sample77	5191	6531	5764	104520	0	
2	 8	 1	 3	sample77	2740	3904	2614	76824	0	
2	 8	 1	 4	sample77	1352	2424	1242	42880	0	
2	 8	 1	 5	sample77	1490	2394	1484	38872	0	
2	 8	 1	 6	control	169	1097	112	33408	0	
2	 8	 2	 1	sample78	2571	4177	2864	110814	0	
2	 8	 2	 2	sample78	2080	3564	2166	96460	0	
2	 8	 2	 3	sample78	1833	3099	1828	67098	0	
2	 8	 2	 4	sample78	1647	2829	1690	87468	0	
2	 8	 2	 5	sample78	1287	2301	1320	37518	0	
2	 8	 2	 6	control	3249	4293	3298	39672	0	
2	 8	 3	 1	sample79	3798	5248	3944	127600	0	
2	 8	 3	 2	sample79	3690	5100	3864	108570	0	
2	 8	 3	 3	sample79	2787	4065	2816	127800	0	
2	 8	 3	 4	sample79	2128	3418	2070	83850	0	
2	 8	 3	 5	sample79	958	2050	936	37128	0	
2	 8	 3	 6	control	188	1266	154	36652	0	
2	 8	 4	 1	sample80	1732	2962	1518	72570	0	
2	 8	 4	 2	sample80	1335	2509	1338	37568	0	
2	 8	 4	 3	sample80	1414	2610	1434	50232	0	
2	 8	 4	 4	sample80	965	2151	1026	47440	0	
2	 8	 4	 5	sample80	515	1567	286	42080	0	
2	 8	 4	 6	control	1149	2137	990	39520	0	
2	 9	 1	 1	sample81	3265	4525	3316	95760	0	
2	 9	 1	 2	sample81	2100	3372	2188	95400	0	
2	 9	 1	 3	sample81	1819	3053	1692	82678	0	
2	 9	 1	 4	sample81	1212	2574	1142	55842	0	
2	 9	 1	 5	sample81	570	1912	496	53680	0	
2	 9	 1	 6	control	284	1606	172	52880	0	
2	 9	 2	 1	sample82	3605	5063	3268	83106	0	
2	 9	 2	 2	sample82	2725	4133	3030	81664	0	
2	 9	 2	 3	sample82	2212	3560	2256	79532	0	
2	 9	 2	 4	sample82	1164	2628	1106	58560	0	
2	 9	 2	 5	sample82	1299	2781	1254	59280	0	
2	 9	 2	 6	control	1724	3168	1496	83752	0	
2	 9	 3	 1	sample83	2325	3903	1798	118350	0	
2	 9	 3	 2	sample83	1937	3415	1996	109372	0	
2	 9	 3	 3	sample83	1874	3294	1948	86620	0	
2	 9	 3	 4	sample83	1636	3150	1680	48448	0	
2	 9	 3	 5	sample83	349	1861	390	60480	0	
2	 9	 3	 6	control	267	1685	268	56720	0	
2	 9	 4	 1	sample84	1732	3210	1676	38428	0	
2	 9	 4	 2	sample84	1902	3308	1842	39368	0	
2	 9	 4	 3	sample84	1035	2417	972	63572	0	
2	 9	 4	 4	sample84	1686	3168	1892	90402	0	
2	 9	 4	 5	sample84	513	2063	412	62000	0	
2	 9	 4	 6	control	1349	2905	1270	62240	0	
2	 10	 1	 1	sample85	1688	3134	1350	33258	0	
2	 10	 1	 2	sample85	3307	4561	2950	80256	0	
2	 10	 1	 3	sample85	1410	2572	1422	60424	0	
2	 10	 1	 4	sample85	1086	2202	808	44640	0	
2	 10	 1	 5	sample85	1130	2166	1172	37296	0	
2	 10	 1	 6	control	70.9	1377	40	47016	0	
2	 10	 2	 1	sample86	2524	3920	2894	97720	0	
2	 10	 2	 2	sample86	1792	3106	1598	101178	0	
2	 10	 2	 3	sample86	2036	3228	2148	96552	0	
2	 10	 2	 4	sample86	1455	2537	1388	93052	0	
2	 10	 2	 5	sample86	1165	2225	1140	42400	0	
2	 10	 2	 6	control	1423	2643	1366	48800	0	
2	 10	 3	 1	sample87	2264	3624	2144	97920	0	
2	 10	 3	 2	sample87	1154	2448	1100	65994	0	
2	 10	 3	 3	sample87	1120	2264	1114	56056	0	
2	 10	 3	 4	sample87	633	1687	636	37944	0	
2	 10	 3	 5	sample87	432	1566	330	45360	0	
2	 10	 3	 6	control	107	1273	86	39644	0	
2	 10	 4	 1	sample88	2271	3723	1822	42108	0	
2	 10	 4	 2	sample88	1214	2530	1066	52640	0	
2	 10	 4	 3	sample88	862	2022	786	56840	0	
2	 10	 4	 4	sample88	504	1632	526	40608	0	
2	 10	 4	 5	sample88	281	1429	234	45920	0	
2	 10	 4	 6	control	1290	2512	850	36660	0	
2	 11	 1	 1	sample89	3135	4993	3160	176510	0	
2	 11	 1	 2	sample89	2775	4443	2798	126768	0	
2	 11	 1	 3	sample89	1972	3562	1910	68370	0	
2	 11	 1	 4	sample89	1812	3166	1930	32496	0	
2	 11	 1	 5	sample89	1489	2799	1654	99560	0	
2	 11	 1	 6	control	179	1543	140	54560	0	
2	 11	 2	 1	sample90	737	2745	634	80320	0	
2	 11	 2	 2	sample90	1753	3637	1604	62172	0	
2	 11	 2	 3	sample90	2561	4109	2464	82044	0	
2	 11	 2	 4	sample90	1524	2984	1484	45260	0	
2	 11	 2	 5	sample90	1198	2556	1116	63826	0	
2	 11	 2	 6	control	2196	3618	2358	95274	0	
2	 11	 3	 1	sample91	3223	5091	3284	89664	0	
2	 11	 3	 2	sample91	2522	4264	2754	116714	0	
2	 11	 3	 3	sample91	1817	3343	1750	54936	0	
2	 11	 3	 4	sample91	1598	3098	1426	51000	0	
2	 11	 3	 5	sample91	854	2230	858	44032	0	
2	 11	 3	 6	control	276	1618	198	53680	0	
2	 11	 4	 1	sample92	2372	3952	2162	75840	0	
2	 11	 4	 2	sample92	1880	3394	1796	90840	0	
2	 11	 4	 3	sample92	945	2545	924	52800	0	
2	 11	 4	 4	sample92	1625	3145	1630	59280	0	
2	 11	 4	 5	sample92	701	2137	714	57440	0	
2	 11	 4	 6	control	2384	3820	2318	43080	0	
2	 12	 1	 1	sample93	3999	5409	4142	91650	0	
2	 12	 1	 2	sample93	3325	4813	3504	95232	0	
2	 12	 1	 3	sample93	2099	3525	2132	86986	0	
2	 12	 1	 4	sample93	1703	3111	1868	56320	0	
2	 12	 1	 5	sample93	1389	2807	1430	60974	0	
2	 12	 1	 6	control	253	1863	256	64400	0	
2	 12	 2	 1	sample94	2307	3957	2188	67650	0	
2	 12	 2	 2	sample94	4416	6124	4454	97356	0	
2	 12	 2	 3	sample94	3719	5275	4330	91804	0	
2	 12	 2	 4	sample94	3069	4535	3206	80630	0	
2	 12	 2	 5	sample94	2836	4336	3144	81000	0	
2	 12	 2	 6	control	3490	5154	3248	84864	0	
2	 12	 3	 1	sample95	4603	6229	4100	99186	0	
2	 12	 3	 2	sample95	4413	6065	4548	122248	0	
2	 12	 3	 3	sample95	2902	4370	2996	85144	0	
2	 12	 3	 4	sample95	1922	3394	2128	70656	0	
2	 12	 3	 5	sample95	1351	2871	1526	60800	0	
2	 12	 3	 6	control	180	1872	208	67680	0	
2	 12	 4	 1	sample96	4990	6488	5726	83888	0	
2	 12	 4	 2	sample96	2498	4012	2312	62074	0	
2	 12	 4	 3	sample96	2479	3991	2314	75600	0	
2	 12	 4	 4	sample96	1450	2880	1374	51480	0	
2	 12	 4	 5	sample96	1393	2877	1434	54908	0	
2	 12	 4	 6	control	2316	4008	2162	81216	0	
3	 1	 1	 1	sample97	4755	6083	4924	96944	0	
3	 1	 1	 2	sample97	4318	6088	4416	129210	0	
3	 1	 1	 3	sample97	3120	4736	3348	111504	0	
3	 1	 1	 4	sample97	2414	3894	2306	60680	0	
3	 1	 1	 5	sample97	1746	3130	1724	58128	0	
3	 1	 1	 6	control	184	1436	210	50080	0	
3	 1	 2	 1	sample98	5032	6388	4914	98988	0	
3	 1	 2	 2	sample98	4340	6544	3710	160892	0	
3	 1	 2	 3	sample98	986	2760	906	70960	0	
3	 1	 2	 4	sample98	2335	4039	2250	73272	0	
3	 1	 2	 5	sample98	2033	3525	2054	59680	0	
3	 1	 2	 6	control	3047	4407	3384	110160	0	
3	 1	 3	 1	sample99	3367	4573	3278	142308	0	
3	 1	 3	 2	sample99	3031	4795	3398	146412	0	
3	 1	 3	 3	sample99	3196	4860	3354	129792	0	
3	 1	 3	 4	sample99	3092	4662	3202	120890	0	
3	 1	 3	 5	sample99	1890	3272	1712	113324	0	
3	 1	 3	 6	control	145	1389	120	49760	0	
3	 1	 4	 1	sample100	1856	2760	1628	74128	0	
3	 1	 4	 2	sample100	2220	3236	2252	72136	0	
3	 1	 4	 3	sample100	2270	3428	2236	97272	0	
3	 1	 4	 4	sample100	922	2140	936	48720	0	
3	 1	 4	 5	sample100	1050	2136	940	43440	0	
3	 1	 4	 6	control	1240	2346	1108	91798	0	
3	 2	 1	 1	sample101	4043	5675	4370	122400	0	
3	 2	 1	 2	sample101	3359	5267	3508	127836	0	
3	 2	 1	 3	sample101	2523	4109	2352	36478	0	
3	 2	 1	 4	sample101	1394	2774	1292	55200	0	
3	 2	 1	 5	sample101	822	2138	890	52640	0	
3	 2	 1	 6	control	57.1	1171	54	40104	0	
3	 2	 2	 1	sample102	2768	4776	2896	96384	0	
3	 2	 2	 2	sample102	2484	4814	2478	83880	0	
3	 2	 2	 3	sample102	1476	3276	1408	64800	0	
3	 2	 2	 4	sample102	1203	2725	1148	54792	0	
3	 2	 2	 5	sample102	712	2040	712	47808	0	
3	 2	 2	 6	control	2908	4098	2990	58310	0	
3	 2	 3	 1	sample103	5583	7579	4692	259480	0	
3	 2	 3	 2	sample103	5888	8014	5550	201970	0	
3	 2	 3	 3	sample103	4248	5966	4414	127132	0	
3	 2	 3	 4	sample103	3234	4682	3138	105704	0	
3	 2	 3	 5	sample103	2081	3423	1932	64416	0	
3	 2	 3	 6	control	299	1489	318	40460	0	
3	 2	 4	 1	sample104	4440	5890	4428	87000	0	
3	 2	 4	 2	sample104	4000	5414	4380	98980	0	
3	 2	 4	 3	sample104	2509	3877	2436	86184	0	
3	 2	 4	 4	sample104	1776	3064	1764	56672	0	
3	 2	 4	 5	sample104	1380	2628	1424	32448	0	
3	 2	 4	 6	control	1428	2626	1496	39534	0	
3	 3	 1	 1	sample105	3961	5135	4002	97442	0	
3	 3	 1	 2	sample105	3165	4521	3228	103056	0	
3	 3	 1	 3	sample105	2309	3673	2218	100936	0	
3	 3	 1	 4	sample105	1790	3070	1828	71680	0	
3	 3	 1	 5	sample105	1358	2624	1468	58236	0	
3	 3	 1	 6	control	389	1711	376	47592	0	
3	 3	 2	 1	sample106	2634	3972	2138	113730	0	
3	 3	 2	 2	sample106	3144	4614	3104	104370	0	
3	 3	 2	 3	sample106	2759	4157	2994	109044	0	
3	 3	 2	 4	sample106	1640	3004	1568	20460	0	
3	 3	 2	 5	sample106	1144	2438	1128	50466	0	
3	 3	 2	 6	control	3415	4797	3604	60808	0	
3	 3	 3	 1	sample107	2299	3513	2192	104404	0	
3	 3	 3	 2	sample107	2249	3749	2430	129000	0	
3	 3	 3	 3	sample107	1728	3158	1688	72930	0	
3	 3	 3	 4	sample107	1311	2661	1324	58050	0	
3	 3	 3	 5	sample107	922	2318	974	29316	0	
3	 3	 3	 6	control	380	1724	334	48384	0	
3	 3	 4	 1	sample108	3219	4399	2876	68440	0	
3	 3	 4	 2	sample108	2321	3705	2336	87192	0	
3	 3	 4	 3	sample108	2305	3651	2294	57878	0	
3	 3	 4	 4	sample108	1609	2945	1756	101536	0	
3	 3	 4	 5	sample108	1259	2579	1232	47520	0	
3	 3	 4	 6	control	2798	4162	2852	46376	0	
3	 4	 1	 1	sample109	3641	5351	3514	85500	0	
3	 4	 1	 2	sample109	4580	6318	4600	147730	0	
3	 4	 1	 3	sample109	2510	4022	2230	65016	0	
3	 4	 1	 4	sample109	1329	2697	1300	54720	0	
3	 4	 1	 5	sample109	1556	2764	1838	43488	0	
3	 4	 1	 6	control	379	1469	286	39240	0	
3	 4	 2	 1	sample110	5435	7485	5870	155800	0	
3	 4	 2	 2	sample110	4081	6215	4216	149380	0	
3	 4	 2	 3	sample110	2811	4495	2690	173452	0	
3	 4	 2	 4	sample110	2161	3619	1954	55404	0	
3	 4	 2	 5	sample110	1239	2519	1266	51200	0	
3	 4	 2	 6	control	3644	4780	3644	39760	0	
3	 4	 3	 1	sample111	7450	9308	7316	135634	0	
3	 4	 3	 2	sample111	8180	10138	8366	154682	0	
3	 4	 3	 3	sample111	4921	6593	5066	105336	0	
3	 4	 3	 4	sample111	2444	3888	2246	114076	0	
3	 4	 3	 5	sample111	1665	3007	1612	36234	0	
3	 4	 3	 6	control	516	1698	432	40188	0	
3	 4	 4	 1	sample112	3516	4692	3476	94080	0	
3	 4	 4	 2	sample112	3049	4329	3202	84480	0	
3	 4	 4	 3	sample112	2979	4367	3098	70788	0	
3	 4	 4	 4	sample112	2392	3688	2304	64800	0	
3	 4	 4	 5	sample112	1795	2997	1814	37262	0	
3	 4	 4	 6	control	1653	2787	1636	31752	0	
3	 5	 1	 1	sample113	1288	2870	1222	64862	0	
3	 5	 1	 2	sample113	2578	4026	2060	70952	0	
3	 5	 1	 3	sample113	1545	2857	1552	64288	0	
3	 5	 1	 4	sample113	1523	2701	1394	54188	0	
3	 5	 1	 5	sample113	1064	2184	1010	40320	0	
3	 5	 1	 6	control	362	1524	136	41832	0	
3	 5	 2	 1	sample114	4354	6136	4142	147906	0	
3	 5	 2	 2	sample114	4023	5515	4132	98472	0	
3	 5	 2	 3	sample114	1665	3061	1568	60028	0	
3	 5	 2	 4	sample114	1521	2807	1364	51440	0	
3	 5	 2	 5	sample114	1721	2973	1682	50080	0	
3	 5	 2	 6	control	3035	4361	3098	63648	0	
3	 5	 3	 1	sample115	4039	5691	3986	49560	0	
3	 5	 3	 2	sample115	2525	4065	2384	69300	0	
3	 5	 3	 3	sample115	1817	3211	1830	51578	0	
3	 5	 3	 4	sample115	1320	2606	1290	32150	0	
3	 5	 3	 5	sample115	826	2078	786	42568	0	
3	 5	 3	 6	control	433	1699	234	43044	0	
3	 5	 4	 1	sample116	2504	3784	2416	88320	0	
3	 5	 4	 2	sample116	2127	3443	2210	77644	0	
3	 5	 4	 3	sample116	1298	2562	1340	53088	0	
3	 5	 4	 4	sample116	1224	2336	1240	23352	0	
3	 5	 4	 5	sample116	448	1618	506	46800	0	
3	 5	 4	 6	control	1408	2662	1506	51414	0	
3	 6	 1	 1	sample117	4837	6243	4946	105450	0	
3	 6	 1	 2	sample117	4411	5751	4350	89780	0	
3	 6	 1	 3	sample117	2115	3287	2194	82040	0	
3	 6	 1	 4	sample117	1665	2761	1718	50416	0	
3	 6	 1	 5	sample117	1481	2763	1608	46152	0	
3	 6	 1	 6	control	69.3	1263	64	47760	0	
3	 6	 2	 1	sample118	2083	3583	1956	42000	0	
3	 6	 2	 2	sample118	3358	4766	3576	95744	0	
3	 6	 2	 3	sample118	2146	3410	2164	101120	0	
3	 6	 2	 4	sample118	1523	2735	1572	50904	0	
3	 6	 2	 5	sample118	1325	2601	1320	54868	0	
3	 6	 2	 6	control	2080	3360	2046	69120	0	
3	 6	 3	 1	sample119	5101	6407	5286	101868	0	
3	 6	 3	 2	sample119	2462	3692	2548	79950	0	
3	 6	 3	 3	sample119	2695	3937	2836	81972	0	
3	 6	 3	 4	sample119	1614	2728	1516	63498	0	
3	 6	 3	 5	sample119	1078	2208	980	38420	0	
3	 6	 3	 6	control	187	1461	160	50960	0	
3	 6	 4	 1	sample120	1278	2324	1346	36610	0	
3	 6	 4	 2	sample120	2064	3132	2184	71556	0	
3	 6	 4	 3	sample120	2010	3124	2118	74638	0	
3	 6	 4	 4	sample120	1220	2402	1202	42552	0	
3	 6	 4	 5	sample120	1220	2380	1236	24360	0	
3	 6	 4	 6	control	1287	2467	1372	42480	0	
3	 7	 1	 1	sample121	1646	3466	1620	96460	0	
3	 7	 1	 2	sample121	2833	4235	2522	56080	0	
3	 7	 1	 3	sample121	2442	3584	2654	84508	0	
3	 7	 1	 4	sample121	1219	2261	1178	41680	0	
3	 7	 1	 5	sample121	1284	2274	1312	44550	0	
3	 7	 1	 6	control	39.7	1068	54	37008	0	
3	 7	 2	 1	sample122	4247	6313	4366	157016	0	
3	 7	 2	 2	sample122	3084	4728	3322	120012	0	
3	 7	 2	 3	sample122	1688	3020	1656	66600	0	
3	 7	 2	 4	sample122	1830	3030	1762	80400	0	
3	 7	 2	 5	sample122	1222	2248	1186	42066	0	
3	 7	 2	 6	control	3217	4295	3358	43120	0	
3	 7	 3	 1	sample123	2190	4122	2010	86940	0	
3	 7	 3	 2	sample123	3076	4742	2742	113288	0	
3	 7	 3	 3	sample123	1845	3223	1862	64766	0	
3	 7	 3	 4	sample123	1438	2704	1462	50640	0	
3	 7	 3	 5	sample123	1149	2129	1098	23520	0	
3	 7	 3	 6	control	203	1239	172	37296	0	
3	 7	 4	 1	sample124	3806	5256	4072	104400	0	
3	 7	 4	 2	sample124	2701	4087	2616	84546	0	
3	 7	 4	 3	sample124	2739	4013	3056	93002	0	
3	 7	 4	 4	sample124	1784	3032	1748	97344	0	
3	 7	 4	 5	sample124	819	1945	716	40536	0	
3	 7	 4	 6	control	1121	2127	1034	41246	0	
3	 8	 1	 1	sample125	3193	4837	3034	87132	0	
3	 8	 1	 2	sample125	4642	5840	4182	107820	0	
3	 8	 1	 3	sample125	2676	3624	2626	80580	0	
3	 8	 1	 4	sample125	2391	3503	2324	54488	0	
3	 8	 1	 5	sample125	2436	3466	2428	46350	0	
3	 8	 1	 6	control	222	1166	140	30208	0	
3	 8	 2	 1	sample126	2777	4283	2762	88854	0	
3	 8	 2	 2	sample126	3144	4384	2984	74400	0	
3	 8	 2	 3	sample126	1930	3008	1906	79772	0	
3	 8	 2	 4	sample126	1205	2265	1152	42400	0	
3	 8	 2	 5	sample126	1547	2551	1474	40160	0	
3	 8	 2	 6	control	2636	3630	2732	43736	0	
3	 8	 3	 1	sample127	2828	4240	2702	138376	0	
3	 8	 3	 2	sample127	3666	4956	3896	68370	0	
3	 8	 3	 3	sample127	2327	3485	2352	71796	0	
3	 8	 3	 4	sample127	2624	3676	2572	42080	0	
3	 8	 3	 5	sample127	1730	2762	1688	33024	0	
3	 8	 3	 6	control	231	1229	88	31936	0	
3	 8	 4	 1	sample128	1339	2397	1406	42320	0	
3	 8	 4	 2	sample128	953	1995	950	41680	0	
3	 8	 4	 3	sample128	1791	2761	1714	109610	0	
3	 8	 4	 4	sample128	1184	2206	1192	34748	0	
3	 8	 4	 5	sample128	647	1643	538	39840	0	
3	 8	 4	 6	control	1869	2959	1874	25070	0	
3	 9	 1	 1	sample129	2659	4917	2462	45160	0	
3	 9	 1	 2	sample129	3318	5402	3816	158384	0	
3	 9	 1	 3	sample129	2355	4237	2488	197610	0	
3	 9	 1	 4	sample129	1231	3113	1132	75280	0	
3	 9	 1	 5	sample129	1087	2951	1002	74560	0	
3	 9	 1	 6	control	251	2199	256	77920	0	
3	 9	 2	 1	sample130	4701	7317	4174	125568	0	
3	 9	 2	 2	sample130	3518	5812	3368	146816	0	
3	 9	 2	 3	sample130	2294	4330	2282	154736	0	
3	 9	 2	 4	sample130	1138	3102	1050	78560	0	
3	 9	 2	 5	sample130	1857	3767	1924	122240	0	
3	 9	 2	 6	control	2747	4659	2986	114720	0	
3	 9	 3	 1	sample131	2289	4987	2360	142994	0	
3	 9	 3	 2	sample131	2022	4424	2018	127306	0	
3	 9	 3	 3	sample131	2288	4438	2498	154800	0	
3	 9	 3	 4	sample131	2000	4052	2176	158004	0	
3	 9	 3	 5	sample131	1689	3647	1694	50908	0	
3	 9	 3	 6	control	340	2240	280	76000	0	
3	 9	 4	 1	sample132	8372	10716	6090	91416	0	
3	 9	 4	 2	sample132	3612	5714	3568	126120	0	
3	 9	 4	 3	sample132	2511	4439	2356	161952	0	
3	 9	 4	 4	sample132	2393	4483	2422	140030	0	
3	 9	 4	 5	sample132	2202	4166	2194	137480	0	
3	 9	 4	 6	control	2176	4058	2368	99746	0	
3	 10	 1	 1	sample133	3935	6387	3670	291788	0	
3	 10	 1	 2	sample133	5519	7829	5120	166320	0	
3	 10	 1	 3	sample133	3262	5172	3324	145160	0	
3	 10	 1	 4	sample133	2957	4877	3072	117120	0	
3	 10	 1	 5	sample133	1881	3731	2080	162800	0	
3	 10	 1	 6	control	218	2048	96	73200	0	
3	 10	 2	 1	sample134	5525	8141	5130	214512	0	
3	 10	 2	 2	sample134	4664	6984	4630	157760	0	
3	 10	 2	 3	sample134	3849	5867	3814	185656	0	
3	 10	 2	 4	sample134	3531	5381	3734	144300	0	
3	 10	 2	 5	sample134	2642	4464	2806	114786	0	
3	 10	 2	 6	control	3130	5008	3572	123948	0	
3	 10	 3	 1	sample135	2498	4766	2516	54432	0	
3	 10	 3	 2	sample135	3321	5413	3174	148532	0	
3	 10	 3	 3	sample135	2002	3876	2030	119936	0	
3	 10	 3	 4	sample135	1700	3518	1628	85446	0	
3	 10	 3	 5	sample135	742	2480	638	69520	0	
3	 10	 3	 6	control	382	2128	308	69840	0	
3	 10	 4	 1	sample136	2795	4625	3186	107970	0	
3	 10	 4	 2	sample136	2600	4430	2736	91500	0	
3	 10	 4	 3	sample136	2709	4467	2832	156462	0	
3	 10	 4	 4	sample136	1659	3331	1780	135432	0	
3	 10	 4	 5	sample136	872	2540	984	66720	0	
3	 10	 4	 6	control	1567	3275	1564	97356	0	
3	 11	 1	 1	sample137	3277	5079	3316	198220	0	
3	 11	 1	 2	sample137	3602	5348	3772	134442	0	
3	 11	 1	 3	sample137	2847	4333	2752	114422	0	
3	 11	 1	 4	sample137	1960	3476	1846	69736	0	
3	 11	 1	 5	sample137	1688	3168	1800	133200	0	
3	 11	 1	 6	control	24.2	1608	-45.99	63360	0	
3	 11	 2	 1	sample138	3453	5471	3074	98882	0	
3	 11	 2	 2	sample138	3396	5278	3576	122330	0	
3	 11	 2	 3	sample138	3548	4972	4074	113920	0	
3	 11	 2	 4	sample138	2007	3389	1916	53898	0	
3	 11	 2	 5	sample138	1291	2701	1290	69090	0	
3	 11	 2	 6	control	2595	4173	2270	63120	0	
3	 11	 3	 1	sample139	3859	5685	4174	175296	0	
3	 11	 3	 2	sample139	4894	6676	5856	122958	0	
3	 11	 3	 3	sample139	3534	5010	3942	107748	0	
3	 11	 3	 4	sample139	2008	3348	1928	93800	0	
3	 11	 3	 5	sample139	1536	2814	1492	72846	0	
3	 11	 3	 6	control	245	1631	200	55440	0	
3	 11	 4	 1	sample140	1724	3026	1434	44268	0	
3	 11	 4	 2	sample140	1785	3227	1792	57680	0	
3	 11	 4	 3	sample140	1870	3136	1872	100014	0	
3	 11	 4	 4	sample140	916	2016	934	44000	0	
3	 11	 4	 5	sample140	1025	2179	1086	46160	0	
3	 11	 4	 6	control	1552	2876	1418	91356	0	
3	 12	 1	 1	sample141	3917	5633	3360	140712	0	
3	 12	 1	 2	sample141	3638	5158	3408	80560	0	
3	 12	 1	 3	sample141	2161	3591	2130	70070	0	
3	 12	 1	 4	sample141	1474	2848	1332	49464	0	
3	 12	 1	 5	sample141	1768	3056	1722	50232	0	
3	 12	 1	 6	control	414	1784	402	54800	0	
3	 12	 2	 1	sample142	4381	6547	4142	108300	0	
3	 12	 2	 2	sample142	3965	5865	4372	133000	0	
3	 12	 2	 3	sample142	3099	4765	2844	139944	0	
3	 12	 2	 4	sample142	2420	3962	2492	126444	0	
3	 12	 2	 5	sample142	3007	4467	3018	52560	0	
3	 12	 2	 6	control	4027	5571	4192	61760	0	
3	 12	 3	 1	sample143	6838	8740	6136	176886	0	
3	 12	 3	 2	sample143	5451	7241	5554	159310	0	
3	 12	 3	 3	sample143	3666	5362	3944	113632	0	
3	 12	 3	 4	sample143	2449	4029	2156	180120	0	
3	 12	 3	 5	sample143	1300	2816	1232	60640	0	
3	 12	 3	 6	control	240	1816	260	50432	0	
3	 12	 4	 1	sample144	5475	6855	6286	89700	0	
3	 12	 4	 2	sample144	4076	5436	4176	99280	0	
3	 12	 4	 3	sample144	3554	4842	3742	119784	0	
3	 12	 4	 4	sample144	2290	3658	2370	83448	0	
3	 12	 4	 5	sample144	2845	4261	3002	45312	0	
3	 12	 4	 6	control	3271	4793	3336	54792	0	
4	 1	 1	 1	sample145	2323	3859	2326	113664	0	
4	 1	 1	 2	sample145	2768	4500	2726	81404	0	
4	 1	 1	 3	sample145	1526	3334	1560	88592	0	
4	 1	 1	 4	sample145	1388	3200	1322	39864	0	
4	 1	 1	 5	sample145	1148	2872	1122	58616	0	
4	 1	 1	 6	control	188	1830	106	55828	0	
4	 1	 2	 1	sample146	2277	4139	2290	68894	0	
4	 1	 2	 2	sample146	2738	4840	2734	69366	0	
4	 1	 2	 3	sample146	1766	3876	1744	94950	0	
4	 1	 2	 4	sample146	1588	3614	1652	83066	0	
4	 1	 2	 5	sample146	989	2837	1032	73920	0	
4	 1	 2	 6	control	4326	6000	4726	61938	0	
4	 1	 3	 1	sample147	5485	7297	4864	137712	0	
4	 1	 3	 2	sample147	3864	6070	3992	150008	0	
4	 1	 3	 3	sample147	2774	5034	2890	119780	0	
4	 1	 3	 4	sample147	2389	4431	2528	57176	0	
4	 1	 3	 5	sample147	942	2786	954	59008	0	
4	 1	 3	 6	control	269	1971	246	57868	0	
4	 1	 4	 1	sample148	2792	3898	3042	72996	0	
4	 1	 4	 2	sample148	2679	3939	2710	91980	0	
4	 1	 4	 3	sample148	2951	4261	2900	61570	0	
4	 1	 4	 4	sample148	2030	3470	2020	108000	0	
4	 1	 4	 5	sample148	1800	3206	1894	57646	0	
4	 1	 4	 6	control	2197	3603	2242	47804	0	
4	 2	 1	 1	sample149	3398	4692	3664	98344	0	
4	 2	 1	 2	sample149	2746	4002	2676	52752	0	
4	 2	 1	 3	sample149	1718	2948	1782	56580	0	
4	 2	 1	 4	sample149	1088	2158	1234	38520	0	
4	 2	 1	 5	sample149	714	1748	780	37224	0	
4	 2	 1	 6	control	232	1314	224	38952	0	
4	 2	 2	 1	sample150	5249	6607	5260	120862	0	
4	 2	 2	 2	sample150	3727	5113	3936	83160	0	
4	 2	 2	 3	sample150	2681	3995	2926	89352	0	
4	 2	 2	 4	sample150	1147	2333	1118	47440	0	
4	 2	 2	 5	sample150	1401	2481	1398	39960	0	
4	 2	 2	 6	control	2635	3759	2870	47208	0	
4	 2	 3	 1	sample151	1021	2331	978	52400	0	
4	 2	 3	 2	sample151	1136	2482	1112	53840	0	
4	 2	 3	 3	sample151	796	2060	828	50560	0	
4	 2	 3	 4	sample151	578	1736	540	41688	0	
4	 2	 3	 5	sample151	547	1585	434	37368	0	
4	 2	 3	 6	control	424	1480	418	38016	0	
4	 2	 4	 1	sample152	2531	3447	2418	43968	0	
4	 2	 4	 2	sample152	2316	3310	2356	66598	0	
4	 2	 4	 3	sample152	1545	2573	1490	43176	0	
4	 2	 4	 4	sample152	886	1894	908	36288	0	
4	 2	 4	 5	sample152	842	1818	772	35136	0	
4	 2	 4	 6	control	1582	2636	1656	37944	0	
4	 3	 1	 1	sample153	3600	5186	2918	128466	0	
4	 3	 1	 2	sample153	5712	7482	5138	138060	0	
4	 3	 1	 3	sample153	4924	6482	4688	101270	0	
4	 3	 1	 4	sample153	2351	3745	2272	161704	0	
4	 3	 1	 5	sample153	1173	2493	1262	47520	0	
4	 3	 1	 6	control	202	1384	150	42552	0	
4	 3	 2	 1	sample154	8292	9976	6724	37048	0	
4	 3	 2	 2	sample154	3915	5679	4070	118188	0	
4	 3	 2	 3	sample154	1601	3171	1550	56520	0	
4	 3	 2	 4	sample154	1383	2881	1404	53928	0	
4	 3	 2	 5	sample154	1721	3141	1710	49700	0	
4	 3	 2	 6	control	2751	4075	2784	45016	0	
4	 3	 3	 1	sample155	2462	3954	2436	102948	0	
4	 3	 3	 2	sample155	2541	4287	2598	48888	0	
4	 3	 3	 3	sample155	2382	3992	2416	30590	0	
4	 3	 3	 4	sample155	1653	3175	1694	60880	0	
4	 3	 3	 5	sample155	937	2331	930	55760	0	
4	 3	 3	 6	control	257	1661	384	47736	0	
4	 3	 4	 1	sample156	2987	4123	2698	92016	0	
4	 3	 4	 2	sample156	3516	4738	3622	61100	0	
4	 3	 4	 3	sample156	2692	4016	2842	100624	0	
4	 3	 4	 4	sample156	1802	3070	1906	86224	0	
4	 3	 4	 5	sample156	1951	3081	1944	54240	0	
4	 3	 4	 6	control	1570	2798	1388	41752	0	
4	 4	 1	 1	sample157	3653	5091	3612	110726	0	
4	 4	 1	 2	sample157	3315	4757	3622	89404	0	
4	 4	 1	 3	sample157	1924	3378	1882	94510	0	
4	 4	 1	 4	sample157	2492	3918	2446	61318	0	
4	 4	 1	 5	sample157	944	2318	598	54960	0	
4	 4	 1	 6	control	286	1574	244	51520	0	
4	 4	 2	 1	sample158	2596	4296	2090	54400	0	
4	 4	 2	 2	sample158	2570	4218	2568	79104	0	
4	 4	 2	 3	sample158	1655	3199	1682	71024	0	
4	 4	 2	 4	sample158	1163	2647	1172	59360	0	
4	 4	 2	 5	sample158	713	2117	714	56160	0	
4	 4	 2	 6	control	2108	3392	2078	70620	0	
4	 4	 3	 1	sample159	4990	6608	5166	110024	0	
4	 4	 3	 2	sample159	3730	5406	3808	117320	0	
4	 4	 3	 3	sample159	3532	5202	3086	106880	0	
4	 4	 3	 4	sample159	2352	3854	2304	85614	0	
4	 4	 3	 5	sample159	477	1903	308	57040	0	
4	 4	 3	 6	control	266	1620	196	54160	0	
4	 4	 4	 1	sample160	4901	6141	5022	74400	0	
4	 4	 4	 2	sample160	2441	3749	2426	49704	0	
4	 4	 4	 3	sample160	2840	4198	2788	85554	0	
4	 4	 4	 4	sample160	2147	3445	2376	85668	0	
4	 4	 4	 5	sample160	899	2095	550	47840	0	
4	 4	 4	 6	control	1268	2430	1204	46480	0	
4	 5	 1	 1	sample161	6904	9056	6994	150640	0	
4	 5	 1	 2	sample161	4305	6223	4568	164948	0	
4	 5	 1	 3	sample161	2916	4628	2646	136960	0	
4	 5	 1	 4	sample161	2829	4449	2904	71280	0	
4	 5	 1	 5	sample161	1846	3304	1886	75816	0	
4	 5	 1	 6	control	181	1697	62	60640	0	
4	 5	 2	 1	sample162	3723	5833	3478	164580	0	
4	 5	 2	 2	sample162	3338	5286	3184	107140	0	
4	 5	 2	 3	sample162	3731	5469	3678	132088	0	
4	 5	 2	 4	sample162	2661	4291	2608	145070	0	
4	 5	 2	 5	sample162	1792	3364	1790	77028	0	
4	 5	 2	 6	control	3128	4648	3000	92720	0	
4	 5	 3	 1	sample163	3557	5797	3216	105280	0	
4	 5	 3	 2	sample163	2533	4495	2752	143226	0	
4	 5	 3	 3	sample163	2226	4018	2274	103936	0	
4	 5	 3	 4	sample163	1891	3525	1938	65360	0	
4	 5	 3	 5	sample163	651	2173	560	60880	0	
4	 5	 3	 6	control	170	1634	84	58560	0	
4	 5	 4	 1	sample164	6195	7681	6416	54982	0	
4	 5	 4	 2	sample164	5774	7176	5652	58884	0	
4	 5	 4	 3	sample164	3529	4835	3300	91420	0	
4	 5	 4	 4	sample164	2112	3268	2030	117912	0	
4	 5	 4	 5	sample164	2197	3395	2232	71880	0	
4	 5	 4	 6	control	1255	2443	1296	47520	0	
4	 6	 1	 1	sample165	5476	7468	4904	105576	0	
4	 6	 1	 2	sample165	3853	5717	3718	139800	0	
4	 6	 1	 3	sample165	2711	4361	2720	117150	0	
4	 6	 1	 4	sample165	2138	3772	2138	60458	0	
4	 6	 1	 5	sample165	991	2649	884	59688	0	
4	 6	 1	 6	control	-57.32	1621	-59.99	60408	0	
4	 6	 2	 1	sample166	4594	6644	3836	38950	0	
4	 6	 2	 2	sample166	2479	4463	2528	91264	0	
4	 6	 2	 3	sample166	1947	3723	1938	63936	0	
4	 6	 2	 4	sample166	989	2597	880	54672	0	
4	 6	 2	 5	sample166	1026	2592	1032	62640	0	
4	 6	 2	 6	control	2086	3698	2098	62868	0	
4	 6	 3	 1	sample167	4064	5782	3592	140876	0	
4	 6	 3	 2	sample167	4253	6029	3866	150960	0	
4	 6	 3	 3	sample167	2685	4329	2668	100284	0	
4	 6	 3	 4	sample167	1955	3521	1710	62640	0	
4	 6	 3	 5	sample167	1096	2608	1194	45360	0	
4	 6	 3	 6	control	111	1579	32	46976	0	
4	 6	 4	 1	sample168	1564	2816	1692	50080	0	
4	 6	 4	 2	sample168	1432	2738	1382	52240	0	
4	 6	 4	 3	sample168	1768	3198	1840	75790	0	
4	 6	 4	 4	sample168	1077	2383	1128	30038	0	
4	 6	 4	 5	sample168	822	1896	826	36516	0	
4	 6	 4	 6	control	1380	2466	1166	43440	0	
4	 7	 1	 1	sample169	4911	7757	3686	221988	0	
4	 7	 1	 2	sample169	3712	6114	3322	165738	0	
4	 7	 1	 3	sample169	3843	5851	3844	132528	0	
4	 7	 1	 4	sample169	1855	3759	1782	76160	0	
4	 7	 1	 5	sample169	1394	3112	1284	68720	0	
4	 7	 1	 6	control	-10.93	1751	-5.99	59908	0	
4	 7	 2	 1	sample170	4231	6859	3144	86724	0	
4	 7	 2	 2	sample170	3446	5644	3340	162652	0	
4	 7	 2	 3	sample170	1945	3811	1904	89568	0	
4	 7	 2	 4	sample170	2882	4724	2964	130782	0	
4	 7	 2	 5	sample170	1938	3672	1798	53754	0	
4	 7	 2	 6	control	2734	4360	2700	60162	0	
4	 7	 3	 1	sample171	3657	5721	2792	235296	0	
4	 7	 3	 2	sample171	4296	6316	4888	143420	0	
4	 7	 3	 3	sample171	1836	3662	1842	76692	0	
4	 7	 3	 4	sample171	1650	3288	1696	44226	0	
4	 7	 3	 5	sample171	529	2115	510	57096	0	
4	 7	 3	 6	control	300	1826	204	54936	0	
4	 7	 4	 1	sample172	954	2312	900	54320	0	
4	 7	 4	 2	sample172	1415	2781	1352	54640	0	
4	 7	 4	 3	sample172	938	2266	874	53120	0	
4	 7	 4	 4	sample172	905	2163	938	50320	0	
4	 7	 4	 5	sample172	511	1827	408	47376	0	
4	 7	 4	 6	control	670	1912	628	44712	0	
4	 8	 1	 1	sample173	3169	5797	2702	105120	0	
4	 8	 1	 2	sample173	5112	7394	3924	198534	0	
4	 8	 1	 3	sample173	3538	5478	3292	108640	0	
4	 8	 1	 4	sample173	2271	4145	1864	258612	0	
4	 8	 1	 5	sample173	5907	7781	5410	76834	0	
4	 8	 1	 6	control	156	1908	118	59568	0	
4	 8	 2	 1	sample174	4562	6744	4666	174560	0	
4	 8	 2	 2	sample174	4434	6290	4722	111360	0	
4	 8	 2	 3	sample174	1746	3558	1696	65232	0	
4	 8	 2	 4	sample174	2202	3794	2198	74824	0	
4	 8	 2	 5	sample174	1210	2858	1280	65920	0	
4	 8	 2	 6	control	2613	4301	2368	84400	0	
4	 8	 3	 1	sample175	1762	3476	1590	44564	0	
4	 8	 3	 2	sample175	2012	3720	1980	80276	0	
4	 8	 3	 3	sample175	1658	3226	1602	62720	0	
4	 8	 3	 4	sample175	1088	2628	1118	52360	0	
4	 8	 3	 5	sample175	512	2086	462	53516	0	
4	 8	 3	 6	control	217	1813	254	57456	0	
4	 8	 4	 1	sample176	3475	4791	3364	69748	0	
4	 8	 4	 2	sample176	2202	3554	2256	64896	0	
4	 8	 4	 3	sample176	1665	3081	1632	72216	0	
4	 8	 4	 4	sample176	1512	2910	1560	53124	0	
4	 8	 4	 5	sample176	1113	2443	1060	53200	0	
4	 8	 4	 6	control	1421	2945	1378	36576	0	
4	 9	 1	 1	sample177	3580	5584	3232	146292	0	
4	 9	 1	 2	sample177	3778	5410	3820	128928	0	
4	 9	 1	 3	sample177	2768	4254	2782	59440	0	
4	 9	 1	 4	sample177	2075	3503	2034	64260	0	
4	 9	 1	 5	sample177	1853	3245	1872	54288	0	
4	 9	 1	 6	control	116	1446	92	47880	0	
4	 9	 2	 1	sample178	4086	6310	3406	97856	0	
4	 9	 2	 2	sample178	2968	4880	3148	114720	0	
4	 9	 2	 3	sample178	2301	3885	2354	107712	0	
4	 9	 2	 4	sample178	1933	3329	1880	93532	0	
4	 9	 2	 5	sample178	1412	2712	1352	42900	0	
4	 9	 2	 6	control	2545	3825	2602	57600	0	
4	 9	 3	 1	sample179	4256	5974	4802	163210	0	
4	 9	 3	 2	sample179	4560	6258	4874	118860	0	
4	 9	 3	 3	sample179	3298	4842	3406	81832	0	
4	 9	 3	 4	sample179	1749	3151	1626	92532	0	
4	 9	 3	 5	sample179	1310	2602	1352	41344	0	
4	 9	 3	 6	control	205	1397	196	42912	0	
4	 9	 4	 1	sample180	2253	3511	2220	101898	0	
4	 9	 4	 2	sample180	2263	3547	2592	87312	0	
4	 9	 4	 3	sample180	1820	3022	1840	82938	0	
4	 9	 4	 4	sample180	1501	2715	1366	47346	0	
4	 9	 4	 5	sample180	1278	2434	1244	47396	0	
4	 9	 4	 6	control	1422	2490	1460	49128	0	
4	 10	 1	 1	sample181	1001	4101	1008	124000	0	
4	 10	 1	 2	sample181	3424	7390	3222	182436	0	
4	 10	 1	 3	sample181	2124	4666	2114	101680	0	
4	 10	 1	 4	sample181	2008	4170	2072	69184	0	
4	 10	 1	 5	sample181	1461	3541	1512	91520	0	
4	 10	 1	 6	control	127	2267	44	77040	0	
4	 10	 2	 1	sample182	4241	7185	4236	214912	0	
4	 10	 2	 2	sample182	4035	6773	3856	123210	0	
4	 10	 2	 3	sample182	3403	5809	3496	115488	0	
4	 10	 2	 4	sample182	2389	4531	2460	139230	0	
4	 10	 2	 5	sample182	1496	3516	1444	80800	0	
4	 10	 2	 6	control	3561	5549	3606	49700	0	
4	 10	 3	 1	sample183	4618	6946	4582	172272	0	
4	 10	 3	 2	sample183	2815	5109	3260	137640	0	
4	 10	 3	 3	sample183	2328	4472	2104	113632	0	
4	 10	 3	 4	sample183	1591	3627	1576	46828	0	
4	 10	 3	 5	sample183	637	2525	510	67968	0	
4	 10	 3	 6	control	665	2619	122	66436	0	
4	 10	 4	 1	sample184	2181	4311	2052	100110	0	
4	 10	 4	 2	sample184	1117	3109	1066	79680	0	
4	 10	 4	 3	sample184	1323	3267	1264	33048	0	
4	 10	 4	 4	sample184	900	2746	694	66456	0	
4	 10	 4	 5	sample184	685	2515	562	62220	0	
4	 10	 4	 6	control	951	2795	838	73760	0	
4	 11	 1	 1	sample185	7440	9698	7298	173866	0	
4	 11	 1	 2	sample185	6281	8223	7098	126230	0	
4	 11	 1	 3	sample185	4080	5696	4362	100192	0	
4	 11	 1	 4	sample185	2907	4445	3042	73824	0	
4	 11	 1	 5	sample185	2258	3786	2474	106960	0	
4	 11	 1	 6	control	68.5	1673	-21.99	64160	0	
4	 11	 2	 1	sample186	3415	5611	3102	127368	0	
4	 11	 2	 2	sample186	4932	6832	5322	119700	0	
4	 11	 2	 3	sample186	2293	4035	2190	101036	0	
4	 11	 2	 4	sample186	1929	3581	2036	117292	0	
4	 11	 2	 5	sample186	1301	2907	1292	64240	0	
4	 11	 2	 6	control	2884	4464	3372	99540	0	
4	 11	 3	 1	sample187	5779	7617	5380	143364	0	
4	 11	 3	 2	sample187	6201	7907	5860	100654	0	
4	 11	 3	 3	sample187	3285	5015	3434	100340	0	
4	 11	 3	 4	sample187	2681	4355	2510	112158	0	
4	 11	 3	 5	sample187	2067	3673	2104	94754	0	
4	 11	 3	 6	control	388	1964	422	63040	0	
4	 11	 4	 1	sample188	1787	3099	1296	52480	0	
4	 11	 4	 2	sample188	1398	2778	1454	55200	0	
4	 11	 4	 3	sample188	1849	3343	1936	46314	0	
4	 11	 4	 4	sample188	1179	2635	1050	58240	0	
4	 11	 4	 5	sample188	782	2320	652	61520	0	
4	 11	 4	 6	control	1911	3509	1872	78302	0	
4	 12	 1	 1	sample189	922	2466	828	61760	0	
4	 12	 1	 2	sample189	2412	3836	2226	56960	0	
4	 12	 1	 3	sample189	1532	2784	1630	50080	0	
4	 12	 1	 4	sample189	934	2254	798	52800	0	
4	 12	 1	 5	sample189	646	2014	486	54720	0	
4	 12	 1	 6	control	239	1763	104	60960	0	
4	 12	 2	 1	sample190	7147	8803	7376	139104	0	
4	 12	 2	 2	sample190	6178	7914	6836	123256	0	
4	 12	 2	 3	sample190	6241	7683	6980	115360	0	
4	 12	 2	 4	sample190	4304	5664	4546	110160	0	
4	 12	 2	 5	sample190	2882	4236	3274	89364	0	
4	 12	 2	 6	control	2885	4427	3516	95604	0	
4	 12	 3	 1	sample191	2178	3636	2214	129762	0	
4	 12	 3	 2	sample191	2242	3874	2500	117504	0	
4	 12	 3	 3	sample191	2745	4159	2786	80598	0	
4	 12	 3	 4	sample191	1852	3214	1888	65376	0	
4	 12	 3	 5	sample191	1611	2985	1286	54960	0	
4	 12	 3	 6	control	18	1636	8	64720	0	
4	 12	 4	 1	sample192	4866	6150	4876	61632	0	
4	 12	 4	 2	sample192	3538	4928	3256	73670	0	
4	 12	 4	 3	sample192	3012	4396	3100	95496	0	
4	 12	 4	 4	sample192	1918	3274	1766	92208	0	
4	 12	 4	 5	sample192	1741	3185	1534	44764	0	
4	 12	 4	 6	control	2192	3732	2264	75460	0	
