MicroVigene	 Version	 2501
Culture	en-US
9/30/2006 12:30:31 PM
Roi Row	 4	 Roi Col	 12	 Main Row	 4	 Main Col	 6	 Sub Row	 1	 Sub Col	 1
Main Row	 Main Col	 Sub Row	 Sub Col	  GeneID	mean_net	 mean_total	 median_net	 vol_bkg	 vol_dust	 
1	 1	 1	 1	sample1	64.7	5461	258	215840	0	
1	 1	 1	 2	sample1	-2609.04	2531	-2569.99	205600	0	
1	 1	 1	 3	sample1	-861.54	4792	-771.99	226160	0	
1	 1	 1	 4	sample1	-360.29	5294	0	226160	0	
1	 1	 1	 5	sample1	-185.79	5210	258	215840	0	
1	 1	 1	 6	control	-321.79	4818	0	205600	0	
1	 1	 2	 1	sample2	495	5377	772	195280	0	
1	 1	 2	 2	sample2	-198.54	4683	0	195280	0	
1	 1	 2	 3	sample2	-1445.29	3437	-1283.99	195280	0	
1	 1	 2	 4	sample2	-809.94	4330	-513.99	205600	0	
1	 1	 2	 5	sample2	-982.64	3899	-769.99	195280	0	
1	 1	 2	 6	control	693	5319	1028	185040	0	
1	 1	 3	 1	sample3	495	4863	772	174720	0	
1	 1	 3	 2	sample3	76.7	4703	256	185040	0	
1	 1	 3	 3	sample3	514	5140	770	185040	0	
1	 1	 3	 4	sample3	443	5069	514	185040	0	
1	 1	 3	 5	sample3	-262.94	4105	-255.99	174720	0	
1	 1	 3	 6	control	-179.39	4189	258	174720	0	
1	 1	 4	 1	sample4	527	4381	772	154160	0	
1	 1	 4	 2	sample4	315	4169	514	154160	0	
1	 1	 4	 3	sample4	135	3989	514	154160	0	
1	 1	 4	 4	sample4	-148.29	3964	256	164480	0	
1	 1	 4	 5	sample4	-19.74	4092	256	164480	0	
1	 1	 4	 6	control	637	4749	514	111024	0	
1	 2	 1	 1	sample5	1431	7085	1542	288354	0	
1	 2	 1	 2	sample5	1121	6517	1286	269800	0	
1	 2	 1	 3	sample5	1131	6013	1028	195280	0	
1	 2	 1	 4	sample5	739	5107	772	174720	0	
1	 2	 1	 5	sample5	716	4828	770	156256	0	
1	 2	 1	 6	control	142	3996	258	154160	0	
1	 2	 2	 1	sample6	881	6277	1028	215840	0	
1	 2	 2	 2	sample6	295	5435	514	205600	0	
1	 2	 2	 3	sample6	-874.29	3752	-771.99	185040	0	
1	 2	 2	 4	sample6	-50.84	4317	258	174720	0	
1	 2	 2	 5	sample6	786	4640	772	69372	0	
1	 2	 2	 6	control	984	4838	1028	154160	0	
1	 2	 3	 1	sample7	1318	6714	1286	215840	0	
1	 2	 3	 2	sample7	1061	5943	1028	195280	0	
1	 2	 3	 3	sample7	908	5534	770	208170	0	
1	 2	 3	 4	sample7	745	4857	770	164480	0	
1	 2	 3	 5	sample7	186	4298	256	164480	0	
1	 2	 3	 6	control	32.6	3887	0	154160	0	
1	 2	 4	 1	sample8	804	5944	770	236440	0	
1	 2	 4	 2	sample8	470	5352	514	195280	0	
1	 2	 4	 3	sample8	250	4876	256	185040	0	
1	 2	 4	 4	sample8	533	4645	514	164480	0	
1	 2	 4	 5	sample8	347	4459	256	164480	0	
1	 2	 4	 6	control	871	4725	772	169576	0	
1	 3	 1	 1	sample9	1769	4081	1800	136408	0	
1	 3	 1	 2	sample9	1728	4040	1800	150280	0	
1	 3	 1	 3	sample9	1385	3697	1542	113288	0	
1	 3	 1	 4	sample9	1016	3328	1028	94792	0	
1	 3	 1	 5	sample9	831	2887	770	78128	0	
1	 3	 1	 6	control	481	2023	256	61680	0	
1	 3	 2	 1	sample10	882	2938	770	94576	0	
1	 3	 2	 2	sample10	1216	3528	1286	94792	0	
1	 3	 2	 3	sample10	1165	3477	1286	108664	0	
1	 3	 2	 4	sample10	734	2790	770	86352	0	
1	 3	 2	 5	sample10	659	2201	514	70932	0	
1	 3	 2	 6	control	1560	2844	1800	74472	0	
1	 3	 3	 1	sample11	1208	3520	1028	92480	0	
1	 3	 3	 2	sample11	1211	3523	1028	71672	0	
1	 3	 3	 3	sample11	961	3017	1028	71960	0	
1	 3	 3	 4	sample11	900	2698	772	43152	0	
1	 3	 3	 5	sample11	727	2011	772	51360	0	
1	 3	 3	 6	control	353	1381	256	41120	0	
1	 3	 4	 1	sample12	1410	3722	1028	166464	0	
1	 3	 4	 2	sample12	1142	3454	1028	57800	0	
1	 3	 4	 3	sample12	791	2847	770	104856	0	
1	 3	 4	 4	sample12	507	2305	514	61132	0	
1	 3	 4	 5	sample12	607	2149	514	33924	0	
1	 3	 4	 6	control	995	2279	1028	59064	0	
1	 4	 1	 1	sample13	2234	5832	2056	255458	0	
1	 4	 1	 2	sample13	2209	5551	2312	297438	0	
1	 4	 1	 3	sample13	1333	4675	1284	247308	0	
1	 4	 1	 4	sample13	1476	4560	1286	141864	0	
1	 4	 1	 5	sample13	894	4236	770	160416	0	
1	 4	 1	 6	control	290	3888	258	143920	0	
1	 4	 2	 1	sample14	1542	4884	1542	143706	0	
1	 4	 2	 2	sample14	1376	4460	1542	157284	0	
1	 4	 2	 3	sample14	624	3708	772	123360	0	
1	 4	 2	 4	sample14	926	4010	1028	123360	0	
1	 4	 2	 5	sample14	385	3727	514	160416	0	
1	 4	 2	 6	control	1473	4815	1542	227256	0	
1	 4	 3	 1	sample15	1895	5237	2056	80208	0	
1	 4	 3	 2	sample15	931	4273	1028	133680	0	
1	 4	 3	 3	sample15	741	4083	514	143706	0	
1	 4	 3	 4	sample15	795	4137	770	140364	0	
1	 4	 3	 5	sample15	31.7	3374	256	133680	0	
1	 4	 3	 6	control	32.5	3630	0	143920	0	
1	 4	 4	 1	sample16	1184	4782	1286	154714	0	
1	 4	 4	 2	sample16	701	4299	772	143920	0	
1	 4	 4	 3	sample16	895	4493	772	89950	0	
1	 4	 4	 4	sample16	438	4036	258	143920	0	
1	 4	 4	 5	sample16	757	4613	770	73264	0	
1	 4	 4	 6	control	981	4837	770	127248	0	
1	 5	 1	 1	sample17	1646	3702	1542	100744	0	
1	 5	 1	 2	sample17	1630	3686	1542	178872	0	
1	 5	 1	 3	sample17	1151	3721	1028	133640	0	
1	 5	 1	 4	sample17	1117	3687	1284	125930	0	
1	 5	 1	 5	sample17	967	3537	1028	120790	0	
1	 5	 1	 6	control	542	3368	514	104562	0	
1	 5	 2	 1	sample18	735	2533	772	88102	0	
1	 5	 2	 2	sample18	1083	2881	1028	84506	0	
1	 5	 2	 3	sample18	1158	3214	1028	104856	0	
1	 5	 2	 4	sample18	787	2843	770	98688	0	
1	 5	 2	 5	sample18	642	2698	770	94576	0	
1	 5	 2	 6	control	2345	4401	2312	80184	0	
1	 5	 3	 1	sample19	1595	3393	1542	140244	0	
1	 5	 3	 2	sample19	1394	3192	1286	140244	0	
1	 5	 3	 3	sample19	1339	3137	1286	86304	0	
1	 5	 3	 4	sample19	1088	2886	1028	77314	0	
1	 5	 3	 5	sample19	604	2402	772	71920	0	
1	 5	 3	 6	control	187	1985	258	71920	0	
1	 5	 4	 1	sample20	578	2634	514	106912	0	
1	 5	 4	 2	sample20	462	2518	514	92520	0	
1	 5	 4	 3	sample20	411	2467	514	82240	0	
1	 5	 4	 4	sample20	224	2280	256	82240	0	
1	 5	 4	 5	sample20	314	2370	256	82240	0	
1	 5	 4	 6	control	878	2934	770	74016	0	
1	 6	 1	 1	sample21	1068	5436	1028	227136	0	
1	 6	 1	 2	sample21	1260	5628	1286	179088	0	
1	 6	 1	 3	sample21	1238	5350	1284	135696	0	
1	 6	 1	 4	sample21	825	4937	770	172704	0	
1	 6	 1	 5	sample21	366	4478	514	164480	0	
1	 6	 1	 6	control	572	4684	514	90464	0	
1	 6	 2	 1	sample22	836	4690	772	154160	0	
1	 6	 2	 2	sample22	1447	5045	1284	302232	0	
1	 6	 2	 3	sample22	1985	5583	1798	143920	0	
1	 6	 2	 4	sample22	1346	4944	1284	165508	0	
1	 6	 2	 5	sample22	656	4254	770	161910	0	
1	 6	 2	 6	control	1648	4988	1542	187040	0	
1	 6	 3	 1	sample23	1163	4503	1286	217100	0	
1	 6	 3	 2	sample23	354	3694	258	133600	0	
1	 6	 3	 3	sample23	1132	4472	1028	156980	0	
1	 6	 3	 4	sample23	777	4117	772	150300	0	
1	 6	 3	 5	sample23	791	4131	772	90180	0	
1	 6	 3	 6	control	257	3341	256	123360	0	
1	 6	 4	 1	sample24	1752	5350	1798	158312	0	
1	 6	 4	 2	sample24	797	4137	772	133600	0	
1	 6	 4	 3	sample24	971	4311	1028	133600	0	
1	 6	 4	 4	sample24	786	4126	772	60120	0	
1	 6	 4	 5	sample24	418	3758	258	133600	0	
1	 6	 4	 6	control	898	4238	772	190380	0	
1	 7	 1	 1	sample25	2050	6934	2056	249084	0	
1	 7	 1	 2	sample25	1573	6457	1542	239316	0	
1	 7	 1	 3	sample25	1341	5967	1286	171162	0	
1	 7	 1	 4	sample25	682	5308	772	185040	0	
1	 7	 1	 5	sample25	616	4986	514	174800	0	
1	 7	 1	 6	control	179	4549	256	174800	0	
1	 7	 2	 1	sample26	906	5532	1028	185040	0	
1	 7	 2	 2	sample26	1569	5939	1798	122360	0	
1	 7	 2	 3	sample26	1187	5557	1028	91770	0	
1	 7	 2	 4	sample26	656	4768	772	164480	0	
1	 7	 2	 5	sample26	315	4427	514	164480	0	
1	 7	 2	 6	control	1054	5166	1028	164480	0	
1	 7	 3	 1	sample27	302	4672	256	174800	0	
1	 7	 3	 2	sample27	277	4389	258	164480	0	
1	 7	 3	 3	sample27	168	4280	258	164480	0	
1	 7	 3	 4	sample27	211	4067	256	154240	0	
1	 7	 3	 5	sample27	-6.94	3849	0	154240	0	
1	 7	 3	 6	control	193	3791	258	143920	0	
1	 7	 4	 1	sample28	1561	5931	1542	227240	0	
1	 7	 4	 2	sample28	449	4819	514	174800	0	
1	 7	 4	 3	sample28	-307.89	3804	0	164480	0	
1	 7	 4	 4	sample28	167	4023	256	154240	0	
1	 7	 4	 5	sample28	44.5	3900	0	154240	0	
1	 7	 4	 6	control	624	4222	772	143920	0	
1	 8	 1	 1	sample29	2586	4898	2314	76296	0	
1	 8	 1	 2	sample29	2025	4081	2056	139808	0	
1	 8	 1	 3	sample29	1552	3608	1542	100744	0	
1	 8	 1	 4	sample29	1192	3248	1028	80184	0	
1	 8	 1	 5	sample29	777	2833	770	82240	0	
1	 8	 1	 6	control	64.7	2377	0	92480	0	
1	 8	 2	 1	sample30	936	2734	772	70122	0	
1	 8	 2	 2	sample30	1606	3148	1284	61680	0	
1	 8	 2	 3	sample30	1140	2682	1284	126444	0	
1	 8	 2	 4	sample30	1220	2762	1284	61680	0	
1	 8	 2	 5	sample30	668	2210	514	61680	0	
1	 8	 2	 6	control	2079	3621	2056	33924	0	
1	 8	 3	 1	sample31	1493	2777	1286	26964	0	
1	 8	 3	 2	sample31	1269	2553	1286	57780	0	
1	 8	 3	 3	sample31	772	2056	772	30816	0	
1	 8	 3	 4	sample31	547	1831	514	51360	0	
1	 8	 3	 5	sample31	489	1773	258	51360	0	
1	 8	 3	 6	control	96.9	1381	0	51360	0	
1	 8	 4	 1	sample32	955	2239	1028	98868	0	
1	 8	 4	 2	sample32	630	1914	514	51360	0	
1	 8	 4	 3	sample32	778	2062	514	51360	0	
1	 8	 4	 4	sample32	392	1676	514	51360	0	
1	 8	 4	 5	sample32	251	1535	258	51360	0	
1	 8	 4	 6	control	849	2133	772	38520	0	
1	 9	 1	 1	sample33	1617	4957	1542	173680	0	
1	 9	 1	 2	sample33	1164	4762	1284	183498	0	
1	 9	 1	 3	sample33	1199	4797	1028	118734	0	
1	 9	 1	 4	sample33	694	4548	772	154160	0	
1	 9	 1	 5	sample33	633	4487	772	100204	0	
1	 9	 1	 6	control	251	4105	258	154160	0	
1	 9	 2	 1	sample34	687	3771	514	132612	0	
1	 9	 2	 2	sample34	1773	4599	1800	53694	0	
1	 9	 2	 3	sample34	1211	4295	1284	86352	0	
1	 9	 2	 4	sample34	817	4157	772	150300	0	
1	 9	 2	 5	sample34	656	3996	1028	133600	0	
1	 9	 2	 6	control	1371	4711	1542	130260	0	
1	 9	 3	 1	sample35	955	3525	1028	118220	0	
1	 9	 3	 2	sample35	701	3271	770	95090	0	
1	 9	 3	 3	sample35	643	3469	772	84780	0	
1	 9	 3	 4	sample35	425	3251	258	113040	0	
1	 9	 3	 5	sample35	-135.49	2949	0	123360	0	
1	 9	 3	 6	control	-135.59	2948	0	123360	0	
1	 9	 4	 1	sample36	1104	3674	1028	120790	0	
1	 9	 4	 2	sample36	966	3536	770	53970	0	
1	 9	 4	 3	sample36	494	3064	514	102800	0	
1	 9	 4	 4	sample36	174	3000	258	113040	0	
1	 9	 4	 5	sample36	174	3000	258	113040	0	
1	 9	 4	 6	control	681	3765	514	123360	0	
1	 10	 1	 1	sample37	2307	5905	2570	136724	0	
1	 10	 1	 2	sample37	2110	5708	2314	154714	0	
1	 10	 1	 3	sample37	1163	4761	1286	143920	0	
1	 10	 1	 4	sample37	919	4517	1028	143920	0	
1	 10	 1	 5	sample37	521	4119	772	143920	0	
1	 10	 1	 6	control	7	3605	0	143920	0	
1	 10	 2	 1	sample38	656	3740	514	123360	0	
1	 10	 2	 2	sample38	475	3817	514	133680	0	
1	 10	 2	 3	sample38	797	3881	772	123360	0	
1	 10	 2	 4	sample38	624	3708	772	123360	0	
1	 10	 2	 5	sample38	179	3521	256	133680	0	
1	 10	 2	 6	control	1393	4735	1542	110286	0	
1	 10	 3	 1	sample39	2570	5654	2570	86352	0	
1	 10	 3	 2	sample39	1553	4637	1542	148032	0	
1	 10	 3	 3	sample39	624	3708	772	123360	0	
1	 10	 3	 4	sample39	225	3309	258	123360	0	
1	 10	 3	 5	sample39	-38.09	3046	0	123360	0	
1	 10	 3	 6	control	-481.34	2603	-255.99	123360	0	
1	 10	 4	 1	sample40	709	3537	770	118776	0	
1	 10	 4	 2	sample40	168	3252	258	123360	0	
1	 10	 4	 3	sample40	392	3476	514	123360	0	
1	 10	 4	 4	sample40	-180.39	3162	0	133680	0	
1	 10	 4	 5	sample40	-128.94	3213	0	133680	0	
1	 10	 4	 6	control	295	3637	256	133680	0	
1	 11	 1	 1	sample41	1149	4491	1284	177126	0	
1	 11	 1	 2	sample41	456	3798	770	133680	0	
1	 11	 1	 3	sample41	559	4157	772	143920	0	
1	 11	 1	 4	sample41	927	4525	1028	136724	0	
1	 11	 1	 5	sample41	231	4087	514	154240	0	
1	 11	 1	 6	control	141	3997	256	154240	0	
1	 11	 2	 1	sample42	1401	4485	1542	151116	0	
1	 11	 2	 2	sample42	1028	4112	1028	123360	0	
1	 11	 2	 3	sample42	398	3740	514	133680	0	
1	 11	 2	 4	sample42	681	4023	514	66840	0	
1	 11	 2	 5	sample42	723	4321	772	115136	0	
1	 11	 2	 6	control	1594	5192	1800	71960	0	
1	 11	 3	 1	sample43	1237	4065	1284	138572	0	
1	 11	 3	 2	sample43	1155	4239	1286	163452	0	
1	 11	 3	 3	sample43	678	4020	770	167100	0	
1	 11	 3	 4	sample43	623	3965	770	133680	0	
1	 11	 3	 5	sample43	974	4316	1028	80208	0	
1	 11	 3	 6	control	192	3534	256	133680	0	
1	 11	 4	 1	sample44	1869	4697	2056	144228	0	
1	 11	 4	 2	sample44	1485	4569	1542	123360	0	
1	 11	 4	 3	sample44	1487	4571	1542	141864	0	
1	 11	 4	 4	sample44	681	4023	770	133680	0	
1	 11	 4	 5	sample44	411	3753	514	133680	0	
1	 11	 4	 6	control	902	4244	770	130338	0	
1	 12	 1	 1	sample45	1008	3064	1028	156256	0	
1	 12	 1	 2	sample45	866	2922	1028	94576	0	
1	 12	 1	 3	sample45	431	2487	258	82240	0	
1	 12	 1	 4	sample45	720	2776	772	71960	0	
1	 12	 1	 5	sample45	365	2679	256	76362	0	
1	 12	 1	 6	control	161	2731	0	102800	0	
1	 12	 2	 1	sample46	1001	2543	1028	70932	0	
1	 12	 2	 2	sample46	1174	2974	1028	37800	0	
1	 12	 2	 3	sample46	1034	2834	1028	75600	0	
1	 12	 2	 4	sample46	616	2416	514	81000	0	
1	 12	 2	 5	sample46	611	2667	514	82240	0	
1	 12	 2	 6	control	1246	3560	1284	46280	0	
1	 12	 3	 1	sample47	1104	2646	1028	104856	0	
1	 12	 3	 2	sample47	759	2559	514	82800	0	
1	 12	 3	 3	sample47	1229	3029	1028	41400	0	
1	 12	 3	 4	sample47	456	2256	256	72000	0	
1	 12	 3	 5	sample47	642	2442	514	72000	0	
1	 12	 3	 6	control	-96.79	2217	0	92560	0	
1	 12	 4	 1	sample48	1020	2562	1028	90978	0	
1	 12	 4	 2	sample48	1088	2888	1028	30600	0	
1	 12	 4	 3	sample48	1209	2751	1028	87894	0	
1	 12	 4	 4	sample48	385	2185	256	72000	0	
1	 12	 4	 5	sample48	379	2179	256	72000	0	
1	 12	 4	 6	control	726	2782	772	82240	0	
2	 1	 1	 1	sample49	1270	6154	1284	253968	0	
2	 1	 1	 2	sample49	417	5301	256	195360	0	
2	 1	 1	 3	sample49	-436.49	4190	0	185040	0	
2	 1	 1	 4	sample49	0.35	4626	258	185040	0	
2	 1	 1	 5	sample49	418	5044	772	185040	0	
2	 1	 1	 6	control	-42.43	4584	0	166536	0	
2	 1	 2	 1	sample50	1063	5947	1284	249084	0	
2	 1	 2	 2	sample50	1747	6373	1800	226674	0	
2	 1	 2	 3	sample50	1420	5790	1798	157320	0	
2	 1	 2	 4	sample50	1123	5493	1542	201020	0	
2	 1	 2	 5	sample50	485	4855	514	157320	0	
2	 1	 2	 6	control	1692	6062	1798	231610	0	
2	 1	 3	 1	sample51	1043	5669	1286	83268	0	
2	 1	 3	 2	sample51	-180.44	4190	0	174800	0	
2	 1	 3	 3	sample51	-166.39	3946	0	164480	0	
2	 1	 3	 4	sample51	148	4260	258	164480	0	
2	 1	 3	 5	sample51	-212.44	3644	-257.99	154240	0	
2	 1	 3	 6	control	-163.71	3948	0	148032	0	
2	 1	 4	 1	sample52	-694.39	3676	-771.99	174800	0	
2	 1	 4	 2	sample52	-879.74	3232	-1027.99	164480	0	
2	 1	 4	 3	sample52	205	4061	256	154240	0	
2	 1	 4	 4	sample52	135	3991	256	154240	0	
2	 1	 4	 5	sample52	180	4036	256	154240	0	
2	 1	 4	 6	control	913	4769	1028	173520	0	
2	 2	 1	 1	sample53	1841	4155	1798	97188	0	
2	 2	 1	 2	sample53	1230	3544	1284	97188	0	
2	 2	 1	 3	sample53	1139	3453	1284	101816	0	
2	 2	 1	 4	sample53	951	3265	770	85618	0	
2	 2	 1	 5	sample53	854	3168	770	92560	0	
2	 2	 1	 6	control	270	2840	258	102800	0	
2	 2	 2	 1	sample54	1258	3314	1028	76072	0	
2	 2	 2	 2	sample54	1250	3306	1028	88408	0	
2	 2	 2	 3	sample54	1279	3335	1286	82240	0	
2	 2	 2	 4	sample54	934	2990	1028	78128	0	
2	 2	 2	 5	sample54	926	2982	1028	82240	0	
2	 2	 2	 6	control	1934	4248	2056	39338	0	
2	 2	 3	 1	sample55	1862	3662	2056	124200	0	
2	 2	 3	 2	sample55	2351	4151	2312	72000	0	
2	 2	 3	 3	sample55	1102	2902	1028	81000	0	
2	 2	 3	 4	sample55	927	2727	770	73800	0	
2	 2	 3	 5	sample55	687	2487	770	72000	0	
2	 2	 3	 6	control	232	2288	258	82240	0	
2	 2	 4	 1	sample56	1506	3048	1286	118734	0	
2	 2	 4	 2	sample56	1191	2733	1286	58596	0	
2	 2	 4	 3	sample56	694	2236	514	61680	0	
2	 2	 4	 4	sample56	926	2468	772	46260	0	
2	 2	 4	 5	sample56	647	2447	514	48600	0	
2	 2	 4	 6	control	953	2753	770	68400	0	
2	 3	 1	 1	sample57	1645	4215	1542	115650	0	
2	 3	 1	 2	sample57	1435	3749	1542	189748	0	
2	 3	 1	 3	sample57	1484	3540	1542	108968	0	
2	 3	 1	 4	sample57	1163	2963	1028	95400	0	
2	 3	 1	 5	sample57	911	2711	770	75600	0	
2	 3	 1	 6	control	256	2056	256	72000	0	
2	 3	 2	 1	sample58	958	3528	1028	113080	0	
2	 3	 2	 2	sample58	1396	3452	1286	90464	0	
2	 3	 2	 3	sample58	1028	2828	1028	93600	0	
2	 3	 2	 4	sample58	1085	2885	1028	48600	0	
2	 3	 2	 5	sample58	881	2681	770	37800	0	
2	 3	 2	 6	control	1894	3694	2056	126000	0	
2	 3	 3	 1	sample59	2132	4446	2312	171236	0	
2	 3	 3	 2	sample59	2146	3946	2056	127800	0	
2	 3	 3	 3	sample59	976	2776	1028	90000	0	
2	 3	 3	 4	sample59	859	2659	770	115200	0	
2	 3	 3	 5	sample59	1070	2612	1028	66306	0	
2	 3	 3	 6	control	341	1883	258	61680	0	
2	 3	 4	 1	sample60	1235	3291	1028	94576	0	
2	 3	 4	 2	sample60	610	2410	514	72000	0	
2	 3	 4	 3	sample60	793	2335	772	55512	0	
2	 3	 4	 4	sample60	750	2292	772	37008	0	
2	 3	 4	 5	sample60	418	1960	258	61680	0	
2	 3	 4	 6	control	630	2172	514	44718	0	
2	 4	 1	 1	sample61	1069	2869	1028	90000	0	
2	 4	 1	 2	sample61	1012	2812	1028	88200	0	
2	 4	 1	 3	sample61	807	2607	770	88200	0	
2	 4	 1	 4	sample61	475	2275	514	84600	0	
2	 4	 1	 5	sample61	360	1902	258	61680	0	
2	 4	 1	 6	control	200	1742	258	61680	0	
2	 4	 2	 1	sample62	1076	2876	1028	75600	0	
2	 4	 2	 2	sample62	930	2730	1028	75600	0	
2	 4	 2	 3	sample62	1114	2656	1028	64764	0	
2	 4	 2	 4	sample62	742	2284	772	67848	0	
2	 4	 2	 5	sample62	527	2069	514	61680	0	
2	 4	 2	 6	control	1719	3005	1542	104166	0	
2	 4	 3	 1	sample63	1256	2798	1286	94062	0	
2	 4	 3	 2	sample63	1291	2833	1286	69390	0	
2	 4	 3	 3	sample63	930	2472	772	80184	0	
2	 4	 3	 4	sample63	566	2108	514	61680	0	
2	 4	 3	 5	sample63	590	2132	514	52428	0	
2	 4	 3	 6	control	205	1491	0	51440	0	
2	 4	 4	 1	sample64	1358	2900	1286	120276	0	
2	 4	 4	 2	sample64	931	2473	772	64764	0	
2	 4	 4	 3	sample64	714	2256	772	61680	0	
2	 4	 4	 4	sample64	434	1976	514	24672	0	
2	 4	 4	 5	sample64	475	1761	514	51440	0	
2	 4	 4	 6	control	783	2069	770	52726	0	
2	 5	 1	 1	sample65	1459	5313	1542	188846	0	
2	 5	 1	 2	sample65	1786	5384	1798	143920	0	
2	 5	 1	 3	sample65	1358	4956	1284	151116	0	
2	 5	 1	 4	sample65	1019	4617	1028	107940	0	
2	 5	 1	 5	sample65	450	4304	514	138744	0	
2	 5	 1	 6	control	32.6	3887	0	154160	0	
2	 5	 2	 1	sample66	829	4427	770	158312	0	
2	 5	 2	 2	sample66	1326	4924	1284	158312	0	
2	 5	 2	 3	sample66	944	4542	1028	143920	0	
2	 5	 2	 4	sample66	571	4169	770	143920	0	
2	 5	 2	 5	sample66	327	3925	514	143920	0	
2	 5	 2	 6	control	1816	5414	1798	107940	0	
2	 5	 3	 1	sample67	1856	5454	2056	226674	0	
2	 5	 3	 2	sample67	1403	5001	1542	187096	0	
2	 5	 3	 3	sample67	835	4433	770	143920	0	
2	 5	 3	 4	sample67	257	3855	256	143920	0	
2	 5	 3	 5	sample67	334	3932	256	143920	0	
2	 5	 3	 6	control	-32.69	3565	0	143920	0	
2	 5	 4	 1	sample68	2320	5918	2312	251860	0	
2	 5	 4	 2	sample68	1834	5432	1798	183498	0	
2	 5	 4	 3	sample68	1881	5479	1798	190694	0	
2	 5	 4	 4	sample68	404	4002	514	143920	0	
2	 5	 4	 5	sample68	546	4144	514	86352	0	
2	 5	 4	 6	control	379	3977	256	143920	0	
2	 6	 1	 1	sample69	1469	3525	1542	164480	0	
2	 6	 1	 2	sample69	1328	3384	1542	150088	0	
2	 6	 1	 3	sample69	1636	3692	1542	106912	0	
2	 6	 1	 4	sample69	1218	3274	1286	78128	0	
2	 6	 1	 5	sample69	1148	3204	1028	57568	0	
2	 6	 1	 6	control	123	2179	258	82240	0	
2	 6	 2	 1	sample70	1041	3097	1028	82240	0	
2	 6	 2	 2	sample70	1263	3063	1284	84600	0	
2	 6	 2	 3	sample70	1015	2815	1028	72000	0	
2	 6	 2	 4	sample70	649	2705	772	82240	0	
2	 6	 2	 5	sample70	1227	3027	1284	32400	0	
2	 6	 2	 6	control	1747	3547	1798	63000	0	
2	 6	 3	 1	sample71	1215	3271	1286	90464	0	
2	 6	 3	 2	sample71	1066	2866	1028	72000	0	
2	 6	 3	 3	sample71	905	2705	1028	72000	0	
2	 6	 3	 4	sample71	492	2292	514	86400	0	
2	 6	 3	 5	sample71	571	2371	514	72000	0	
2	 6	 3	 6	control	502	2044	258	61680	0	
2	 6	 4	 1	sample72	1566	3366	1542	153000	0	
2	 6	 4	 2	sample72	1017	2817	1028	86400	0	
2	 6	 4	 3	sample72	751	2551	770	72000	0	
2	 6	 4	 4	sample72	379	2179	256	72000	0	
2	 6	 4	 5	sample72	614	2414	514	41400	0	
2	 6	 4	 6	control	604	2146	514	61680	0	
2	 7	 1	 1	sample73	1448	4532	1284	160368	0	
2	 7	 1	 2	sample73	1245	4071	1028	127170	0	
2	 7	 1	 3	sample73	1236	3806	1028	123360	0	
2	 7	 1	 4	sample73	642	3212	514	102800	0	
2	 7	 1	 5	sample73	703	3273	770	97660	0	
2	 7	 1	 6	control	366	2936	256	102800	0	
2	 7	 2	 1	sample74	1111	3937	1028	132822	0	
2	 7	 2	 2	sample74	1375	4201	1286	113040	0	
2	 7	 2	 3	sample74	1476	4046	1284	120790	0	
2	 7	 2	 4	sample74	1066	3636	1028	120790	0	
2	 7	 2	 5	sample74	745	3315	770	102800	0	
2	 7	 2	 6	control	1597	4167	1542	177330	0	
2	 7	 3	 1	sample75	733	3559	514	113040	0	
2	 7	 3	 2	sample75	772	3598	514	59346	0	
2	 7	 3	 3	sample75	565	3135	514	102800	0	
2	 7	 3	 4	sample75	533	3103	514	102800	0	
2	 7	 3	 5	sample75	211	2781	256	102800	0	
2	 7	 3	 6	control	282	2852	256	102800	0	
2	 7	 4	 1	sample76	1899	4725	1800	175212	0	
2	 7	 4	 2	sample76	2012	4582	2056	105370	0	
2	 7	 4	 3	sample76	1491	4061	1284	131070	0	
2	 7	 4	 4	sample76	539	3109	514	51400	0	
2	 7	 4	 5	sample76	595	3165	514	97660	0	
2	 7	 4	 6	control	642	3212	514	102800	0	
2	 8	 1	 1	sample77	1969	6595	1800	231300	0	
2	 8	 1	 2	sample77	1721	6347	1542	420966	0	
2	 8	 1	 3	sample77	1339	5965	1286	198918	0	
2	 8	 1	 4	sample77	899	5269	770	209760	0	
2	 8	 1	 5	sample77	777	5147	770	179170	0	
2	 8	 1	 6	control	314	4684	256	174800	0	
2	 8	 2	 1	sample78	942	5826	1028	131868	0	
2	 8	 2	 2	sample78	1364	5990	1286	212796	0	
2	 8	 2	 3	sample78	957	5583	1028	333072	0	
2	 8	 2	 4	sample78	809	5435	772	222048	0	
2	 8	 2	 5	sample78	914	5284	770	148580	0	
2	 8	 2	 6	control	1455	5825	1284	297160	0	
2	 8	 3	 1	sample79	1408	6292	1284	366300	0	
2	 8	 3	 2	sample79	967	5851	1028	229548	0	
2	 8	 3	 3	sample79	930	5556	1028	240552	0	
2	 8	 3	 4	sample79	750	5376	772	217422	0	
2	 8	 3	 5	sample79	751	5377	772	235926	0	
2	 8	 3	 6	control	142	4768	0	185040	0	
2	 8	 4	 1	sample80	1416	6300	1284	200244	0	
2	 8	 4	 2	sample80	912	5796	1028	195360	0	
2	 8	 4	 3	sample80	679	5563	514	219780	0	
2	 8	 4	 4	sample80	395	5279	256	190476	0	
2	 8	 4	 5	sample80	671	5555	514	87912	0	
2	 8	 4	 6	control	818	5702	770	131868	0	
2	 9	 1	 1	sample81	1253	2539	1284	93878	0	
2	 9	 1	 2	sample81	1019	2305	1028	77160	0	
2	 9	 1	 3	sample81	1656	2942	1542	23148	0	
2	 9	 1	 4	sample81	598	2140	514	52428	0	
2	 9	 1	 5	sample81	418	1960	514	61680	0	
2	 9	 1	 6	control	309	1851	258	61680	0	
2	 9	 2	 1	sample82	771	2057	514	54012	0	
2	 9	 2	 2	sample82	983	2269	1028	51440	0	
2	 9	 2	 3	sample82	1134	2420	1028	59156	0	
2	 9	 2	 4	sample82	817	2103	770	64300	0	
2	 9	 2	 5	sample82	933	2219	1028	48868	0	
2	 9	 2	 6	control	1969	3255	1798	75874	0	
2	 9	 3	 1	sample83	1021	2563	1028	52428	0	
2	 9	 3	 2	sample83	1039	2325	1028	28292	0	
2	 9	 3	 3	sample83	533	1819	514	51440	0	
2	 9	 3	 4	sample83	650	2192	514	29298	0	
2	 9	 3	 5	sample83	623	2165	514	40092	0	
2	 9	 3	 6	control	398	1684	256	51440	0	
2	 9	 4	 1	sample84	1253	2795	1028	37008	0	
2	 9	 4	 2	sample84	752	2294	772	61680	0	
2	 9	 4	 3	sample84	617	2159	514	61680	0	
2	 9	 4	 4	sample84	566	2108	514	61680	0	
2	 9	 4	 5	sample84	405	1947	258	61680	0	
2	 9	 4	 6	control	630	2172	514	61680	0	
2	 10	 1	 1	sample85	1159	4243	1286	163452	0	
2	 10	 1	 2	sample85	771	4113	770	133680	0	
2	 10	 1	 3	sample85	565	3907	770	133680	0	
2	 10	 1	 4	sample85	328	3926	258	143920	0	
2	 10	 1	 5	sample85	83.9	3682	0	143920	0	
2	 10	 1	 6	control	-109.79	3746	0	154240	0	
2	 10	 2	 1	sample86	918	4002	772	135696	0	
2	 10	 2	 2	sample86	1174	4258	1286	114108	0	
2	 10	 2	 3	sample86	778	3862	1028	123360	0	
2	 10	 2	 4	sample86	346	3688	514	133680	0	
2	 10	 2	 5	sample86	147	3489	256	133680	0	
2	 10	 2	 6	control	1239	4837	1028	118734	0	
2	 10	 3	 1	sample87	803	3887	772	126444	0	
2	 10	 3	 2	sample87	360	3444	258	123360	0	
2	 10	 3	 3	sample87	335	3419	514	123360	0	
2	 10	 3	 4	sample87	-0.49	3342	0	133680	0	
2	 10	 3	 5	sample87	308	3650	514	133680	0	
2	 10	 3	 6	control	-352.94	3245	-255.99	143920	0	
2	 10	 4	 1	sample88	508	3850	514	160416	0	
2	 10	 4	 2	sample88	225	3309	258	123360	0	
2	 10	 4	 3	sample88	31.6	3374	256	133680	0	
2	 10	 4	 4	sample88	70.3	3412	256	133680	0	
2	 10	 4	 5	sample88	109	3451	0	133680	0	
2	 10	 4	 6	control	270	3868	258	143920	0	
2	 11	 1	 1	sample89	1357	3413	1286	199432	0	
2	 11	 1	 2	sample89	1805	3861	1800	100744	0	
2	 11	 1	 3	sample89	1411	3467	1542	92520	0	
2	 11	 1	 4	sample89	1035	3091	1028	82240	0	
2	 11	 1	 5	sample89	664	2978	770	106444	0	
2	 11	 1	 6	control	449	2763	514	92560	0	
2	 11	 2	 1	sample90	831	2631	770	84600	0	
2	 11	 2	 2	sample90	514	2570	514	82240	0	
2	 11	 2	 3	sample90	797	2853	772	82240	0	
2	 11	 2	 4	sample90	688	2744	514	76072	0	
2	 11	 2	 5	sample90	314	2628	256	92560	0	
2	 11	 2	 6	control	1294	3608	1284	194376	0	
2	 11	 3	 1	sample91	1407	3207	1284	82800	0	
2	 11	 3	 2	sample91	1110	2910	1284	95400	0	
2	 11	 3	 3	sample91	998	2798	1028	93600	0	
2	 11	 3	 4	sample91	701	2757	772	82240	0	
2	 11	 3	 5	sample91	508	2564	514	82240	0	
2	 11	 3	 6	control	199	2513	256	92560	0	
2	 11	 4	 1	sample92	617	2159	514	61680	0	
2	 11	 4	 2	sample92	1012	2554	1028	24672	0	
2	 11	 4	 3	sample92	520	2320	514	72000	0	
2	 11	 4	 4	sample92	630	2430	514	55800	0	
2	 11	 4	 5	sample92	123	2179	0	82240	0	
2	 11	 4	 6	control	1206	3262	772	139808	0	
2	 12	 1	 1	sample93	1543	3599	1542	74016	0	
2	 12	 1	 2	sample93	1162	3476	1028	92560	0	
2	 12	 1	 3	sample93	1103	3417	1028	78676	0	
2	 12	 1	 4	sample93	712	2768	772	53456	0	
2	 12	 1	 5	sample93	341	2397	258	82240	0	
2	 12	 1	 6	control	282	2596	256	92560	0	
2	 12	 2	 1	sample94	688	2744	514	82240	0	
2	 12	 2	 2	sample94	1065	3121	1028	57568	0	
2	 12	 2	 3	sample94	977	3033	772	82240	0	
2	 12	 2	 4	sample94	777	2577	770	70200	0	
2	 12	 2	 5	sample94	923	2723	770	48600	0	
2	 12	 2	 6	control	687	3001	514	92560	0	
2	 12	 3	 1	sample95	1230	3286	1028	76072	0	
2	 12	 3	 2	sample95	562	2618	514	100744	0	
2	 12	 3	 3	sample95	881	2937	772	82240	0	
2	 12	 3	 4	sample95	611	2153	514	61680	0	
2	 12	 3	 5	sample95	538	2338	514	55800	0	
2	 12	 3	 6	control	425	2481	258	82240	0	
2	 12	 4	 1	sample96	1661	3461	1798	73800	0	
2	 12	 4	 2	sample96	875	2675	770	75600	0	
2	 12	 4	 3	sample96	739	2281	772	61680	0	
2	 12	 4	 4	sample96	757	2043	770	24434	0	
2	 12	 4	 5	sample96	599	1885	514	30864	0	
2	 12	 4	 6	control	950	2750	770	72000	0	
3	 1	 1	 1	sample97	1967	5823	1798	312336	0	
3	 1	 1	 2	sample97	1884	5226	1798	300780	0	
3	 1	 1	 3	sample97	1606	4690	1542	175788	0	
3	 1	 1	 4	sample97	1113	3941	1028	212100	0	
3	 1	 1	 5	sample97	1127	3955	1028	50904	0	
3	 1	 1	 6	control	391	3219	256	113120	0	
3	 1	 2	 1	sample98	128	3984	256	154240	0	
3	 1	 2	 2	sample98	-630.19	2712	-771.99	133680	0	
3	 1	 2	 3	sample98	688	3516	514	141400	0	
3	 1	 2	 4	sample98	1351	4179	1284	206444	0	
3	 1	 2	 5	sample98	1284	4112	1284	144228	0	
3	 1	 2	 6	control	452	3280	514	118776	0	
3	 1	 3	 1	sample99	1787	5643	1798	254496	0	
3	 1	 3	 2	sample99	1695	5037	1798	173784	0	
3	 1	 3	 3	sample99	1476	4560	1542	225132	0	
3	 1	 3	 4	sample99	1151	3979	1284	135744	0	
3	 1	 3	 5	sample99	1121	3691	1028	100230	0	
3	 1	 3	 6	control	347	2917	258	102800	0	
3	 1	 4	 1	sample100	989	4845	1028	181232	0	
3	 1	 4	 2	sample100	648	4246	514	187096	0	
3	 1	 4	 3	sample100	405	3489	514	123360	0	
3	 1	 4	 4	sample100	340	3168	256	113120	0	
3	 1	 4	 5	sample100	639	3209	514	74530	0	
3	 1	 4	 6	control	830	3658	770	121604	0	
3	 2	 1	 1	sample101	1516	4344	1542	141400	0	
3	 2	 1	 2	sample101	1548	4632	1542	154200	0	
3	 2	 1	 3	sample101	1033	4117	1028	160368	0	
3	 2	 1	 4	sample101	676	3760	772	132612	0	
3	 2	 1	 5	sample101	816	3900	772	123360	0	
3	 2	 1	 6	control	327	3669	0	133680	0	
3	 2	 2	 1	sample102	858	3686	770	132916	0	
3	 2	 2	 2	sample102	1086	3914	1028	149884	0	
3	 2	 2	 3	sample102	353	3181	514	113120	0	
3	 2	 2	 4	sample102	599	3427	770	135744	0	
3	 2	 2	 5	sample102	707	3791	772	123360	0	
3	 2	 2	 6	control	1900	4984	1800	197376	0	
3	 2	 3	 1	sample103	2773	5601	3084	189476	0	
3	 2	 3	 2	sample103	2669	5497	2826	189476	0	
3	 2	 3	 3	sample103	1760	4588	1798	113120	0	
3	 2	 3	 4	sample103	1355	4183	1284	113120	0	
3	 2	 3	 5	sample103	1161	3989	1028	141400	0	
3	 2	 3	 6	control	379	3207	256	113120	0	
3	 2	 4	 1	sample104	1580	4408	1798	113120	0	
3	 2	 4	 2	sample104	1474	4302	1542	130088	0	
3	 2	 4	 3	sample104	783	3611	770	113120	0	
3	 2	 4	 4	sample104	219	3303	258	123360	0	
3	 2	 4	 5	sample104	945	3773	770	70700	0	
3	 2	 4	 6	control	1100	4184	1028	55512	0	
3	 3	 1	 1	sample105	1418	4246	1542	147056	0	
3	 3	 1	 2	sample105	1218	4046	1284	98980	0	
3	 3	 1	 3	sample105	1017	3587	1028	118220	0	
3	 3	 1	 4	sample105	630	3200	772	102800	0	
3	 3	 1	 5	sample105	501	3071	514	95090	0	
3	 3	 1	 6	control	303	2873	258	102800	0	
3	 3	 2	 1	sample106	1455	4025	1542	203030	0	
3	 3	 2	 2	sample106	985	3555	1028	272420	0	
3	 3	 2	 3	sample106	993	3563	1028	244150	0	
3	 3	 2	 4	sample106	718	3288	772	123360	0	
3	 3	 2	 5	sample106	612	3182	514	115650	0	
3	 3	 2	 6	control	1551	4121	1542	167050	0	
3	 3	 3	 1	sample107	939	3509	1028	110510	0	
3	 3	 3	 2	sample107	741	3311	772	128500	0	
3	 3	 3	 3	sample107	791	3105	770	113386	0	
3	 3	 3	 4	sample107	650	2964	770	78676	0	
3	 3	 3	 5	sample107	258	2828	258	102800	0	
3	 3	 3	 6	control	-320.79	2249	-255.99	102800	0	
3	 3	 4	 1	sample108	1849	4419	1800	226160	0	
3	 3	 4	 2	sample108	955	3525	772	125930	0	
3	 3	 4	 3	sample108	965	3279	1028	85618	0	
3	 3	 4	 4	sample108	174	2744	258	102800	0	
3	 3	 4	 5	sample108	918	3232	1028	48594	0	
3	 3	 4	 6	control	585	3155	514	74530	0	
3	 4	 1	 1	sample109	1417	4757	1286	156980	0	
3	 4	 1	 2	sample109	1954	5294	2056	267200	0	
3	 4	 1	 3	sample109	1273	4871	1284	158312	0	
3	 4	 1	 4	sample109	1285	4625	1028	90180	0	
3	 4	 1	 5	sample109	758	4098	772	126920	0	
3	 4	 1	 6	control	515	3855	258	133600	0	
3	 4	 2	 1	sample110	1384	4724	1286	156980	0	
3	 4	 2	 2	sample110	1449	4789	1286	173680	0	
3	 4	 2	 3	sample110	1450	4790	1542	167000	0	
3	 4	 2	 4	sample110	696	4036	772	170340	0	
3	 4	 2	 5	sample110	694	4034	514	133600	0	
3	 4	 2	 6	control	1458	4798	1542	213760	0	
3	 4	 3	 1	sample111	1228	4568	1286	133600	0	
3	 4	 3	 2	sample111	1420	4760	1542	133600	0	
3	 4	 3	 3	sample111	823	4163	772	133600	0	
3	 4	 3	 4	sample111	849	4189	772	133600	0	
3	 4	 3	 5	sample111	572	3912	514	163660	0	
3	 4	 3	 6	control	213	3553	258	133600	0	
3	 4	 4	 1	sample112	1054	4394	1028	133600	0	
3	 4	 4	 2	sample112	-44.44	3296	258	133600	0	
3	 4	 4	 3	sample112	714	4054	772	133600	0	
3	 4	 4	 4	sample112	328	3668	258	133600	0	
3	 4	 4	 5	sample112	-6.99	3591	0	143920	0	
3	 4	 4	 6	control	514	4112	514	118734	0	
3	 5	 1	 1	sample113	1076	4160	1028	129528	0	
3	 5	 1	 2	sample113	1697	4781	1798	148032	0	
3	 5	 1	 3	sample113	1153	4237	1028	144948	0	
3	 5	 1	 4	sample113	790	3874	770	123360	0	
3	 5	 1	 5	sample113	739	3823	514	123360	0	
3	 5	 1	 6	control	276	3360	256	123360	0	
3	 5	 2	 1	sample114	910	3994	1028	148032	0	
3	 5	 2	 2	sample114	1503	4587	1542	123360	0	
3	 5	 2	 3	sample114	935	4019	1028	111024	0	
3	 5	 2	 4	sample114	983	4067	770	89436	0	
3	 5	 2	 5	sample114	853	3937	770	77100	0	
3	 5	 2	 6	control	1553	4893	1542	83500	0	
3	 5	 3	 1	sample115	822	3906	770	123360	0	
3	 5	 3	 2	sample115	1342	4426	1284	138780	0	
3	 5	 3	 3	sample115	889	3973	1028	120276	0	
3	 5	 3	 4	sample115	231	3315	256	123360	0	
3	 5	 3	 5	sample115	372	3456	256	123360	0	
3	 5	 3	 6	control	109	3193	256	123360	0	
3	 5	 4	 1	sample116	571	3655	770	123360	0	
3	 5	 4	 2	sample116	207	3291	256	111024	0	
3	 5	 4	 3	sample116	328	3668	514	133600	0	
3	 5	 4	 4	sample116	6.9	3347	0	133600	0	
3	 5	 4	 5	sample116	84.1	3424	0	133600	0	
3	 5	 4	 6	control	295	3893	256	143920	0	
3	 6	 1	 1	sample117	1232	3544	1286	178024	0	
3	 6	 1	 2	sample117	1360	3672	1286	191896	0	
3	 6	 1	 3	sample117	1348	3660	1286	113288	0	
3	 6	 1	 4	sample117	926	3238	772	92480	0	
3	 6	 1	 5	sample117	797	3109	772	92480	0	
3	 6	 1	 6	control	566	2878	514	92480	0	
3	 6	 2	 1	sample118	831	3143	772	90168	0	
3	 6	 2	 2	sample118	1646	3958	1800	131784	0	
3	 6	 2	 3	sample118	1628	3940	1542	138720	0	
3	 6	 2	 4	sample118	1127	3697	1028	113080	0	
3	 6	 2	 5	sample118	1427	3997	1542	46260	0	
3	 6	 2	 6	control	1722	4034	1800	145656	0	
3	 6	 3	 1	sample119	1622	4192	1798	123360	0	
3	 6	 3	 2	sample119	1430	4000	1542	159340	0	
3	 6	 3	 3	sample119	1124	3694	1028	102800	0	
3	 6	 3	 4	sample119	836	3406	770	120790	0	
3	 6	 3	 5	sample119	823	3649	772	113040	0	
3	 6	 3	 6	control	643	3469	514	84780	0	
3	 6	 4	 1	sample120	1609	4435	1542	76302	0	
3	 6	 4	 2	sample120	1216	3786	1028	115650	0	
3	 6	 4	 3	sample120	1232	4058	1028	81954	0	
3	 6	 4	 4	sample120	701	3527	514	113040	0	
3	 6	 4	 5	sample120	1357	4183	1542	50868	0	
3	 6	 4	 6	control	903	3987	514	114108	0	
3	 7	 1	 1	sample121	1281	4621	1286	177020	0	
3	 7	 1	 2	sample121	1650	4734	1798	138780	0	
3	 7	 1	 3	sample121	1222	4306	1284	138780	0	
3	 7	 1	 4	sample121	758	3842	770	123360	0	
3	 7	 1	 5	sample121	701	3527	772	113040	0	
3	 7	 1	 6	control	180	3264	0	123360	0	
3	 7	 2	 1	sample122	1250	4590	1028	167000	0	
3	 7	 2	 2	sample122	1536	4620	1542	144948	0	
3	 7	 2	 3	sample122	1224	4308	1284	144948	0	
3	 7	 2	 4	sample122	1247	4331	1284	148032	0	
3	 7	 2	 5	sample122	720	3546	772	113040	0	
3	 7	 2	 6	control	1948	4774	2056	161082	0	
3	 7	 3	 1	sample123	1028	4626	1028	183498	0	
3	 7	 3	 2	sample123	1019	4359	1028	177020	0	
3	 7	 3	 3	sample123	578	3662	514	123360	0	
3	 7	 3	 4	sample123	611	3437	514	113040	0	
3	 7	 3	 5	sample123	778	3604	772	113040	0	
3	 7	 3	 6	control	457	3283	514	113040	0	
3	 7	 4	 1	sample124	3255	7109	3598	238948	0	
3	 7	 4	 2	sample124	2484	6082	2570	161910	0	
3	 7	 4	 3	sample124	2269	5609	2314	173680	0	
3	 7	 4	 4	sample124	527	3867	514	133600	0	
3	 7	 4	 5	sample124	372	3456	256	123360	0	
3	 7	 4	 6	control	982	4066	1028	123360	0	
3	 8	 1	 1	sample125	2203	3745	2056	78642	0	
3	 8	 1	 2	sample125	2191	3733	2314	126444	0	
3	 8	 1	 3	sample125	1562	3104	1542	81726	0	
3	 8	 1	 4	sample125	974	2516	1028	72474	0	
3	 8	 1	 5	sample125	782	2324	772	75558	0	
3	 8	 1	 6	control	245	1787	258	61680	0	
3	 8	 2	 1	sample126	1250	2792	1286	55512	0	
3	 8	 2	 2	sample126	1183	2725	1286	77100	0	
3	 8	 2	 3	sample126	1253	2795	1028	61680	0	
3	 8	 2	 4	sample126	864	2406	772	81726	0	
3	 8	 2	 5	sample126	797	2339	772	77100	0	
3	 8	 2	 6	control	2309	3595	2312	84876	0	
3	 8	 3	 1	sample127	1549	3091	1542	61680	0	
3	 8	 3	 2	sample127	1668	3210	1542	69390	0	
3	 8	 3	 3	sample127	1001	2543	1028	29298	0	
3	 8	 3	 4	sample127	688	2230	772	61680	0	
3	 8	 3	 5	sample127	909	2195	770	64300	0	
3	 8	 3	 6	control	6.85	1549	0	61680	0	
3	 8	 4	 1	sample128	1217	3017	1284	68400	0	
3	 8	 4	 2	sample128	855	2397	772	61680	0	
3	 8	 4	 3	sample128	489	2031	514	61680	0	
3	 8	 4	 4	sample128	502	2044	514	61680	0	
3	 8	 4	 5	sample128	498	2040	514	24672	0	
3	 8	 4	 6	control	1275	2817	1286	38550	0	
3	 9	 1	 1	sample129	1326	3896	1286	82240	0	
3	 9	 1	 2	sample129	1840	4410	1800	131070	0	
3	 9	 1	 3	sample129	1165	3735	1028	125930	0	
3	 9	 1	 4	sample129	752	3322	772	66820	0	
3	 9	 1	 5	sample129	290	2860	258	102800	0	
3	 9	 1	 6	control	187	2757	258	102800	0	
3	 9	 2	 1	sample130	1890	4460	1542	182470	0	
3	 9	 2	 2	sample130	2396	4966	2314	167050	0	
3	 9	 2	 3	sample130	2507	5077	2314	187610	0	
3	 9	 2	 4	sample130	1220	3790	1028	131070	0	
3	 9	 2	 5	sample130	1118	3946	1028	113120	0	
3	 9	 2	 6	control	1508	4336	1542	107464	0	
3	 9	 3	 1	sample131	1033	3603	772	133640	0	
3	 9	 3	 2	sample131	1157	3727	1286	133640	0	
3	 9	 3	 3	sample131	579	3149	514	102800	0	
3	 9	 3	 4	sample131	560	3130	514	102800	0	
3	 9	 3	 5	sample131	481	3309	770	113120	0	
3	 9	 3	 6	control	50.8	2879	256	113120	0	
3	 9	 4	 1	sample132	1084	3912	1028	141400	0	
3	 9	 4	 2	sample132	643	3213	772	102800	0	
3	 9	 4	 3	sample132	937	3765	1028	144228	0	
3	 9	 4	 4	sample132	224	3052	256	113120	0	
3	 9	 4	 5	sample132	231	3059	256	113120	0	
3	 9	 4	 6	control	238	3322	258	123360	0	
3	 10	 1	 1	sample133	2066	4378	1800	191896	0	
3	 10	 1	 2	sample133	2163	4733	2312	185040	0	
3	 10	 1	 3	sample133	1658	4228	1542	136210	0	
3	 10	 1	 4	sample133	1201	3771	1028	118220	0	
3	 10	 1	 5	sample133	716	3542	772	129996	0	
3	 10	 1	 6	control	545	3371	514	48042	0	
3	 10	 2	 1	sample134	1602	4172	1542	164480	0	
3	 10	 2	 2	sample134	1502	4072	1542	182470	0	
3	 10	 2	 3	sample134	841	3411	770	102800	0	
3	 10	 2	 4	sample134	1108	3934	1028	73476	0	
3	 10	 2	 5	sample134	878	3704	1028	129996	0	
3	 10	 2	 6	control	1789	4615	1800	132822	0	
3	 10	 3	 1	sample135	1001	3571	1028	123360	0	
3	 10	 3	 2	sample135	995	3565	1028	102800	0	
3	 10	 3	 3	sample135	347	3173	258	113040	0	
3	 10	 3	 4	sample135	722	3548	772	59346	0	
3	 10	 3	 5	sample135	315	3141	258	113040	0	
3	 10	 3	 6	control	597	3681	256	123360	0	
3	 10	 4	 1	sample136	1083	3909	1028	146952	0	
3	 10	 4	 2	sample136	783	3867	770	123360	0	
3	 10	 4	 3	sample136	755	3839	770	151116	0	
3	 10	 4	 4	sample136	205	3289	256	123360	0	
3	 10	 4	 5	sample136	167	3251	256	123360	0	
3	 10	 4	 6	control	700	3784	514	123360	0	
3	 11	 1	 1	sample137	1639	3951	1800	178024	0	
3	 11	 1	 2	sample137	1429	3741	1542	203456	0	
3	 11	 1	 3	sample137	1549	3861	1286	90168	0	
3	 11	 1	 4	sample137	1095	3665	1028	59110	0	
3	 11	 1	 5	sample137	405	3231	258	113040	0	
3	 11	 1	 6	control	309	3135	258	113040	0	
3	 11	 2	 1	sample138	1059	3371	772	97104	0	
3	 11	 2	 2	sample138	1352	3664	1286	187272	0	
3	 11	 2	 3	sample138	1166	3736	1284	200460	0	
3	 11	 2	 4	sample138	617	3443	514	113040	0	
3	 11	 2	 5	sample138	720	3546	514	113040	0	
3	 11	 2	 6	control	1477	4561	1284	209712	0	
3	 11	 3	 1	sample139	1356	3926	1542	120790	0	
3	 11	 3	 2	sample139	914	3484	1028	110510	0	
3	 11	 3	 3	sample139	1237	4063	1286	135648	0	
3	 11	 3	 4	sample139	1038	3864	1028	73476	0	
3	 11	 3	 5	sample139	653	3737	770	107940	0	
3	 11	 3	 6	control	225	3565	258	133600	0	
3	 11	 4	 1	sample140	887	3713	772	231732	0	
3	 11	 4	 2	sample140	818	3644	772	124344	0	
3	 11	 4	 3	sample140	975	3801	1028	135648	0	
3	 11	 4	 4	sample140	838	3922	770	58596	0	
3	 11	 4	 5	sample140	264	3604	258	133600	0	
3	 11	 4	 6	control	1194	4792	1028	133126	0	
3	 12	 1	 1	sample141	1833	4403	1800	215880	0	
3	 12	 1	 2	sample141	1845	4159	1798	180492	0	
3	 12	 1	 3	sample141	1382	3952	1286	102800	0	
3	 12	 1	 4	sample141	732	3302	772	118220	0	
3	 12	 1	 5	sample141	951	3521	1028	128500	0	
3	 12	 1	 6	control	597	3425	514	113120	0	
3	 12	 2	 1	sample142	1092	3920	1028	135744	0	
3	 12	 2	 2	sample142	1325	4153	1284	107464	0	
3	 12	 2	 3	sample142	1377	4205	1284	132916	0	
3	 12	 2	 4	sample142	1092	3920	1028	135744	0	
3	 12	 2	 5	sample142	729	3813	772	148032	0	
3	 12	 2	 6	control	1953	5295	2056	66840	0	
3	 12	 3	 1	sample143	1530	4358	1284	121604	0	
3	 12	 3	 2	sample143	1406	4490	1542	144948	0	
3	 12	 3	 3	sample143	988	4330	1028	153732	0	
3	 12	 3	 4	sample143	732	4074	770	153732	0	
3	 12	 3	 5	sample143	610	3952	770	133680	0	
3	 12	 3	 6	control	168	3766	258	143920	0	
3	 12	 4	 1	sample144	1760	4844	1800	160368	0	
3	 12	 4	 2	sample144	1478	4562	1542	148032	0	
3	 12	 4	 3	sample144	-237.29	2847	-255.99	123360	0	
3	 12	 4	 4	sample144	723	4065	770	143706	0	
3	 12	 4	 5	sample144	642	3984	514	133680	0	
3	 12	 4	 6	control	1542	5398	1542	111824	0	
4	 1	 1	 1	sample145	856	7282	770	115668	0	
4	 1	 1	 2	sample145	1666	7578	1542	206920	0	
4	 1	 1	 3	sample145	996	6650	1028	226160	0	
4	 1	 1	 4	sample145	969	6367	1028	188930	0	
4	 1	 1	 5	sample145	861	6001	772	118220	0	
4	 1	 1	 6	control	174	5314	0	205600	0	
4	 1	 2	 1	sample146	364	6532	514	222048	0	
4	 1	 2	 2	sample146	-578.74	5333	-513.99	236480	0	
4	 1	 2	 3	sample146	-572.29	4826	-513.99	215920	0	
4	 1	 2	 4	sample146	411	5809	514	215920	0	
4	 1	 2	 5	sample146	574	5972	514	91766	0	
4	 1	 2	 6	control	2335	7475	2570	61680	0	
4	 1	 3	 1	sample147	1409	7577	1286	141864	0	
4	 1	 3	 2	sample147	1186	7098	1028	230568	0	
4	 1	 3	 3	sample147	942	6340	770	210522	0	
4	 1	 3	 4	sample147	961	6101	1028	97660	0	
4	 1	 3	 5	sample147	751	5635	770	195360	0	
4	 1	 3	 6	control	212	5096	0	195360	0	
4	 1	 4	 1	sample148	-2884.34	2256	-3339.99	205600	0	
4	 1	 4	 2	sample148	-484.99	4655	-255.99	185040	0	
4	 1	 4	 3	sample148	-1691.43	2935	-1797.99	166536	0	
4	 1	 4	 4	sample148	-541.82	4084	-255.99	166536	0	
4	 1	 4	 5	sample148	258	4884	258	166536	0	
4	 1	 4	 6	control	1014	5898	1028	190476	0	
4	 2	 1	 1	sample149	1053	2595	1028	97146	0	
4	 2	 1	 2	sample149	1171	2457	1028	90020	0	
4	 2	 1	 3	sample149	1022	2308	1028	59156	0	
4	 2	 1	 4	sample149	931	2217	1028	51440	0	
4	 2	 1	 5	sample149	489	2031	514	61680	0	
4	 2	 1	 6	control	193	1735	258	61680	0	
4	 2	 2	 1	sample150	1732	3018	1798	90020	0	
4	 2	 2	 2	sample150	1726	3012	1798	86162	0	
4	 2	 2	 3	sample150	1265	2807	1286	78642	0	
4	 2	 2	 4	sample150	1028	2570	1028	67848	0	
4	 2	 2	 5	sample150	874	2416	772	61680	0	
4	 2	 2	 6	control	1621	3421	1798	104400	0	
4	 2	 3	 1	sample151	1144	2430	1028	42438	0	
4	 2	 3	 2	sample151	812	2354	772	49344	0	
4	 2	 3	 3	sample151	554	2096	514	40092	0	
4	 2	 3	 4	sample151	322	1864	258	61680	0	
4	 2	 3	 5	sample151	373	1915	258	61680	0	
4	 2	 3	 6	control	379	2179	256	72000	0	
4	 2	 4	 1	sample152	1295	2581	1284	64300	0	
4	 2	 4	 2	sample152	1135	2421	1028	55298	0	
4	 2	 4	 3	sample152	856	2142	770	57870	0	
4	 2	 4	 4	sample152	475	1761	514	51440	0	
4	 2	 4	 5	sample152	392	1678	514	51440	0	
4	 2	 4	 6	control	945	2487	772	61680	0	
4	 3	 1	 1	sample153	1685	2971	1542	55298	0	
4	 3	 1	 2	sample153	1832	3118	1798	90020	0	
4	 3	 1	 3	sample153	1909	3195	1798	27006	0	
4	 3	 1	 4	sample153	1124	2410	1284	61728	0	
4	 3	 1	 5	sample153	636	1922	514	51440	0	
4	 3	 1	 6	control	263	1549	0	51440	0	
4	 3	 2	 1	sample154	932	2474	772	61680	0	
4	 3	 2	 2	sample154	1241	2783	1286	61680	0	
4	 3	 2	 3	sample154	1067	2609	1028	61680	0	
4	 3	 2	 4	sample154	798	2340	772	60138	0	
4	 3	 2	 5	sample154	661	2203	772	53970	0	
4	 3	 2	 6	control	1778	3320	1800	55512	0	
4	 3	 3	 1	sample155	1021	2821	1028	72000	0	
4	 3	 3	 2	sample155	1227	3027	1028	72000	0	
4	 3	 3	 3	sample155	751	2551	770	72000	0	
4	 3	 3	 4	sample155	636	2436	770	72000	0	
4	 3	 3	 5	sample155	578	2378	514	72000	0	
4	 3	 3	 6	control	502	2044	514	61680	0	
4	 3	 4	 1	sample156	2069	3355	2056	97736	0	
4	 3	 4	 2	sample156	1574	3374	1542	72000	0	
4	 3	 4	 3	sample156	2200	4000	2312	115200	0	
4	 3	 4	 4	sample156	1471	3271	1542	72000	0	
4	 3	 4	 5	sample156	655	2455	770	72000	0	
4	 3	 4	 6	control	1425	2967	1286	37008	0	
4	 4	 1	 1	sample157	1240	4068	1284	130088	0	
4	 4	 1	 2	sample157	1380	4208	1284	144228	0	
4	 4	 1	 3	sample157	781	3609	770	132916	0	
4	 4	 1	 4	sample157	771	3599	770	107464	0	
4	 4	 1	 5	sample157	597	3425	514	113120	0	
4	 4	 1	 6	control	186	3014	0	113120	0	
4	 4	 2	 1	sample158	891	3975	772	138780	0	
4	 4	 2	 2	sample158	892	3976	1028	151116	0	
4	 4	 2	 3	sample158	636	3720	514	117192	0	
4	 4	 2	 4	sample158	483	3567	258	123360	0	
4	 4	 2	 5	sample158	225	3309	258	123360	0	
4	 4	 2	 6	control	2091	5175	2056	92520	0	
4	 4	 3	 1	sample159	2790	6132	2826	210546	0	
4	 4	 3	 2	sample159	1771	5113	1542	247308	0	
4	 4	 3	 3	sample159	1770	5112	1798	153732	0	
4	 4	 3	 4	sample159	863	4205	770	167100	0	
4	 4	 3	 5	sample159	1201	4285	1286	160368	0	
4	 4	 3	 6	control	-19.74	3322	0	133680	0	
4	 4	 4	 1	sample160	1410	4752	1542	274044	0	
4	 4	 4	 2	sample160	1255	4339	1286	154200	0	
4	 4	 4	 3	sample160	411	3753	514	133680	0	
4	 4	 4	 4	sample160	437	3779	514	133680	0	
4	 4	 4	 5	sample160	192	3534	256	133680	0	
4	 4	 4	 6	control	1882	4966	1800	86352	0	
4	 5	 1	 1	sample161	1480	3280	1542	142200	0	
4	 5	 1	 2	sample161	1818	3618	1798	93600	0	
4	 5	 1	 3	sample161	1374	3174	1284	88200	0	
4	 5	 1	 4	sample161	920	2976	772	92520	0	
4	 5	 1	 5	sample161	575	2631	514	69904	0	
4	 5	 1	 6	control	193	2249	258	82240	0	
4	 5	 2	 1	sample162	2681	4737	2570	129528	0	
4	 5	 2	 2	sample162	2350	4406	2314	131584	0	
4	 5	 2	 3	sample162	2425	4481	2570	90464	0	
4	 5	 2	 4	sample162	1526	3582	1800	94576	0	
4	 5	 2	 5	sample162	970	3026	1028	90464	0	
4	 5	 2	 6	control	1668	3724	1542	80184	0	
4	 5	 3	 1	sample163	1447	3761	1284	113386	0	
4	 5	 3	 2	sample163	1060	3630	1028	125930	0	
4	 5	 3	 3	sample163	775	3089	770	120328	0	
4	 5	 3	 4	sample163	859	3173	1028	60164	0	
4	 5	 3	 5	sample163	729	3043	514	115700	0	
4	 5	 3	 6	control	-84.04	2230	-257.99	92560	0	
4	 5	 4	 1	sample164	2190	4504	2570	97188	0	
4	 5	 4	 2	sample164	1970	4284	2056	90246	0	
4	 5	 4	 3	sample164	2036	4350	2312	90246	0	
4	 5	 4	 4	sample164	815	3129	770	92560	0	
4	 5	 4	 5	sample164	340	2654	514	92560	0	
4	 5	 4	 6	control	1448	3762	1284	50908	0	
4	 6	 1	 1	sample165	1172	3484	1286	194208	0	
4	 6	 1	 2	sample165	1581	4151	1542	133640	0	
4	 6	 1	 3	sample165	1039	3609	1028	179900	0	
4	 6	 1	 4	sample165	1069	3639	1028	110510	0	
4	 6	 1	 5	sample165	825	3651	772	81954	0	
4	 6	 1	 6	control	161	2987	0	113040	0	
4	 6	 2	 1	sample166	1193	3763	1284	123360	0	
4	 6	 2	 2	sample166	1209	3779	1284	174760	0	
4	 6	 2	 3	sample166	1381	3951	1542	123360	0	
4	 6	 2	 4	sample166	959	3529	1028	115650	0	
4	 6	 2	 5	sample166	936	3762	772	101736	0	
4	 6	 2	 6	control	1264	4090	1286	166734	0	
4	 6	 3	 1	sample167	1200	3770	1028	218450	0	
4	 6	 3	 2	sample167	1329	3899	1284	102800	0	
4	 6	 3	 3	sample167	1210	3780	1028	115650	0	
4	 6	 3	 4	sample167	764	3590	772	98910	0	
4	 6	 3	 5	sample167	482	3308	514	113040	0	
4	 6	 3	 6	control	367	3193	514	113040	0	
4	 6	 4	 1	sample168	1377	3947	1284	185040	0	
4	 6	 4	 2	sample168	1022	3592	1028	115650	0	
4	 6	 4	 3	sample168	959	3271	1028	120224	0	
4	 6	 4	 4	sample168	836	3148	772	92480	0	
4	 6	 4	 5	sample168	579	2891	514	92480	0	
4	 6	 4	 6	control	1391	3703	1286	101728	0	
4	 7	 1	 1	sample169	1129	3955	1028	115866	0	
4	 7	 1	 2	sample169	1873	4699	1800	138474	0	
4	 7	 1	 3	sample169	1303	4129	1286	124344	0	
4	 7	 1	 4	sample169	1003	3829	772	144126	0	
4	 7	 1	 5	sample169	615	3441	514	115866	0	
4	 7	 1	 6	control	347	3173	258	113040	0	
4	 7	 2	 1	sample170	1224	4050	1286	200646	0	
4	 7	 2	 2	sample170	1700	4526	1542	197820	0	
4	 7	 2	 3	sample170	1416	4242	1286	245862	0	
4	 7	 2	 4	sample170	918	3744	772	124344	0	
4	 7	 2	 5	sample170	873	3443	770	102800	0	
4	 7	 2	 6	control	1183	4009	1286	169560	0	
4	 7	 3	 1	sample171	1274	4100	1028	127170	0	
4	 7	 3	 2	sample171	1608	4434	1542	144126	0	
4	 7	 3	 3	sample171	1086	3912	1028	138474	0	
4	 7	 3	 4	sample171	598	3424	514	113040	0	
4	 7	 3	 5	sample171	643	3469	514	101736	0	
4	 7	 3	 6	control	200	3026	0	113040	0	
4	 7	 4	 1	sample172	871	3697	772	124344	0	
4	 7	 4	 2	sample172	1086	3656	1028	113080	0	
4	 7	 4	 3	sample172	1119	3945	1028	48042	0	
4	 7	 4	 4	sample172	625	3451	514	79128	0	
4	 7	 4	 5	sample172	444	3270	258	113040	0	
4	 7	 4	 6	control	373	3199	514	113040	0	
4	 8	 1	 1	sample173	2971	5797	3342	197820	0	
4	 8	 1	 2	sample173	2672	5242	2826	174760	0	
4	 8	 1	 3	sample173	2628	5198	3084	159340	0	
4	 8	 1	 4	sample173	1948	4518	2056	172190	0	
4	 8	 1	 5	sample173	1367	3937	1284	128500	0	
4	 8	 1	 6	control	122	2692	0	102800	0	
4	 8	 2	 1	sample174	1157	3983	1286	129996	0	
4	 8	 2	 2	sample174	2290	4860	2312	118220	0	
4	 8	 2	 3	sample174	1541	4111	1542	102800	0	
4	 8	 2	 4	sample174	1427	3997	1284	115650	0	
4	 8	 2	 5	sample174	825	3395	770	120790	0	
4	 8	 2	 6	control	2578	5148	2570	74530	0	
4	 8	 3	 1	sample175	1322	3892	1284	123360	0	
4	 8	 3	 2	sample175	942	3512	770	100230	0	
4	 8	 3	 3	sample175	796	3622	772	87606	0	
4	 8	 3	 4	sample175	624	3450	514	113040	0	
4	 8	 3	 5	sample175	626	3452	514	110214	0	
4	 8	 3	 6	control	39.1	2865	0	113040	0	
4	 8	 4	 1	sample176	2251	4821	2570	107940	0	
4	 8	 4	 2	sample176	1471	4297	1286	101736	0	
4	 8	 4	 3	sample176	1252	3822	1284	102800	0	
4	 8	 4	 4	sample176	1021	3591	1028	102800	0	
4	 8	 4	 5	sample176	559	3129	514	102800	0	
4	 8	 4	 6	control	1565	4135	1284	56540	0	
4	 9	 1	 1	sample177	1687	3487	1798	79200	0	
4	 9	 1	 2	sample177	1394	3450	1286	106912	0	
4	 9	 1	 3	sample177	1344	3400	1286	71960	0	
4	 9	 1	 4	sample177	906	2962	772	82240	0	
4	 9	 1	 5	sample177	697	2753	772	78128	0	
4	 9	 1	 6	control	219	2275	258	82240	0	
4	 9	 2	 1	sample178	809	2609	770	72000	0	
4	 9	 2	 2	sample178	1297	3097	1284	72000	0	
4	 9	 2	 3	sample178	1164	2964	1028	84600	0	
4	 9	 2	 4	sample178	721	2521	770	84600	0	
4	 9	 2	 5	sample178	674	2474	514	72000	0	
4	 9	 2	 6	control	1757	3557	1798	77400	0	
4	 9	 3	 1	sample179	816	2872	772	82240	0	
4	 9	 3	 2	sample179	1588	3388	1542	109800	0	
4	 9	 3	 3	sample179	933	2733	1028	34200	0	
4	 9	 3	 4	sample179	631	2431	514	86400	0	
4	 9	 3	 5	sample179	777	2577	770	72000	0	
4	 9	 3	 6	control	-96.89	1703	-257.99	72000	0	
4	 9	 4	 1	sample180	2339	3881	2056	107940	0	
4	 9	 4	 2	sample180	1919	3461	1800	112566	0	
4	 9	 4	 3	sample180	1318	2860	1286	135696	0	
4	 9	 4	 4	sample180	681	1967	514	51440	0	
4	 9	 4	 5	sample180	603	1889	514	51440	0	
4	 9	 4	 6	control	1454	2740	1284	48868	0	
4	 10	 1	 1	sample181	1748	3804	1542	51400	0	
4	 10	 1	 2	sample181	1952	4008	1800	86352	0	
4	 10	 1	 3	sample181	1190	3246	1028	121304	0	
4	 10	 1	 4	sample181	1045	3101	1028	94576	0	
4	 10	 1	 5	sample181	675	2989	514	99502	0	
4	 10	 1	 6	control	663	2977	514	71734	0	
4	 10	 2	 1	sample182	1722	3522	1798	102600	0	
4	 10	 2	 2	sample182	1963	3763	2056	115200	0	
4	 10	 2	 3	sample182	1914	3714	1798	72000	0	
4	 10	 2	 4	sample182	1336	3392	1286	84296	0	
4	 10	 2	 5	sample182	873	2929	772	98688	0	
4	 10	 2	 6	control	1601	3915	1542	138840	0	
4	 10	 3	 1	sample183	1151	2951	1028	97200	0	
4	 10	 3	 2	sample183	860	2660	770	72000	0	
4	 10	 3	 3	sample183	1055	2855	1028	84600	0	
4	 10	 3	 4	sample183	602	2658	514	96632	0	
4	 10	 3	 5	sample183	540	2596	514	82240	0	
4	 10	 3	 6	control	95.8	2410	0	92560	0	
4	 10	 4	 1	sample184	759	2301	772	61680	0	
4	 10	 4	 2	sample184	967	2509	772	32382	0	
4	 10	 4	 3	sample184	688	2230	772	61680	0	
4	 10	 4	 4	sample184	690	2232	772	63222	0	
4	 10	 4	 5	sample184	321	2121	256	72000	0	
4	 10	 4	 6	control	1099	3155	772	82240	0	
4	 11	 1	 1	sample185	1628	4712	1800	138780	0	
4	 11	 1	 2	sample185	1826	4910	1800	151116	0	
4	 11	 1	 3	sample185	1418	4760	1284	160416	0	
4	 11	 1	 4	sample185	1080	4422	1028	147048	0	
4	 11	 1	 5	sample185	547	4145	514	143920	0	
4	 11	 1	 6	control	579	4177	258	143920	0	
4	 11	 2	 1	sample186	1847	4675	1798	135744	0	
4	 11	 2	 2	sample186	2242	5326	2314	132612	0	
4	 11	 2	 3	sample186	1839	5181	1798	150390	0	
4	 11	 2	 4	sample186	1346	4688	1284	140364	0	
4	 11	 2	 5	sample186	971	4313	1028	137022	0	
4	 11	 2	 6	control	2247	5845	2314	111538	0	
4	 11	 3	 1	sample187	3364	6448	3856	178872	0	
4	 11	 3	 2	sample187	2207	5549	2570	210546	0	
4	 11	 3	 3	sample187	2623	5965	2570	143706	0	
4	 11	 3	 4	sample187	1662	5260	1542	154714	0	
4	 11	 3	 5	sample187	1498	5096	1800	143920	0	
4	 11	 3	 6	control	174	3772	0	143920	0	
4	 11	 4	 1	sample188	1536	4620	1286	126444	0	
4	 11	 4	 2	sample188	1055	4397	1028	157074	0	
4	 11	 4	 3	sample188	1061	4403	1028	153732	0	
4	 11	 4	 4	sample188	604	4202	514	143920	0	
4	 11	 4	 5	sample188	521	4119	514	143920	0	
4	 11	 4	 6	control	1384	5240	1028	119536	0	
4	 12	 1	 1	sample189	1062	6202	770	154200	0	
4	 12	 1	 2	sample189	850	6246	772	264404	0	
4	 12	 1	 3	sample189	682	6078	772	215840	0	
4	 12	 1	 4	sample189	481	6135	514	226160	0	
4	 12	 1	 5	sample189	335	6245	258	236400	0	
4	 12	 1	 6	control	45.7	6470	0	256960	0	
4	 12	 2	 1	sample190	1606	6746	1542	226160	0	
4	 12	 2	 2	sample190	687	5827	770	205600	0	
4	 12	 2	 3	sample190	1021	6417	1028	199652	0	
4	 12	 2	 4	sample190	256	5910	256	226160	0	
4	 12	 2	 5	sample190	263	6431	256	246720	0	
4	 12	 2	 6	control	425	6849	514	256960	0	
4	 12	 3	 1	sample191	-1124.94	3501	-1285.99	185040	0	
4	 12	 3	 2	sample191	-1162.49	3720	-1027.99	195280	0	
4	 12	 3	 3	sample191	-2043.59	3096	-2055.99	205600	0	
4	 12	 3	 4	sample191	122	5776	256	226160	0	
4	 12	 3	 5	sample191	-2332.74	3321	-2827.99	226160	0	
4	 12	 3	 6	control	-1355.19	5069	-1283.99	256960	0	
4	 12	 4	 1	sample192	1804	6944	1798	267280	0	
4	 12	 4	 2	sample192	1011	6151	1028	246720	0	
4	 12	 4	 3	sample192	720	6116	772	215840	0	
4	 12	 4	 4	sample192	231	5885	256	226160	0	
4	 12	 4	 5	sample192	-288.59	5621	-255.99	236400	0	
4	 12	 4	 6	control	-2434.44	3476	-3083.99	236400	0	
