MicroVigene	 Version	 2650
Culture	en-US
8/16/2006 6:05:32 PM
Roi Row	 4	 Roi Col	 12	 Main Row	 4	 Main Col	 6	 Sub Row	 1	 Sub Col	 1
Main Row	 Main Col	 Sub Row	 Sub Col	  GeneID	mean_net	 mean_total	 median_net	 vol_bkg	 vol_dust	 
1	 1	 1	 1	sample1	508	3334	514	113040	0	
1	 1	 1	 2	sample1	128	2698	0	102800	0	
1	 1	 1	 3	sample1	76.6	2647	0	102800	0	
1	 1	 1	 4	sample1	604	3174	514	95090	0	
1	 1	 1	 5	sample1	302	2872	256	102800	0	
1	 1	 1	 6	control	444	2756	514	92480	0	
1	 1	 2	 1	sample2	303	2615	258	92480	0	
1	 1	 2	 2	sample2	733	2789	514	98688	0	
1	 1	 2	 3	sample2	398	2454	514	82240	0	
1	 1	 2	 4	sample2	425	2223	258	71920	0	
1	 1	 2	 5	sample2	264	2062	258	71920	0	
1	 1	 2	 6	control	914	2712	1028	64728	0	
1	 1	 3	 1	sample3	781	2579	772	93496	0	
1	 1	 3	 2	sample3	712	2254	770	67848	0	
1	 1	 3	 3	sample3	549	2091	514	66306	0	
1	 1	 3	 4	sample3	218	1760	256	61680	0	
1	 1	 3	 5	sample3	508	1792	514	51360	0	
1	 1	 3	 6	control	245	1529	258	51360	0	
1	 1	 4	 1	sample4	583	2125	514	74016	0	
1	 1	 4	 2	sample4	547	1831	514	60348	0	
1	 1	 4	 3	sample4	453	1737	514	59064	0	
1	 1	 4	 4	sample4	393	1677	514	24396	0	
1	 1	 4	 5	sample4	-83.04	1201	0	51360	0	
1	 1	 4	 6	control	575	1603	514	25700	0	
1	 2	 1	 1	sample5	951	3263	1028	76296	0	
1	 2	 1	 2	sample5	697	3009	772	104040	0	
1	 2	 1	 3	sample5	471	2783	514	94792	0	
1	 2	 1	 4	sample5	552	2608	514	82240	0	
1	 2	 1	 5	sample5	748	2804	770	47288	0	
1	 2	 1	 6	control	295	2351	256	82240	0	
1	 2	 2	 1	sample6	801	2599	772	62930	0	
1	 2	 2	 2	sample6	733	2531	772	35960	0	
1	 2	 2	 3	sample6	321	1863	256	61680	0	
1	 2	 2	 4	sample6	301	1843	256	61680	0	
1	 2	 2	 5	sample6	442	1984	514	55512	0	
1	 2	 2	 6	control	694	2236	770	61680	0	
1	 2	 3	 1	sample7	717	2001	514	42372	0	
1	 2	 3	 2	sample7	651	1935	772	43656	0	
1	 2	 3	 3	sample7	392	1676	514	51360	0	
1	 2	 3	 4	sample7	322	1606	258	51360	0	
1	 2	 3	 5	sample7	270	1554	258	51360	0	
1	 2	 3	 6	control	225	1509	258	51360	0	
1	 2	 4	 1	sample8	404	1432	256	41120	0	
1	 2	 4	 2	sample8	468	1496	256	41120	0	
1	 2	 4	 3	sample8	301	1329	256	41120	0	
1	 2	 4	 4	sample8	586	1614	514	32896	0	
1	 2	 4	 5	sample8	476	1760	514	25680	0	
1	 2	 4	 6	control	494	1522	514	41120	0	
1	 3	 1	 1	sample9	616	3186	772	97660	0	
1	 3	 1	 2	sample9	696	3266	772	113080	0	
1	 3	 1	 3	sample9	677	3247	772	118220	0	
1	 3	 1	 4	sample9	553	3123	514	102800	0	
1	 3	 1	 5	sample9	582	3152	514	48830	0	
1	 3	 1	 6	control	373	2943	258	102800	0	
1	 3	 2	 1	sample10	180	2236	258	82240	0	
1	 3	 2	 2	sample10	594	2650	514	59624	0	
1	 3	 2	 3	sample10	700	2500	770	72000	0	
1	 3	 2	 4	sample10	307	2363	258	53456	0	
1	 3	 2	 5	sample10	436	2236	514	72000	0	
1	 3	 2	 6	control	666	2722	772	45232	0	
1	 3	 3	 1	sample11	649	2191	514	61680	0	
1	 3	 3	 2	sample11	597	2139	514	47802	0	
1	 3	 3	 3	sample11	591	2133	514	30840	0	
1	 3	 3	 4	sample11	494	2036	514	57054	0	
1	 3	 3	 5	sample11	270	1812	258	61680	0	
1	 3	 3	 6	control	335	1877	258	61680	0	
1	 3	 4	 1	sample12	426	1968	258	53970	0	
1	 3	 4	 2	sample12	481	1767	514	51440	0	
1	 3	 4	 3	sample12	454	1740	514	38580	0	
1	 3	 4	 4	sample12	347	1633	256	51440	0	
1	 3	 4	 5	sample12	424	1710	256	51440	0	
1	 3	 4	 6	control	294	1836	258	53970	0	
1	 4	 1	 1	sample13	684	3254	772	120790	0	
1	 4	 1	 2	sample13	904	3732	770	70700	0	
1	 4	 1	 3	sample13	888	3458	772	79670	0	
1	 4	 1	 4	sample13	656	3226	514	102800	0	
1	 4	 1	 5	sample13	592	3162	514	102800	0	
1	 4	 1	 6	control	412	2982	258	102800	0	
1	 4	 2	 1	sample14	614	2414	514	82800	0	
1	 4	 2	 2	sample14	531	2587	514	63736	0	
1	 4	 2	 3	sample14	219	2275	258	82240	0	
1	 4	 2	 4	sample14	468	2524	514	45232	0	
1	 4	 2	 5	sample14	193	2249	258	82240	0	
1	 4	 2	 6	control	726	2782	772	34952	0	
1	 4	 3	 1	sample15	410	1952	514	64764	0	
1	 4	 3	 2	sample15	395	1937	258	66306	0	
1	 4	 3	 3	sample15	426	1968	514	53970	0	
1	 4	 3	 4	sample15	592	2134	514	30840	0	
1	 4	 3	 5	sample15	180	1722	258	61680	0	
1	 4	 3	 6	control	481	1767	514	51440	0	
1	 4	 4	 1	sample16	302	1844	258	61680	0	
1	 4	 4	 2	sample16	456	1742	256	51440	0	
1	 4	 4	 3	sample16	488	1774	514	51440	0	
1	 4	 4	 4	sample16	669	2211	514	30840	0	
1	 4	 4	 5	sample16	449	1735	514	51440	0	
1	 4	 4	 6	control	481	1767	256	51440	0	
1	 5	 1	 1	sample17	688	3000	772	99416	0	
1	 5	 1	 2	sample17	450	2762	258	92480	0	
1	 5	 1	 3	sample17	732	2788	514	82240	0	
1	 5	 1	 4	sample17	603	2659	514	82240	0	
1	 5	 1	 5	sample17	514	2570	514	82240	0	
1	 5	 1	 6	control	314	2370	256	82240	0	
1	 5	 2	 1	sample18	507	2049	514	61680	0	
1	 5	 2	 2	sample18	1649	3191	1284	47802	0	
1	 5	 2	 3	sample18	443	1985	514	61680	0	
1	 5	 2	 4	sample18	340	1882	256	61680	0	
1	 5	 2	 5	sample18	321	1863	256	61680	0	
1	 5	 2	 6	control	633	2175	514	69390	0	
1	 5	 3	 1	sample19	866	2150	772	24396	0	
1	 5	 3	 2	sample19	506	1790	514	38520	0	
1	 5	 3	 3	sample19	319	1603	258	59064	0	
1	 5	 3	 4	sample19	219	1503	258	51360	0	
1	 5	 3	 5	sample19	142	1426	258	51360	0	
1	 5	 3	 6	control	19.8	1304	0	51360	0	
1	 5	 4	 1	sample20	289	1317	256	41120	0	
1	 5	 4	 2	sample20	295	1323	256	41120	0	
1	 5	 4	 3	sample20	482	1510	514	33924	0	
1	 5	 4	 4	sample20	286	1570	258	23112	0	
1	 5	 4	 5	sample20	353	1381	256	41120	0	
1	 5	 4	 6	control	327	1355	256	41120	0	
1	 6	 1	 1	sample21	668	2724	770	82240	0	
1	 6	 1	 2	sample21	1022	3078	1028	94576	0	
1	 6	 1	 3	sample21	462	2518	514	82240	0	
1	 6	 1	 4	sample21	584	2640	514	82240	0	
1	 6	 1	 5	sample21	366	2422	256	82240	0	
1	 6	 1	 6	control	359	2415	514	82240	0	
1	 6	 2	 1	sample22	771	2313	514	41634	0	
1	 6	 2	 2	sample22	749	2291	770	55512	0	
1	 6	 2	 3	sample22	591	2133	514	61680	0	
1	 6	 2	 4	sample22	346	1888	256	61680	0	
1	 6	 2	 5	sample22	308	1850	256	69390	0	
1	 6	 2	 6	control	466	2008	514	66306	0	
1	 6	 3	 1	sample23	309	1593	258	51360	0	
1	 6	 3	 2	sample23	269	1297	256	41120	0	
1	 6	 3	 3	sample23	379	1407	514	41120	0	
1	 6	 3	 4	sample23	665	1693	514	17476	0	
1	 6	 3	 5	sample23	466	1494	514	39064	0	
1	 6	 3	 6	control	411	1439	256	41120	0	
1	 6	 4	 1	sample24	328	1356	256	44204	0	
1	 6	 4	 2	sample24	268	1296	256	47288	0	
1	 6	 4	 3	sample24	134	1162	256	41120	0	
1	 6	 4	 4	sample24	206	1234	256	47288	0	
1	 6	 4	 5	sample24	179	1207	0	41120	0	
1	 6	 4	 6	control	141	1169	256	41120	0	
1	 7	 1	 1	sample25	521	3091	514	84810	0	
1	 7	 1	 2	sample25	526	3096	514	105370	0	
1	 7	 1	 3	sample25	297	2867	256	115650	0	
1	 7	 1	 4	sample25	502	2814	514	92480	0	
1	 7	 1	 5	sample25	360	2672	258	92480	0	
1	 7	 1	 6	control	406	2718	514	43928	0	
1	 7	 2	 1	sample26	231	2287	256	82240	0	
1	 7	 2	 2	sample26	579	2377	514	71920	0	
1	 7	 2	 3	sample26	540	2338	514	71920	0	
1	 7	 2	 4	sample26	354	2152	258	71920	0	
1	 7	 2	 5	sample26	245	2043	258	71920	0	
1	 7	 2	 6	control	666	2464	514	39556	0	
1	 7	 3	 1	sample27	372	1914	256	61680	0	
1	 7	 3	 2	sample27	205	1747	256	61680	0	
1	 7	 3	 3	sample27	218	1760	256	61680	0	
1	 7	 3	 4	sample27	468	2010	514	26214	0	
1	 7	 3	 5	sample27	322	1606	258	51360	0	
1	 7	 3	 6	control	341	1625	258	51360	0	
1	 7	 4	 1	sample28	159	1701	0	69390	0	
1	 7	 4	 2	sample28	322	1606	258	46224	0	
1	 7	 4	 3	sample28	375	1659	258	59064	0	
1	 7	 4	 4	sample28	257	1541	258	53928	0	
1	 7	 4	 5	sample28	280	1564	258	57780	0	
1	 7	 4	 6	control	283	1567	258	51360	0	
1	 8	 1	 1	sample29	1099	2899	1028	64800	0	
1	 8	 1	 2	sample29	1255	3055	1028	93600	0	
1	 8	 1	 3	sample29	946	2746	1028	68400	0	
1	 8	 1	 4	sample29	725	2525	770	81000	0	
1	 8	 1	 5	sample29	584	2384	514	72000	0	
1	 8	 1	 6	control	290	2346	258	82240	0	
1	 8	 2	 1	sample30	1581	3123	514	30840	0	
1	 8	 2	 2	sample30	304	1846	258	60138	0	
1	 8	 2	 3	sample30	539	1825	514	51440	0	
1	 8	 2	 4	sample30	494	1780	514	51440	0	
1	 8	 2	 5	sample30	315	1857	258	61680	0	
1	 8	 2	 6	control	826	2368	772	29298	0	
1	 8	 3	 1	sample31	497	1525	514	46260	0	
1	 8	 3	 2	sample31	542	1570	514	28784	0	
1	 8	 3	 3	sample31	364	1392	258	47288	0	
1	 8	 3	 4	sample31	574	1602	514	26728	0	
1	 8	 3	 5	sample31	348	1376	258	41120	0	
1	 8	 3	 6	control	245	1273	258	41120	0	
1	 8	 4	 1	sample32	643	1671	514	26728	0	
1	 8	 4	 2	sample32	447	1475	514	23644	0	
1	 8	 4	 3	sample32	378	1406	258	34952	0	
1	 8	 4	 4	sample32	535	1563	514	25700	0	
1	 8	 4	 5	sample32	398	1426	258	22616	0	
1	 8	 4	 6	control	530	1558	514	17476	0	
1	 9	 1	 1	sample33	970	2770	770	48600	0	
1	 9	 1	 2	sample33	885	2685	770	64800	0	
1	 9	 1	 3	sample33	730	2786	514	51400	0	
1	 9	 1	 4	sample33	405	2461	514	82240	0	
1	 9	 1	 5	sample33	417	2217	256	72000	0	
1	 9	 1	 6	control	573	2373	514	46800	0	
1	 9	 2	 1	sample34	538	2080	514	49344	0	
1	 9	 2	 2	sample34	658	2200	514	52428	0	
1	 9	 2	 3	sample34	471	2013	514	63222	0	
1	 9	 2	 4	sample34	836	2378	772	30840	0	
1	 9	 2	 5	sample34	804	2346	1028	24672	0	
1	 9	 2	 6	control	784	2326	772	63222	0	
1	 9	 3	 1	sample35	560	1846	514	28292	0	
1	 9	 3	 2	sample35	502	1788	514	29578	0	
1	 9	 3	 3	sample35	224	1510	256	51440	0	
1	 9	 3	 4	sample35	231	1517	256	51440	0	
1	 9	 3	 5	sample35	205	1491	256	51440	0	
1	 9	 3	 6	control	497	1783	514	20576	0	
1	 9	 4	 1	sample36	682	1710	514	20560	0	
1	 9	 4	 2	sample36	314	1342	258	42148	0	
1	 9	 4	 3	sample36	800	1828	772	18504	0	
1	 9	 4	 4	sample36	439	1467	258	34952	0	
1	 9	 4	 5	sample36	545	1573	514	17476	0	
1	 9	 4	 6	control	676	1704	772	27756	0	
1	 10	 1	 1	sample37	731	2531	514	70200	0	
1	 10	 1	 2	sample37	745	2545	770	72000	0	
1	 10	 1	 3	sample37	648	2448	514	41400	0	
1	 10	 1	 4	sample37	295	2095	256	72000	0	
1	 10	 1	 5	sample37	658	2458	514	28800	0	
1	 10	 1	 6	control	367	2423	258	82240	0	
1	 10	 2	 1	sample38	495	2037	258	60138	0	
1	 10	 2	 2	sample38	315	1857	258	61680	0	
1	 10	 2	 3	sample38	528	2070	258	29298	0	
1	 10	 2	 4	sample38	116	1658	0	61680	0	
1	 10	 2	 5	sample38	245	1787	258	61680	0	
1	 10	 2	 6	control	341	1883	258	61680	0	
1	 10	 3	 1	sample39	815	2101	770	59156	0	
1	 10	 3	 2	sample39	761	2047	770	37294	0	
1	 10	 3	 3	sample39	573	1859	514	33436	0	
1	 10	 3	 4	sample39	334	1620	256	51440	0	
1	 10	 3	 5	sample39	372	1658	256	51440	0	
1	 10	 3	 6	control	301	1587	256	51440	0	
1	 10	 4	 1	sample40	816	1844	772	23644	0	
1	 10	 4	 2	sample40	527	1555	514	41120	0	
1	 10	 4	 3	sample40	445	1731	514	52726	0	
1	 10	 4	 4	sample40	886	2172	770	25720	0	
1	 10	 4	 5	sample40	520	1806	514	48868	0	
1	 10	 4	 6	control	494	1780	256	51440	0	
1	 11	 1	 1	sample41	908	3736	1028	121604	0	
1	 11	 1	 2	sample41	335	3419	258	123360	0	
1	 11	 1	 3	sample41	444	4042	514	143920	0	
1	 11	 1	 4	sample41	539	4137	514	151116	0	
1	 11	 1	 5	sample41	514	3856	514	126996	0	
1	 11	 1	 6	control	578	3920	514	133680	0	
1	 11	 2	 1	sample42	891	2947	772	92520	0	
1	 11	 2	 2	sample42	700	3014	770	92560	0	
1	 11	 2	 3	sample42	296	3380	258	123360	0	
1	 11	 2	 4	sample42	605	3689	514	104856	0	
1	 11	 2	 5	sample42	489	3573	258	123360	0	
1	 11	 2	 6	control	716	3800	514	141864	0	
1	 11	 3	 1	sample43	719	2519	514	45000	0	
1	 11	 3	 2	sample43	968	2768	770	46800	0	
1	 11	 3	 3	sample43	469	2525	514	82240	0	
1	 11	 3	 4	sample43	1266	3322	1286	53456	0	
1	 11	 3	 5	sample43	315	2885	258	102800	0	
1	 11	 3	 6	control	514	3342	514	50904	0	
1	 11	 4	 1	sample44	1567	3623	772	108968	0	
1	 11	 4	 2	sample44	757	2813	772	74016	0	
1	 11	 4	 3	sample44	532	2588	514	88408	0	
1	 11	 4	 4	sample44	630	2686	514	82240	0	
1	 11	 4	 5	sample44	481	2795	514	92560	0	
1	 11	 4	 6	control	475	2789	514	92560	0	
1	 12	 1	 1	sample45	308	2622	256	92560	0	
1	 12	 1	 2	sample45	398	2712	256	92560	0	
1	 12	 1	 3	sample45	372	2686	514	92560	0	
1	 12	 1	 4	sample45	192	2506	256	92560	0	
1	 12	 1	 5	sample45	244	2558	256	92560	0	
1	 12	 1	 6	control	69.5	2897	256	62216	0	
1	 12	 2	 1	sample46	758	2558	770	73800	0	
1	 12	 2	 2	sample46	277	2333	258	82240	0	
1	 12	 2	 3	sample46	58.4	2114	0	82240	0	
1	 12	 2	 4	sample46	385	2185	514	72000	0	
1	 12	 2	 5	sample46	328	2384	514	82240	0	
1	 12	 2	 6	control	103	2673	0	102800	0	
1	 12	 3	 1	sample47	335	1877	258	61680	0	
1	 12	 3	 2	sample47	273	2073	256	81000	0	
1	 12	 3	 3	sample47	271	2071	256	93600	0	
1	 12	 3	 4	sample47	213	1755	258	61680	0	
1	 12	 3	 5	sample47	122	1922	256	72000	0	
1	 12	 3	 6	control	399	2455	258	82240	0	
1	 12	 4	 1	sample48	402	1430	258	25700	0	
1	 12	 4	 2	sample48	314	1600	256	51440	0	
1	 12	 4	 3	sample48	341	1883	258	61680	0	
1	 12	 4	 4	sample48	258	1800	258	49344	0	
1	 12	 4	 5	sample48	289	2089	256	72000	0	
1	 12	 4	 6	control	122	1922	0	72000	0	
2	 1	 1	 1	sample49	601	2401	770	68400	0	
2	 1	 1	 2	sample49	528	2070	514	58596	0	
2	 1	 1	 3	sample49	632	2174	514	53970	0	
2	 1	 1	 4	sample49	553	2095	514	30840	0	
2	 1	 1	 5	sample49	525	2067	514	38550	0	
2	 1	 1	 6	control	200	1742	0	61680	0	
2	 1	 2	 1	sample50	437	1979	514	61680	0	
2	 1	 2	 2	sample50	719	2261	772	60138	0	
2	 1	 2	 3	sample50	647	2189	772	53970	0	
2	 1	 2	 4	sample50	598	2140	514	66306	0	
2	 1	 2	 5	sample50	521	2063	514	57054	0	
2	 1	 2	 6	control	598	2140	514	57054	0	
2	 1	 3	 1	sample51	514	2056	514	66306	0	
2	 1	 3	 2	sample51	210	1752	258	58596	0	
2	 1	 3	 3	sample51	477	2019	514	63222	0	
2	 1	 3	 4	sample51	500	2042	514	27756	0	
2	 1	 3	 5	sample51	328	1870	258	61680	0	
2	 1	 3	 6	control	225	1767	258	61680	0	
2	 1	 4	 1	sample52	476	2018	514	61680	0	
2	 1	 4	 2	sample52	567	1853	514	61728	0	
2	 1	 4	 3	sample52	482	1768	514	51440	0	
2	 1	 4	 4	sample52	213	1755	258	35466	0	
2	 1	 4	 5	sample52	296	1838	258	61680	0	
2	 1	 4	 6	control	674	1960	514	51440	0	
2	 2	 1	 1	sample53	515	2313	514	80910	0	
2	 2	 1	 2	sample53	453	2251	514	82708	0	
2	 2	 1	 3	sample53	351	2149	258	59334	0	
2	 2	 1	 4	sample53	353	2151	258	82708	0	
2	 2	 1	 5	sample53	531	2329	514	84506	0	
2	 2	 1	 6	control	367	2165	258	71920	0	
2	 2	 2	 1	sample54	681	2223	770	40092	0	
2	 2	 2	 2	sample54	379	2177	514	71920	0	
2	 2	 2	 3	sample54	323	2121	258	77314	0	
2	 2	 2	 4	sample54	358	2156	258	82708	0	
2	 2	 2	 5	sample54	391	2189	514	86304	0	
2	 2	 2	 6	control	514	2570	514	53456	0	
2	 2	 3	 1	sample55	555	2353	514	79112	0	
2	 2	 3	 2	sample55	434	2232	258	86304	0	
2	 2	 3	 3	sample55	103	1901	0	71920	0	
2	 2	 3	 4	sample55	122	1664	256	61680	0	
2	 2	 3	 5	sample55	323	2121	258	70122	0	
2	 2	 3	 6	control	335	2133	258	71920	0	
2	 2	 4	 1	sample56	835	2377	770	61680	0	
2	 2	 4	 2	sample56	590	2132	514	72474	0	
2	 2	 4	 3	sample56	347	1889	514	61680	0	
2	 2	 4	 4	sample56	564	2106	514	55512	0	
2	 2	 4	 5	sample56	348	2146	258	61132	0	
2	 2	 4	 6	control	592	2390	514	71920	0	
2	 3	 1	 1	sample57	481	2281	514	72000	0	
2	 3	 1	 2	sample57	912	2454	772	47802	0	
2	 3	 1	 3	sample57	624	2166	514	61680	0	
2	 3	 1	 4	sample57	508	2050	514	61680	0	
2	 3	 1	 5	sample57	476	2018	514	50886	0	
2	 3	 1	 6	control	450	1992	514	61680	0	
2	 3	 2	 1	sample58	488	2288	514	72000	0	
2	 3	 2	 2	sample58	675	2217	772	61680	0	
2	 3	 2	 3	sample58	674	2216	772	32382	0	
2	 3	 2	 4	sample58	528	2070	514	58596	0	
2	 3	 2	 5	sample58	484	2026	514	26214	0	
2	 3	 2	 6	control	1378	2920	1286	38550	0	
2	 3	 3	 1	sample59	1009	3065	1028	82240	0	
2	 3	 3	 2	sample59	1095	2895	1028	102600	0	
2	 3	 3	 3	sample59	634	2176	514	66306	0	
2	 3	 3	 4	sample59	425	1967	514	61680	0	
2	 3	 3	 5	sample59	627	2169	772	24672	0	
2	 3	 3	 6	control	161	1703	258	61680	0	
2	 3	 4	 1	sample60	389	2445	514	92520	0	
2	 3	 4	 2	sample60	532	2332	514	50400	0	
2	 3	 4	 3	sample60	309	1851	258	61680	0	
2	 3	 4	 4	sample60	629	1915	514	37294	0	
2	 3	 4	 5	sample60	84	1626	0	61680	0	
2	 3	 4	 6	control	597	1883	514	51440	0	
2	 4	 1	 1	sample61	309	1851	258	61680	0	
2	 4	 1	 2	sample61	424	1966	514	61680	0	
2	 4	 1	 3	sample61	277	1819	258	61680	0	
2	 4	 1	 4	sample61	425	1967	514	61680	0	
2	 4	 1	 5	sample61	317	1859	258	40092	0	
2	 4	 1	 6	control	103	1645	0	61680	0	
2	 4	 2	 1	sample62	238	1780	258	61680	0	
2	 4	 2	 2	sample62	341	1883	258	61680	0	
2	 4	 2	 3	sample62	112	1654	0	70932	0	
2	 4	 2	 4	sample62	436	1722	256	51440	0	
2	 4	 2	 5	sample62	385	1671	256	51440	0	
2	 4	 2	 6	control	956	2242	1028	32150	0	
2	 4	 3	 1	sample63	315	1857	258	61680	0	
2	 4	 3	 2	sample63	392	1934	258	67848	0	
2	 4	 3	 3	sample63	404	1690	256	51440	0	
2	 4	 3	 4	sample63	106	1648	0	67848	0	
2	 4	 3	 5	sample63	381	1667	256	39866	0	
2	 4	 3	 6	control	269	1555	256	54012	0	
2	 4	 4	 1	sample64	443	1729	256	51440	0	
2	 4	 4	 2	sample64	411	1697	256	51440	0	
2	 4	 4	 3	sample64	443	1729	514	56584	0	
2	 4	 4	 4	sample64	270	1812	258	30840	0	
2	 4	 4	 5	sample64	506	1792	514	42438	0	
2	 4	 4	 6	control	757	2043	770	24434	0	
2	 5	 1	 1	sample65	659	2201	772	49344	0	
2	 5	 1	 2	sample65	673	2215	772	60138	0	
2	 5	 1	 3	sample65	682	2224	772	61680	0	
2	 5	 1	 4	sample65	440	1982	514	69390	0	
2	 5	 1	 5	sample65	597	1883	514	51440	0	
2	 5	 1	 6	control	469	1755	514	51440	0	
2	 5	 2	 1	sample66	561	1847	514	55298	0	
2	 5	 2	 2	sample66	471	1757	256	54012	0	
2	 5	 2	 3	sample66	514	1800	514	51440	0	
2	 5	 2	 4	sample66	642	1928	514	28292	0	
2	 5	 2	 5	sample66	471	1757	514	38580	0	
2	 5	 2	 6	control	449	1735	256	61728	0	
2	 5	 3	 1	sample67	733	2019	770	43724	0	
2	 5	 3	 2	sample67	519	1805	514	57870	0	
2	 5	 3	 3	sample67	520	1806	514	51440	0	
2	 5	 3	 4	sample67	295	1581	256	51440	0	
2	 5	 3	 5	sample67	628	1914	514	23148	0	
2	 5	 3	 6	control	263	1549	256	51440	0	
2	 5	 4	 1	sample68	929	2215	770	60442	0	
2	 5	 4	 2	sample68	646	1932	514	39866	0	
2	 5	 4	 3	sample68	513	1799	514	47582	0	
2	 5	 4	 4	sample68	398	1684	514	51440	0	
2	 5	 4	 5	sample68	636	1922	514	27006	0	
2	 5	 4	 6	control	417	1703	256	51440	0	
2	 6	 1	 1	sample69	650	2448	514	34162	0	
2	 6	 1	 2	sample69	846	2388	770	52428	0	
2	 6	 1	 3	sample69	713	2255	514	69390	0	
2	 6	 1	 4	sample69	552	2094	514	61680	0	
2	 6	 1	 5	sample69	2207	3749	1542	33924	0	
2	 6	 1	 6	control	480	2022	514	35466	0	
2	 6	 2	 1	sample70	738	2280	770	37008	0	
2	 6	 2	 2	sample70	665	2207	770	33924	0	
2	 6	 2	 3	sample70	478	2020	514	55512	0	
2	 6	 2	 4	sample70	484	2026	514	67848	0	
2	 6	 2	 5	sample70	244	1786	256	61680	0	
2	 6	 2	 6	control	831	2373	770	52428	0	
2	 6	 3	 1	sample71	514	2056	514	43176	0	
2	 6	 3	 2	sample71	546	2088	514	37008	0	
2	 6	 3	 3	sample71	528	2070	514	53970	0	
2	 6	 3	 4	sample71	276	1818	256	61680	0	
2	 6	 3	 5	sample71	160	1702	0	61680	0	
2	 6	 3	 6	control	348	1632	258	51360	0	
2	 6	 4	 1	sample72	614	2156	514	134154	0	
2	 6	 4	 2	sample72	593	2135	514	44718	0	
2	 6	 4	 3	sample72	327	1869	256	61680	0	
2	 6	 4	 4	sample72	325	1867	256	69390	0	
2	 6	 4	 5	sample72	289	1831	256	61680	0	
2	 6	 4	 6	control	295	1837	256	61680	0	
2	 7	 1	 1	sample73	493	2035	514	75558	0	
2	 7	 1	 2	sample73	519	2061	514	72474	0	
2	 7	 1	 3	sample73	492	2034	514	74016	0	
2	 7	 1	 4	sample73	603	2145	514	30840	0	
2	 7	 1	 5	sample73	379	1921	256	61680	0	
2	 7	 1	 6	control	192	1734	0	61680	0	
2	 7	 2	 1	sample74	513	2055	514	61680	0	
2	 7	 2	 2	sample74	619	2161	514	52428	0	
2	 7	 2	 3	sample74	657	2199	514	52428	0	
2	 7	 2	 4	sample74	816	2100	772	29532	0	
2	 7	 2	 5	sample74	506	1790	514	41088	0	
2	 7	 2	 6	control	507	2049	514	61680	0	
2	 7	 3	 1	sample75	160	1702	0	61680	0	
2	 7	 3	 2	sample75	449	1991	514	30840	0	
2	 7	 3	 3	sample75	433	1975	514	53970	0	
2	 7	 3	 4	sample75	425	1709	258	51360	0	
2	 7	 3	 5	sample75	328	1612	258	51360	0	
2	 7	 3	 6	control	270	1554	258	51360	0	
2	 7	 4	 1	sample76	951	2493	770	41634	0	
2	 7	 4	 2	sample76	395	1937	256	57054	0	
2	 7	 4	 3	sample76	794	2078	772	29532	0	
2	 7	 4	 4	sample76	352	1894	256	53970	0	
2	 7	 4	 5	sample76	671	2213	770	27756	0	
2	 7	 4	 6	control	578	2120	514	24672	0	
2	 8	 1	 1	sample77	388	1674	514	63014	0	
2	 8	 1	 2	sample77	483	1769	514	64300	0	
2	 8	 1	 3	sample77	448	1734	514	55298	0	
2	 8	 1	 4	sample77	368	1654	256	29578	0	
2	 8	 1	 5	sample77	373	1401	258	41120	0	
2	 8	 1	 6	control	356	1642	256	46296	0	
2	 8	 2	 1	sample78	352	1638	256	34722	0	
2	 8	 2	 2	sample78	640	1668	514	48316	0	
2	 8	 2	 3	sample78	772	1800	772	19532	0	
2	 8	 2	 4	sample78	359	1645	256	51440	0	
2	 8	 2	 5	sample78	173	1459	256	47582	0	
2	 8	 2	 6	control	562	1848	514	41152	0	
2	 8	 3	 1	sample79	397	1683	514	56584	0	
2	 8	 3	 2	sample79	463	1491	514	41120	0	
2	 8	 3	 3	sample79	547	1575	514	41120	0	
2	 8	 3	 4	sample79	257	1543	256	51440	0	
2	 8	 3	 5	sample79	479	1765	514	19290	0	
2	 8	 3	 6	control	226	1512	256	32150	0	
2	 8	 4	 1	sample80	310	1596	256	48868	0	
2	 8	 4	 2	sample80	237	1523	256	51440	0	
2	 8	 4	 3	sample80	405	1433	514	41120	0	
2	 8	 4	 4	sample80	385	1671	514	23148	0	
2	 8	 4	 5	sample80	211	1497	256	51440	0	
2	 8	 4	 6	control	347	1633	256	47582	0	
2	 9	 1	 1	sample81	598	1882	514	51360	0	
2	 9	 1	 2	sample81	764	2048	772	44940	0	
2	 9	 1	 3	sample81	836	2120	772	20544	0	
2	 9	 1	 4	sample81	595	1879	514	44940	0	
2	 9	 1	 5	sample81	356	1898	256	55512	0	
2	 9	 1	 6	control	489	1773	514	51360	0	
2	 9	 2	 1	sample82	313	1855	256	63222	0	
2	 9	 2	 2	sample82	861	2145	772	55212	0	
2	 9	 2	 3	sample82	986	2270	772	30816	0	
2	 9	 2	 4	sample82	612	2154	514	40092	0	
2	 9	 2	 5	sample82	167	1709	0	61680	0	
2	 9	 2	 6	control	913	2197	772	25680	0	
2	 9	 3	 1	sample83	502	1786	514	51360	0	
2	 9	 3	 2	sample83	736	2020	772	37236	0	
2	 9	 3	 3	sample83	421	1705	514	56496	0	
2	 9	 3	 4	sample83	360	1644	258	51360	0	
2	 9	 3	 5	sample83	173	1715	256	61680	0	
2	 9	 3	 6	control	290	1574	258	51360	0	
2	 9	 4	 1	sample84	393	1677	514	51360	0	
2	 9	 4	 2	sample84	498	1782	514	59064	0	
2	 9	 4	 3	sample84	502	1786	514	26964	0	
2	 9	 4	 4	sample84	571	1855	514	23112	0	
2	 9	 4	 5	sample84	135	1677	0	61680	0	
2	 9	 4	 6	control	167	1709	256	61680	0	
2	 10	 1	 1	sample85	485	1771	256	59156	0	
2	 10	 1	 2	sample85	385	1671	256	51440	0	
2	 10	 1	 3	sample85	832	2118	770	27006	0	
2	 10	 1	 4	sample85	398	1684	256	51440	0	
2	 10	 1	 5	sample85	302	1588	256	51440	0	
2	 10	 1	 6	control	821	1849	772	21588	0	
2	 10	 2	 1	sample86	845	1873	772	21588	0	
2	 10	 2	 2	sample86	550	1578	514	44204	0	
2	 10	 2	 3	sample86	1102	2130	772	21588	0	
2	 10	 2	 4	sample86	662	1690	514	41120	0	
2	 10	 2	 5	sample86	730	2016	514	24434	0	
2	 10	 2	 6	control	737	2023	514	29578	0	
2	 10	 3	 1	sample87	563	1591	514	49344	0	
2	 10	 3	 2	sample87	450	1478	258	41120	0	
2	 10	 3	 3	sample87	354	1382	258	41120	0	
2	 10	 3	 4	sample87	431	1459	258	41120	0	
2	 10	 3	 5	sample87	617	1645	514	25700	0	
2	 10	 3	 6	control	444	1472	258	41120	0	
2	 10	 4	 1	sample88	553	1581	514	33924	0	
2	 10	 4	 2	sample88	532	1560	514	46260	0	
2	 10	 4	 3	sample88	463	1491	258	41120	0	
2	 10	 4	 4	sample88	553	1581	514	41120	0	
2	 10	 4	 5	sample88	598	1626	514	41120	0	
2	 10	 4	 6	control	366	1652	256	51440	0	
2	 11	 1	 1	sample89	786	2072	514	42438	0	
2	 11	 1	 2	sample89	726	2012	514	51440	0	
2	 11	 1	 3	sample89	406	1948	258	80184	0	
2	 11	 1	 4	sample89	450	1992	514	55512	0	
2	 11	 1	 5	sample89	406	2206	256	77400	0	
2	 11	 1	 6	control	173	1973	0	72000	0	
2	 11	 2	 1	sample90	892	2178	770	24434	0	
2	 11	 2	 2	sample90	691	1977	770	33436	0	
2	 11	 2	 3	sample90	850	2392	772	75558	0	
2	 11	 2	 4	sample90	416	2472	258	96632	0	
2	 11	 2	 5	sample90	392	2448	258	82240	0	
2	 11	 2	 6	control	950	3006	772	47288	0	
2	 11	 3	 1	sample91	525	1811	514	55298	0	
2	 11	 3	 2	sample91	703	2245	514	46260	0	
2	 11	 3	 3	sample91	367	2423	258	82240	0	
2	 11	 3	 4	sample91	696	3010	770	71734	0	
2	 11	 3	 5	sample91	443	2757	256	92560	0	
2	 11	 3	 6	control	340	2654	256	113386	0	
2	 11	 4	 1	sample92	576	2118	514	38550	0	
2	 11	 4	 2	sample92	514	2314	514	68400	0	
2	 11	 4	 3	sample92	465	2521	514	53456	0	
2	 11	 4	 4	sample92	155	2211	0	82240	0	
2	 11	 4	 5	sample92	129	2185	258	82240	0	
2	 11	 4	 6	control	122	2436	0	92560	0	
2	 12	 1	 1	sample93	499	2297	514	91698	0	
2	 12	 1	 2	sample93	58.3	1856	0	71920	0	
2	 12	 1	 3	sample93	442	2240	514	82708	0	
2	 12	 1	 4	sample93	186	1984	258	89900	0	
2	 12	 1	 5	sample93	389	2187	258	70122	0	
2	 12	 1	 6	control	305	2617	258	99416	0	
2	 12	 2	 1	sample94	141	1169	256	41120	0	
2	 12	 2	 2	sample94	714	1998	772	51360	0	
2	 12	 2	 3	sample94	315	2113	258	71920	0	
2	 12	 2	 4	sample94	662	2460	514	84506	0	
2	 12	 2	 5	sample94	71.3	1869	0	71920	0	
2	 12	 2	 6	control	354	2666	258	92480	0	
2	 12	 3	 1	sample95	418	1702	514	51360	0	
2	 12	 3	 2	sample95	632	1916	772	28248	0	
2	 12	 3	 3	sample95	306	2104	258	86304	0	
2	 12	 3	 4	sample95	295	1837	256	61680	0	
2	 12	 3	 5	sample95	480	2022	514	47802	0	
2	 12	 3	 6	control	327	2383	256	82240	0	
2	 12	 4	 1	sample96	167	1965	0	71920	0	
2	 12	 4	 2	sample96	569	2111	514	70932	0	
2	 12	 4	 3	sample96	489	1773	514	51360	0	
2	 12	 4	 4	sample96	180	1464	258	51360	0	
2	 12	 4	 5	sample96	347	1889	256	61680	0	
2	 12	 4	 6	control	437	2235	514	71920	0	
3	 1	 1	 1	sample97	745	2287	770	77100	0	
3	 1	 1	 2	sample97	579	2121	514	103314	0	
3	 1	 1	 3	sample97	766	2050	772	64200	0	
3	 1	 1	 4	sample97	547	1831	514	51360	0	
3	 1	 1	 5	sample97	826	2110	772	24396	0	
3	 1	 1	 6	control	438	1722	514	51360	0	
3	 1	 2	 1	sample98	1183	2725	1028	58596	0	
3	 1	 2	 2	sample98	1089	2373	1028	65484	0	
3	 1	 2	 3	sample98	514	1798	514	53928	0	
3	 1	 2	 4	sample98	665	1949	514	59064	0	
3	 1	 2	 5	sample98	643	1927	772	38520	0	
3	 1	 2	 6	control	445	1729	258	66768	0	
3	 1	 3	 1	sample99	1086	2628	1028	53970	0	
3	 1	 3	 2	sample99	841	2383	770	33924	0	
3	 1	 3	 3	sample99	391	1933	256	61680	0	
3	 1	 3	 4	sample99	717	2001	772	48792	0	
3	 1	 3	 5	sample99	646	1930	514	47508	0	
3	 1	 3	 6	control	283	1567	258	51360	0	
3	 1	 4	 1	sample100	497	2295	514	80910	0	
3	 1	 4	 2	sample100	646	2188	514	57054	0	
3	 1	 4	 3	sample100	245	1787	256	67848	0	
3	 1	 4	 4	sample100	290	1574	258	51360	0	
3	 1	 4	 5	sample100	341	1625	258	51360	0	
3	 1	 4	 6	control	739	2023	772	20544	0	
3	 2	 1	 1	sample101	758	2300	772	60138	0	
3	 2	 1	 2	sample101	847	2389	772	52428	0	
3	 2	 1	 3	sample101	448	1990	514	47802	0	
3	 2	 1	 4	sample101	378	1920	258	72474	0	
3	 2	 1	 5	sample101	525	2067	514	37008	0	
3	 2	 1	 6	control	290	1832	258	61680	0	
3	 2	 2	 1	sample102	489	2031	514	61680	0	
3	 2	 2	 2	sample102	341	1883	258	61680	0	
3	 2	 2	 3	sample102	302	1844	258	61680	0	
3	 2	 2	 4	sample102	514	2056	514	49344	0	
3	 2	 2	 5	sample102	469	2011	514	52428	0	
3	 2	 2	 6	control	963	2505	772	60138	0	
3	 2	 3	 1	sample103	1132	2674	1028	80184	0	
3	 2	 3	 2	sample103	900	2442	1028	74016	0	
3	 2	 3	 3	sample103	534	2076	514	61680	0	
3	 2	 3	 4	sample103	520	2062	514	66306	0	
3	 2	 3	 5	sample103	531	2073	514	70932	0	
3	 2	 3	 6	control	277	1819	258	61680	0	
3	 2	 4	 1	sample104	598	2140	514	114108	0	
3	 2	 4	 2	sample104	449	1991	514	66306	0	
3	 2	 4	 3	sample104	680	2222	772	21588	0	
3	 2	 4	 4	sample104	560	2102	514	26214	0	
3	 2	 4	 5	sample104	315	1857	258	61680	0	
3	 2	 4	 6	control	725	2525	514	30600	0	
3	 3	 1	 1	sample105	703	2503	514	75600	0	
3	 3	 1	 2	sample105	765	2307	772	66306	0	
3	 3	 1	 3	sample105	654	2196	514	53970	0	
3	 3	 1	 4	sample105	482	2024	514	61680	0	
3	 3	 1	 5	sample105	425	1967	258	61680	0	
3	 3	 1	 6	control	561	2103	514	50886	0	
3	 3	 2	 1	sample106	649	2191	772	70932	0	
3	 3	 2	 2	sample106	950	2492	772	35466	0	
3	 3	 2	 3	sample106	547	2089	514	61680	0	
3	 3	 2	 4	sample106	348	1890	258	61680	0	
3	 3	 2	 5	sample106	232	1774	258	61680	0	
3	 3	 2	 6	control	838	2380	772	35466	0	
3	 3	 3	 1	sample107	835	2635	770	28800	0	
3	 3	 3	 2	sample107	643	2185	514	61680	0	
3	 3	 3	 3	sample107	423	1965	258	69390	0	
3	 3	 3	 4	sample107	414	1956	258	50886	0	
3	 3	 3	 5	sample107	415	1957	514	27756	0	
3	 3	 3	 6	control	482	2024	514	37008	0	
3	 3	 4	 1	sample108	937	2737	1028	91800	0	
3	 3	 4	 2	sample108	404	2204	256	72000	0	
3	 3	 4	 3	sample108	479	2021	514	66306	0	
3	 3	 4	 4	sample108	386	1928	258	61680	0	
3	 3	 4	 5	sample108	605	2147	514	30840	0	
3	 3	 4	 6	control	405	1947	258	61680	0	
3	 4	 1	 1	sample109	688	1972	514	55212	0	
3	 4	 1	 2	sample109	730	2272	770	67848	0	
3	 4	 1	 3	sample109	809	2351	770	30840	0	
3	 4	 1	 4	sample109	648	1932	514	61632	0	
3	 4	 1	 5	sample109	536	1820	514	44940	0	
3	 4	 1	 6	control	508	1792	514	53928	0	
3	 4	 2	 1	sample110	540	1824	514	51360	0	
3	 4	 2	 2	sample110	877	2161	772	28248	0	
3	 4	 2	 3	sample110	759	2301	514	35466	0	
3	 4	 2	 4	sample110	502	1786	514	51360	0	
3	 4	 2	 5	sample110	595	1879	514	44940	0	
3	 4	 2	 6	control	952	2236	772	47508	0	
3	 4	 3	 1	sample111	586	1870	514	55212	0	
3	 4	 3	 2	sample111	802	2086	772	32100	0	
3	 4	 3	 3	sample111	584	2126	514	33924	0	
3	 4	 3	 4	sample111	670	1954	514	55212	0	
3	 4	 3	 5	sample111	385	1927	256	64764	0	
3	 4	 3	 6	control	270	1554	258	51360	0	
3	 4	 4	 1	sample112	425	1709	514	51360	0	
3	 4	 4	 2	sample112	435	1719	514	50076	0	
3	 4	 4	 3	sample112	329	1871	256	70932	0	
3	 4	 4	 4	sample112	299	1841	256	55512	0	
3	 4	 4	 5	sample112	628	2170	770	27756	0	
3	 4	 4	 6	control	463	1747	514	51360	0	
3	 5	 1	 1	sample113	403	1945	256	67848	0	
3	 5	 1	 2	sample113	488	2030	514	61680	0	
3	 5	 1	 3	sample113	327	1869	256	72474	0	
3	 5	 1	 4	sample113	348	1890	256	69390	0	
3	 5	 1	 5	sample113	309	1593	258	51360	0	
3	 5	 1	 6	control	245	1529	258	51360	0	
3	 5	 2	 1	sample114	360	1644	258	51360	0	
3	 5	 2	 2	sample114	534	1818	514	51360	0	
3	 5	 2	 3	sample114	544	1828	514	43656	0	
3	 5	 2	 4	sample114	325	1867	256	63222	0	
3	 5	 2	 5	sample114	360	1644	258	51360	0	
3	 5	 2	 6	control	576	1860	514	64200	0	
3	 5	 3	 1	sample115	563	1847	514	53928	0	
3	 5	 3	 2	sample115	474	1758	514	57780	0	
3	 5	 3	 3	sample115	392	1676	258	51360	0	
3	 5	 3	 4	sample115	154	1696	0	61680	0	
3	 5	 3	 5	sample115	458	1742	514	52644	0	
3	 5	 3	 6	control	193	1477	258	51360	0	
3	 5	 4	 1	sample116	245	1529	258	51360	0	
3	 5	 4	 2	sample116	269	1811	256	61680	0	
3	 5	 4	 3	sample116	192	1734	256	61680	0	
3	 5	 4	 4	sample116	236	1778	256	58596	0	
3	 5	 4	 5	sample116	289	1831	256	61680	0	
3	 5	 4	 6	control	488	2030	256	63222	0	
3	 6	 1	 1	sample117	746	2288	514	49344	0	
3	 6	 1	 2	sample117	762	2304	514	44718	0	
3	 6	 1	 3	sample117	1065	2349	772	35952	0	
3	 6	 1	 4	sample117	286	1828	256	67848	0	
3	 6	 1	 5	sample117	379	1921	514	61680	0	
3	 6	 1	 6	control	160	1702	0	61680	0	
3	 6	 2	 1	sample118	674	1958	514	26964	0	
3	 6	 2	 2	sample118	1058	2342	1028	44940	0	
3	 6	 2	 3	sample118	369	1911	256	77100	0	
3	 6	 2	 4	sample118	373	1915	256	64764	0	
3	 6	 2	 5	sample118	600	1884	514	34668	0	
3	 6	 2	 6	control	1028	2312	1028	39804	0	
3	 6	 3	 1	sample119	587	2129	514	53970	0	
3	 6	 3	 2	sample119	603	2145	514	61680	0	
3	 6	 3	 3	sample119	408	1950	256	67848	0	
3	 6	 3	 4	sample119	385	1927	256	49344	0	
3	 6	 3	 5	sample119	251	1793	256	69390	0	
3	 6	 3	 6	control	489	1773	514	51360	0	
3	 6	 4	 1	sample120	456	1998	256	61680	0	
3	 6	 4	 2	sample120	740	2282	770	26214	0	
3	 6	 4	 3	sample120	1645	3443	1028	35960	0	
3	 6	 4	 4	sample120	494	2036	514	61680	0	
3	 6	 4	 5	sample120	734	2276	770	32382	0	
3	 6	 4	 6	control	473	2015	514	78642	0	
3	 7	 1	 1	sample121	430	1972	514	61680	0	
3	 7	 1	 2	sample121	631	2173	514	37008	0	
3	 7	 1	 3	sample121	453	1995	514	78642	0	
3	 7	 1	 4	sample121	418	1702	514	51360	0	
3	 7	 1	 5	sample121	277	1561	258	51360	0	
3	 7	 1	 6	control	357	1641	258	56496	0	
3	 7	 2	 1	sample122	742	2026	772	33384	0	
3	 7	 2	 2	sample122	571	1855	514	46224	0	
3	 7	 2	 3	sample122	405	1689	514	51360	0	
3	 7	 2	 4	sample122	418	1702	514	51360	0	
3	 7	 2	 5	sample122	161	1445	258	51360	0	
3	 7	 2	 6	control	718	2002	772	48792	0	
3	 7	 3	 1	sample123	627	1911	514	61632	0	
3	 7	 3	 2	sample123	486	1770	514	57780	0	
3	 7	 3	 3	sample123	360	1644	258	57780	0	
3	 7	 3	 4	sample123	315	1599	258	51360	0	
3	 7	 3	 5	sample123	135	1419	0	51360	0	
3	 7	 3	 6	control	142	1426	0	51360	0	
3	 7	 4	 1	sample124	1021	2563	1028	61680	0	
3	 7	 4	 2	sample124	304	1846	256	66306	0	
3	 7	 4	 3	sample124	552	2094	514	61680	0	
3	 7	 4	 4	sample124	413	1955	256	43176	0	
3	 7	 4	 5	sample124	433	1717	514	56496	0	
3	 7	 4	 6	control	309	1593	258	51360	0	
3	 8	 1	 1	sample125	671	2213	772	126444	0	
3	 8	 1	 2	sample125	622	2164	514	143406	0	
3	 8	 1	 3	sample125	674	2216	514	81726	0	
3	 8	 1	 4	sample125	439	1981	514	63222	0	
3	 8	 1	 5	sample125	459	2001	514	57054	0	
3	 8	 1	 6	control	416	1958	258	60138	0	
3	 8	 2	 1	sample126	450	1992	514	61680	0	
3	 8	 2	 2	sample126	972	2258	770	36008	0	
3	 8	 2	 3	sample126	636	2178	514	58596	0	
3	 8	 2	 4	sample126	404	1946	514	64764	0	
3	 8	 2	 5	sample126	656	2198	514	30840	0	
3	 8	 2	 6	control	710	2252	772	32382	0	
3	 8	 3	 1	sample127	502	2044	514	63222	0	
3	 8	 3	 2	sample127	434	1976	258	53970	0	
3	 8	 3	 3	sample127	648	1934	514	56584	0	
3	 8	 3	 4	sample127	665	1951	770	43724	0	
3	 8	 3	 5	sample127	425	1967	514	61680	0	
3	 8	 3	 6	control	136	1678	258	61680	0	
3	 8	 4	 1	sample128	373	1915	258	61680	0	
3	 8	 4	 2	sample128	364	1906	258	70932	0	
3	 8	 4	 3	sample128	290	1832	258	61680	0	
3	 8	 4	 4	sample128	174	1716	258	61680	0	
3	 8	 4	 5	sample128	273	1815	258	50886	0	
3	 8	 4	 6	control	296	1838	258	61680	0	
3	 9	 1	 1	sample129	373	1915	258	61680	0	
3	 9	 1	 2	sample129	582	2124	514	87894	0	
3	 9	 1	 3	sample129	446	1988	514	69390	0	
3	 9	 1	 4	sample129	539	2081	514	49344	0	
3	 9	 1	 5	sample129	456	1998	258	67848	0	
3	 9	 1	 6	control	276	1818	258	43176	0	
3	 9	 2	 1	sample130	441	1983	258	53970	0	
3	 9	 2	 2	sample130	911	2453	772	53970	0	
3	 9	 2	 3	sample130	704	2246	772	70932	0	
3	 9	 2	 4	sample130	357	1899	258	67848	0	
3	 9	 2	 5	sample130	380	1922	258	61680	0	
3	 9	 2	 6	control	705	2247	772	53970	0	
3	 9	 3	 1	sample131	232	1774	258	61680	0	
3	 9	 3	 2	sample131	728	2014	770	46296	0	
3	 9	 3	 3	sample131	238	1780	258	61680	0	
3	 9	 3	 4	sample131	343	1885	258	64764	0	
3	 9	 3	 5	sample131	331	1873	258	53970	0	
3	 9	 3	 6	control	193	1735	258	61680	0	
3	 9	 4	 1	sample132	412	1954	258	61680	0	
3	 9	 4	 2	sample132	459	2001	514	64764	0	
3	 9	 4	 3	sample132	429	1971	514	69390	0	
3	 9	 4	 4	sample132	552	2094	514	52428	0	
3	 9	 4	 5	sample132	605	2147	514	52428	0	
3	 9	 4	 6	control	263	2063	256	72000	0	
3	 10	 1	 1	sample133	903	1931	1028	48316	0	
3	 10	 1	 2	sample133	1135	2163	1028	71960	0	
3	 10	 1	 3	sample133	836	1864	772	49344	0	
3	 10	 1	 4	sample133	793	2079	770	43724	0	
3	 10	 1	 5	sample133	457	1999	514	61680	0	
3	 10	 1	 6	control	592	2392	514	41400	0	
3	 10	 2	 1	sample134	931	1959	772	38036	0	
3	 10	 2	 2	sample134	1008	2036	1028	25700	0	
3	 10	 2	 3	sample134	636	1922	514	51440	0	
3	 10	 2	 4	sample134	514	2056	514	52428	0	
3	 10	 2	 5	sample134	581	2123	514	53970	0	
3	 10	 2	 6	control	997	2539	1028	24672	0	
3	 10	 3	 1	sample135	706	1734	772	44204	0	
3	 10	 3	 2	sample135	359	1645	256	51440	0	
3	 10	 3	 3	sample135	425	1967	514	61680	0	
3	 10	 3	 4	sample135	386	1928	258	61680	0	
3	 10	 3	 5	sample135	499	2041	514	26214	0	
3	 10	 3	 6	control	154	1954	0	72000	0	
3	 10	 4	 1	sample136	1354	2640	1284	33436	0	
3	 10	 4	 2	sample136	667	2209	514	64764	0	
3	 10	 4	 3	sample136	624	2166	772	61680	0	
3	 10	 4	 4	sample136	340	2140	256	72000	0	
3	 10	 4	 5	sample136	417	2217	256	72000	0	
3	 10	 4	 6	control	591	2391	514	72000	0	
3	 11	 1	 1	sample137	963	2505	1028	104856	0	
3	 11	 1	 2	sample137	827	2369	770	69390	0	
3	 11	 1	 3	sample137	441	1983	514	60138	0	
3	 11	 1	 4	sample137	341	1625	258	55212	0	
3	 11	 1	 5	sample137	181	1465	258	51360	0	
3	 11	 1	 6	control	334	1618	258	47508	0	
3	 11	 2	 1	sample138	619	2161	514	60138	0	
3	 11	 2	 2	sample138	353	1895	256	61680	0	
3	 11	 2	 3	sample138	646	1930	514	60348	0	
3	 11	 2	 4	sample138	578	1606	514	45232	0	
3	 11	 2	 5	sample138	462	1490	514	41120	0	
3	 11	 2	 6	control	212	1496	258	51360	0	
3	 11	 3	 1	sample139	2787	4329	1542	60138	0	
3	 11	 3	 2	sample139	594	2136	514	74016	0	
3	 11	 3	 3	sample139	334	1876	256	61680	0	
3	 11	 3	 4	sample139	308	1592	258	52644	0	
3	 11	 3	 5	sample139	309	1593	258	51360	0	
3	 11	 3	 6	control	161	1445	258	51360	0	
3	 11	 4	 1	sample140	488	2030	514	61680	0	
3	 11	 4	 2	sample140	419	1961	514	63222	0	
3	 11	 4	 3	sample140	186	1728	256	61680	0	
3	 11	 4	 4	sample140	213	1497	258	51360	0	
3	 11	 4	 5	sample140	206	1490	258	51360	0	
3	 11	 4	 6	control	380	1664	258	51360	0	
3	 12	 1	 1	sample141	168	1452	258	51360	0	
3	 12	 1	 2	sample141	435	1719	258	57780	0	
3	 12	 1	 3	sample141	205	1747	0	61680	0	
3	 12	 1	 4	sample141	353	1895	256	61680	0	
3	 12	 1	 5	sample141	411	1953	514	61680	0	
3	 12	 1	 6	control	385	2441	256	82240	0	
3	 12	 2	 1	sample142	129	1413	258	51360	0	
3	 12	 2	 2	sample142	373	1657	514	51360	0	
3	 12	 2	 3	sample142	334	1876	256	66306	0	
3	 12	 2	 4	sample142	334	2132	258	79112	0	
3	 12	 2	 5	sample142	553	2351	514	71920	0	
3	 12	 2	 6	control	698	3010	772	32368	0	
3	 12	 3	 1	sample143	649	1933	514	51360	0	
3	 12	 3	 2	sample143	558	1842	514	44940	0	
3	 12	 3	 3	sample143	515	1799	514	51360	0	
3	 12	 3	 4	sample143	610	2152	514	37008	0	
3	 12	 3	 5	sample143	450	2248	514	64728	0	
3	 12	 3	 6	control	257	2569	258	92480	0	
3	 12	 4	 1	sample144	405	1689	258	51360	0	
3	 12	 4	 2	sample144	347	1631	258	51360	0	
3	 12	 4	 3	sample144	569	1853	514	42372	0	
3	 12	 4	 4	sample144	328	2126	258	71920	0	
3	 12	 4	 5	sample144	378	2176	514	30566	0	
3	 12	 4	 6	control	425	2737	258	92480	0	
4	 1	 1	 1	sample145	771	2827	772	41120	0	
4	 1	 1	 2	sample145	695	2495	770	61200	0	
4	 1	 1	 3	sample145	634	2176	514	66306	0	
4	 1	 1	 4	sample145	626	1912	770	20576	0	
4	 1	 1	 5	sample145	462	1748	514	57870	0	
4	 1	 1	 6	control	380	1408	258	41120	0	
4	 1	 2	 1	sample146	205	2519	256	92560	0	
4	 1	 2	 2	sample146	-198.59	1857	-255.99	82240	0	
4	 1	 2	 3	sample146	-257.54	1542	-257.99	72000	0	
4	 1	 2	 4	sample146	329	1871	514	27756	0	
4	 1	 2	 5	sample146	368	1654	256	47582	0	
4	 1	 2	 6	control	770	2056	770	63014	0	
4	 1	 3	 1	sample147	619	3189	514	107940	0	
4	 1	 3	 2	sample147	867	3181	770	111072	0	
4	 1	 3	 3	sample147	895	2951	772	47288	0	
4	 1	 3	 4	sample147	661	2461	770	59400	0	
4	 1	 3	 5	sample147	276	2076	256	72000	0	
4	 1	 3	 6	control	433	1975	514	29298	0	
4	 1	 4	 1	sample148	180	3264	258	123360	0	
4	 1	 4	 2	sample148	31.8	2860	0	113120	0	
4	 1	 4	 3	sample148	-134.44	2436	-255.99	102800	0	
4	 1	 4	 4	sample148	315	2371	258	82240	0	
4	 1	 4	 5	sample148	258	2314	258	82240	0	
4	 1	 4	 6	control	477	2533	514	98688	0	
4	 2	 1	 1	sample149	322	1864	256	60138	0	
4	 2	 1	 2	sample149	463	1747	514	51360	0	
4	 2	 1	 3	sample149	291	1575	258	59064	0	
4	 2	 1	 4	sample149	283	1567	258	51360	0	
4	 2	 1	 5	sample149	457	1741	514	51360	0	
4	 2	 1	 6	control	258	1542	258	51360	0	
4	 2	 2	 1	sample150	526	2068	514	61680	0	
4	 2	 2	 2	sample150	771	2313	770	37008	0	
4	 2	 2	 3	sample150	269	1811	256	61680	0	
4	 2	 2	 4	sample150	237	1779	256	61680	0	
4	 2	 2	 5	sample150	394	1936	256	69390	0	
4	 2	 2	 6	control	580	2122	514	53970	0	
4	 2	 3	 1	sample151	537	2335	514	80910	0	
4	 2	 3	 2	sample151	490	2288	514	75516	0	
4	 2	 3	 3	sample151	167	1965	258	71920	0	
4	 2	 3	 4	sample151	373	2171	514	71920	0	
4	 2	 3	 5	sample151	303	2101	258	71920	0	
4	 2	 3	 6	control	406	2204	514	46748	0	
4	 2	 4	 1	sample152	634	2946	514	69360	0	
4	 2	 4	 2	sample152	354	2666	258	92480	0	
4	 2	 4	 3	sample152	286	2598	258	62424	0	
4	 2	 4	 4	sample152	565	2621	514	82240	0	
4	 2	 4	 5	sample152	258	2570	258	64736	0	
4	 2	 4	 6	control	469	2525	514	82240	0	
4	 3	 1	 1	sample153	244	2044	256	72000	0	
4	 3	 1	 2	sample153	619	2419	770	39600	0	
4	 3	 1	 3	sample153	502	2044	514	61680	0	
4	 3	 1	 4	sample153	303	1845	258	61680	0	
4	 3	 1	 5	sample153	193	1735	0	61680	0	
4	 3	 1	 6	control	64.7	1607	0	61680	0	
4	 3	 2	 1	sample154	366	2166	256	72000	0	
4	 3	 2	 2	sample154	385	2185	514	72000	0	
4	 3	 2	 3	sample154	321	2121	256	72000	0	
4	 3	 2	 4	sample154	472	2014	514	37008	0	
4	 3	 2	 5	sample154	187	1729	258	61680	0	
4	 3	 2	 6	control	604	2146	514	61680	0	
4	 3	 3	 1	sample155	276	2590	256	92560	0	
4	 3	 3	 2	sample155	474	2788	514	90246	0	
4	 3	 3	 3	sample155	437	2493	514	82240	0	
4	 3	 3	 4	sample155	155	2211	258	82240	0	
4	 3	 3	 5	sample155	301	2101	256	72000	0	
4	 3	 3	 6	control	128	1928	256	72000	0	
4	 3	 4	 1	sample156	987	3557	1028	95090	0	
4	 3	 4	 2	sample156	741	3569	770	98980	0	
4	 3	 4	 3	sample156	829	3399	772	102800	0	
4	 3	 4	 4	sample156	248	2562	256	69420	0	
4	 3	 4	 5	sample156	521	2577	514	84296	0	
4	 3	 4	 6	control	322	2378	258	82240	0	
4	 4	 1	 1	sample157	335	1877	258	61680	0	
4	 4	 1	 2	sample157	466	2008	514	74016	0	
4	 4	 1	 3	sample157	457	1999	514	41634	0	
4	 4	 1	 4	sample157	686	2228	514	64764	0	
4	 4	 1	 5	sample157	337	2137	256	63000	0	
4	 4	 1	 6	control	160	1960	0	72000	0	
4	 4	 2	 1	sample158	617	2159	514	61680	0	
4	 4	 2	 2	sample158	534	2076	514	61680	0	
4	 4	 2	 3	sample158	444	1986	514	61680	0	
4	 4	 2	 4	sample158	587	2129	514	60138	0	
4	 4	 2	 5	sample158	321	2121	256	72000	0	
4	 4	 2	 6	control	527	2327	514	70200	0	
4	 4	 3	 1	sample159	876	2676	770	70200	0	
4	 4	 3	 2	sample159	713	2513	770	81000	0	
4	 4	 3	 3	sample159	603	2403	514	77400	0	
4	 4	 3	 4	sample159	823	2623	770	70200	0	
4	 4	 3	 5	sample159	607	2407	514	79200	0	
4	 4	 3	 6	control	71.1	2127	0	82240	0	
4	 4	 4	 1	sample160	1058	2858	1028	45000	0	
4	 4	 4	 2	sample160	530	2330	514	84600	0	
4	 4	 4	 3	sample160	592	2392	514	59400	0	
4	 4	 4	 4	sample160	449	2249	514	72000	0	
4	 4	 4	 5	sample160	501	2301	514	72000	0	
4	 4	 4	 6	control	425	2481	258	88408	0	
4	 5	 1	 1	sample161	841	2383	770	61680	0	
4	 5	 1	 2	sample161	870	2412	770	47802	0	
4	 5	 1	 3	sample161	728	2270	770	37008	0	
4	 5	 1	 4	sample161	612	2154	514	72474	0	
4	 5	 1	 5	sample161	752	2294	770	21588	0	
4	 5	 1	 6	control	141	1683	256	61680	0	
4	 5	 2	 1	sample162	1046	2588	1028	63222	0	
4	 5	 2	 2	sample162	903	2445	1028	89436	0	
4	 5	 2	 3	sample162	973	2515	1028	58596	0	
4	 5	 2	 4	sample162	777	2319	770	63222	0	
4	 5	 2	 5	sample162	785	2327	770	26214	0	
4	 5	 2	 6	control	950	2492	770	61680	0	
4	 5	 3	 1	sample163	658	2456	514	77314	0	
4	 5	 3	 2	sample163	480	2278	514	80910	0	
4	 5	 3	 3	sample163	418	2216	514	71920	0	
4	 5	 3	 4	sample163	772	2570	772	28768	0	
4	 5	 3	 5	sample163	328	2126	258	71920	0	
4	 5	 3	 6	control	232	2030	258	71920	0	
4	 5	 4	 1	sample164	1126	2924	1028	80910	0	
4	 5	 4	 2	sample164	1495	3293	1028	48546	0	
4	 5	 4	 3	sample164	399	2455	514	78128	0	
4	 5	 4	 4	sample164	309	2365	256	69904	0	
4	 5	 4	 5	sample164	351	2407	514	94576	0	
4	 5	 4	 6	control	667	2723	770	30840	0	
4	 6	 1	 1	sample165	565	1851	514	51440	0	
4	 6	 1	 2	sample165	869	2155	770	43724	0	
4	 6	 1	 3	sample165	807	2093	770	27006	0	
4	 6	 1	 4	sample165	232	1774	258	61680	0	
4	 6	 1	 5	sample165	225	1767	258	61680	0	
4	 6	 1	 6	control	458	2000	258	41634	0	
4	 6	 2	 1	sample166	351	1893	258	67848	0	
4	 6	 2	 2	sample166	381	1923	258	74016	0	
4	 6	 2	 3	sample166	447	1989	258	35466	0	
4	 6	 2	 4	sample166	318	1860	258	72474	0	
4	 6	 2	 5	sample166	352	1894	258	63222	0	
4	 6	 2	 6	control	681	2223	772	26214	0	
4	 6	 3	 1	sample167	781	2323	772	41634	0	
4	 6	 3	 2	sample167	745	2287	772	60138	0	
4	 6	 3	 3	sample167	524	2324	514	45000	0	
4	 6	 3	 4	sample167	539	2081	514	63222	0	
4	 6	 3	 5	sample167	318	2118	256	90000	0	
4	 6	 3	 6	control	283	2083	256	34200	0	
4	 6	 4	 1	sample168	536	2336	514	82800	0	
4	 6	 4	 2	sample168	340	2140	256	72000	0	
4	 6	 4	 3	sample168	520	2320	514	72000	0	
4	 6	 4	 4	sample168	298	2354	258	78128	0	
4	 6	 4	 5	sample168	376	2432	258	102800	0	
4	 6	 4	 6	control	424	2480	514	104856	0	
4	 7	 1	 1	sample169	719	2261	514	61680	0	
4	 7	 1	 2	sample169	1090	2632	1028	95604	0	
4	 7	 1	 3	sample169	770	2312	770	57054	0	
4	 7	 1	 4	sample169	723	2265	770	58596	0	
4	 7	 1	 5	sample169	760	2044	772	56496	0	
4	 7	 1	 6	control	624	1908	514	51360	0	
4	 7	 2	 1	sample170	527	1811	514	51360	0	
4	 7	 2	 2	sample170	552	2094	514	61680	0	
4	 7	 2	 3	sample170	578	2120	514	67848	0	
4	 7	 2	 4	sample170	295	1837	256	61680	0	
4	 7	 2	 5	sample170	160	1702	0	61680	0	
4	 7	 2	 6	control	1017	2301	1028	29532	0	
4	 7	 3	 1	sample171	430	1972	256	61680	0	
4	 7	 3	 2	sample171	513	2055	514	61680	0	
4	 7	 3	 3	sample171	506	2048	514	50886	0	
4	 7	 3	 4	sample171	321	1863	256	61680	0	
4	 7	 3	 5	sample171	318	1860	256	77100	0	
4	 7	 3	 6	control	225	1767	256	50886	0	
4	 7	 4	 1	sample172	418	2216	258	71920	0	
4	 7	 4	 2	sample172	419	2217	514	62930	0	
4	 7	 4	 3	sample172	393	2191	258	71920	0	
4	 7	 4	 4	sample172	360	2158	258	71920	0	
4	 7	 4	 5	sample172	372	2170	258	64728	0	
4	 7	 4	 6	control	264	2062	258	71920	0	
4	 8	 1	 1	sample173	1259	2801	1284	46260	0	
4	 8	 1	 2	sample173	888	2172	1028	53928	0	
4	 8	 1	 3	sample173	1162	2446	1028	34668	0	
4	 8	 1	 4	sample173	812	2096	772	129684	0	
4	 8	 1	 5	sample173	739	2023	514	51360	0	
4	 8	 1	 6	control	296	1580	258	51360	0	
4	 8	 2	 1	sample174	527	1811	514	51360	0	
4	 8	 2	 2	sample174	778	2062	772	51360	0	
4	 8	 2	 3	sample174	374	1658	258	56496	0	
4	 8	 2	 4	sample174	649	1677	770	17476	0	
4	 8	 2	 5	sample174	168	1452	258	51360	0	
4	 8	 2	 6	control	447	1731	258	59064	0	
4	 8	 3	 1	sample175	524	2066	514	74016	0	
4	 8	 3	 2	sample175	340	1882	256	61680	0	
4	 8	 3	 3	sample175	372	1914	256	61680	0	
4	 8	 3	 4	sample175	617	1901	514	51360	0	
4	 8	 3	 5	sample175	472	1756	514	38520	0	
4	 8	 3	 6	control	38.1	1580	0	61680	0	
4	 8	 4	 1	sample176	475	2273	514	59334	0	
4	 8	 4	 2	sample176	309	2107	258	80910	0	
4	 8	 4	 3	sample176	-192.24	1606	-255.99	71920	0	
4	 8	 4	 4	sample176	257	2055	258	71920	0	
4	 8	 4	 5	sample176	277	2075	258	71920	0	
4	 8	 4	 6	control	435	2233	514	75516	0	
4	 9	 1	 1	sample177	649	1933	514	51360	0	
4	 9	 1	 2	sample177	1112	2396	1028	62916	0	
4	 9	 1	 3	sample177	889	2173	772	44940	0	
4	 9	 1	 4	sample177	709	2251	770	64764	0	
4	 9	 1	 5	sample177	738	2280	770	61680	0	
4	 9	 1	 6	control	546	1830	514	51360	0	
4	 9	 2	 1	sample178	396	1680	258	50076	0	
4	 9	 2	 2	sample178	424	1708	514	47508	0	
4	 9	 2	 3	sample178	310	1594	258	56496	0	
4	 9	 2	 4	sample178	193	1477	258	51360	0	
4	 9	 2	 5	sample178	191	1475	258	29532	0	
4	 9	 2	 6	control	590	1874	514	30816	0	
4	 9	 3	 1	sample179	239	1781	256	67848	0	
4	 9	 3	 2	sample179	327	1869	256	61680	0	
4	 9	 3	 3	sample179	302	1586	258	51360	0	
4	 9	 3	 4	sample179	508	1792	514	51360	0	
4	 9	 3	 5	sample179	303	1587	258	51360	0	
4	 9	 3	 6	control	148	1432	258	51360	0	
4	 9	 4	 1	sample180	843	2641	772	64728	0	
4	 9	 4	 2	sample180	568	2366	514	86304	0	
4	 9	 4	 3	sample180	231	1773	256	61680	0	
4	 9	 4	 4	sample180	311	2109	258	77314	0	
4	 9	 4	 5	sample180	263	2061	258	86304	0	
4	 9	 4	 6	control	200	1998	0	71920	0	
4	 10	 1	 1	sample181	399	1941	258	61680	0	
4	 10	 1	 2	sample181	224	2024	256	72000	0	
4	 10	 1	 3	sample181	115	1915	0	72000	0	
4	 10	 1	 4	sample181	154	1954	256	72000	0	
4	 10	 1	 5	sample181	382	2182	256	77400	0	
4	 10	 1	 6	control	173	1973	256	72000	0	
4	 10	 2	 1	sample182	372	2172	256	72000	0	
4	 10	 2	 2	sample182	1079	2879	1028	36000	0	
4	 10	 2	 3	sample182	848	2648	770	59400	0	
4	 10	 2	 4	sample182	744	2544	770	120600	0	
4	 10	 2	 5	sample182	1496	3038	1542	60138	0	
4	 10	 2	 6	control	700	2242	514	72474	0	
4	 10	 3	 1	sample183	205	2005	256	72000	0	
4	 10	 3	 2	sample183	335	1877	258	61680	0	
4	 10	 3	 3	sample183	328	1870	258	61680	0	
4	 10	 3	 4	sample183	142	1684	0	61680	0	
4	 10	 3	 5	sample183	148	1690	0	61680	0	
4	 10	 3	 6	control	96.8	1639	0	61680	0	
4	 10	 4	 1	sample184	436	2236	256	72000	0	
4	 10	 4	 2	sample184	424	2224	514	72000	0	
4	 10	 4	 3	sample184	245	2045	256	82800	0	
4	 10	 4	 4	sample184	76.6	1877	0	72000	0	
4	 10	 4	 5	sample184	392	1934	258	61680	0	
4	 10	 4	 6	control	457	1999	514	61680	0	
4	 11	 1	 1	sample185	590	2390	514	79200	0	
4	 11	 1	 2	sample185	783	2583	770	72000	0	
4	 11	 1	 3	sample185	1041	2841	1028	68400	0	
4	 11	 1	 4	sample185	894	2694	770	90000	0	
4	 11	 1	 5	sample185	952	2494	1028	57054	0	
4	 11	 1	 6	control	436	2236	514	41400	0	
4	 11	 2	 1	sample186	309	1851	258	61680	0	
4	 11	 2	 2	sample186	783	2069	770	25720	0	
4	 11	 2	 3	sample186	335	1877	258	61680	0	
4	 11	 2	 4	sample186	503	2045	514	33924	0	
4	 11	 2	 5	sample186	219	1761	258	61680	0	
4	 11	 2	 6	control	418	1960	514	61680	0	
4	 11	 3	 1	sample187	717	2259	772	87894	0	
4	 11	 3	 2	sample187	633	2175	514	77100	0	
4	 11	 3	 3	sample187	1105	2391	1028	38580	0	
4	 11	 3	 4	sample187	687	1973	770	51440	0	
4	 11	 3	 5	sample187	187	1729	258	61680	0	
4	 11	 3	 6	control	241	1783	258	24672	0	
4	 11	 4	 1	sample188	645	1931	514	52726	0	
4	 11	 4	 2	sample188	578	1864	514	51440	0	
4	 11	 4	 3	sample188	392	1934	514	61680	0	
4	 11	 4	 4	sample188	490	2032	514	32382	0	
4	 11	 4	 5	sample188	328	1870	258	61680	0	
4	 11	 4	 6	control	482	2024	514	49344	0	
4	 12	 1	 1	sample189	380	1664	258	51360	0	
4	 12	 1	 2	sample189	527	1811	514	51360	0	
4	 12	 1	 3	sample189	450	1734	514	51360	0	
4	 12	 1	 4	sample189	199	1741	256	61680	0	
4	 12	 1	 5	sample189	380	2178	258	71920	0	
4	 12	 1	 6	control	462	2518	514	82240	0	
4	 12	 2	 1	sample190	460	1744	514	48792	0	
4	 12	 2	 2	sample190	360	1644	514	51360	0	
4	 12	 2	 3	sample190	122	1664	0	61680	0	
4	 12	 2	 4	sample190	336	2134	258	59334	0	
4	 12	 2	 5	sample190	225	2023	258	71920	0	
4	 12	 2	 6	control	135	2447	0	92480	0	
4	 12	 3	 1	sample191	135	1163	0	41120	0	
4	 12	 3	 2	sample191	110	1394	0	51360	0	
4	 12	 3	 3	sample191	-109.64	1432	0	61680	0	
4	 12	 3	 4	sample191	431	2229	258	71920	0	
4	 12	 3	 5	sample191	-238.29	1818	-257.99	82240	0	
4	 12	 3	 6	control	71.2	2383	0	92480	0	
4	 12	 4	 1	sample192	328	1612	258	51360	0	
4	 12	 4	 2	sample192	115	1657	0	61680	0	
4	 12	 4	 3	sample192	412	2210	514	71920	0	
4	 12	 4	 4	sample192	372	2684	258	83232	0	
4	 12	 4	 5	sample192	269	2325	256	82240	0	
4	 12	 4	 6	control	321	2891	256	102800	0	
