MicroVigene	 Version	 2501
Culture	en-US
9/25/2006 5:30:33 PM
Roi Row	 4	 Roi Col	 12	 Main Row	 4	 Main Col	 6	 Sub Row	 1	 Sub Col	 1
Main Row	 Main Col	 Sub Row	 Sub Col	  GeneID	mean_net	 mean_total	 median_net	 vol_bkg	 vol_dust	 
1	 1	 1	 1	sample1	566	2878	514	92480	0	
1	 1	 1	 2	sample1	514	2826	514	92480	0	
1	 1	 1	 3	sample1	481	2537	514	82240	0	
1	 1	 1	 4	sample1	925	2981	770	41120	0	
1	 1	 1	 5	sample1	356	2412	256	74016	0	
1	 1	 1	 6	control	178	2234	256	74016	0	
1	 1	 2	 1	sample2	1213	3269	1028	102800	0	
1	 1	 2	 2	sample2	931	2729	1028	80910	0	
1	 1	 2	 3	sample2	465	2263	514	64728	0	
1	 1	 2	 4	sample2	258	2056	258	64728	0	
1	 1	 2	 5	sample2	106	1904	0	61132	0	
1	 1	 2	 6	control	1339	3137	1286	95294	0	
1	 1	 3	 1	sample3	880	2678	1028	68324	0	
1	 1	 3	 2	sample3	868	2666	772	71920	0	
1	 1	 3	 3	sample3	966	2508	1028	32382	0	
1	 1	 3	 4	sample3	187	1985	258	71920	0	
1	 1	 3	 5	sample3	336	2134	258	64728	0	
1	 1	 3	 6	control	498	2040	514	24672	0	
1	 1	 4	 1	sample4	1474	3016	1798	117192	0	
1	 1	 4	 2	sample4	1228	2770	1284	118734	0	
1	 1	 4	 3	sample4	758	2300	770	61680	0	
1	 1	 4	 4	sample4	693	2235	770	66306	0	
1	 1	 4	 5	sample4	612	2154	514	72474	0	
1	 1	 4	 6	control	1178	2720	1284	81726	0	
1	 2	 1	 1	sample5	2392	4706	2312	217516	0	
1	 2	 1	 2	sample5	1798	4112	1798	122642	0	
1	 2	 1	 3	sample5	1158	3214	1028	211768	0	
1	 2	 1	 4	sample5	1099	3155	1028	90464	0	
1	 2	 1	 5	sample5	553	2609	514	82240	0	
1	 2	 1	 6	control	578	2378	770	36000	0	
1	 2	 2	 1	sample6	752	2808	772	82240	0	
1	 2	 2	 2	sample6	624	2680	514	82240	0	
1	 2	 2	 3	sample6	772	2828	772	45232	0	
1	 2	 2	 4	sample6	444	2500	514	82240	0	
1	 2	 2	 5	sample6	328	2384	258	82240	0	
1	 2	 2	 6	control	1544	3344	1284	187200	0	
1	 2	 3	 1	sample7	2944	5000	2828	195320	0	
1	 2	 3	 2	sample7	1780	3580	1542	171000	0	
1	 2	 3	 3	sample7	1658	3458	1542	95400	0	
1	 2	 3	 4	sample7	3376	5176	1798	117000	0	
1	 2	 3	 5	sample7	1085	2885	1028	72000	0	
1	 2	 3	 6	control	449	2249	256	72000	0	
1	 2	 4	 1	sample8	1705	3505	1542	167400	0	
1	 2	 4	 2	sample8	862	2662	770	187200	0	
1	 2	 4	 3	sample8	1505	3047	1286	115650	0	
1	 2	 4	 4	sample8	980	2522	1028	81726	0	
1	 2	 4	 5	sample8	855	2397	772	66306	0	
1	 2	 4	 6	control	1501	3043	1542	75558	0	
1	 3	 1	 1	sample9	1451	3507	1542	82240	0	
1	 3	 1	 2	sample9	666	2978	514	90168	0	
1	 3	 1	 3	sample9	1092	3148	1028	82240	0	
1	 3	 1	 4	sample9	911	2967	1028	86352	0	
1	 3	 1	 5	sample9	753	2809	514	92520	0	
1	 3	 1	 6	control	353	2409	256	82240	0	
1	 3	 2	 1	sample10	2960	5016	3084	102800	0	
1	 3	 2	 2	sample10	1776	3832	2056	137752	0	
1	 3	 2	 3	sample10	1716	3772	1798	96632	0	
1	 3	 2	 4	sample10	1560	3358	1542	79112	0	
1	 3	 2	 5	sample10	1163	2961	1028	79112	0	
1	 3	 2	 6	control	1613	3411	1800	79112	0	
1	 3	 3	 1	sample11	2520	4576	2570	106912	0	
1	 3	 3	 2	sample11	1798	3854	1798	104856	0	
1	 3	 3	 3	sample11	1270	3068	1286	88102	0	
1	 3	 3	 4	sample11	838	2636	1028	82708	0	
1	 3	 3	 5	sample11	695	2493	772	84506	0	
1	 3	 3	 6	control	13.4	1811	0	71920	0	
1	 3	 4	 1	sample12	2177	4233	2312	139808	0	
1	 3	 4	 2	sample12	1767	3565	1800	86304	0	
1	 3	 4	 3	sample12	1867	3665	1542	95294	0	
1	 3	 4	 4	sample12	1378	3176	1286	84506	0	
1	 3	 4	 5	sample12	841	2639	772	79112	0	
1	 3	 4	 6	control	1350	3148	1286	57536	0	
1	 4	 1	 1	sample13	2340	4396	2312	193264	0	
1	 4	 1	 2	sample13	2139	4195	1798	182984	0	
1	 4	 1	 3	sample13	1149	3205	1284	178872	0	
1	 4	 1	 4	sample13	1012	3068	1028	100744	0	
1	 4	 1	 5	sample13	782	2838	770	92520	0	
1	 4	 1	 6	control	348	2404	256	57568	0	
1	 4	 2	 1	sample14	1377	3175	1286	80910	0	
1	 4	 2	 2	sample14	1016	2814	1028	71920	0	
1	 4	 2	 3	sample14	662	2460	514	84506	0	
1	 4	 2	 4	sample14	585	2383	514	71920	0	
1	 4	 2	 5	sample14	527	2325	514	71920	0	
1	 4	 2	 6	control	1328	3126	1286	161820	0	
1	 4	 3	 1	sample15	718	2516	772	77314	0	
1	 4	 3	 2	sample15	393	2191	258	71920	0	
1	 4	 3	 3	sample15	354	2152	258	71920	0	
1	 4	 3	 4	sample15	502	2300	514	71920	0	
1	 4	 3	 5	sample15	450	2248	514	71920	0	
1	 4	 3	 6	control	213	2011	258	71920	0	
1	 4	 4	 1	sample16	1450	3506	1542	185040	0	
1	 4	 4	 2	sample16	1295	3351	1284	104856	0	
1	 4	 4	 3	sample16	966	3022	1028	94576	0	
1	 4	 4	 4	sample16	963	2761	772	91698	0	
1	 4	 4	 5	sample16	917	2715	772	66526	0	
1	 4	 4	 6	control	1047	2845	1028	124062	0	
1	 5	 1	 1	sample17	1413	3213	1542	93600	0	
1	 5	 1	 2	sample17	693	2493	514	90000	0	
1	 5	 1	 3	sample17	670	2470	770	82800	0	
1	 5	 1	 4	sample17	469	2269	514	72000	0	
1	 5	 1	 5	sample17	308	2108	256	72000	0	
1	 5	 1	 6	control	89.6	1890	0	72000	0	
1	 5	 2	 1	sample18	1984	3526	1800	126444	0	
1	 5	 2	 2	sample18	1246	2788	1286	141864	0	
1	 5	 2	 3	sample18	1121	2663	1028	81726	0	
1	 5	 2	 4	sample18	836	2378	772	67848	0	
1	 5	 2	 5	sample18	792	2334	772	57054	0	
1	 5	 2	 6	control	1166	2708	1028	63222	0	
1	 5	 3	 1	sample19	1165	2707	1028	78642	0	
1	 5	 3	 2	sample19	812	2354	772	78642	0	
1	 5	 3	 3	sample19	891	2177	770	60442	0	
1	 5	 3	 4	sample19	457	1999	258	61680	0	
1	 5	 3	 5	sample19	482	1768	514	51440	0	
1	 5	 3	 6	control	109	1395	0	51440	0	
1	 5	 4	 1	sample20	1865	3407	1800	151116	0	
1	 5	 4	 2	sample20	1485	3027	1542	111024	0	
1	 5	 4	 3	sample20	1394	2936	1542	160368	0	
1	 5	 4	 4	sample20	1169	2711	1028	50886	0	
1	 5	 4	 5	sample20	592	2134	514	61680	0	
1	 5	 4	 6	control	807	2349	772	44718	0	
1	 6	 1	 1	sample21	1477	3533	1284	205600	0	
1	 6	 1	 2	sample21	1372	3428	1284	108968	0	
1	 6	 1	 3	sample21	811	2867	770	90464	0	
1	 6	 1	 4	sample21	552	2608	514	82240	0	
1	 6	 1	 5	sample21	1463	3519	1028	53456	0	
1	 6	 1	 6	control	257	2055	258	71920	0	
1	 6	 2	 1	sample22	1760	3558	1542	185194	0	
1	 6	 2	 2	sample22	1245	3043	1286	170810	0	
1	 6	 2	 3	sample22	1157	2955	1028	75516	0	
1	 6	 2	 4	sample22	859	2657	772	68324	0	
1	 6	 2	 5	sample22	803	2345	770	49344	0	
1	 6	 2	 6	control	1191	2733	1028	50886	0	
1	 6	 3	 1	sample23	911	2453	770	64764	0	
1	 6	 3	 2	sample23	620	2162	514	70932	0	
1	 6	 3	 3	sample23	142	1684	0	55512	0	
1	 6	 3	 4	sample23	346	1888	256	61680	0	
1	 6	 3	 5	sample23	430	1972	256	61680	0	
1	 6	 3	 6	control	655	1939	514	28248	0	
1	 6	 4	 1	sample24	851	2649	772	93496	0	
1	 6	 4	 2	sample24	508	2306	514	71920	0	
1	 6	 4	 3	sample24	552	2094	514	61680	0	
1	 6	 4	 4	sample24	578	2120	514	67848	0	
1	 6	 4	 5	sample24	499	2041	514	55512	0	
1	 6	 4	 6	control	1010	2552	1028	44718	0	
1	 7	 1	 1	sample25	2265	4063	2314	152830	0	
1	 7	 1	 2	sample25	1440	3238	1286	167214	0	
1	 7	 1	 3	sample25	1076	3132	1028	108968	0	
1	 7	 1	 4	sample25	858	2914	770	84296	0	
1	 7	 1	 5	sample25	354	2666	258	92480	0	
1	 7	 1	 6	control	-19.74	2036	-257.99	82240	0	
1	 7	 2	 1	sample26	1007	2549	1028	77100	0	
1	 7	 2	 2	sample26	642	2184	514	61680	0	
1	 7	 2	 3	sample26	328	2126	258	71920	0	
1	 7	 2	 4	sample26	436	1978	256	61680	0	
1	 7	 2	 5	sample26	238	2036	0	71920	0	
1	 7	 2	 6	control	1206	2748	1284	75558	0	
1	 7	 3	 1	sample27	1008	2550	1028	81726	0	
1	 7	 3	 2	sample27	636	2178	770	61680	0	
1	 7	 3	 3	sample27	475	2017	256	61680	0	
1	 7	 3	 4	sample27	289	1831	256	61680	0	
1	 7	 3	 5	sample27	83.1	1625	0	61680	0	
1	 7	 3	 6	control	264	1548	258	51360	0	
1	 7	 4	 1	sample28	385	1927	256	61680	0	
1	 7	 4	 2	sample28	706	2248	770	61680	0	
1	 7	 4	 3	sample28	565	2107	514	61680	0	
1	 7	 4	 4	sample28	552	2094	514	61680	0	
1	 7	 4	 5	sample28	526	2068	514	61680	0	
1	 7	 4	 6	control	1128	2670	1028	35466	0	
1	 8	 1	 1	sample29	1616	3672	1798	106912	0	
1	 8	 1	 2	sample29	1098	3154	1028	150088	0	
1	 8	 1	 3	sample29	1091	2889	1028	80910	0	
1	 8	 1	 4	sample29	771	2827	770	80184	0	
1	 8	 1	 5	sample29	541	2597	514	94576	0	
1	 8	 1	 6	control	38.1	2094	0	82240	0	
1	 8	 2	 1	sample30	1765	3307	1798	117192	0	
1	 8	 2	 2	sample30	1398	2940	1284	66306	0	
1	 8	 2	 3	sample30	806	2348	770	66306	0	
1	 8	 2	 4	sample30	719	2261	770	61680	0	
1	 8	 2	 5	sample30	689	2231	514	63222	0	
1	 8	 2	 6	control	1168	2710	1028	50886	0	
1	 8	 3	 1	sample31	1694	2978	1800	100152	0	
1	 8	 3	 2	sample31	1173	2457	1028	61632	0	
1	 8	 3	 3	sample31	868	2152	772	51360	0	
1	 8	 3	 4	sample31	651	1935	514	62916	0	
1	 8	 3	 5	sample31	412	1696	258	51360	0	
1	 8	 3	 6	control	77.6	1362	0	51360	0	
1	 8	 4	 1	sample32	2307	3591	2056	107856	0	
1	 8	 4	 2	sample32	1530	2814	1542	106572	0	
1	 8	 4	 3	sample32	1239	2523	1286	133536	0	
1	 8	 4	 4	sample32	1252	2536	1286	79608	0	
1	 8	 4	 5	sample32	667	1951	514	47508	0	
1	 8	 4	 6	control	919	1947	1028	39064	0	
1	 9	 1	 1	sample33	1626	3940	1542	120328	0	
1	 9	 1	 2	sample33	1050	3364	1028	104130	0	
1	 9	 1	 3	sample33	907	2963	1028	78128	0	
1	 9	 1	 4	sample33	1099	3155	1028	45232	0	
1	 9	 1	 5	sample33	711	2767	772	78128	0	
1	 9	 1	 6	control	643	2699	514	45232	0	
1	 9	 2	 1	sample34	1697	3497	1542	145800	0	
1	 9	 2	 2	sample34	1311	2853	1286	61680	0	
1	 9	 2	 3	sample34	1169	2711	1028	64764	0	
1	 9	 2	 4	sample34	868	2410	772	61680	0	
1	 9	 2	 5	sample34	946	2488	772	47802	0	
1	 9	 2	 6	control	707	2249	514	61680	0	
1	 9	 3	 1	sample35	931	2217	1028	51440	0	
1	 9	 3	 2	sample35	629	1915	514	51440	0	
1	 9	 3	 3	sample35	372	1658	256	51440	0	
1	 9	 3	 4	sample35	398	1684	256	51440	0	
1	 9	 3	 5	sample35	379	1665	256	51440	0	
1	 9	 3	 6	control	636	1922	514	27006	0	
1	 9	 4	 1	sample36	1565	2851	1542	99022	0	
1	 9	 4	 2	sample36	1337	2623	1284	43724	0	
1	 9	 4	 3	sample36	1095	2381	1028	59156	0	
1	 9	 4	 4	sample36	1133	2419	1028	21862	0	
1	 9	 4	 5	sample36	734	2020	514	36008	0	
1	 9	 4	 6	control	1233	2519	1284	25720	0	
1	 10	 1	 1	sample37	1734	4046	1800	108664	0	
1	 10	 1	 2	sample37	1130	3186	1028	82240	0	
1	 10	 1	 3	sample37	815	2871	770	82240	0	
1	 10	 1	 4	sample37	1133	2931	1028	48546	0	
1	 10	 1	 5	sample37	662	2460	514	71920	0	
1	 10	 1	 6	control	309	2107	258	71920	0	
1	 10	 2	 1	sample38	1247	3045	1028	71920	0	
1	 10	 2	 2	sample38	1060	2602	1028	61680	0	
1	 10	 2	 3	sample38	693	2235	514	61680	0	
1	 10	 2	 4	sample38	475	2017	256	61680	0	
1	 10	 2	 5	sample38	971	2513	770	27756	0	
1	 10	 2	 6	control	705	2247	770	66306	0	
1	 10	 3	 1	sample39	3207	4749	3084	131070	0	
1	 10	 3	 2	sample39	1840	3382	1542	141864	0	
1	 10	 3	 3	sample39	867	2409	770	81726	0	
1	 10	 3	 4	sample39	862	2146	514	51360	0	
1	 10	 3	 5	sample39	527	1811	514	51360	0	
1	 10	 3	 6	control	354	1638	258	51360	0	
1	 10	 4	 1	sample40	1147	2689	1284	115650	0	
1	 10	 4	 2	sample40	972	2514	770	78642	0	
1	 10	 4	 3	sample40	820	2362	770	80184	0	
1	 10	 4	 4	sample40	882	2424	770	35466	0	
1	 10	 4	 5	sample40	424	1966	256	61680	0	
1	 10	 4	 6	control	856	2398	770	50886	0	
1	 11	 1	 1	sample41	373	2171	258	71920	0	
1	 11	 1	 2	sample41	566	2364	514	71920	0	
1	 11	 1	 3	sample41	476	2274	258	71920	0	
1	 11	 1	 4	sample41	386	2184	258	71920	0	
1	 11	 1	 5	sample41	135	1933	0	71920	0	
1	 11	 1	 6	control	219	2017	0	71920	0	
1	 11	 2	 1	sample42	546	2088	514	61680	0	
1	 11	 2	 2	sample42	417	1959	256	61680	0	
1	 11	 2	 3	sample42	192	1734	0	61680	0	
1	 11	 2	 4	sample42	102	1644	0	61680	0	
1	 11	 2	 5	sample42	224	1766	0	61680	0	
1	 11	 2	 6	control	1028	2570	1028	67848	0	
1	 11	 3	 1	sample43	1699	3241	1542	75558	0	
1	 11	 3	 2	sample43	1462	2746	1286	61632	0	
1	 11	 3	 3	sample43	856	2398	770	74016	0	
1	 11	 3	 4	sample43	852	2136	772	61632	0	
1	 11	 3	 5	sample43	726	2010	514	65484	0	
1	 11	 3	 6	control	295	1837	256	61680	0	
1	 11	 4	 1	sample44	1425	2967	1542	112566	0	
1	 11	 4	 2	sample44	1296	2580	1286	95016	0	
1	 11	 4	 3	sample44	1016	2300	1028	51360	0	
1	 11	 4	 4	sample44	776	2060	772	66768	0	
1	 11	 4	 5	sample44	662	1946	514	51360	0	
1	 11	 4	 6	control	771	2055	772	51360	0	
1	 12	 1	 1	sample45	579	2121	514	61680	0	
1	 12	 1	 2	sample45	385	2185	256	72000	0	
1	 12	 1	 3	sample45	328	2384	258	82240	0	
1	 12	 1	 4	sample45	290	2346	258	82240	0	
1	 12	 1	 5	sample45	147	2461	256	92560	0	
1	 12	 1	 6	control	398	3226	256	113120	0	
1	 12	 2	 1	sample46	675	2217	772	61680	0	
1	 12	 2	 2	sample46	759	2301	772	61680	0	
1	 12	 2	 3	sample46	698	2498	514	70200	0	
1	 12	 2	 4	sample46	335	2391	258	82240	0	
1	 12	 2	 5	sample46	411	2981	514	120790	0	
1	 12	 2	 6	control	1136	4220	1028	111024	0	
1	 12	 3	 1	sample47	982	2524	1028	60138	0	
1	 12	 3	 2	sample47	870	2412	772	72474	0	
1	 12	 3	 3	sample47	475	2275	514	72000	0	
1	 12	 3	 4	sample47	662	2462	514	46800	0	
1	 12	 3	 5	sample47	321	2635	256	92560	0	
1	 12	 3	 6	control	308	3136	256	113120	0	
1	 12	 4	 1	sample48	1227	2513	1284	142746	0	
1	 12	 4	 2	sample48	821	2363	772	80184	0	
1	 12	 4	 3	sample48	1032	2574	1028	112566	0	
1	 12	 4	 4	sample48	1089	2889	1028	37800	0	
1	 12	 4	 5	sample48	529	2843	514	78676	0	
1	 12	 4	 6	control	835	3663	770	113120	0	
2	 1	 1	 1	sample49	1294	3094	1284	147600	0	
2	 1	 1	 2	sample49	873	2673	770	72000	0	
2	 1	 1	 3	sample49	750	2550	770	88200	0	
2	 1	 1	 4	sample49	702	2502	770	88200	0	
2	 1	 1	 5	sample49	570	2370	514	73800	0	
2	 1	 1	 6	control	115	2171	0	74016	0	
2	 1	 2	 1	sample50	2293	3579	2056	118312	0	
2	 1	 2	 2	sample50	1949	3491	2056	121818	0	
2	 1	 2	 3	sample50	1394	3194	1284	185400	0	
2	 1	 2	 4	sample50	1345	3145	1284	91800	0	
2	 1	 2	 5	sample50	1343	3143	1284	95400	0	
2	 1	 2	 6	control	1761	3561	1542	86400	0	
2	 1	 3	 1	sample51	800	2342	772	69390	0	
2	 1	 3	 2	sample51	783	2325	772	69390	0	
2	 1	 3	 3	sample51	572	2114	514	55512	0	
2	 1	 3	 4	sample51	370	2170	514	61200	0	
2	 1	 3	 5	sample51	834	2634	770	95400	0	
2	 1	 3	 6	control	321	2121	256	72000	0	
2	 1	 4	 1	sample52	1001	2287	1028	50154	0	
2	 1	 4	 2	sample52	899	2185	770	41152	0	
2	 1	 4	 3	sample52	643	2185	514	30840	0	
2	 1	 4	 4	sample52	562	2104	514	66306	0	
2	 1	 4	 5	sample52	777	2319	772	72474	0	
2	 1	 4	 6	control	1210	3010	1284	167400	0	
2	 2	 1	 1	sample53	1136	2678	1028	74016	0	
2	 2	 1	 2	sample53	849	2391	772	61680	0	
2	 2	 1	 3	sample53	1275	2817	1286	77100	0	
2	 2	 1	 4	sample53	1062	2862	1028	133200	0	
2	 2	 1	 5	sample53	921	2721	770	95400	0	
2	 2	 1	 6	control	173	1973	256	72000	0	
2	 2	 2	 1	sample54	3375	4917	2828	117192	0	
2	 2	 2	 2	sample54	2662	4204	2828	112566	0	
2	 2	 2	 3	sample54	1804	3346	1800	163452	0	
2	 2	 2	 4	sample54	1627	3427	1542	156600	0	
2	 2	 2	 5	sample54	1314	3114	1284	140400	0	
2	 2	 2	 6	control	1769	3569	1542	171000	0	
2	 2	 3	 1	sample55	3706	5248	3342	121818	0	
2	 2	 3	 2	sample55	2270	3812	2314	146490	0	
2	 2	 3	 3	sample55	2056	3598	2056	121818	0	
2	 2	 3	 4	sample55	1310	3110	1284	91800	0	
2	 2	 3	 5	sample55	1552	3352	1284	90000	0	
2	 2	 3	 6	control	95.8	1896	0	72000	0	
2	 2	 4	 1	sample56	2222	3508	2312	87448	0	
2	 2	 4	 2	sample56	1678	2964	1542	84876	0	
2	 2	 4	 3	sample56	1804	3090	1798	65586	0	
2	 2	 4	 4	sample56	1090	2632	1028	77100	0	
2	 2	 4	 5	sample56	784	2326	514	61680	0	
2	 2	 4	 6	control	925	2725	770	162000	0	
2	 3	 1	 1	sample57	2784	4326	3084	140322	0	
2	 3	 1	 2	sample57	2410	3694	2570	119412	0	
2	 3	 1	 3	sample57	1894	3178	2056	111708	0	
2	 3	 1	 4	sample57	1465	2749	1542	115560	0	
2	 3	 1	 5	sample57	1517	2801	1542	65484	0	
2	 3	 1	 6	control	206	1490	258	51360	0	
2	 3	 2	 1	sample58	2290	4088	2056	154628	0	
2	 3	 2	 2	sample58	1880	3422	1798	151116	0	
2	 3	 2	 3	sample58	1431	2973	1284	154200	0	
2	 3	 2	 4	sample58	1471	3013	1284	78642	0	
2	 3	 2	 5	sample58	1007	2549	1028	77100	0	
2	 3	 2	 6	control	2175	3459	2056	147660	0	
2	 3	 3	 1	sample59	2641	4439	2570	170810	0	
2	 3	 3	 2	sample59	2090	3632	1798	160368	0	
2	 3	 3	 3	sample59	1983	3525	1798	81726	0	
2	 3	 3	 4	sample59	1716	3258	1542	149574	0	
2	 3	 3	 5	sample59	1496	3038	1284	146490	0	
2	 3	 3	 6	control	63.9	1606	0	61680	0	
2	 3	 4	 1	sample60	1438	2980	1542	134154	0	
2	 3	 4	 2	sample60	1652	3194	1542	67848	0	
2	 3	 4	 3	sample60	1124	2666	1028	143406	0	
2	 3	 4	 4	sample60	1078	2362	1028	60348	0	
2	 3	 4	 5	sample60	501	2043	514	61680	0	
2	 3	 4	 6	control	1467	3009	1284	37008	0	
2	 4	 1	 1	sample61	2739	4023	2570	104004	0	
2	 4	 1	 2	sample61	1879	3163	1800	115560	0	
2	 4	 1	 3	sample61	1480	2764	1542	95016	0	
2	 4	 1	 4	sample61	1265	2293	1284	82240	0	
2	 4	 1	 5	sample61	1205	2233	1284	43176	0	
2	 4	 1	 6	control	212	1240	256	41120	0	
2	 4	 2	 1	sample62	1196	2480	1286	128400	0	
2	 4	 2	 2	sample62	1168	2452	1028	61632	0	
2	 4	 2	 3	sample62	944	2228	1028	66768	0	
2	 4	 2	 4	sample62	823	2107	772	51360	0	
2	 4	 2	 5	sample62	815	2099	772	60348	0	
2	 4	 2	 6	control	1698	2982	1800	97584	0	
2	 4	 3	 1	sample63	2449	3991	2312	121818	0	
2	 4	 3	 2	sample63	1571	3113	1542	135696	0	
2	 4	 3	 3	sample63	1052	2594	1028	81726	0	
2	 4	 3	 4	sample63	1004	2288	1028	68052	0	
2	 4	 3	 5	sample63	664	1948	772	64200	0	
2	 4	 3	 6	control	45.4	1329	0	51360	0	
2	 4	 4	 1	sample64	926	2468	770	81726	0	
2	 4	 4	 2	sample64	1311	2595	1286	51360	0	
2	 4	 4	 3	sample64	983	2525	1028	80184	0	
2	 4	 4	 4	sample64	956	2240	1028	104004	0	
2	 4	 4	 5	sample64	771	2055	772	51360	0	
2	 4	 4	 6	control	1367	2651	1286	52644	0	
2	 5	 1	 1	sample65	2178	3462	2056	116844	0	
2	 5	 1	 2	sample65	1540	2824	1542	127116	0	
2	 5	 1	 3	sample65	1453	2737	1542	102720	0	
2	 5	 1	 4	sample65	1251	2535	1286	96300	0	
2	 5	 1	 5	sample65	1049	2333	1028	64200	0	
2	 5	 1	 6	control	270	1554	258	51360	0	
2	 5	 2	 1	sample66	1355	2639	1286	109140	0	
2	 5	 2	 2	sample66	1159	2443	1286	91164	0	
2	 5	 2	 3	sample66	870	2154	772	66768	0	
2	 5	 2	 4	sample66	540	1824	514	51360	0	
2	 5	 2	 5	sample66	656	1940	514	51360	0	
2	 5	 2	 6	control	1363	2647	1286	115560	0	
2	 5	 3	 1	sample67	1323	2607	1286	114276	0	
2	 5	 3	 2	sample67	1162	2446	1286	66768	0	
2	 5	 3	 3	sample67	863	2405	770	77100	0	
2	 5	 3	 4	sample67	1208	2492	1028	51360	0	
2	 5	 3	 5	sample67	1104	2388	1286	21828	0	
2	 5	 3	 6	control	270	1554	258	51360	0	
2	 5	 4	 1	sample68	2569	4111	2826	117192	0	
2	 5	 4	 2	sample68	1633	3175	1798	129528	0	
2	 5	 4	 3	sample68	1389	2931	1542	151116	0	
2	 5	 4	 4	sample68	1523	2807	1286	118128	0	
2	 5	 4	 5	sample68	1057	2341	772	46224	0	
2	 5	 4	 6	control	648	2190	256	61680	0	
2	 6	 1	 1	sample69	1392	2934	1286	152658	0	
2	 6	 1	 2	sample69	1023	2565	1028	80184	0	
2	 6	 1	 3	sample69	821	2363	772	72474	0	
2	 6	 1	 4	sample69	1369	2911	1286	66306	0	
2	 6	 1	 5	sample69	1018	2560	1028	75558	0	
2	 6	 1	 6	control	566	2108	514	61680	0	
2	 6	 2	 1	sample70	951	2493	1028	81726	0	
2	 6	 2	 2	sample70	662	2204	514	61680	0	
2	 6	 2	 3	sample70	367	1909	514	61680	0	
2	 6	 2	 4	sample70	515	2057	514	61680	0	
2	 6	 2	 5	sample70	772	2314	772	30840	0	
2	 6	 2	 6	control	1608	3150	1542	126444	0	
2	 6	 3	 1	sample71	393	1935	258	61680	0	
2	 6	 3	 2	sample71	772	2314	772	70932	0	
2	 6	 3	 3	sample71	587	2129	514	60138	0	
2	 6	 3	 4	sample71	777	2319	772	75558	0	
2	 6	 3	 5	sample71	742	2284	772	80184	0	
2	 6	 3	 6	control	-84.04	1716	-257.99	72000	0	
2	 6	 4	 1	sample72	2235	3777	2056	135696	0	
2	 6	 4	 2	sample72	1579	3121	1542	140322	0	
2	 6	 4	 3	sample72	1357	3157	1542	171000	0	
2	 6	 4	 4	sample72	858	2658	770	185400	0	
2	 6	 4	 5	sample72	1370	3170	1284	43200	0	
2	 6	 4	 6	control	1103	2903	1028	104400	0	
2	 7	 1	 1	sample73	2331	3615	2056	110424	0	
2	 7	 1	 2	sample73	1425	2709	1286	109140	0	
2	 7	 1	 3	sample73	1226	2510	1286	100152	0	
2	 7	 1	 4	sample73	952	2236	1028	73188	0	
2	 7	 1	 5	sample73	719	2003	772	62916	0	
2	 7	 1	 6	control	502	1786	772	25680	0	
2	 7	 2	 1	sample74	1442	2726	1286	65484	0	
2	 7	 2	 2	sample74	866	2150	1028	62916	0	
2	 7	 2	 3	sample74	615	1899	514	59064	0	
2	 7	 2	 4	sample74	418	1702	258	51360	0	
2	 7	 2	 5	sample74	405	1689	514	51360	0	
2	 7	 2	 6	control	1345	2629	1542	66768	0	
2	 7	 3	 1	sample75	526	2068	514	61680	0	
2	 7	 3	 2	sample75	548	2090	514	57054	0	
2	 7	 3	 3	sample75	372	1914	256	61680	0	
2	 7	 3	 4	sample75	218	1760	256	61680	0	
2	 7	 3	 5	sample75	199	1741	256	61680	0	
2	 7	 3	 6	control	386	1670	258	51360	0	
2	 7	 4	 1	sample76	1599	3141	1542	144948	0	
2	 7	 4	 2	sample76	1517	3059	1542	80184	0	
2	 7	 4	 3	sample76	1078	2620	1028	78642	0	
2	 7	 4	 4	sample76	708	2250	770	75558	0	
2	 7	 4	 5	sample76	568	2110	514	29298	0	
2	 7	 4	 6	control	1395	2937	1284	43176	0	
2	 8	 1	 1	sample77	1960	4788	2056	243208	0	
2	 8	 1	 2	sample77	1350	4178	1542	277144	0	
2	 8	 1	 3	sample77	931	3759	1028	254520	0	
2	 8	 1	 4	sample77	862	3690	1028	127260	0	
2	 8	 1	 5	sample77	806	3376	772	115650	0	
2	 8	 1	 6	control	110	2680	0	102800	0	
2	 8	 2	 1	sample78	687	3515	514	113120	0	
2	 8	 2	 2	sample78	372	3200	514	113120	0	
2	 8	 2	 3	sample78	655	3483	514	113120	0	
2	 8	 2	 4	sample78	683	3511	770	149884	0	
2	 8	 2	 5	sample78	462	3290	514	113120	0	
2	 8	 2	 6	control	1670	4498	1798	254520	0	
2	 8	 3	 1	sample79	1593	4935	1542	116970	0	
2	 8	 3	 2	sample79	1185	4269	1028	157284	0	
2	 8	 3	 3	sample79	1077	4161	1028	163452	0	
2	 8	 3	 4	sample79	977	4061	1028	154200	0	
2	 8	 3	 5	sample79	570	3654	514	157284	0	
2	 8	 3	 6	control	289	3117	256	113120	0	
2	 8	 4	 1	sample80	1760	5102	1542	310806	0	
2	 8	 4	 2	sample80	1305	4647	1284	163758	0	
2	 8	 4	 3	sample80	1620	4704	1542	163452	0	
2	 8	 4	 4	sample80	1274	4358	1286	135696	0	
2	 8	 4	 5	sample80	1256	4084	1284	50904	0	
2	 8	 4	 6	control	1074	3902	1028	141400	0	
2	 9	 1	 1	sample81	1203	2745	1028	77100	0	
2	 9	 1	 2	sample81	913	2455	772	75558	0	
2	 9	 1	 3	sample81	693	2235	772	75558	0	
2	 9	 1	 4	sample81	881	2167	770	54012	0	
2	 9	 1	 5	sample81	771	2057	770	38580	0	
2	 9	 1	 6	control	442	1728	514	23148	0	
2	 9	 2	 1	sample82	3235	4777	3342	115650	0	
2	 9	 2	 2	sample82	2511	4053	2570	120276	0	
2	 9	 2	 3	sample82	1559	3101	1800	120276	0	
2	 9	 2	 4	sample82	1218	2504	1028	59156	0	
2	 9	 2	 5	sample82	831	2117	770	48868	0	
2	 9	 2	 6	control	1199	2485	1284	96450	0	
2	 9	 3	 1	sample83	2491	4291	2570	124200	0	
2	 9	 3	 2	sample83	1506	3306	1542	129600	0	
2	 9	 3	 3	sample83	1409	2951	1286	74016	0	
2	 9	 3	 4	sample83	977	2519	772	69390	0	
2	 9	 3	 5	sample83	624	2166	514	61680	0	
2	 9	 3	 6	control	160	1446	256	51440	0	
2	 9	 4	 1	sample84	1844	3644	1798	122400	0	
2	 9	 4	 2	sample84	1217	3017	1284	82800	0	
2	 9	 4	 3	sample84	1444	2986	1286	80184	0	
2	 9	 4	 4	sample84	996	2538	1028	72474	0	
2	 9	 4	 5	sample84	506	2048	514	47802	0	
2	 9	 4	 6	control	839	2381	772	58596	0	
2	 10	 1	 1	sample85	1506	3562	1284	180928	0	
2	 10	 1	 2	sample85	1274	3330	1284	98688	0	
2	 10	 1	 3	sample85	944	3000	770	88408	0	
2	 10	 1	 4	sample85	685	2741	514	98688	0	
2	 10	 1	 5	sample85	559	2615	256	82240	0	
2	 10	 1	 6	control	25.4	2081	0	82240	0	
2	 10	 2	 1	sample86	938	2994	770	100744	0	
2	 10	 2	 2	sample86	616	2672	514	82240	0	
2	 10	 2	 3	sample86	488	2544	256	82240	0	
2	 10	 2	 4	sample86	494	2550	514	82240	0	
2	 10	 2	 5	sample86	372	2428	256	82240	0	
2	 10	 2	 6	control	1267	3323	1028	90464	0	
2	 10	 3	 1	sample87	2234	4290	2312	168592	0	
2	 10	 3	 2	sample87	1598	3654	1542	158312	0	
2	 10	 3	 3	sample87	1232	3288	1284	100744	0	
2	 10	 3	 4	sample87	917	2973	1028	104856	0	
2	 10	 3	 5	sample87	637	2693	514	98688	0	
2	 10	 3	 6	control	192	2248	0	82240	0	
2	 10	 4	 1	sample88	1663	3719	1542	104856	0	
2	 10	 4	 2	sample88	926	2982	1028	98688	0	
2	 10	 4	 3	sample88	783	2839	770	82240	0	
2	 10	 4	 4	sample88	571	2627	514	82240	0	
2	 10	 4	 5	sample88	366	2422	256	82240	0	
2	 10	 4	 6	control	770	2826	770	78128	0	
2	 11	 1	 1	sample89	1114	2656	1028	78642	0	
2	 11	 1	 2	sample89	696	2238	514	78642	0	
2	 11	 1	 3	sample89	605	2147	514	61680	0	
2	 11	 1	 4	sample89	726	2268	772	52428	0	
2	 11	 1	 5	sample89	593	2135	514	35466	0	
2	 11	 1	 6	control	29.1	1571	0	55512	0	
2	 11	 2	 1	sample90	1571	3371	1542	95400	0	
2	 11	 2	 2	sample90	1240	3040	1284	72000	0	
2	 11	 2	 3	sample90	969	2511	772	66306	0	
2	 11	 2	 4	sample90	699	2241	772	60138	0	
2	 11	 2	 5	sample90	679	2221	514	55512	0	
2	 11	 2	 6	control	1219	2761	1286	77100	0	
2	 11	 3	 1	sample91	2324	4124	2056	163800	0	
2	 11	 3	 2	sample91	1566	3366	1798	93600	0	
2	 11	 3	 3	sample91	1230	3030	1284	118800	0	
2	 11	 3	 4	sample91	974	2774	1028	77400	0	
2	 11	 3	 5	sample91	611	2411	514	75600	0	
2	 11	 3	 6	control	309	2109	0	61200	0	
2	 11	 4	 1	sample92	1079	2879	1028	72000	0	
2	 11	 4	 2	sample92	828	2628	770	72000	0	
2	 11	 4	 3	sample92	803	2603	770	86400	0	
2	 11	 4	 4	sample92	738	2538	770	43200	0	
2	 11	 4	 5	sample92	770	2570	770	39600	0	
2	 11	 4	 6	control	1103	2903	1284	43200	0	
2	 12	 1	 1	sample93	611	1639	514	41120	0	
2	 12	 1	 2	sample93	237	1523	256	51440	0	
2	 12	 1	 3	sample93	309	1851	258	61680	0	
2	 12	 1	 4	sample93	556	2356	514	54000	0	
2	 12	 1	 5	sample93	406	2976	258	97660	0	
2	 12	 1	 6	control	436	3520	258	111024	0	
2	 12	 2	 1	sample94	1209	2495	1284	52726	0	
2	 12	 2	 2	sample94	825	2367	772	66306	0	
2	 12	 2	 3	sample94	657	2457	770	90000	0	
2	 12	 2	 4	sample94	619	2675	514	76072	0	
2	 12	 2	 5	sample94	515	3085	514	59110	0	
2	 12	 2	 6	control	1637	4721	1800	117192	0	
2	 12	 3	 1	sample95	1204	2746	1286	106398	0	
2	 12	 3	 2	sample95	855	2397	1028	61680	0	
2	 12	 3	 3	sample95	770	2570	770	63000	0	
2	 12	 3	 4	sample95	431	2487	514	82240	0	
2	 12	 3	 5	sample95	772	3342	772	46260	0	
2	 12	 3	 6	control	249	3591	256	113628	0	
2	 12	 4	 1	sample96	916	2458	1028	24672	0	
2	 12	 4	 2	sample96	706	2248	772	60138	0	
2	 12	 4	 3	sample96	812	2612	770	88200	0	
2	 12	 4	 4	sample96	793	2849	772	74016	0	
2	 12	 4	 5	sample96	329	2899	258	92520	0	
2	 12	 4	 6	control	893	4235	770	140364	0	
3	 1	 1	 1	sample97	1337	2879	1542	141864	0	
3	 1	 1	 2	sample97	1093	2891	1028	86304	0	
3	 1	 1	 3	sample97	1017	3073	1028	96632	0	
3	 1	 1	 4	sample97	889	2945	770	106912	0	
3	 1	 1	 5	sample97	491	2547	514	47288	0	
3	 1	 1	 6	control	89.4	2145	0	82240	0	
3	 1	 2	 1	sample98	1620	3162	1542	95604	0	
3	 1	 2	 2	sample98	1188	2986	1286	142042	0	
3	 1	 2	 3	sample98	648	2446	514	86304	0	
3	 1	 2	 4	sample98	549	2605	514	90464	0	
3	 1	 2	 5	sample98	424	2480	256	82240	0	
3	 1	 2	 6	control	957	3013	770	82240	0	
3	 1	 3	 1	sample99	1210	2752	1284	74016	0	
3	 1	 3	 2	sample99	873	2415	770	77100	0	
3	 1	 3	 3	sample99	431	2229	258	71920	0	
3	 1	 3	 4	sample99	908	2706	772	88102	0	
3	 1	 3	 5	sample99	1400	3456	1284	100744	0	
3	 1	 3	 6	control	25.2	2081	0	82240	0	
3	 1	 4	 1	sample100	1769	3053	1800	98868	0	
3	 1	 4	 2	sample100	1164	2706	1284	121818	0	
3	 1	 4	 3	sample100	955	2497	770	81726	0	
3	 1	 4	 4	sample100	385	1927	514	61680	0	
3	 1	 4	 5	sample100	576	2374	514	89900	0	
3	 1	 4	 6	control	1231	3029	1028	93496	0	
3	 2	 1	 1	sample101	1151	2949	1286	143840	0	
3	 2	 1	 2	sample101	908	2706	772	61132	0	
3	 2	 1	 3	sample101	1137	2935	1028	59334	0	
3	 2	 1	 4	sample101	919	2717	1028	71920	0	
3	 2	 1	 5	sample101	749	2805	770	74016	0	
3	 2	 1	 6	control	160	2216	256	82240	0	
3	 2	 2	 1	sample102	346	1888	256	61680	0	
3	 2	 2	 2	sample102	482	2280	514	71920	0	
3	 2	 2	 3	sample102	309	2107	258	71920	0	
3	 2	 2	 4	sample102	482	2280	514	71920	0	
3	 2	 2	 5	sample102	437	2235	514	71920	0	
3	 2	 2	 6	control	1549	3605	1542	199432	0	
3	 2	 3	 1	sample103	2416	3958	2570	160368	0	
3	 2	 3	 2	sample103	2179	3721	2056	157284	0	
3	 2	 3	 3	sample103	1716	3258	1542	195834	0	
3	 2	 3	 4	sample103	1443	3241	1542	172608	0	
3	 2	 3	 5	sample103	1543	3341	1542	143840	0	
3	 2	 3	 6	control	341	2139	258	71920	0	
3	 2	 4	 1	sample104	1257	2541	1286	116844	0	
3	 2	 4	 2	sample104	1747	3031	1800	69336	0	
3	 2	 4	 3	sample104	584	2126	514	61680	0	
3	 2	 4	 4	sample104	1058	2600	1028	78642	0	
3	 2	 4	 5	sample104	969	2511	1028	74016	0	
3	 2	 4	 6	control	1043	2841	1028	165416	0	
3	 3	 1	 1	sample105	1713	4027	1798	118014	0	
3	 3	 1	 2	sample105	1210	3524	1284	111072	0	
3	 3	 1	 3	sample105	902	3216	770	99502	0	
3	 3	 1	 4	sample105	1068	3124	1028	94576	0	
3	 3	 1	 5	sample105	836	2892	772	82240	0	
3	 3	 1	 6	control	562	2876	514	37024	0	
3	 3	 2	 1	sample106	3495	5809	3340	196690	0	
3	 3	 2	 2	sample106	2659	4973	2570	205946	0	
3	 3	 2	 3	sample106	2143	4199	2314	195320	0	
3	 3	 2	 4	sample106	1814	3870	1800	174760	0	
3	 3	 2	 5	sample106	1370	3426	1286	162424	0	
3	 3	 2	 6	control	1874	3930	1800	197376	0	
3	 3	 3	 1	sample107	3047	5103	2828	180928	0	
3	 3	 3	 2	sample107	1693	4007	1542	219830	0	
3	 3	 3	 3	sample107	1732	3788	1542	108968	0	
3	 3	 3	 4	sample107	1444	3500	1286	96632	0	
3	 3	 3	 5	sample107	1250	3306	1286	90464	0	
3	 3	 3	 6	control	341	2397	258	82240	0	
3	 3	 4	 1	sample108	3199	4999	3084	140400	0	
3	 3	 4	 2	sample108	1859	3915	1542	185040	0	
3	 3	 4	 3	sample108	1843	3899	1800	217936	0	
3	 3	 4	 4	sample108	1283	3339	1286	203544	0	
3	 3	 4	 5	sample108	953	3009	772	90464	0	
3	 3	 4	 6	control	867	2923	772	242608	0	
3	 4	 1	 1	sample109	1751	4579	1798	243208	0	
3	 4	 1	 2	sample109	1388	4216	1542	274316	0	
3	 4	 1	 3	sample109	1040	3868	1028	113120	0	
3	 4	 1	 4	sample109	1120	3690	1028	71960	0	
3	 4	 1	 5	sample109	696	3524	770	127260	0	
3	 4	 1	 6	control	256	3084	256	113120	0	
3	 4	 2	 1	sample110	1681	4509	1542	135744	0	
3	 4	 2	 2	sample110	1499	4069	1542	241580	0	
3	 4	 2	 3	sample110	1356	3926	1286	131070	0	
3	 4	 2	 4	sample110	1132	3702	1028	107940	0	
3	 4	 2	 5	sample110	668	3496	770	141400	0	
3	 4	 2	 6	control	1676	4246	1542	246720	0	
3	 4	 3	 1	sample111	3817	6645	3598	234724	0	
3	 4	 3	 2	sample111	2143	4713	2056	251860	0	
3	 4	 3	 3	sample111	1671	4241	1542	138780	0	
3	 4	 3	 4	sample111	1478	4048	1286	71960	0	
3	 4	 3	 5	sample111	924	3494	1028	95090	0	
3	 4	 3	 6	control	258	2828	258	102800	0	
3	 4	 4	 1	sample112	877	3447	772	131070	0	
3	 4	 4	 2	sample112	989	3303	1028	122642	0	
3	 4	 4	 3	sample112	405	2975	258	102800	0	
3	 4	 4	 4	sample112	811	3381	772	133640	0	
3	 4	 4	 5	sample112	1157	3727	1286	92520	0	
3	 4	 4	 6	control	1103	3673	1028	169620	0	
3	 5	 1	 1	sample113	2797	5625	2826	243208	0	
3	 5	 1	 2	sample113	3274	6102	2826	251692	0	
3	 5	 1	 3	sample113	1752	4580	1798	203616	0	
3	 5	 1	 4	sample113	1256	4340	1286	107940	0	
3	 5	 1	 5	sample113	1151	3979	1028	212100	0	
3	 5	 1	 6	control	507	3335	256	113120	0	
3	 5	 2	 1	sample114	1474	4302	1284	161196	0	
3	 5	 2	 2	sample114	1054	3882	1028	135744	0	
3	 5	 2	 3	sample114	533	3361	514	113120	0	
3	 5	 2	 4	sample114	507	3335	514	104636	0	
3	 5	 2	 5	sample114	720	3290	772	102800	0	
3	 5	 2	 6	control	1481	4309	1284	240380	0	
3	 5	 3	 1	sample115	1390	3960	1028	125930	0	
3	 5	 3	 2	sample115	449	3277	0	113120	0	
3	 5	 3	 3	sample115	475	3303	256	113120	0	
3	 5	 3	 4	sample115	661	3489	514	113120	0	
3	 5	 3	 5	sample115	810	3638	770	110292	0	
3	 5	 3	 6	control	102	2930	0	113120	0	
3	 5	 4	 1	sample116	752	3322	514	102800	0	
3	 5	 4	 2	sample116	8127	10955	4368	67872	0	
3	 5	 4	 3	sample116	456	3284	256	113120	0	
3	 5	 4	 4	sample116	706	3534	770	113120	0	
3	 5	 4	 5	sample116	597	3425	514	113120	0	
3	 5	 4	 6	control	790	3618	770	339360	0	
3	 6	 1	 1	sample117	1848	3648	2056	149400	0	
3	 6	 1	 2	sample117	1747	3547	1798	99000	0	
3	 6	 1	 3	sample117	1195	2995	1284	88200	0	
3	 6	 1	 4	sample117	1060	2860	1028	72000	0	
3	 6	 1	 5	sample117	1009	2809	1028	73800	0	
3	 6	 1	 6	control	123	2179	258	82240	0	
3	 6	 2	 1	sample118	1219	2761	1028	77100	0	
3	 6	 2	 2	sample118	793	2335	772	72474	0	
3	 6	 2	 3	sample118	418	1960	258	61680	0	
3	 6	 2	 4	sample118	921	2463	772	77100	0	
3	 6	 2	 5	sample118	913	2455	772	61680	0	
3	 6	 2	 6	control	1694	3236	1800	123360	0	
3	 6	 3	 1	sample119	1487	3287	1542	136800	0	
3	 6	 3	 2	sample119	785	2585	770	95400	0	
3	 6	 3	 3	sample119	1066	2608	1028	115650	0	
3	 6	 3	 4	sample119	1172	2714	1028	38550	0	
3	 6	 3	 5	sample119	712	2254	514	66306	0	
3	 6	 3	 6	control	457	1999	514	61680	0	
3	 6	 4	 1	sample120	1326	3126	1284	133200	0	
3	 6	 4	 2	sample120	1123	2923	1028	131400	0	
3	 6	 4	 3	sample120	1056	2856	1028	81000	0	
3	 6	 4	 4	sample120	726	2526	770	72000	0	
3	 6	 4	 5	sample120	860	2660	1028	36000	0	
3	 6	 4	 6	control	1463	3005	1286	44718	0	
3	 7	 1	 1	sample121	2097	4153	1542	209712	0	
3	 7	 1	 2	sample121	2011	3811	2056	144000	0	
3	 7	 1	 3	sample121	1316	3116	1028	174600	0	
3	 7	 1	 4	sample121	1268	3068	1284	82800	0	
3	 7	 1	 5	sample121	1149	2949	1028	91800	0	
3	 7	 1	 6	control	250	2050	256	72000	0	
3	 7	 2	 1	sample122	1162	2962	1284	162000	0	
3	 7	 2	 2	sample122	1123	2923	1028	91800	0	
3	 7	 2	 3	sample122	1098	2640	1028	80184	0	
3	 7	 2	 4	sample122	589	2389	514	91800	0	
3	 7	 2	 5	sample122	289	2089	256	72000	0	
3	 7	 2	 6	control	1517	3317	1542	171000	0	
3	 7	 3	 1	sample123	2604	4404	2312	145800	0	
3	 7	 3	 2	sample123	1623	3165	1542	137238	0	
3	 7	 3	 3	sample123	965	2507	772	149574	0	
3	 7	 3	 4	sample123	816	2358	772	61680	0	
3	 7	 3	 5	sample123	684	2226	772	58596	0	
3	 7	 3	 6	control	-5.94	1536	0	61680	0	
3	 7	 4	 1	sample124	2447	4247	2570	127800	0	
3	 7	 4	 2	sample124	1606	3406	1542	149400	0	
3	 7	 4	 3	sample124	1305	3105	1284	198000	0	
3	 7	 4	 4	sample124	1193	2993	1284	86400	0	
3	 7	 4	 5	sample124	4459	6259	3854	127800	0	
3	 7	 4	 6	control	1349	3149	1284	64800	0	
3	 8	 1	 1	sample125	2043	3843	1798	216000	0	
3	 8	 1	 2	sample125	1676	3476	1798	158400	0	
3	 8	 1	 3	sample125	1547	3347	1542	84600	0	
3	 8	 1	 4	sample125	1280	2822	1286	72474	0	
3	 8	 1	 5	sample125	900	2442	1028	61680	0	
3	 8	 1	 6	control	110	1652	0	61680	0	
3	 8	 2	 1	sample126	3519	5319	3340	135000	0	
3	 8	 2	 2	sample126	2732	4274	2570	124902	0	
3	 8	 2	 3	sample126	1795	3337	1800	81726	0	
3	 8	 2	 4	sample126	1058	2600	1028	81726	0	
3	 8	 2	 5	sample126	867	2153	770	51440	0	
3	 8	 2	 6	control	1646	2932	1542	129886	0	
3	 8	 3	 1	sample127	1322	2864	1286	77100	0	
3	 8	 3	 2	sample127	592	2134	514	61680	0	
3	 8	 3	 3	sample127	802	2088	770	42438	0	
3	 8	 3	 4	sample127	745	2031	770	51440	0	
3	 8	 3	 5	sample127	579	1607	514	41120	0	
3	 8	 3	 6	control	19.7	1048	0	41120	0	
3	 8	 4	 1	sample128	1796	3338	1800	131070	0	
3	 8	 4	 2	sample128	1318	2860	1286	72474	0	
3	 8	 4	 3	sample128	1002	2544	1028	75558	0	
3	 8	 4	 4	sample128	732	2274	772	80184	0	
3	 8	 4	 5	sample128	1806	3092	1284	43724	0	
3	 8	 4	 6	control	1062	2348	1028	96450	0	
3	 9	 1	 1	sample129	2539	4595	2314	168592	0	
3	 9	 1	 2	sample129	1383	3439	1542	215880	0	
3	 9	 1	 3	sample129	1239	3295	1286	160368	0	
3	 9	 1	 4	sample129	1191	2991	1028	79200	0	
3	 9	 1	 5	sample129	690	2490	514	86400	0	
3	 9	 1	 6	control	109	1909	0	72000	0	
3	 9	 2	 1	sample130	3604	5404	3340	147600	0	
3	 9	 2	 2	sample130	2590	4390	2312	160200	0	
3	 9	 2	 3	sample130	1619	3419	1542	95400	0	
3	 9	 2	 4	sample130	841	2383	772	63222	0	
3	 9	 2	 5	sample130	984	2526	772	61680	0	
3	 9	 2	 6	control	1181	2723	1286	137238	0	
3	 9	 3	 1	sample131	630	2172	514	61680	0	
3	 9	 3	 2	sample131	572	2114	772	61680	0	
3	 9	 3	 3	sample131	399	1941	258	61680	0	
3	 9	 3	 4	sample131	431	1973	258	61680	0	
3	 9	 3	 5	sample131	450	1992	258	61680	0	
3	 9	 3	 6	control	116	1658	0	61680	0	
3	 9	 4	 1	sample132	2066	3866	2056	135000	0	
3	 9	 4	 2	sample132	1018	2818	1028	189000	0	
3	 9	 4	 3	sample132	1409	3209	1284	174600	0	
3	 9	 4	 4	sample132	1100	2642	1028	66306	0	
3	 9	 4	 5	sample132	833	2375	772	32382	0	
3	 9	 4	 6	control	777	2319	772	134154	0	
3	 10	 1	 1	sample133	1923	3979	1798	182984	0	
3	 10	 1	 2	sample133	1632	3430	1542	129456	0	
3	 10	 1	 3	sample133	1440	3238	1286	80910	0	
3	 10	 1	 4	sample133	1003	2801	1028	73718	0	
3	 10	 1	 5	sample133	748	2546	772	79112	0	
3	 10	 1	 6	control	155	1953	0	71920	0	
3	 10	 2	 1	sample134	900	2698	772	89900	0	
3	 10	 2	 2	sample134	865	2663	1028	79112	0	
3	 10	 2	 3	sample134	444	2242	258	71920	0	
3	 10	 2	 4	sample134	380	2178	258	71920	0	
3	 10	 2	 5	sample134	915	2457	770	63222	0	
3	 10	 2	 6	control	1552	3094	1542	74016	0	
3	 10	 3	 1	sample135	1837	3635	1800	172608	0	
3	 10	 3	 2	sample135	1509	3307	1542	95294	0	
3	 10	 3	 3	sample135	1002	2544	770	77100	0	
3	 10	 3	 4	sample135	765	2307	770	70932	0	
3	 10	 3	 5	sample135	520	2062	514	61680	0	
3	 10	 3	 6	control	463	1747	258	51360	0	
3	 10	 4	 1	sample136	1423	3221	1286	154628	0	
3	 10	 4	 2	sample136	1397	3195	1542	120466	0	
3	 10	 4	 3	sample136	900	2698	772	71920	0	
3	 10	 4	 4	sample136	877	2675	772	91698	0	
3	 10	 4	 5	sample136	944	2486	1028	61680	0	
3	 10	 4	 6	control	986	2528	1028	115650	0	
3	 11	 1	 1	sample137	1507	3305	1542	167214	0	
3	 11	 1	 2	sample137	605	2403	514	86304	0	
3	 11	 1	 3	sample137	831	2629	772	77314	0	
3	 11	 1	 4	sample137	855	2397	770	80184	0	
3	 11	 1	 5	sample137	578	2120	514	61680	0	
3	 11	 1	 6	control	148	1946	0	71920	0	
3	 11	 2	 1	sample138	1058	2856	1028	93496	0	
3	 11	 2	 2	sample138	766	2564	772	89900	0	
3	 11	 2	 3	sample138	699	2241	770	77100	0	
3	 11	 2	 4	sample138	526	2068	514	61680	0	
3	 11	 2	 5	sample138	494	2036	514	61680	0	
3	 11	 2	 6	control	1136	2678	1028	138780	0	
3	 11	 3	 1	sample139	908	2192	772	60348	0	
3	 11	 3	 2	sample139	359	1901	256	61680	0	
3	 11	 3	 3	sample139	141	1683	0	61680	0	
3	 11	 3	 4	sample139	529	2071	514	75558	0	
3	 11	 3	 5	sample139	455	1997	514	53970	0	
3	 11	 3	 6	control	134	1676	0	61680	0	
3	 11	 4	 1	sample140	853	2395	770	195834	0	
3	 11	 4	 2	sample140	776	2318	770	78642	0	
3	 11	 4	 3	sample140	591	2133	514	61680	0	
3	 11	 4	 4	sample140	531	2073	514	67848	0	
3	 11	 4	 5	sample140	346	1888	256	61680	0	
3	 11	 4	 6	control	779	2321	770	47802	0	
3	 12	 1	 1	sample141	1102	2644	1284	148032	0	
3	 12	 1	 2	sample141	904	2446	1028	77100	0	
3	 12	 1	 3	sample141	810	2608	772	71920	0	
3	 12	 1	 4	sample141	932	2730	772	86304	0	
3	 12	 1	 5	sample141	1062	3632	1028	38550	0	
3	 12	 1	 6	control	308	3392	256	123360	0	
3	 12	 2	 1	sample142	2110	3394	1800	111708	0	
3	 12	 2	 2	sample142	1560	2844	1286	112992	0	
3	 12	 2	 3	sample142	1099	2641	1028	72474	0	
3	 12	 2	 4	sample142	803	2601	772	88102	0	
3	 12	 2	 5	sample142	737	3049	772	120224	0	
3	 12	 2	 6	control	1142	4226	1028	144948	0	
3	 12	 3	 1	sample143	2193	3477	2314	106572	0	
3	 12	 3	 2	sample143	1495	2779	1542	130968	0	
3	 12	 3	 3	sample143	1285	2827	1284	121818	0	
3	 12	 3	 4	sample143	908	2706	1028	84506	0	
3	 12	 3	 5	sample143	888	2944	770	98688	0	
3	 12	 3	 6	control	148	2974	258	113040	0	
3	 12	 4	 1	sample144	456	1484	514	37008	0	
3	 12	 4	 2	sample144	417	1445	514	41120	0	
3	 12	 4	 3	sample144	495	1779	514	51360	0	
3	 12	 4	 4	sample144	591	2133	514	61680	0	
3	 12	 4	 5	sample144	501	2813	514	87856	0	
3	 12	 4	 6	control	982	3808	1028	110214	0	
4	 1	 1	 1	sample145	1551	3093	1542	124902	0	
4	 1	 1	 2	sample145	1623	3165	1542	67848	0	
4	 1	 1	 3	sample145	1010	2552	1028	111024	0	
4	 1	 1	 4	sample145	950	2492	1028	66306	0	
4	 1	 1	 5	sample145	594	2136	514	78642	0	
4	 1	 1	 6	control	269	1811	256	61680	0	
4	 1	 2	 1	sample146	1067	2865	1028	35960	0	
4	 1	 2	 2	sample146	846	2388	770	78642	0	
4	 1	 2	 3	sample146	876	2418	770	78642	0	
4	 1	 2	 4	sample146	6.85	1805	0	71920	0	
4	 1	 2	 5	sample146	295	1837	256	61680	0	
4	 1	 2	 6	control	957	2755	1028	84506	0	
4	 1	 3	 1	sample147	1002	3058	1028	82240	0	
4	 1	 3	 2	sample147	720	2518	772	71920	0	
4	 1	 3	 3	sample147	476	2274	514	35960	0	
4	 1	 3	 4	sample147	453	2251	514	75516	0	
4	 1	 3	 5	sample147	547	2345	514	71920	0	
4	 1	 3	 6	control	193	1991	0	71920	0	
4	 1	 4	 1	sample148	1137	3449	772	43928	0	
4	 1	 4	 2	sample148	887	2685	772	35960	0	
4	 1	 4	 3	sample148	1029	2827	1028	55738	0	
4	 1	 4	 4	sample148	341	2139	258	71920	0	
4	 1	 4	 5	sample148	315	2113	258	71920	0	
4	 1	 4	 6	control	818	2616	772	79112	0	
4	 2	 1	 1	sample149	963	2761	1028	77314	0	
4	 2	 1	 2	sample149	919	2717	772	84506	0	
4	 2	 1	 3	sample149	755	2811	770	98688	0	
4	 2	 1	 4	sample149	938	2994	1028	88408	0	
4	 2	 1	 5	sample149	470	2782	514	92480	0	
4	 2	 1	 6	control	348	2660	258	92480	0	
4	 2	 2	 1	sample150	1028	2826	1028	91698	0	
4	 2	 2	 2	sample150	965	2763	1028	131254	0	
4	 2	 2	 3	sample150	595	2651	514	90464	0	
4	 2	 2	 4	sample150	785	2841	770	108968	0	
4	 2	 2	 5	sample150	335	2647	258	92480	0	
4	 2	 2	 6	control	1209	3521	1028	108664	0	
4	 2	 3	 1	sample151	1382	3180	1286	57536	0	
4	 2	 3	 2	sample151	776	2832	770	102800	0	
4	 2	 3	 3	sample151	656	2712	770	78128	0	
4	 2	 3	 4	sample151	552	2608	514	82240	0	
4	 2	 3	 5	sample151	436	2748	514	83232	0	
4	 2	 3	 6	control	232	2544	258	92480	0	
4	 2	 4	 1	sample152	1923	3979	1798	152144	0	
4	 2	 4	 2	sample152	1507	3563	1542	166536	0	
4	 2	 4	 3	sample152	1522	3578	1542	108968	0	
4	 2	 4	 4	sample152	1133	3445	1286	97104	0	
4	 2	 4	 5	sample152	791	3103	772	92480	0	
4	 2	 4	 6	control	963	3275	1028	108664	0	
4	 3	 1	 1	sample153	1741	3283	1542	155742	0	
4	 3	 1	 2	sample153	1285	3085	1028	176400	0	
4	 3	 1	 3	sample153	1226	3026	1284	86400	0	
4	 3	 1	 4	sample153	1172	2714	1286	80184	0	
4	 3	 1	 5	sample153	900	2442	1028	74016	0	
4	 3	 1	 6	control	136	1678	258	61680	0	
4	 3	 2	 1	sample154	1453	2995	1286	132612	0	
4	 3	 2	 2	sample154	1233	2775	1286	75558	0	
4	 3	 2	 3	sample154	1165	2707	1028	75558	0	
4	 3	 2	 4	sample154	883	2425	772	70932	0	
4	 3	 2	 5	sample154	756	2298	772	77100	0	
4	 3	 2	 6	control	3591	5133	3598	111024	0	
4	 3	 3	 1	sample155	475	2017	514	69390	0	
4	 3	 3	 2	sample155	341	1883	258	61680	0	
4	 3	 3	 3	sample155	264	1806	258	61680	0	
4	 3	 3	 4	sample155	495	2037	514	61680	0	
4	 3	 3	 5	sample155	643	2185	514	61680	0	
4	 3	 3	 6	control	232	1774	258	61680	0	
4	 3	 4	 1	sample156	1373	2915	1286	58596	0	
4	 3	 4	 2	sample156	1170	2712	1286	75558	0	
4	 3	 4	 3	sample156	797	2339	772	78642	0	
4	 3	 4	 4	sample156	970	2512	772	81726	0	
4	 3	 4	 5	sample156	658	2200	514	77100	0	
4	 3	 4	 6	control	809	2351	772	137238	0	
4	 4	 1	 1	sample157	809	2351	770	61680	0	
4	 4	 1	 2	sample157	727	2011	772	51360	0	
4	 4	 1	 3	sample157	642	2184	770	61680	0	
4	 4	 1	 4	sample157	800	2342	770	66306	0	
4	 4	 1	 5	sample157	675	2217	514	66306	0	
4	 4	 1	 6	control	167	1709	0	61680	0	
4	 4	 2	 1	sample158	2302	3844	2056	112566	0	
4	 4	 2	 2	sample158	1814	3356	1798	75558	0	
4	 4	 2	 3	sample158	1351	2893	1284	101772	0	
4	 4	 2	 4	sample158	1028	2570	1028	70932	0	
4	 4	 2	 5	sample158	788	2330	770	69390	0	
4	 4	 2	 6	control	1323	2865	1284	123360	0	
4	 4	 3	 1	sample159	1440	2982	1542	124902	0	
4	 4	 3	 2	sample159	1186	2728	1284	120276	0	
4	 4	 3	 3	sample159	1139	2681	1028	70932	0	
4	 4	 3	 4	sample159	1209	2751	1028	52428	0	
4	 4	 3	 5	sample159	994	2536	1028	47802	0	
4	 4	 3	 6	control	308	1850	256	61680	0	
4	 4	 4	 1	sample160	921	2205	772	55212	0	
4	 4	 4	 2	sample160	1000	2284	1028	57780	0	
4	 4	 4	 3	sample160	624	1908	772	51360	0	
4	 4	 4	 4	sample160	771	2313	770	52428	0	
4	 4	 4	 5	sample160	792	2334	770	37008	0	
4	 4	 4	 6	control	983	2525	1028	61680	0	
4	 5	 1	 1	sample161	1505	3047	1542	154200	0	
4	 5	 1	 2	sample161	1146	2688	1284	154200	0	
4	 5	 1	 3	sample161	1253	2795	1284	75558	0	
4	 5	 1	 4	sample161	1068	2610	1028	69390	0	
4	 5	 1	 5	sample161	636	2178	770	61680	0	
4	 5	 1	 6	control	282	1824	256	61680	0	
4	 5	 2	 1	sample162	1884	3426	2056	115650	0	
4	 5	 2	 2	sample162	1319	2861	1284	126444	0	
4	 5	 2	 3	sample162	1196	2738	1028	80184	0	
4	 5	 2	 4	sample162	880	2422	770	72474	0	
4	 5	 2	 5	sample162	906	2448	1028	61680	0	
4	 5	 2	 6	control	1660	3202	1542	80184	0	
4	 5	 3	 1	sample163	3266	4808	2826	132612	0	
4	 5	 3	 2	sample163	1632	3430	1542	179800	0	
4	 5	 3	 3	sample163	1424	3222	1286	89900	0	
4	 5	 3	 4	sample163	979	2777	1028	140244	0	
4	 5	 3	 5	sample163	945	2743	1028	77314	0	
4	 5	 3	 6	control	289	1831	256	61680	0	
4	 5	 4	 1	sample164	1882	3166	2056	100152	0	
4	 5	 4	 2	sample164	1555	2839	1542	104004	0	
4	 5	 4	 3	sample164	1339	2623	1286	61632	0	
4	 5	 4	 4	sample164	1254	2538	1286	62916	0	
4	 5	 4	 5	sample164	1162	2446	1286	64200	0	
4	 5	 4	 6	control	1261	2545	1286	95016	0	
4	 6	 1	 1	sample165	1862	3662	1798	95400	0	
4	 6	 1	 2	sample165	1352	3152	1284	95400	0	
4	 6	 1	 3	sample165	890	2690	770	73800	0	
4	 6	 1	 4	sample165	754	2554	770	57600	0	
4	 6	 1	 5	sample165	526	2326	514	72000	0	
4	 6	 1	 6	control	102	1902	0	72000	0	
4	 6	 2	 1	sample166	3089	4889	3084	169200	0	
4	 6	 2	 2	sample166	2081	3881	2056	144000	0	
4	 6	 2	 3	sample166	1609	3409	1542	68400	0	
4	 6	 2	 4	sample166	1083	2883	1028	66600	0	
4	 6	 2	 5	sample166	837	2637	770	63000	0	
4	 6	 2	 6	control	1459	3259	1284	172800	0	
4	 6	 3	 1	sample167	1816	3872	1542	195320	0	
4	 6	 3	 2	sample167	1547	3603	1542	108968	0	
4	 6	 3	 3	sample167	857	2913	772	98688	0	
4	 6	 3	 4	sample167	836	2636	770	63000	0	
4	 6	 3	 5	sample167	636	2436	514	72000	0	
4	 6	 3	 6	control	129	2185	0	82240	0	
4	 6	 4	 1	sample168	2553	4095	2314	114108	0	
4	 6	 4	 2	sample168	1298	2840	1028	220506	0	
4	 6	 4	 3	sample168	1597	3139	1286	80184	0	
4	 6	 4	 4	sample168	1268	2810	1028	66306	0	
4	 6	 4	 5	sample168	1092	2892	1284	21600	0	
4	 6	 4	 6	control	1245	3045	1284	82800	0	
4	 7	 1	 1	sample169	2421	4221	2312	140400	0	
4	 7	 1	 2	sample169	2030	3830	2056	124200	0	
4	 7	 1	 3	sample169	1429	3229	1542	115200	0	
4	 7	 1	 4	sample169	973	2773	1028	68400	0	
4	 7	 1	 5	sample169	567	2367	514	77400	0	
4	 7	 1	 6	control	-13.34	1787	0	72000	0	
4	 7	 2	 1	sample170	2471	4271	2312	149400	0	
4	 7	 2	 2	sample170	1954	3754	1798	163800	0	
4	 7	 2	 3	sample170	1682	3482	1798	95400	0	
4	 7	 2	 4	sample170	930	2730	1028	75600	0	
4	 7	 2	 5	sample170	741	2541	770	46800	0	
4	 7	 2	 6	control	1322	3122	1284	174600	0	
4	 7	 3	 1	sample171	2168	3968	2056	156600	0	
4	 7	 3	 2	sample171	1698	3754	1800	108968	0	
4	 7	 3	 3	sample171	1246	3046	1284	72000	0	
4	 7	 3	 4	sample171	796	2596	770	90000	0	
4	 7	 3	 5	sample171	502	2302	514	77400	0	
4	 7	 3	 6	control	335	2135	256	64800	0	
4	 7	 4	 1	sample172	1644	3444	1798	81000	0	
4	 7	 4	 2	sample172	1138	2938	1028	91800	0	
4	 7	 4	 3	sample172	816	2616	770	91800	0	
4	 7	 4	 4	sample172	744	2544	770	86400	0	
4	 7	 4	 5	sample172	539	2339	514	72000	0	
4	 7	 4	 6	control	1120	2920	1028	64800	0	
4	 8	 1	 1	sample173	2544	4086	2826	124902	0	
4	 8	 1	 2	sample173	1864	3148	1800	121980	0	
4	 8	 1	 3	sample173	1632	2916	1800	92448	0	
4	 8	 1	 4	sample173	1713	2997	1800	87312	0	
4	 8	 1	 5	sample173	1086	2370	1028	51360	0	
4	 8	 1	 6	control	-25.29	1259	0	51360	0	
4	 8	 2	 1	sample174	1638	3180	1542	81726	0	
4	 8	 2	 2	sample174	1439	2723	1286	66768	0	
4	 8	 2	 3	sample174	791	2333	514	77100	0	
4	 8	 2	 4	sample174	576	2118	514	69390	0	
4	 8	 2	 5	sample174	562	1846	514	55212	0	
4	 8	 2	 6	control	1391	2675	1286	56496	0	
4	 8	 3	 1	sample175	1901	3443	1798	143406	0	
4	 8	 3	 2	sample175	1330	2872	1284	78642	0	
4	 8	 3	 3	sample175	785	2327	770	80184	0	
4	 8	 3	 4	sample175	667	2209	514	72474	0	
4	 8	 3	 5	sample175	430	1972	256	61680	0	
4	 8	 3	 6	control	400	1684	258	46224	0	
4	 8	 4	 1	sample176	1150	2692	1284	70932	0	
4	 8	 4	 2	sample176	1082	2624	1028	72474	0	
4	 8	 4	 3	sample176	359	1901	256	61680	0	
4	 8	 4	 4	sample176	226	2024	258	71920	0	
4	 8	 4	 5	sample176	672	2214	514	52428	0	
4	 8	 4	 6	control	1162	2704	1028	70932	0	
4	 9	 1	 1	sample177	1339	2881	1284	80184	0	
4	 9	 1	 2	sample177	721	2263	770	80184	0	
4	 9	 1	 3	sample177	670	2212	770	70932	0	
4	 9	 1	 4	sample177	438	1980	514	67848	0	
4	 9	 1	 5	sample177	580	1864	514	55212	0	
4	 9	 1	 6	control	-90.34	1452	0	61680	0	
4	 9	 2	 1	sample178	1689	3231	1542	115650	0	
4	 9	 2	 2	sample178	1595	3137	1542	81726	0	
4	 9	 2	 3	sample178	907	2449	770	78642	0	
4	 9	 2	 4	sample178	411	1953	514	61680	0	
4	 9	 2	 5	sample178	530	2072	514	74016	0	
4	 9	 2	 6	control	917	2459	770	154200	0	
4	 9	 3	 1	sample179	1013	2811	1028	89900	0	
4	 9	 3	 2	sample179	1058	2856	772	95294	0	
4	 9	 3	 3	sample179	476	2274	514	71920	0	
4	 9	 3	 4	sample179	913	2711	772	91698	0	
4	 9	 3	 5	sample179	679	2477	772	89900	0	
4	 9	 3	 6	control	404	1946	256	61680	0	
4	 9	 4	 1	sample180	1481	3279	1542	149234	0	
4	 9	 4	 2	sample180	1762	3560	1800	86304	0	
4	 9	 4	 3	sample180	1029	2827	1028	91698	0	
4	 9	 4	 4	sample180	935	2733	1028	93496	0	
4	 9	 4	 5	sample180	581	2379	514	89900	0	
4	 9	 4	 6	control	872	2670	772	161820	0	
4	 10	 1	 1	sample181	1532	3074	1284	126444	0	
4	 10	 1	 2	sample181	1483	3025	1542	107940	0	
4	 10	 1	 3	sample181	928	2470	1028	95604	0	
4	 10	 1	 4	sample181	854	2138	772	100152	0	
4	 10	 1	 5	sample181	808	2092	772	44940	0	
4	 10	 1	 6	control	213	1497	0	51360	0	
4	 10	 2	 1	sample182	1210	2494	1286	56496	0	
4	 10	 2	 2	sample182	1096	2380	1028	53928	0	
4	 10	 2	 3	sample182	752	2036	772	51360	0	
4	 10	 2	 4	sample182	450	1734	514	51360	0	
4	 10	 2	 5	sample182	648	1932	514	34668	0	
4	 10	 2	 6	control	1014	2042	1028	76072	0	
4	 10	 3	 1	sample183	2601	4143	2826	112566	0	
4	 10	 3	 2	sample183	1596	3138	1542	115650	0	
4	 10	 3	 3	sample183	1396	2680	1286	83460	0	
4	 10	 3	 4	sample183	1468	2752	1286	39804	0	
4	 10	 3	 5	sample183	547	1831	514	50076	0	
4	 10	 3	 6	control	135	1419	0	51360	0	
4	 10	 4	 1	sample184	1655	3453	1800	131254	0	
4	 10	 4	 2	sample184	1415	2957	1284	103314	0	
4	 10	 4	 3	sample184	1299	2841	1284	78642	0	
4	 10	 4	 4	sample184	966	2508	1028	77100	0	
4	 10	 4	 5	sample184	669	2211	514	66306	0	
4	 10	 4	 6	control	858	2400	770	77100	0	
4	 11	 1	 1	sample185	1103	2901	1028	68324	0	
4	 11	 1	 2	sample185	605	2403	514	66526	0	
4	 11	 1	 3	sample185	705	2247	770	72474	0	
4	 11	 1	 4	sample185	603	2145	514	66306	0	
4	 11	 1	 5	sample185	619	1903	514	41088	0	
4	 11	 1	 6	control	141	1683	256	61680	0	
4	 11	 2	 1	sample186	1758	3300	1798	97146	0	
4	 11	 2	 2	sample186	1237	2779	1284	124902	0	
4	 11	 2	 3	sample186	884	2168	1028	61632	0	
4	 11	 2	 4	sample186	532	1816	514	55212	0	
4	 11	 2	 5	sample186	449	1733	514	55212	0	
4	 11	 2	 6	control	752	2036	772	34668	0	
4	 11	 3	 1	sample187	1249	3047	1028	75516	0	
4	 11	 3	 2	sample187	1062	2604	1028	46260	0	
4	 11	 3	 3	sample187	628	2170	514	69390	0	
4	 11	 3	 4	sample187	772	2056	772	52644	0	
4	 11	 3	 5	sample187	450	1734	258	51360	0	
4	 11	 3	 6	control	-31.74	1252	0	51360	0	
4	 11	 4	 1	sample188	1704	3760	1542	78128	0	
4	 11	 4	 2	sample188	1307	3105	1286	84506	0	
4	 11	 4	 3	sample188	857	2655	772	86304	0	
4	 11	 4	 4	sample188	671	2469	772	91698	0	
4	 11	 4	 5	sample188	716	2258	514	72474	0	
4	 11	 4	 6	control	742	2284	770	69390	0	
4	 12	 1	 1	sample189	860	3174	770	120328	0	
4	 12	 1	 2	sample189	462	2776	514	92560	0	
4	 12	 1	 3	sample189	380	2950	514	102800	0	
4	 12	 1	 4	sample189	534	3104	514	102800	0	
4	 12	 1	 5	sample189	264	3348	258	123360	0	
4	 12	 1	 6	control	129	3727	0	143920	0	
4	 12	 2	 1	sample190	515	2571	514	82240	0	
4	 12	 2	 2	sample190	630	2686	514	100744	0	
4	 12	 2	 3	sample190	783	3097	770	92560	0	
4	 12	 2	 4	sample190	238	2808	258	102800	0	
4	 12	 2	 5	sample190	436	3264	256	113120	0	
4	 12	 2	 6	control	668	4010	514	133680	0	
4	 12	 3	 1	sample191	1260	3316	1286	84296	0	
4	 12	 3	 2	sample191	919	2975	772	82240	0	
4	 12	 3	 3	sample191	697	3011	514	48594	0	
4	 12	 3	 4	sample191	90.5	2661	0	102800	0	
4	 12	 3	 5	sample191	4815	7643	3598	53732	0	
4	 12	 3	 6	control	399	3483	258	123360	0	
4	 12	 4	 1	sample192	751	3065	514	92560	0	
4	 12	 4	 2	sample192	601	2915	514	94874	0	
4	 12	 4	 3	sample192	771	3085	770	46280	0	
4	 12	 4	 4	sample192	514	3084	514	43690	0	
4	 12	 4	 5	sample192	444	3014	258	102800	0	
4	 12	 4	 6	control	405	3489	258	123360	0	
