MicroVigene	 Version	 2650
Culture	en-US
8/16/2006 10:21:42 AM
Roi Row	 4	 Roi Col	 12	 Main Row	 4	 Main Col	 6	 Sub Row	 1	 Sub Col	 1
Main Row	 Main Col	 Sub Row	 Sub Col	  GeneID	mean_net	 mean_total	 median_net	 vol_bkg	 vol_dust	 
1	 1	 1	 1	sample1	3491	6355	3886	220528	0	
1	 1	 1	 2	sample1	2604	5274	2820	210930	0	
1	 1	 1	 3	sample1	2195	4779	2402	175712	0	
1	 1	 1	 4	sample1	2104	4620	1960	110704	0	
1	 1	 1	 5	sample1	1381	3893	1210	118064	0	
1	 1	 1	 6	control	462	2974	96	100480	0	
1	 1	 2	 1	sample2	5413	7711	5754	176946	0	
1	 1	 2	 2	sample2	4844	7090	5554	166204	0	
1	 1	 2	 3	sample2	3787	5933	4266	171680	0	
1	 1	 2	 4	sample2	3193	5237	3450	151256	0	
1	 1	 2	 5	sample2	2585	4583	2630	101898	0	
1	 1	 2	 6	control	3186	5224	3228	154888	0	
1	 1	 3	 1	sample3	7393	9345	8168	132736	0	
1	 1	 3	 2	sample3	6125	8063	6892	149226	0	
1	 1	 3	 3	sample3	5726	7602	6196	144452	0	
1	 1	 3	 4	sample3	4493	6267	4832	118858	0	
1	 1	 3	 5	sample3	3085	4837	3302	143664	0	
1	 1	 3	 6	control	416	2178	184	70480	0	
1	 1	 4	 1	sample4	5148	6800	5878	142072	0	
1	 1	 4	 2	sample4	4581	6159	5116	116772	0	
1	 1	 4	 3	sample4	3954	5470	4278	121280	0	
1	 1	 4	 4	sample4	2834	4384	3098	117800	0	
1	 1	 4	 5	sample4	2519	3949	2342	52910	0	
1	 1	 4	 6	control	2441	3829	2300	79116	0	
1	 2	 1	 1	sample5	6700	10558	6854	347220	0	
1	 2	 1	 2	sample5	5123	8867	5442	307008	0	
1	 2	 1	 3	sample5	3918	7620	4394	310968	0	
1	 2	 1	 4	sample5	2516	6244	2786	313152	0	
1	 2	 1	 5	sample5	2098	5808	2420	252280	0	
1	 2	 1	 6	control	1051	4783	1138	82104	0	
1	 2	 2	 1	sample6	4390	7824	4644	264418	0	
1	 2	 2	 2	sample6	3095	6473	3392	256728	0	
1	 2	 2	 3	sample6	2887	6249	3108	268960	0	
1	 2	 2	 4	sample6	2676	5968	2922	296280	0	
1	 2	 2	 5	sample6	2318	5526	2382	253432	0	
1	 2	 2	 6	control	2745	6007	2932	332724	0	
1	 2	 3	 1	sample7	7089	10267	7322	254240	0	
1	 2	 3	 2	sample7	5226	8396	5334	234580	0	
1	 2	 3	 3	sample7	4097	7281	4164	238800	0	
1	 2	 3	 4	sample7	2557	5735	2742	200214	0	
1	 2	 3	 5	sample7	2062	5098	2146	251988	0	
1	 2	 3	 6	control	444	3562	332	124720	0	
1	 2	 4	 1	sample8	6990	9830	7082	241400	0	
1	 2	 4	 2	sample8	5034	7944	5012	224070	0	
1	 2	 4	 3	sample8	3218	6132	2554	311798	0	
1	 2	 4	 4	sample8	2454	5252	2350	246224	0	
1	 2	 4	 5	sample8	1723	4481	1682	270284	0	
1	 2	 4	 6	control	3327	6175	3676	193664	0	
1	 3	 1	 1	sample9	5384	9120	6002	306352	0	
1	 3	 1	 2	sample9	4713	8581	5052	270760	0	
1	 3	 1	 3	sample9	4068	7948	4630	252200	0	
1	 3	 1	 4	sample9	3444	7216	3690	245180	0	
1	 3	 1	 5	sample9	2305	6093	2420	253796	0	
1	 3	 1	 6	control	399	4185	362	151440	0	
1	 3	 2	 1	sample10	5928	9366	5658	247536	0	
1	 3	 2	 2	sample10	5891	9473	6752	229248	0	
1	 3	 2	 3	sample10	4731	8227	5110	234232	0	
1	 3	 2	 4	sample10	3028	6548	3056	253440	0	
1	 3	 2	 5	sample10	2525	5961	2800	216468	0	
1	 3	 2	 6	control	3138	6562	3066	236256	0	
1	 3	 3	 1	sample11	5024	8166	4736	216798	0	
1	 3	 3	 2	sample11	3636	6830	3828	229968	0	
1	 3	 3	 3	sample11	2682	5828	2570	223366	0	
1	 3	 3	 4	sample11	2039	5197	2196	151584	0	
1	 3	 3	 5	sample11	1372	4436	1398	144008	0	
1	 3	 3	 6	control	458	3536	344	123120	0	
1	 3	 4	 1	sample12	7633	10673	8402	221920	0	
1	 3	 4	 2	sample12	6196	9206	6810	195650	0	
1	 3	 4	 3	sample12	4270	7222	4860	206640	0	
1	 3	 4	 4	sample12	3049	5895	3218	187836	0	
1	 3	 4	 5	sample12	1661	4503	1340	207466	0	
1	 3	 4	 6	control	3103	5941	3232	150414	0	
1	 4	 1	 1	sample13	8221	10779	7976	222546	0	
1	 4	 1	 2	sample13	6766	9358	7544	217728	0	
1	 4	 1	 3	sample13	4656	7256	5108	210600	0	
1	 4	 1	 4	sample13	3191	5643	3376	205968	0	
1	 4	 1	 5	sample13	2196	4652	2392	162096	0	
1	 4	 1	 6	control	514	3014	398	100000	0	
1	 4	 2	 1	sample14	4697	6969	5030	197664	0	
1	 4	 2	 2	sample14	3869	6115	4126	190910	0	
1	 4	 2	 3	sample14	3125	5397	3330	195392	0	
1	 4	 2	 4	sample14	2775	4957	2974	176742	0	
1	 4	 2	 5	sample14	2253	4359	2358	179010	0	
1	 4	 2	 6	control	2850	5050	2856	173800	0	
1	 4	 3	 1	sample15	2670	4632	2864	149112	0	
1	 4	 3	 2	sample15	2084	4038	2268	142642	0	
1	 4	 3	 3	sample15	1807	3743	2050	141328	0	
1	 4	 3	 4	sample15	1437	3377	1460	77600	0	
1	 4	 3	 5	sample15	1136	2986	1182	74000	0	
1	 4	 3	 6	control	635	2565	538	77200	0	
1	 4	 4	 1	sample16	6111	7705	5602	132302	0	
1	 4	 4	 2	sample16	3476	5176	3192	134300	0	
1	 4	 4	 3	sample16	2898	4516	2694	124586	0	
1	 4	 4	 4	sample16	1842	3418	1688	126080	0	
1	 4	 4	 5	sample16	1245	2899	1216	117434	0	
1	 4	 4	 6	control	2729	4401	2694	113696	0	
1	 5	 1	 1	sample17	4470	7146	4628	224784	0	
1	 5	 1	 2	sample17	3108	5740	3322	231616	0	
1	 5	 1	 3	sample17	2346	5006	2356	247380	0	
1	 5	 1	 4	sample17	2239	4893	2288	230898	0	
1	 5	 1	 5	sample17	1645	4445	1644	142800	0	
1	 5	 1	 6	control	257	3157	148	116000	0	
1	 5	 2	 1	sample18	4445	6835	4272	207930	0	
1	 5	 2	 2	sample18	4493	6975	4538	188632	0	
1	 5	 2	 3	sample18	3222	5624	3068	225788	0	
1	 5	 2	 4	sample18	2064	4464	1910	256800	0	
1	 5	 2	 5	sample18	1961	4501	1952	134620	0	
1	 5	 2	 6	control	2794	5278	2882	218592	0	
1	 5	 3	 1	sample19	8270	10514	8034	112200	0	
1	 5	 3	 2	sample19	6665	8877	6996	117236	0	
1	 5	 3	 3	sample19	4425	6565	4542	175480	0	
1	 5	 3	 4	sample19	3180	5290	3460	158250	0	
1	 5	 3	 5	sample19	2336	4466	2278	219390	0	
1	 5	 3	 6	control	282	2400	174	84720	0	
1	 5	 4	 1	sample20	6217	8079	5360	188062	0	
1	 5	 4	 2	sample20	4437	6311	4236	172408	0	
1	 5	 4	 3	sample20	3062	4986	2714	167388	0	
1	 5	 4	 4	sample20	2063	3963	2000	167200	0	
1	 5	 4	 5	sample20	1676	3650	1600	138180	0	
1	 5	 4	 6	control	2448	4444	2412	151696	0	
1	 6	 1	 1	sample21	5379	7547	5084	214632	0	
1	 6	 1	 2	sample21	4621	6627	4708	154462	0	
1	 6	 1	 3	sample21	3244	5104	3116	146940	0	
1	 6	 1	 4	sample21	2193	4013	2296	149240	0	
1	 6	 1	 5	sample21	1376	3288	1484	158696	0	
1	 6	 1	 6	control	405	2369	454	78560	0	
1	 6	 2	 1	sample22	5423	7137	5446	137120	0	
1	 6	 2	 2	sample22	5560	7300	5938	135720	0	
1	 6	 2	 3	sample22	4572	6176	4638	128320	0	
1	 6	 2	 4	sample22	3440	5020	3590	120080	0	
1	 6	 2	 5	sample22	2390	3924	2524	144196	0	
1	 6	 2	 6	control	2997	4657	3136	129480	0	
1	 6	 3	 1	sample23	2492	3940	2548	124528	0	
1	 6	 3	 2	sample23	2170	3526	2314	109836	0	
1	 6	 3	 3	sample23	1861	3155	2048	97050	0	
1	 6	 3	 4	sample23	1439	2683	1354	49760	0	
1	 6	 3	 5	sample23	949	2169	824	48800	0	
1	 6	 3	 6	control	271	1519	206	49920	0	
1	 6	 4	 1	sample24	4352	5536	4818	103008	0	
1	 6	 4	 2	sample24	3294	4468	3578	91572	0	
1	 6	 4	 3	sample24	2451	3571	2644	88480	0	
1	 6	 4	 4	sample24	1463	2479	1450	90424	0	
1	 6	 4	 5	sample24	1126	2142	1126	75184	0	
1	 6	 4	 6	control	2223	3211	2182	83980	0	
1	 7	 1	 1	sample25	7733	10051	7918	203984	0	
1	 7	 1	 2	sample25	6098	8212	6362	186032	0	
1	 7	 1	 3	sample25	4495	6663	4662	184280	0	
1	 7	 1	 4	sample25	3257	5397	3304	171200	0	
1	 7	 1	 5	sample25	1982	4146	1956	153644	0	
1	 7	 1	 6	control	441	2681	316	89600	0	
1	 7	 2	 1	sample26	4642	6592	4950	156000	0	
1	 7	 2	 2	sample26	3831	5739	3998	145008	0	
1	 7	 2	 3	sample26	3318	5212	3558	159096	0	
1	 7	 2	 4	sample26	2639	4383	2620	153472	0	
1	 7	 2	 5	sample26	1851	3581	1840	150510	0	
1	 7	 2	 6	control	3041	4853	3264	135900	0	
1	 7	 3	 1	sample27	2513	4105	2478	128952	0	
1	 7	 3	 2	sample27	1765	3355	1832	100170	0	
1	 7	 3	 3	sample27	1229	2719	1174	114730	0	
1	 7	 3	 4	sample27	968	2416	838	57920	0	
1	 7	 3	 5	sample27	786	2202	774	56640	0	
1	 7	 3	 6	control	272	1738	176	58640	0	
1	 7	 4	 1	sample28	2417	3773	2092	153228	0	
1	 7	 4	 2	sample28	2233	3487	2474	96558	0	
1	 7	 4	 3	sample28	1644	2856	1588	104232	0	
1	 7	 4	 4	sample28	1450	2638	1610	95040	0	
1	 7	 4	 5	sample28	1142	2396	1098	86526	0	
1	 7	 4	 6	control	2327	3705	2430	114374	0	
1	 8	 1	 1	sample29	7746	10318	7742	203188	0	
1	 8	 1	 2	sample29	6552	9096	6980	211152	0	
1	 8	 1	 3	sample29	4844	7276	5174	192128	0	
1	 8	 1	 4	sample29	3465	5685	3258	173160	0	
1	 8	 1	 5	sample29	2303	4487	2366	150696	0	
1	 8	 1	 6	control	332	2538	232	88240	0	
1	 8	 2	 1	sample30	5488	7746	5434	169350	0	
1	 8	 2	 2	sample30	4958	7190	5050	147312	0	
1	 8	 2	 3	sample30	3835	5965	3866	172530	0	
1	 8	 2	 4	sample30	2894	4752	3042	156072	0	
1	 8	 2	 5	sample30	2470	4364	2466	155308	0	
1	 8	 2	 6	control	3204	5120	3414	132204	0	
1	 8	 3	 1	sample31	4506	6428	4484	146072	0	
1	 8	 3	 2	sample31	2965	4857	3082	124872	0	
1	 8	 3	 3	sample31	2100	3918	2238	123624	0	
1	 8	 3	 4	sample31	1291	2965	1196	102114	0	
1	 8	 3	 5	sample31	1319	2925	1452	73876	0	
1	 8	 3	 6	control	254	1878	184	64960	0	
1	 8	 4	 1	sample32	6770	8474	6246	148248	0	
1	 8	 4	 2	sample32	5218	6852	5310	138890	0	
1	 8	 4	 3	sample32	5088	6632	5448	71024	0	
1	 8	 4	 4	sample32	3081	4547	2896	115814	0	
1	 8	 4	 5	sample32	1549	2963	1672	106050	0	
1	 8	 4	 6	control	2640	4098	2466	113724	0	
1	 9	 1	 1	sample33	6121	8815	6580	223602	0	
1	 9	 1	 2	sample33	4377	7107	4434	240240	0	
1	 9	 1	 3	sample33	2779	5563	2728	242208	0	
1	 9	 1	 4	sample33	2568	5258	2672	215200	0	
1	 9	 1	 5	sample33	2348	5002	2274	74312	0	
1	 9	 1	 6	control	475	3057	430	103280	0	
1	 9	 2	 1	sample34	5985	8367	5726	164358	0	
1	 9	 2	 2	sample34	5458	7948	5740	159360	0	
1	 9	 2	 3	sample34	4466	6930	4438	214368	0	
1	 9	 2	 4	sample34	3656	6088	3606	211584	0	
1	 9	 2	 5	sample34	3072	5522	3004	208250	0	
1	 9	 2	 6	control	2428	4808	2492	238000	0	
1	 9	 3	 1	sample35	3389	5409	3564	145440	0	
1	 9	 3	 2	sample35	2250	4420	2330	149730	0	
1	 9	 3	 3	sample35	1725	3849	1732	142308	0	
1	 9	 3	 4	sample35	1749	3873	1606	63720	0	
1	 9	 3	 5	sample35	1015	3107	956	108784	0	
1	 9	 3	 6	control	340	2466	206	85040	0	
1	 9	 4	 1	sample36	9050	10850	9228	95400	0	
1	 9	 4	 2	sample36	4375	6297	4406	128774	0	
1	 9	 4	 3	sample36	3656	5556	3432	159600	0	
1	 9	 4	 4	sample36	2556	4384	2444	140756	0	
1	 9	 4	 5	sample36	1829	3629	1904	129600	0	
1	 9	 4	 6	control	2386	4204	2424	118170	0	
1	 10	 1	 1	sample37	6625	9001	7130	190080	0	
1	 10	 1	 2	sample37	5246	7714	5426	212248	0	
1	 10	 1	 3	sample37	3902	6238	4118	191552	0	
1	 10	 1	 4	sample37	2762	5004	2780	210748	0	
1	 10	 1	 5	sample37	1890	4120	2046	178400	0	
1	 10	 1	 6	control	411	2705	250	91760	0	
1	 10	 2	 1	sample38	4667	6943	4556	175252	0	
1	 10	 2	 2	sample38	4633	6915	4674	107254	0	
1	 10	 2	 3	sample38	3392	5586	3238	175520	0	
1	 10	 2	 4	sample38	2588	4658	2556	163530	0	
1	 10	 2	 5	sample38	1581	3687	1756	172692	0	
1	 10	 2	 6	control	2875	5021	2950	135198	0	
1	 10	 3	 1	sample39	8195	10325	8398	178920	0	
1	 10	 3	 2	sample39	6323	8491	6004	149592	0	
1	 10	 3	 3	sample39	4672	6700	4768	131820	0	
1	 10	 3	 4	sample39	2253	4165	2192	141488	0	
1	 10	 3	 5	sample39	1828	3692	1984	158440	0	
1	 10	 3	 6	control	248	2218	82	78800	0	
1	 10	 4	 1	sample40	4452	6200	3942	145084	0	
1	 10	 4	 2	sample40	3028	4848	2758	127400	0	
1	 10	 4	 3	sample40	2707	4501	2768	127374	0	
1	 10	 4	 4	sample40	1313	3005	1280	115056	0	
1	 10	 4	 5	sample40	1273	2899	1238	130080	0	
1	 10	 4	 6	control	2351	4105	2438	136812	0	
1	 11	 1	 1	sample41	4377	6097	4748	170280	0	
1	 11	 1	 2	sample41	3711	5567	4200	176320	0	
1	 11	 1	 3	sample41	3028	4908	3106	171080	0	
1	 11	 1	 4	sample41	2679	4447	2808	148512	0	
1	 11	 1	 5	sample41	1931	3671	2036	130500	0	
1	 11	 1	 6	control	417	2021	282	64160	0	
1	 11	 2	 1	sample42	5588	7210	6304	124894	0	
1	 11	 2	 2	sample42	4879	6677	5798	131254	0	
1	 11	 2	 3	sample42	4003	5875	4506	159120	0	
1	 11	 2	 4	sample42	3457	5289	3572	161216	0	
1	 11	 2	 5	sample42	2472	4364	2346	100276	0	
1	 11	 2	 6	control	3010	4524	3252	115064	0	
1	 11	 3	 1	sample43	6024	7386	5964	103512	0	
1	 11	 3	 2	sample43	4495	6077	4758	113904	0	
1	 11	 3	 3	sample43	3370	4802	3610	94512	0	
1	 11	 3	 4	sample43	1965	3343	2166	100594	0	
1	 11	 3	 5	sample43	2092	3368	2160	66352	0	
1	 11	 3	 6	control	275	1529	182	50160	0	
1	 11	 4	 1	sample44	4836	5956	5500	91840	0	
1	 11	 4	 2	sample44	3836	5112	4294	93148	0	
1	 11	 4	 3	sample44	2915	4115	3048	96000	0	
1	 11	 4	 4	sample44	2312	3514	2396	79332	0	
1	 11	 4	 5	sample44	1878	3002	1778	84300	0	
1	 11	 4	 6	control	2334	3456	2462	89760	0	
1	 12	 1	 1	sample45	4503	6925	4772	157430	0	
1	 12	 1	 2	sample45	3204	5800	3524	184316	0	
1	 12	 1	 3	sample45	2853	5397	3120	165360	0	
1	 12	 1	 4	sample45	2143	4685	2352	157604	0	
1	 12	 1	 5	sample45	1428	4080	1444	148512	0	
1	 12	 1	 6	control	423	3205	242	111280	0	
1	 12	 2	 1	sample46	3871	6131	3958	140120	0	
1	 12	 2	 2	sample46	3791	6075	3714	127904	0	
1	 12	 2	 3	sample46	3239	5451	3334	154840	0	
1	 12	 2	 4	sample46	2479	4763	2534	146176	0	
1	 12	 2	 5	sample46	1785	4167	1828	157212	0	
1	 12	 2	 6	control	2739	5307	2870	161784	0	
1	 12	 3	 1	sample47	4341	6387	3972	124806	0	
1	 12	 3	 2	sample47	3066	5110	2724	120596	0	
1	 12	 3	 3	sample47	2322	4262	2390	114460	0	
1	 12	 3	 4	sample47	1545	3599	1724	110916	0	
1	 12	 3	 5	sample47	1200	3282	1226	91608	0	
1	 12	 3	 6	control	468	2722	246	90160	0	
1	 12	 4	 1	sample48	8348	10252	9204	97104	0	
1	 12	 4	 2	sample48	4805	6811	5416	108324	0	
1	 12	 4	 3	sample48	3716	5658	3696	114578	0	
1	 12	 4	 4	sample48	3010	4928	2794	111244	0	
1	 12	 4	 5	sample48	2010	3998	2218	113316	0	
1	 12	 4	 6	control	2848	5004	3230	127204	0	
2	 1	 1	 1	sample49	5961	8577	6954	245904	0	
2	 1	 1	 2	sample49	4642	7264	5296	233358	0	
2	 1	 1	 3	sample49	4170	6700	4702	237820	0	
2	 1	 1	 4	sample49	3792	6170	4098	192618	0	
2	 1	 1	 5	sample49	2929	5211	3416	193970	0	
2	 1	 1	 6	control	229	2577	170	93920	0	
2	 1	 2	 1	sample50	5881	8229	5110	223060	0	
2	 1	 2	 2	sample50	7225	9501	7572	186632	0	
2	 1	 2	 3	sample50	5897	8121	5960	209056	0	
2	 1	 2	 4	sample50	4041	6235	3804	236952	0	
2	 1	 2	 5	sample50	3482	5676	3260	199654	0	
2	 1	 2	 6	control	3392	5720	3432	197880	0	
2	 1	 3	 1	sample51	3481	5735	3952	175812	0	
2	 1	 3	 2	sample51	2973	5063	3262	202730	0	
2	 1	 3	 3	sample51	2950	5030	2926	135200	0	
2	 1	 3	 4	sample51	1868	4036	2006	156096	0	
2	 1	 3	 5	sample51	1830	3992	1846	114586	0	
2	 1	 3	 6	control	207	2371	228	86560	0	
2	 1	 4	 1	sample52	4289	6301	4864	185104	0	
2	 1	 4	 2	sample52	3696	5604	3818	158364	0	
2	 1	 4	 3	sample52	2994	4856	3190	161994	0	
2	 1	 4	 4	sample52	2435	4333	2486	94900	0	
2	 1	 4	 5	sample52	1782	3700	1716	90146	0	
2	 1	 4	 6	control	3015	4965	2972	156000	0	
2	 2	 1	 1	sample53	3498	6900	3958	282366	0	
2	 2	 1	 2	sample53	2624	6008	3026	297792	0	
2	 2	 1	 3	sample53	2691	6055	3094	238844	0	
2	 2	 1	 4	sample53	2042	5458	2180	225456	0	
2	 2	 1	 5	sample53	1851	5355	1846	140160	0	
2	 2	 1	 6	control	474	4078	372	144160	0	
2	 2	 2	 1	sample54	8289	11741	8402	231284	0	
2	 2	 2	 2	sample54	7464	10990	7694	232716	0	
2	 2	 2	 3	sample54	5370	8806	5738	247392	0	
2	 2	 2	 4	sample54	4192	7586	4156	234186	0	
2	 2	 2	 5	sample54	2829	6221	2666	274752	0	
2	 2	 2	 6	control	3654	7092	3520	244098	0	
2	 2	 3	 1	sample55	8232	11624	8822	240832	0	
2	 2	 3	 2	sample55	7524	10868	8402	227392	0	
2	 2	 3	 3	sample55	5173	8539	5288	208692	0	
2	 2	 3	 4	sample55	3514	6854	3652	213760	0	
2	 2	 3	 5	sample55	2520	5836	2524	238752	0	
2	 2	 3	 6	control	351	3803	240	138080	0	
2	 2	 4	 1	sample56	9360	12412	9638	216692	0	
2	 2	 4	 2	sample56	7180	10122	7392	205940	0	
2	 2	 4	 3	sample56	4786	7872	4748	234536	0	
2	 2	 4	 4	sample56	3278	6316	3146	230888	0	
2	 2	 4	 5	sample56	2007	5071	2056	202224	0	
2	 2	 4	 6	control	3322	6538	3470	192960	0	
2	 3	 1	 1	sample57	7466	10324	7960	277226	0	
2	 3	 1	 2	sample57	6632	9482	7060	253650	0	
2	 3	 1	 3	sample57	5846	8578	6480	237684	0	
2	 3	 1	 4	sample57	4663	7329	5144	223944	0	
2	 3	 1	 5	sample57	3378	6040	3574	204974	0	
2	 3	 1	 6	control	355	3035	220	107200	0	
2	 3	 2	 1	sample58	5231	7977	5070	216934	0	
2	 3	 2	 2	sample58	4908	7650	4654	213876	0	
2	 3	 2	 3	sample58	4084	6692	4128	224288	0	
2	 3	 2	 4	sample58	3071	5611	3026	210820	0	
2	 3	 2	 5	sample58	2172	4748	2200	247296	0	
2	 3	 2	 6	control	3859	6335	3974	205508	0	
2	 3	 3	 1	sample59	7573	10265	8278	204592	0	
2	 3	 3	 2	sample59	6210	8930	6868	225760	0	
2	 3	 3	 3	sample59	4713	7301	4840	191512	0	
2	 3	 3	 4	sample59	3285	5769	3324	178848	0	
2	 3	 3	 5	sample59	2689	5097	2660	214312	0	
2	 3	 3	 6	control	465	2817	342	94080	0	
2	 3	 4	 1	sample60	6885	9191	6796	212152	0	
2	 3	 4	 2	sample60	5505	7881	4764	201960	0	
2	 3	 4	 3	sample60	3760	6084	3566	216132	0	
2	 3	 4	 4	sample60	2838	5102	2688	192440	0	
2	 3	 4	 5	sample60	1761	4005	1848	188496	0	
2	 3	 4	 6	control	2633	4817	2284	190008	0	
2	 4	 1	 1	sample61	9002	11296	8836	91760	0	
2	 4	 1	 2	sample61	7299	9621	7542	92880	0	
2	 4	 1	 3	sample61	4555	6845	4708	178620	0	
2	 4	 1	 4	sample61	3328	5438	3192	164580	0	
2	 4	 1	 5	sample61	1929	4089	1962	181440	0	
2	 4	 1	 6	control	599	2833	632	89360	0	
2	 4	 2	 1	sample62	3425	5661	3720	143104	0	
2	 4	 2	 2	sample62	2926	5090	3142	149316	0	
2	 4	 2	 3	sample62	2274	4422	2280	158952	0	
2	 4	 2	 4	sample62	1879	4013	1904	153648	0	
2	 4	 2	 5	sample62	1373	3513	1352	173340	0	
2	 4	 2	 6	control	3585	5791	3718	150008	0	
2	 4	 3	 1	sample63	6147	8335	5950	146596	0	
2	 4	 3	 2	sample63	4638	6844	4996	154420	0	
2	 4	 3	 3	sample63	2764	4848	2710	122956	0	
2	 4	 3	 4	sample63	2072	4150	2004	132992	0	
2	 4	 3	 5	sample63	1405	3525	1452	171720	0	
2	 4	 3	 6	control	534	2746	590	88480	0	
2	 4	 4	 1	sample64	5096	7070	5086	84882	0	
2	 4	 4	 2	sample64	2906	4868	3162	147150	0	
2	 4	 4	 3	sample64	2219	4205	2278	150936	0	
2	 4	 4	 4	sample64	1757	3637	1770	139120	0	
2	 4	 4	 5	sample64	1249	3201	1138	138592	0	
2	 4	 4	 6	control	3246	5330	3342	129208	0	
2	 5	 1	 1	sample65	6707	8613	6602	163916	0	
2	 5	 1	 2	sample65	4945	6891	5054	171248	0	
2	 5	 1	 3	sample65	4521	6463	4738	147592	0	
2	 5	 1	 4	sample65	2769	4715	2884	149842	0	
2	 5	 1	 5	sample65	1773	3809	1732	168988	0	
2	 5	 1	 6	control	544	2600	432	82240	0	
2	 5	 2	 1	sample66	3940	5788	3716	133056	0	
2	 5	 2	 2	sample66	3331	5285	3248	146550	0	
2	 5	 2	 3	sample66	2941	4763	3084	147582	0	
2	 5	 2	 4	sample66	2251	4101	2362	138750	0	
2	 5	 2	 5	sample66	1757	3615	1820	154214	0	
2	 5	 2	 6	control	3170	4992	3184	134828	0	
2	 5	 3	 1	sample67	5999	7837	5354	170934	0	
2	 5	 3	 2	sample67	4981	6741	4650	163680	0	
2	 5	 3	 3	sample67	4266	6052	4388	119662	0	
2	 5	 3	 4	sample67	2973	4741	3098	120224	0	
2	 5	 3	 5	sample67	2216	4020	2272	146124	0	
2	 5	 3	 6	control	342	2164	94	72880	0	
2	 5	 4	 1	sample68	7235	8883	7210	65920	0	
2	 5	 4	 2	sample68	3969	5511	4402	137238	0	
2	 5	 4	 3	sample68	3881	5431	3850	148800	0	
2	 5	 4	 4	sample68	3486	5048	3792	129646	0	
2	 5	 4	 5	sample68	2540	4186	2602	108636	0	
2	 5	 4	 6	control	2997	4749	3194	122640	0	
2	 6	 1	 1	sample69	3808	6120	3196	295936	0	
2	 6	 1	 2	sample69	3663	5873	4158	209950	0	
2	 6	 1	 3	sample69	3735	5883	4130	182580	0	
2	 6	 1	 4	sample69	2868	4944	3286	180612	0	
2	 6	 1	 5	sample69	2312	4366	2638	147888	0	
2	 6	 1	 6	control	724	2806	514	83280	0	
2	 6	 2	 1	sample70	3147	5447	3400	156400	0	
2	 6	 2	 2	sample70	2840	5064	3006	157904	0	
2	 6	 2	 3	sample70	2389	4525	2712	158064	0	
2	 6	 2	 4	sample70	1969	3981	2108	175044	0	
2	 6	 2	 5	sample70	1751	3735	1886	170624	0	
2	 6	 2	 6	control	3614	5564	3796	150150	0	
2	 6	 3	 1	sample71	2684	4874	2864	208050	0	
2	 6	 3	 2	sample71	2380	4504	2560	150804	0	
2	 6	 3	 3	sample71	1977	3995	2142	141260	0	
2	 6	 3	 4	sample71	1462	3364	1470	133140	0	
2	 6	 3	 5	sample71	1131	3031	1204	136800	0	
2	 6	 3	 6	control	335	2251	272	76640	0	
2	 6	 4	 1	sample72	11959	14043	12042	91696	0	
2	 6	 4	 2	sample72	6786	8832	7150	151404	0	
2	 6	 4	 3	sample72	5072	7034	4618	153036	0	
2	 6	 4	 4	sample72	3609	5485	3414	144452	0	
2	 6	 4	 5	sample72	2478	4344	2524	134352	0	
2	 6	 4	 6	control	3062	5044	3014	132794	0	
2	 7	 1	 1	sample73	6092	7922	5106	181170	0	
2	 7	 1	 2	sample73	5141	6809	5172	150120	0	
2	 7	 1	 3	sample73	4136	5882	4186	157140	0	
2	 7	 1	 4	sample73	2868	4540	3112	130416	0	
2	 7	 1	 5	sample73	1853	3521	1954	125100	0	
2	 7	 1	 6	control	398	2152	352	70160	0	
2	 7	 2	 1	sample74	4372	6316	4848	124416	0	
2	 7	 2	 2	sample74	3842	5708	3970	128754	0	
2	 7	 2	 3	sample74	3020	4740	3304	144480	0	
2	 7	 2	 4	sample74	2656	4288	2774	130560	0	
2	 7	 2	 5	sample74	1631	3297	1562	148274	0	
2	 7	 2	 6	control	3438	5214	3046	127872	0	
2	 7	 3	 1	sample75	529	2429	356	76000	0	
2	 7	 3	 2	sample75	722	2496	672	70960	0	
2	 7	 3	 3	sample75	1048	2744	1008	122112	0	
2	 7	 3	 4	sample75	1010	2656	982	70778	0	
2	 7	 3	 5	sample75	766	2414	694	65920	0	
2	 7	 3	 6	control	228	2030	88	72080	0	
2	 7	 4	 1	sample76	5996	7800	5892	165968	0	
2	 7	 4	 2	sample76	5571	7345	6164	136598	0	
2	 7	 4	 3	sample76	4846	6564	5282	123696	0	
2	 7	 4	 4	sample76	3574	5158	3584	117216	0	
2	 7	 4	 5	sample76	2050	3630	2006	102700	0	
2	 7	 4	 6	control	2857	4503	2756	118512	0	
2	 8	 1	 1	sample77	5977	7691	6106	154260	0	
2	 8	 1	 2	sample77	4805	6573	4752	166192	0	
2	 8	 1	 3	sample77	3310	5086	3422	165168	0	
2	 8	 1	 4	sample77	2075	3729	2014	162092	0	
2	 8	 1	 5	sample77	1492	3154	1494	124650	0	
2	 8	 1	 6	control	242	1852	248	64400	0	
2	 8	 2	 1	sample78	2737	4655	2950	136178	0	
2	 8	 2	 2	sample78	2421	4257	2624	137700	0	
2	 8	 2	 3	sample78	1951	3761	2068	157470	0	
2	 8	 2	 4	sample78	1633	3313	1680	168000	0	
2	 8	 2	 5	sample78	1302	2988	1360	133194	0	
2	 8	 2	 6	control	3095	4807	2730	138672	0	
2	 8	 3	 1	sample79	5855	7705	6094	136900	0	
2	 8	 3	 2	sample79	4326	6172	4516	125528	0	
2	 8	 3	 3	sample79	3106	4818	3184	128400	0	
2	 8	 3	 4	sample79	2037	3733	2152	115328	0	
2	 8	 3	 5	sample79	1583	3253	1632	141950	0	
2	 8	 3	 6	control	246	1984	342	69520	0	
2	 8	 4	 1	sample80	6219	7895	5690	154192	0	
2	 8	 4	 2	sample80	4288	6012	4370	139644	0	
2	 8	 4	 3	sample80	3829	5505	3964	129052	0	
2	 8	 4	 4	sample80	2138	3792	2194	129012	0	
2	 8	 4	 5	sample80	1430	3120	1294	126750	0	
2	 8	 4	 6	control	3011	4783	2788	125812	0	
2	 9	 1	 1	sample81	3374	5238	3680	136072	0	
2	 9	 1	 2	sample81	2563	4399	2762	132192	0	
2	 9	 1	 3	sample81	2343	4225	2356	139268	0	
2	 9	 1	 4	sample81	1559	3333	1600	127728	0	
2	 9	 1	 5	sample81	1376	3164	1320	118008	0	
2	 9	 1	 6	control	472	2356	240	75360	0	
2	 9	 2	 1	sample82	6661	8607	6914	118706	0	
2	 9	 2	 2	sample82	6581	8579	6696	137862	0	
2	 9	 2	 3	sample82	5287	7273	5702	137034	0	
2	 9	 2	 4	sample82	3233	5123	3396	158760	0	
2	 9	 2	 5	sample82	2757	4629	2860	125424	0	
2	 9	 2	 6	control	3466	5416	3844	118950	0	
2	 9	 3	 1	sample83	6216	8212	6190	137724	0	
2	 9	 3	 2	sample83	4757	6717	5202	133280	0	
2	 9	 3	 3	sample83	3036	5014	3286	110768	0	
2	 9	 3	 4	sample83	2297	4157	2304	119040	0	
2	 9	 3	 5	sample83	1601	3387	1754	126806	0	
2	 9	 3	 6	control	232	2106	170	74960	0	
2	 9	 4	 1	sample84	7224	9272	6876	147456	0	
2	 9	 4	 2	sample84	5672	7726	6000	94484	0	
2	 9	 4	 3	sample84	3409	5325	3648	147532	0	
2	 9	 4	 4	sample84	2554	4400	2740	114452	0	
2	 9	 4	 5	sample84	1627	3431	1624	111848	0	
2	 9	 4	 6	control	2433	4251	2858	123624	0	
2	 10	 1	 1	sample85	6229	8101	6114	149760	0	
2	 10	 1	 2	sample85	4763	6673	5054	168080	0	
2	 10	 1	 3	sample85	3747	5583	3748	139536	0	
2	 10	 1	 4	sample85	2528	4324	2568	125720	0	
2	 10	 1	 5	sample85	1795	3611	1782	130752	0	
2	 10	 1	 6	control	832	2744	510	76480	0	
2	 10	 2	 1	sample86	4032	5918	4090	126362	0	
2	 10	 2	 2	sample86	3095	5079	3148	126976	0	
2	 10	 2	 3	sample86	2718	4600	3024	129858	0	
2	 10	 2	 4	sample86	2152	4028	2154	133196	0	
2	 10	 2	 5	sample86	1488	3414	1356	138672	0	
2	 10	 2	 6	control	3071	5063	3266	125496	0	
2	 10	 3	 1	sample87	6066	7874	6386	112096	0	
2	 10	 3	 2	sample87	5524	7368	5840	79292	0	
2	 10	 3	 3	sample87	3623	5441	3858	116352	0	
2	 10	 3	 4	sample87	2310	4188	2346	101412	0	
2	 10	 3	 5	sample87	1599	3465	1588	160476	0	
2	 10	 3	 6	control	425	2299	122	74960	0	
2	 10	 4	 1	sample88	6536	8282	6094	120474	0	
2	 10	 4	 2	sample88	5785	7569	5700	73144	0	
2	 10	 4	 3	sample88	3210	4908	3508	117162	0	
2	 10	 4	 4	sample88	2363	4099	2348	121520	0	
2	 10	 4	 5	sample88	1658	3346	1522	133352	0	
2	 10	 4	 6	control	2642	4372	2604	110720	0	
2	 11	 1	 1	sample89	5578	7474	6528	204768	0	
2	 11	 1	 2	sample89	4726	6794	5450	202664	0	
2	 11	 1	 3	sample89	4232	6176	4758	171072	0	
2	 11	 1	 4	sample89	3900	5702	4352	129744	0	
2	 11	 1	 5	sample89	2867	4519	2832	118944	0	
2	 11	 1	 6	control	195	1813	162	64720	0	
2	 11	 2	 1	sample90	4788	6720	4626	148764	0	
2	 11	 2	 2	sample90	3937	6065	4090	170240	0	
2	 11	 2	 3	sample90	3945	5983	3818	177306	0	
2	 11	 2	 4	sample90	2767	4673	2878	188694	0	
2	 11	 2	 5	sample90	1911	3747	1872	163404	0	
2	 11	 2	 6	control	2733	4501	2954	137904	0	
2	 11	 3	 1	sample91	6582	8306	6256	144816	0	
2	 11	 3	 2	sample91	4463	6359	4218	155472	0	
2	 11	 3	 3	sample91	2952	4722	2920	127440	0	
2	 11	 3	 4	sample91	2355	4111	2402	138724	0	
2	 11	 3	 5	sample91	1758	3432	1764	157356	0	
2	 11	 3	 6	control	186	1940	116	70160	0	
2	 11	 4	 1	sample92	4220	5664	4144	115520	0	
2	 11	 4	 2	sample92	2637	4175	2498	113812	0	
2	 11	 4	 3	sample92	1625	3185	1616	113880	0	
2	 11	 4	 4	sample92	1323	2813	1354	117710	0	
2	 11	 4	 5	sample92	983	2475	1006	116376	0	
2	 11	 4	 6	control	2780	4480	2714	130900	0	
2	 12	 1	 1	sample93	3137	4395	3492	80512	0	
2	 12	 1	 2	sample93	2285	3609	2276	104596	0	
2	 12	 1	 3	sample93	2007	3263	2216	81640	0	
2	 12	 1	 4	sample93	1424	2726	1458	84630	0	
2	 12	 1	 5	sample93	1334	2700	1228	81960	0	
2	 12	 1	 6	control	228	1802	48	62960	0	
2	 12	 2	 1	sample94	4574	6036	4746	87720	0	
2	 12	 2	 2	sample94	4378	5864	4546	81730	0	
2	 12	 2	 3	sample94	2988	4374	2918	90090	0	
2	 12	 2	 4	sample94	2268	3664	2468	86552	0	
2	 12	 2	 5	sample94	1678	3104	1538	84134	0	
2	 12	 2	 6	control	2943	4517	3054	96014	0	
2	 12	 3	 1	sample95	4749	6339	4378	109710	0	
2	 12	 3	 2	sample95	3152	4700	3126	97524	0	
2	 12	 3	 3	sample95	3149	4493	3356	77952	0	
2	 12	 3	 4	sample95	1787	3099	1658	80032	0	
2	 12	 3	 5	sample95	961	2397	944	106264	0	
2	 12	 3	 6	control	280	1862	280	63280	0	
2	 12	 4	 1	sample96	4307	5723	4280	100536	0	
2	 12	 4	 2	sample96	3117	4603	3330	92132	0	
2	 12	 4	 3	sample96	2431	3687	2286	87920	0	
2	 12	 4	 4	sample96	1663	2941	1752	97128	0	
2	 12	 4	 5	sample96	1326	2786	1274	74460	0	
2	 12	 4	 6	control	2807	4429	2838	97320	0	
3	 1	 1	 1	sample97	4118	5706	4702	171504	0	
3	 1	 1	 2	sample97	3008	4412	2574	183924	0	
3	 1	 1	 3	sample97	2983	4335	3198	125736	0	
3	 1	 1	 4	sample97	2623	3975	2852	116272	0	
3	 1	 1	 5	sample97	1808	3162	1898	120506	0	
3	 1	 1	 6	control	364	1770	236	56240	0	
3	 1	 2	 1	sample98	4641	6215	5140	129068	0	
3	 1	 2	 2	sample98	3746	5120	4132	125034	0	
3	 1	 2	 3	sample98	964	2424	946	75920	0	
3	 1	 2	 4	sample98	1825	3311	1918	135226	0	
3	 1	 2	 5	sample98	1647	3121	1676	145926	0	
3	 1	 2	 6	control	2712	4104	2866	130848	0	
3	 1	 3	 1	sample99	5100	6710	5684	111090	0	
3	 1	 3	 2	sample99	3999	5495	4160	112200	0	
3	 1	 3	 3	sample99	3608	5044	3782	106264	0	
3	 1	 3	 4	sample99	3956	5476	4122	107920	0	
3	 1	 3	 5	sample99	3341	4721	3446	143520	0	
3	 1	 3	 6	control	266	1678	266	56480	0	
3	 1	 4	 1	sample100	5543	7111	5338	145824	0	
3	 1	 4	 2	sample100	4029	5439	3922	132540	0	
3	 1	 4	 3	sample100	2831	4161	2852	140980	0	
3	 1	 4	 4	sample100	2240	3680	2510	116640	0	
3	 1	 4	 5	sample100	1337	2669	1394	98568	0	
3	 1	 4	 6	control	2255	3607	2314	104104	0	
3	 2	 1	 1	sample101	2867	4489	3310	170310	0	
3	 2	 1	 2	sample101	2965	4447	3404	130416	0	
3	 2	 1	 3	sample101	2412	3890	2684	121196	0	
3	 2	 1	 4	sample101	1845	3497	1936	117292	0	
3	 2	 1	 5	sample101	1526	3222	1676	78016	0	
3	 2	 1	 6	control	214	1976	126	70480	0	
3	 2	 2	 1	sample102	2093	3739	2260	184352	0	
3	 2	 2	 2	sample102	1997	3585	2188	144508	0	
3	 2	 2	 3	sample102	1552	3096	1480	140504	0	
3	 2	 2	 4	sample102	1509	3145	1502	83436	0	
3	 2	 2	 5	sample102	1282	3020	1322	45188	0	
3	 2	 2	 6	control	3369	5117	3376	155572	0	
3	 2	 3	 1	sample103	7504	9152	8416	126896	0	
3	 2	 3	 2	sample103	6872	8486	7550	122664	0	
3	 2	 3	 3	sample103	5236	6818	5170	129724	0	
3	 2	 3	 4	sample103	4644	6202	4534	126198	0	
3	 2	 3	 5	sample103	3816	5380	3678	139196	0	
3	 2	 3	 6	control	999	2671	904	30096	0	
3	 2	 4	 1	sample104	5111	6631	5748	127680	0	
3	 2	 4	 2	sample104	4344	5784	4704	108000	0	
3	 2	 4	 3	sample104	3625	5025	4000	106400	0	
3	 2	 4	 4	sample104	1980	3376	2012	127036	0	
3	 2	 4	 5	sample104	1735	3127	1728	108576	0	
3	 2	 4	 6	control	2523	4043	2220	148960	0	
3	 3	 1	 1	sample105	5124	7966	5672	250096	0	
3	 3	 1	 2	sample105	4146	6832	4294	225624	0	
3	 3	 1	 3	sample105	3341	6015	3424	227290	0	
3	 3	 1	 4	sample105	2504	5198	2770	212826	0	
3	 3	 1	 5	sample105	1594	4268	1680	248682	0	
3	 3	 1	 6	control	410	3078	324	106720	0	
3	 3	 2	 1	sample106	7857	10727	8538	252560	0	
3	 3	 2	 2	sample106	6605	9387	6354	239252	0	
3	 3	 2	 3	sample106	5096	7794	4782	232028	0	
3	 3	 2	 4	sample106	3101	5769	3028	274804	0	
3	 3	 2	 5	sample106	2524	5128	2620	229152	0	
3	 3	 2	 6	control	3604	6210	3722	190238	0	
3	 3	 3	 1	sample107	6395	9247	5966	245272	0	
3	 3	 3	 2	sample107	5527	8303	5328	219304	0	
3	 3	 3	 3	sample107	3911	6601	3986	220580	0	
3	 3	 3	 4	sample107	2796	5388	2942	191808	0	
3	 3	 3	 5	sample107	2174	4770	2120	246620	0	
3	 3	 3	 6	control	531	3123	480	103680	0	
3	 3	 4	 1	sample108	8200	10750	7892	260100	0	
3	 3	 4	 2	sample108	6594	9102	6896	233244	0	
3	 3	 4	 3	sample108	5001	7377	4606	220968	0	
3	 3	 4	 4	sample108	3901	6225	3852	211484	0	
3	 3	 4	 5	sample108	2297	4665	2352	224960	0	
3	 3	 4	 6	control	2608	5050	2480	178266	0	
3	 4	 1	 1	sample109	4930	7752	4774	270912	0	
3	 4	 1	 2	sample109	5787	8607	6366	236880	0	
3	 4	 1	 3	sample109	3795	6529	3932	235124	0	
3	 4	 1	 4	sample109	2561	5235	2558	216594	0	
3	 4	 1	 5	sample109	1595	4325	1710	218400	0	
3	 4	 1	 6	control	392	3150	328	110320	0	
3	 4	 2	 1	sample110	5184	8068	5500	219184	0	
3	 4	 2	 2	sample110	4934	7826	4762	202440	0	
3	 4	 2	 3	sample110	3725	6443	4074	247338	0	
3	 4	 2	 4	sample110	2756	5312	2818	212148	0	
3	 4	 2	 5	sample110	1919	4479	1872	235520	0	
3	 4	 2	 6	control	3450	5996	3630	198588	0	
3	 4	 3	 1	sample111	7973	10751	6922	255576	0	
3	 4	 3	 2	sample111	8252	10926	9092	205898	0	
3	 4	 3	 3	sample111	5995	8667	6256	189712	0	
3	 4	 3	 4	sample111	4407	6949	4554	167772	0	
3	 4	 3	 5	sample111	3668	6132	3446	221760	0	
3	 4	 3	 6	control	213	2679	192	98640	0	
3	 4	 4	 1	sample112	4220	6760	4208	116840	0	
3	 4	 4	 2	sample112	3316	5844	3594	161792	0	
3	 4	 4	 3	sample112	2772	5204	2836	184832	0	
3	 4	 4	 4	sample112	2201	4499	2188	151668	0	
3	 4	 4	 5	sample112	1612	3884	1696	177216	0	
3	 4	 4	 6	control	3028	5368	3006	168480	0	
3	 5	 1	 1	sample113	9085	11091	9738	106318	0	
3	 5	 1	 2	sample113	7445	9429	7734	158720	0	
3	 5	 1	 3	sample113	5070	6880	5282	144800	0	
3	 5	 1	 4	sample113	3718	5528	3736	159280	0	
3	 5	 1	 5	sample113	2490	4356	2606	147414	0	
3	 5	 1	 6	control	466	2412	252	77840	0	
3	 5	 2	 1	sample114	4985	6857	5098	153504	0	
3	 5	 2	 2	sample114	3991	5855	4144	164032	0	
3	 5	 2	 3	sample114	3159	4939	3490	153080	0	
3	 5	 2	 4	sample114	2153	3921	2174	164424	0	
3	 5	 2	 5	sample114	1761	3507	1826	158886	0	
3	 5	 2	 6	control	3396	5204	3308	150064	0	
3	 5	 3	 1	sample115	3760	5540	4178	131720	0	
3	 5	 3	 2	sample115	3224	4986	3420	128626	0	
3	 5	 3	 3	sample115	2323	3983	2366	127820	0	
3	 5	 3	 4	sample115	1620	3302	1562	72326	0	
3	 5	 3	 5	sample115	1299	2979	1210	149520	0	
3	 5	 3	 6	control	523	2269	366	69840	0	
3	 5	 4	 1	sample116	3016	4580	3262	175168	0	
3	 5	 4	 2	sample116	2435	3961	2678	126658	0	
3	 5	 4	 3	sample116	1758	3240	1838	145236	0	
3	 5	 4	 4	sample116	1579	3105	1764	115976	0	
3	 5	 4	 5	sample116	1141	2749	1010	75576	0	
3	 5	 4	 6	control	3308	4946	3260	119574	0	
3	 6	 1	 1	sample117	5818	7922	5856	157800	0	
3	 6	 1	 2	sample117	5281	7379	5394	146860	0	
3	 6	 1	 3	sample117	3432	5494	3648	140216	0	
3	 6	 1	 4	sample117	1863	3877	2004	167162	0	
3	 6	 1	 5	sample117	1635	3771	1674	162336	0	
3	 6	 1	 6	control	962	3304	946	67918	0	
3	 6	 2	 1	sample118	3331	5357	3698	121560	0	
3	 6	 2	 2	sample118	3401	5415	3762	142994	0	
3	 6	 2	 3	sample118	2820	4820	3050	138000	0	
3	 6	 2	 4	sample118	2002	3954	2070	142496	0	
3	 6	 2	 5	sample118	1499	3513	1520	151050	0	
3	 6	 2	 6	control	3340	5414	3504	153476	0	
3	 6	 3	 1	sample119	5803	7727	5902	125060	0	
3	 6	 3	 2	sample119	4253	6143	5070	136080	0	
3	 6	 3	 3	sample119	2562	4490	2354	125320	0	
3	 6	 3	 4	sample119	2029	3903	2124	118062	0	
3	 6	 3	 5	sample119	1412	3316	1374	152320	0	
3	 6	 3	 6	control	560	2510	458	78000	0	
3	 6	 4	 1	sample120	5599	7385	5802	169670	0	
3	 6	 4	 2	sample120	5076	6848	5446	122268	0	
3	 6	 4	 3	sample120	3584	5378	3412	114816	0	
3	 6	 4	 4	sample120	2200	3888	2286	121536	0	
3	 6	 4	 5	sample120	1653	3509	1552	79808	0	
3	 6	 4	 6	control	2832	4720	2886	128384	0	
3	 7	 1	 1	sample121	6761	8829	6438	192324	0	
3	 7	 1	 2	sample121	6454	8408	6780	171952	0	
3	 7	 1	 3	sample121	4478	6364	4420	164082	0	
3	 7	 1	 4	sample121	3304	5058	3400	142074	0	
3	 7	 1	 5	sample121	2366	4014	2434	135136	0	
3	 7	 1	 6	control	558	2248	486	67600	0	
3	 7	 2	 1	sample122	3924	5910	4022	152922	0	
3	 7	 2	 2	sample122	3394	5284	3810	134190	0	
3	 7	 2	 3	sample122	2305	4155	2286	175750	0	
3	 7	 2	 4	sample122	1943	3591	1924	126896	0	
3	 7	 2	 5	sample122	1315	2931	1282	130896	0	
3	 7	 2	 6	control	3194	4760	3502	122148	0	
3	 7	 3	 1	sample123	6156	8042	6076	158424	0	
3	 7	 3	 2	sample123	4746	6568	4880	129362	0	
3	 7	 3	 3	sample123	2954	4606	2722	113988	0	
3	 7	 3	 4	sample123	1829	3377	1660	117648	0	
3	 7	 3	 5	sample123	1582	3142	1588	151320	0	
3	 7	 3	 6	control	248	1808	166	62400	0	
3	 7	 4	 1	sample124	8094	9808	8714	90842	0	
3	 7	 4	 2	sample124	4991	6669	5728	117460	0	
3	 7	 4	 3	sample124	3427	4913	3420	154544	0	
3	 7	 4	 4	sample124	3224	4642	3298	100678	0	
3	 7	 4	 5	sample124	2080	3390	2044	107420	0	
3	 7	 4	 6	control	2900	4236	2900	100200	0	
3	 8	 1	 1	sample125	7316	9162	7048	175370	0	
3	 8	 1	 2	sample125	6583	8485	7398	167376	0	
3	 8	 1	 3	sample125	5054	6956	5306	159768	0	
3	 8	 1	 4	sample125	3650	5432	3796	142560	0	
3	 8	 1	 5	sample125	2528	4318	2554	143200	0	
3	 8	 1	 6	control	459	2329	338	74800	0	
3	 8	 2	 1	sample126	5227	7035	5168	124752	0	
3	 8	 2	 2	sample126	5005	6783	5658	131572	0	
3	 8	 2	 3	sample126	3436	5154	3758	147748	0	
3	 8	 2	 4	sample126	2186	3830	2248	146316	0	
3	 8	 2	 5	sample126	1660	3332	1704	138776	0	
3	 8	 2	 6	control	3021	4707	2966	148368	0	
3	 8	 3	 1	sample127	5819	7495	6522	130728	0	
3	 8	 3	 2	sample127	4557	6317	5218	133760	0	
3	 8	 3	 3	sample127	3550	5212	3830	124650	0	
3	 8	 3	 4	sample127	2724	4358	2892	114380	0	
3	 8	 3	 5	sample127	1922	3528	1966	150964	0	
3	 8	 3	 6	control	342	1966	206	64960	0	
3	 8	 4	 1	sample128	6833	8405	6854	128904	0	
3	 8	 4	 2	sample128	4476	6028	4650	107088	0	
3	 8	 4	 3	sample128	3968	5438	3982	123480	0	
3	 8	 4	 4	sample128	2119	3571	2142	104544	0	
3	 8	 4	 5	sample128	1777	3293	1716	125828	0	
3	 8	 4	 6	control	2956	4484	3150	117656	0	
3	 9	 1	 1	sample129	6814	8428	6712	142032	0	
3	 9	 1	 2	sample129	5917	7613	5784	164512	0	
3	 9	 1	 3	sample129	4719	6273	4970	135198	0	
3	 9	 1	 4	sample129	3195	4739	3162	137416	0	
3	 9	 1	 5	sample129	2091	3639	2354	109908	0	
3	 9	 1	 6	control	409	1975	346	62640	0	
3	 9	 2	 1	sample130	4343	6019	4302	115644	0	
3	 9	 2	 2	sample130	4394	6164	4264	127440	0	
3	 9	 2	 3	sample130	3752	5450	3726	142632	0	
3	 9	 2	 4	sample130	1978	3516	2084	144572	0	
3	 9	 2	 5	sample130	1700	3250	1696	134850	0	
3	 9	 2	 6	control	3377	4955	3002	121506	0	
3	 9	 3	 1	sample131	3168	4752	3452	114048	0	
3	 9	 3	 2	sample131	2526	4200	2720	137268	0	
3	 9	 3	 3	sample131	2242	3816	2314	103884	0	
3	 9	 3	 4	sample131	1447	2929	1240	143754	0	
3	 9	 3	 5	sample131	1487	2883	1548	134016	0	
3	 9	 3	 6	control	256	1738	120	59280	0	
3	 9	 4	 1	sample132	7689	9205	8244	121280	0	
3	 9	 4	 2	sample132	5719	7283	5742	118864	0	
3	 9	 4	 3	sample132	4581	6103	4150	121760	0	
3	 9	 4	 4	sample132	3135	4561	3238	99820	0	
3	 9	 4	 5	sample132	1712	3064	1710	83824	0	
3	 9	 4	 6	control	2517	3879	2574	88530	0	
3	 10	 1	 1	sample133	7222	9184	7026	192276	0	
3	 10	 1	 2	sample133	8919	10909	9324	105470	0	
3	 10	 1	 3	sample133	4590	6370	4672	151300	0	
3	 10	 1	 4	sample133	3663	5329	3994	133280	0	
3	 10	 1	 5	sample133	2506	4206	2728	122400	0	
3	 10	 1	 6	control	604	2336	442	69280	0	
3	 10	 2	 1	sample134	4703	6685	4812	140722	0	
3	 10	 2	 2	sample134	4020	6084	4418	138288	0	
3	 10	 2	 3	sample134	2858	4762	2948	171360	0	
3	 10	 2	 4	sample134	2291	4207	2374	164776	0	
3	 10	 2	 5	sample134	1883	3761	1964	157752	0	
3	 10	 2	 6	control	3101	5001	3158	136800	0	
3	 10	 3	 1	sample135	5435	7231	5460	129312	0	
3	 10	 3	 2	sample135	6190	8022	6238	91600	0	
3	 10	 3	 3	sample135	2479	4189	2812	116280	0	
3	 10	 3	 4	sample135	2154	3818	2020	109824	0	
3	 10	 3	 5	sample135	1698	3370	1692	152152	0	
3	 10	 3	 6	control	367	2109	294	69680	0	
3	 10	 4	 1	sample136	5265	6953	5448	128288	0	
3	 10	 4	 2	sample136	4144	5870	4110	112190	0	
3	 10	 4	 3	sample136	3060	4696	3112	122700	0	
3	 10	 4	 4	sample136	1949	3589	1974	113160	0	
3	 10	 4	 5	sample136	1434	3052	1456	101934	0	
3	 10	 4	 6	control	2709	4371	2764	113016	0	
3	 11	 1	 1	sample137	6571	8581	6650	162810	0	
3	 11	 1	 2	sample137	4638	6722	4742	216736	0	
3	 11	 1	 3	sample137	4537	6667	4592	174660	0	
3	 11	 1	 4	sample137	3429	5499	3462	155250	0	
3	 11	 1	 5	sample137	2686	4776	2576	129580	0	
3	 11	 1	 6	control	185	2359	70	86960	0	
3	 11	 2	 1	sample138	5546	7748	5282	147534	0	
3	 11	 2	 2	sample138	5165	7487	5388	160218	0	
3	 11	 2	 3	sample138	4117	6455	4180	201068	0	
3	 11	 2	 4	sample138	2548	4836	2534	176176	0	
3	 11	 2	 5	sample138	2306	4604	2272	158562	0	
3	 11	 2	 6	control	2806	5130	2780	158032	0	
3	 11	 3	 1	sample139	5720	7762	4272	116394	0	
3	 11	 3	 2	sample139	3091	5185	3134	140298	0	
3	 11	 3	 3	sample139	2384	4490	2506	147420	0	
3	 11	 3	 4	sample139	1720	3818	1678	144762	0	
3	 11	 3	 5	sample139	1658	3708	1718	106600	0	
3	 11	 3	 6	control	114	2320	62	88240	0	
3	 11	 4	 1	sample140	7528	9430	7928	100806	0	
3	 11	 4	 2	sample140	3826	5800	3978	130284	0	
3	 11	 4	 3	sample140	2772	4722	2702	167700	0	
3	 11	 4	 4	sample140	1627	3517	1502	153090	0	
3	 11	 4	 5	sample140	1430	3348	1336	166866	0	
3	 11	 4	 6	control	2858	4960	2778	145038	0	
3	 12	 1	 1	sample141	7184	9086	7168	163572	0	
3	 12	 1	 2	sample141	5812	7890	6186	174552	0	
3	 12	 1	 3	sample141	4227	6177	4466	152100	0	
3	 12	 1	 4	sample141	2682	4630	2810	159736	0	
3	 12	 1	 5	sample141	2099	4109	2260	150750	0	
3	 12	 1	 6	control	213	2345	116	85280	0	
3	 12	 2	 1	sample142	7615	9885	7486	188410	0	
3	 12	 2	 2	sample142	6575	8939	7480	170208	0	
3	 12	 2	 3	sample142	5298	7558	5716	187580	0	
3	 12	 2	 4	sample142	3813	5991	4228	187308	0	
3	 12	 2	 5	sample142	2822	4928	2878	162162	0	
3	 12	 2	 6	control	2873	5171	2992	163158	0	
3	 12	 3	 1	sample143	5125	7253	4888	146832	0	
3	 12	 3	 2	sample143	4793	7065	4492	174944	0	
3	 12	 3	 3	sample143	3428	5642	3670	166050	0	
3	 12	 3	 4	sample143	2378	4578	2398	169400	0	
3	 12	 3	 5	sample143	1677	3949	1652	188576	0	
3	 12	 3	 6	control	2.3	2418	0	96640	0	
3	 12	 4	 1	sample144	3767	5745	4230	146372	0	
3	 12	 4	 2	sample144	3111	5215	3496	149384	0	
3	 12	 4	 3	sample144	2575	4669	2686	163332	0	
3	 12	 4	 4	sample144	1944	4004	1966	158620	0	
3	 12	 4	 5	sample144	1552	3672	1578	159000	0	
3	 12	 4	 6	control	2496	4778	2538	175714	0	
4	 1	 1	 1	sample145	6683	8387	6764	138024	0	
4	 1	 1	 2	sample145	5710	7582	6438	149760	0	
4	 1	 1	 3	sample145	2082	4956	2218	232794	0	
4	 1	 1	 4	sample145	3424	5052	3650	97680	0	
4	 1	 1	 5	sample145	1969	3465	1934	124168	0	
4	 1	 1	 6	control	283	1793	234	60400	0	
4	 1	 2	 1	sample146	3331	5319	3888	170968	0	
4	 1	 2	 2	sample146	2712	4822	2568	194120	0	
4	 1	 2	 3	sample146	3039	5159	3202	125080	0	
4	 1	 2	 4	sample146	2547	4365	2620	156348	0	
4	 1	 2	 5	sample146	1915	3659	1980	155216	0	
4	 1	 2	 6	control	2545	4361	2636	127120	0	
4	 1	 3	 1	sample147	4514	6720	4386	169862	0	
4	 1	 3	 2	sample147	3638	5816	3882	169884	0	
4	 1	 3	 3	sample147	2337	4411	2356	157624	0	
4	 1	 3	 4	sample147	1511	3453	1448	145650	0	
4	 1	 3	 5	sample147	1147	3061	1134	181830	0	
4	 1	 3	 6	control	247	2191	114	77760	0	
4	 1	 4	 1	sample148	1756	4180	1868	324816	0	
4	 1	 4	 2	sample148	1971	4245	2034	170550	0	
4	 1	 4	 3	sample148	1675	3825	1658	206400	0	
4	 1	 4	 4	sample148	1691	3731	1786	150960	0	
4	 1	 4	 5	sample148	1481	3503	1606	82902	0	
4	 1	 4	 6	control	1980	4026	2062	128898	0	
4	 2	 1	 1	sample149	3296	4614	3890	98850	0	
4	 2	 1	 2	sample149	2520	3762	2710	96876	0	
4	 2	 1	 3	sample149	2139	3375	2238	92700	0	
4	 2	 1	 4	sample149	1474	2718	1488	118180	0	
4	 2	 1	 5	sample149	1470	2742	1386	48336	0	
4	 2	 1	 6	control	412	1812	240	56000	0	
4	 2	 2	 1	sample150	4708	6398	5420	125060	0	
4	 2	 2	 2	sample150	3936	5450	4162	113550	0	
4	 2	 2	 3	sample150	2951	4405	3178	101780	0	
4	 2	 2	 4	sample150	2425	3819	2532	98974	0	
4	 2	 2	 5	sample150	1348	2676	1370	104912	0	
4	 2	 2	 6	control	2990	4448	3000	109350	0	
4	 2	 3	 1	sample151	2767	4557	2608	137830	0	
4	 2	 3	 2	sample151	2451	4153	2526	122544	0	
4	 2	 3	 3	sample151	1751	3345	1806	119550	0	
4	 2	 3	 4	sample151	1121	2669	1184	63468	0	
4	 2	 3	 5	sample151	832	2368	880	72192	0	
4	 2	 3	 6	control	254	1886	212	65280	0	
4	 2	 4	 1	sample152	5976	7888	5818	139576	0	
4	 2	 4	 2	sample152	4561	6367	4902	119196	0	
4	 2	 4	 3	sample152	3396	5174	3476	126238	0	
4	 2	 4	 4	sample152	2406	4144	2570	125136	0	
4	 2	 4	 5	sample152	1626	3376	1492	91000	0	
4	 2	 4	 6	control	2214	3890	2206	137432	0	
4	 3	 1	 1	sample153	7969	9923	9294	101608	0	
4	 3	 1	 2	sample153	6499	8411	7444	135752	0	
4	 3	 1	 3	sample153	4413	6325	4752	131928	0	
4	 3	 1	 4	sample153	3254	5106	3406	142604	0	
4	 3	 1	 5	sample153	1962	3774	2068	132276	0	
4	 3	 1	 6	control	268	2142	204	74960	0	
4	 3	 2	 1	sample154	4725	6711	4694	135048	0	
4	 3	 2	 2	sample154	4384	6398	4650	132924	0	
4	 3	 2	 3	sample154	3126	5132	3278	134402	0	
4	 3	 2	 4	sample154	1872	3776	1756	156128	0	
4	 3	 2	 5	sample154	1773	3633	1856	94860	0	
4	 3	 2	 6	control	3647	5579	3460	139104	0	
4	 3	 3	 1	sample155	2691	4763	2920	138824	0	
4	 3	 3	 2	sample155	2236	4298	2426	148464	0	
4	 3	 3	 3	sample155	1891	4009	2014	133434	0	
4	 3	 3	 4	sample155	1395	3531	1466	128160	0	
4	 3	 3	 5	sample155	1248	3322	1330	97478	0	
4	 3	 3	 6	control	175	2299	78	84960	0	
4	 3	 4	 1	sample156	5306	7390	5606	104200	0	
4	 3	 4	 2	sample156	3460	5618	3484	164008	0	
4	 3	 4	 3	sample156	3067	5213	3118	158804	0	
4	 3	 4	 4	sample156	2782	4914	2906	155636	0	
4	 3	 4	 5	sample156	2034	4138	2228	117824	0	
4	 3	 4	 6	control	2406	4550	2714	122208	0	
4	 4	 1	 1	sample157	2370	3762	2556	164256	0	
4	 4	 1	 2	sample157	2276	3646	2412	171250	0	
4	 4	 1	 3	sample157	2061	3293	2348	87472	0	
4	 4	 1	 4	sample157	1785	2981	1716	89700	0	
4	 4	 1	 5	sample157	1210	2390	1176	105020	0	
4	 4	 1	 6	control	561	1773	432	48480	0	
4	 4	 2	 1	sample158	4885	6367	4926	118560	0	
4	 4	 2	 2	sample158	4355	5791	4122	96212	0	
4	 4	 2	 3	sample158	3533	4837	3656	93888	0	
4	 4	 2	 4	sample158	2244	3538	2240	102226	0	
4	 4	 2	 5	sample158	1582	2898	1640	97384	0	
4	 4	 2	 6	control	2910	4238	3002	87648	0	
4	 4	 3	 1	sample159	5388	7032	5518	123300	0	
4	 4	 3	 2	sample159	4046	5594	4178	125388	0	
4	 4	 3	 3	sample159	3653	5245	3918	111440	0	
4	 4	 3	 4	sample159	3132	4608	3644	100368	0	
4	 4	 3	 5	sample159	2326	3764	2466	113602	0	
4	 4	 3	 6	control	447	1881	356	57360	0	
4	 4	 4	 1	sample160	3295	4877	3588	115486	0	
4	 4	 4	 2	sample160	2464	4054	2384	109710	0	
4	 4	 4	 3	sample160	1978	3522	2104	115800	0	
4	 4	 4	 4	sample160	1676	3088	1742	110136	0	
4	 4	 4	 5	sample160	1402	2786	1384	65048	0	
4	 4	 4	 6	control	2283	3723	2262	90720	0	
4	 5	 1	 1	sample161	5914	7534	6140	163620	0	
4	 5	 1	 2	sample161	4258	5776	3990	168498	0	
4	 5	 1	 3	sample161	3945	5435	4172	137080	0	
4	 5	 1	 4	sample161	3207	4651	3386	115520	0	
4	 5	 1	 5	sample161	2237	3669	2246	110264	0	
4	 5	 1	 6	control	300	1786	244	59440	0	
4	 5	 2	 1	sample162	5485	7313	5716	129788	0	
4	 5	 2	 2	sample162	4678	6550	4984	146016	0	
4	 5	 2	 3	sample162	4122	5780	4356	137614	0	
4	 5	 2	 4	sample162	3173	4771	3436	140624	0	
4	 5	 2	 5	sample162	2521	4051	2334	133110	0	
4	 5	 2	 6	control	3093	4701	3038	125424	0	
4	 5	 3	 1	sample163	8865	10833	9030	102336	0	
4	 5	 3	 2	sample163	5496	7450	5658	136780	0	
4	 5	 3	 3	sample163	4040	5824	4274	128448	0	
4	 5	 3	 4	sample163	2922	4770	3098	118272	0	
4	 5	 3	 5	sample163	2307	3929	2256	154090	0	
4	 5	 3	 6	control	417	2055	368	65520	0	
4	 5	 4	 1	sample164	4493	6209	5202	144144	0	
4	 5	 4	 2	sample164	4390	6074	4724	119564	0	
4	 5	 4	 3	sample164	3485	5063	3746	140442	0	
4	 5	 4	 4	sample164	2974	4556	2832	137634	0	
4	 5	 4	 5	sample164	2256	3824	2184	101920	0	
4	 5	 4	 6	control	2336	3896	2244	112320	0	
4	 6	 1	 1	sample165	4977	6659	5226	149698	0	
4	 6	 1	 2	sample165	4493	6065	4644	130476	0	
4	 6	 1	 3	sample165	3181	4779	3284	139026	0	
4	 6	 1	 4	sample165	2424	4170	2512	132696	0	
4	 6	 1	 5	sample165	1436	3230	1470	136344	0	
4	 6	 1	 6	control	-15.84	1880	62	75840	0	
4	 6	 2	 1	sample166	6278	8104	5822	140602	0	
4	 6	 2	 2	sample166	5375	7195	5466	129220	0	
4	 6	 2	 3	sample166	4190	5898	3704	153720	0	
4	 6	 2	 4	sample166	2916	4630	2926	150832	0	
4	 6	 2	 5	sample166	2051	3799	2164	146832	0	
4	 6	 2	 6	control	3196	4946	3128	117250	0	
4	 6	 3	 1	sample167	4772	6590	5074	134532	0	
4	 6	 3	 2	sample167	4330	6100	4124	132750	0	
4	 6	 3	 3	sample167	2770	4548	2916	117348	0	
4	 6	 3	 4	sample167	1379	3165	1416	119662	0	
4	 6	 3	 5	sample167	1190	2938	1230	146832	0	
4	 6	 3	 6	control	198	2038	70	73600	0	
4	 6	 4	 1	sample168	5952	7628	5532	170952	0	
4	 6	 4	 2	sample168	5965	7703	6330	83424	0	
4	 6	 4	 3	sample168	3602	5200	3860	131036	0	
4	 6	 4	 4	sample168	2974	4526	3198	121056	0	
4	 6	 4	 5	sample168	1605	3227	1726	107052	0	
4	 6	 4	 6	control	2411	4097	2288	119706	0	
4	 7	 1	 1	sample169	7597	9569	7790	193256	0	
4	 7	 1	 2	sample169	7598	9508	7962	173810	0	
4	 7	 1	 3	sample169	6030	7960	6486	156330	0	
4	 7	 1	 4	sample169	4332	6134	4082	158576	0	
4	 7	 1	 5	sample169	2360	4102	2242	148070	0	
4	 7	 1	 6	control	50.9	1861	-25.99	72400	0	
4	 7	 2	 1	sample170	6067	8201	5820	168586	0	
4	 7	 2	 2	sample170	5644	7696	5668	162108	0	
4	 7	 2	 3	sample170	4159	6149	4246	161190	0	
4	 7	 2	 4	sample170	2489	4423	2352	158588	0	
4	 7	 2	 5	sample170	1902	3732	1940	153720	0	
4	 7	 2	 6	control	2635	4473	2556	147040	0	
4	 7	 3	 1	sample171	4440	6554	4382	150094	0	
4	 7	 3	 2	sample171	3318	5346	3314	146016	0	
4	 7	 3	 3	sample171	1941	3951	2004	136680	0	
4	 7	 3	 4	sample171	1269	3269	1342	106000	0	
4	 7	 3	 5	sample171	1239	3159	1276	157440	0	
4	 7	 3	 6	control	162	2174	74	80480	0	
4	 7	 4	 1	sample172	5441	7375	5504	164390	0	
4	 7	 4	 2	sample172	4245	6139	4188	143944	0	
4	 7	 4	 3	sample172	2548	4426	2396	140850	0	
4	 7	 4	 4	sample172	1849	3735	1910	126362	0	
4	 7	 4	 5	sample172	1221	3021	1190	88200	0	
4	 7	 4	 6	control	2209	4235	2264	127638	0	
4	 8	 1	 1	sample173	3395	4947	2702	204864	0	
4	 8	 1	 2	sample173	4807	6297	4380	163900	0	
4	 8	 1	 3	sample173	3763	5185	4384	112338	0	
4	 8	 1	 4	sample173	3684	4890	3912	102510	0	
4	 8	 1	 5	sample173	3047	4265	3374	84042	0	
4	 8	 1	 6	control	283	1503	320	48800	0	
4	 8	 2	 1	sample174	4619	6239	4568	110160	0	
4	 8	 2	 2	sample174	4366	5944	4364	100992	0	
4	 8	 2	 3	sample174	2776	4300	2960	121920	0	
4	 8	 2	 4	sample174	2053	3451	1868	124422	0	
4	 8	 2	 5	sample174	1733	3145	1730	105900	0	
4	 8	 2	 6	control	3102	4570	3152	104228	0	
4	 8	 3	 1	sample175	5206	6904	5336	123954	0	
4	 8	 3	 2	sample175	3318	4968	3390	113850	0	
4	 8	 3	 3	sample175	2670	4312	2768	100162	0	
4	 8	 3	 4	sample175	1735	3283	1848	85140	0	
4	 8	 3	 5	sample175	1462	3006	1522	120432	0	
4	 8	 3	 6	control	104	1734	110	65200	0	
4	 8	 4	 1	sample176	3960	5702	4336	139360	0	
4	 8	 4	 2	sample176	3350	5130	3460	113920	0	
4	 8	 4	 3	sample176	2590	4240	2700	112200	0	
4	 8	 4	 4	sample176	1656	3260	1714	97844	0	
4	 8	 4	 5	sample176	1465	3111	1484	62548	0	
4	 8	 4	 6	control	2527	4205	2508	115782	0	
4	 9	 1	 1	sample177	4365	5533	4678	101616	0	
4	 9	 1	 2	sample177	3176	4400	3254	101592	0	
4	 9	 1	 3	sample177	2442	3650	2430	102680	0	
4	 9	 1	 4	sample177	2028	3154	2106	87828	0	
4	 9	 1	 5	sample177	1155	2253	1106	85644	0	
4	 9	 1	 6	control	254	1272	264	40720	0	
4	 9	 2	 1	sample178	4290	5668	4140	92326	0	
4	 9	 2	 2	sample178	4091	5507	4000	97704	0	
4	 9	 2	 3	sample178	3388	4796	3408	115456	0	
4	 9	 2	 4	sample178	2170	3520	2024	108000	0	
4	 9	 2	 5	sample178	1305	2621	1252	125020	0	
4	 9	 2	 6	control	3269	4595	3332	88842	0	
4	 9	 3	 1	sample179	5487	7159	6284	107008	0	
4	 9	 3	 2	sample179	5120	6826	5284	105772	0	
4	 9	 3	 3	sample179	3282	4958	3520	110616	0	
4	 9	 3	 4	sample179	2646	4250	2680	112280	0	
4	 9	 3	 5	sample179	2025	3515	1962	134100	0	
4	 9	 3	 6	control	243	1743	182	60000	0	
4	 9	 4	 1	sample180	5742	7462	6674	129000	0	
4	 9	 4	 2	sample180	5082	6832	5788	141750	0	
4	 9	 4	 3	sample180	4423	6201	4768	113792	0	
4	 9	 4	 4	sample180	2883	4611	3052	117504	0	
4	 9	 4	 5	sample180	1996	3620	1820	107184	0	
4	 9	 4	 6	control	2974	4602	3068	109076	0	
4	 10	 1	 1	sample181	6320	7888	6260	108192	0	
4	 10	 1	 2	sample181	5605	7203	5120	123046	0	
4	 10	 1	 3	sample181	4412	5934	4274	114150	0	
4	 10	 1	 4	sample181	3333	4747	3110	104636	0	
4	 10	 1	 5	sample181	2108	3510	2340	93934	0	
4	 10	 1	 6	control	398	1902	314	60160	0	
4	 10	 2	 1	sample182	4869	6645	5186	110112	0	
4	 10	 2	 2	sample182	6139	7975	6410	69768	0	
4	 10	 2	 3	sample182	3243	4927	2804	154928	0	
4	 10	 2	 4	sample182	3209	4855	3388	121804	0	
4	 10	 2	 5	sample182	2604	4264	2724	112880	0	
4	 10	 2	 6	control	3031	4739	3040	112728	0	
4	 10	 3	 1	sample183	9807	11711	10022	93296	0	
4	 10	 3	 2	sample183	6072	8070	6344	121878	0	
4	 10	 3	 3	sample183	3973	5893	4328	99840	0	
4	 10	 3	 4	sample183	3630	5468	3590	97414	0	
4	 10	 3	 5	sample183	2081	3871	2062	134250	0	
4	 10	 3	 6	control	182	2098	70	76640	0	
4	 10	 4	 1	sample184	7488	9558	7094	130410	0	
4	 10	 4	 2	sample184	6764	8882	7018	86838	0	
4	 10	 4	 3	sample184	3816	5832	4038	129024	0	
4	 10	 4	 4	sample184	2411	4427	2384	122976	0	
4	 10	 4	 5	sample184	1468	3534	1442	126026	0	
4	 10	 4	 6	control	2617	4727	2460	124490	0	
4	 11	 1	 1	sample185	5488	7052	5940	131376	0	
4	 11	 1	 2	sample185	4109	5735	4350	143088	0	
4	 11	 1	 3	sample185	3817	5357	3724	118580	0	
4	 11	 1	 4	sample185	2736	4344	2730	114168	0	
4	 11	 1	 5	sample185	1992	3514	2000	80666	0	
4	 11	 1	 6	control	267	1763	244	59840	0	
4	 11	 2	 1	sample186	6282	8240	6042	127270	0	
4	 11	 2	 2	sample186	6137	8159	5874	127386	0	
4	 11	 2	 3	sample186	4857	6861	4854	146292	0	
4	 11	 2	 4	sample186	3133	5101	3234	155472	0	
4	 11	 2	 5	sample186	2424	4380	2284	125184	0	
4	 11	 2	 6	control	3025	5009	3304	123008	0	
4	 11	 3	 1	sample187	6047	8095	6988	147456	0	
4	 11	 3	 2	sample187	5870	8060	6458	133590	0	
4	 11	 3	 3	sample187	4422	6544	4628	127320	0	
4	 11	 3	 4	sample187	3910	6060	3872	131150	0	
4	 11	 3	 5	sample187	2922	5052	3004	166140	0	
4	 11	 3	 6	control	229	2423	58	87760	0	
4	 11	 4	 1	sample188	5832	8204	6266	222968	0	
4	 11	 4	 2	sample188	5060	7566	5308	157878	0	
4	 11	 4	 3	sample188	3486	5858	3764	151808	0	
4	 11	 4	 4	sample188	2684	5012	2594	135024	0	
4	 11	 4	 5	sample188	1724	3914	1712	100740	0	
4	 11	 4	 6	control	2536	4748	2618	134932	0	
4	 12	 1	 1	sample189	2812	4440	2902	138380	0	
4	 12	 1	 2	sample189	3130	4680	3308	128650	0	
4	 12	 1	 3	sample189	6443	8127	3762	79148	0	
4	 12	 1	 4	sample189	1472	3234	1484	140960	0	
4	 12	 1	 5	sample189	964	2778	874	130608	0	
4	 12	 1	 6	control	216	2118	122	76080	0	
4	 12	 2	 1	sample190	4317	6387	4882	163530	0	
4	 12	 2	 2	sample190	3396	5414	3832	173548	0	
4	 12	 2	 3	sample190	2836	4912	3220	168156	0	
4	 12	 2	 4	sample190	2335	4441	2474	174798	0	
4	 12	 2	 5	sample190	1875	4013	1900	173178	0	
4	 12	 2	 6	control	3059	5209	3162	167700	0	
4	 12	 3	 1	sample191	2673	4983	2958	212520	0	
4	 12	 3	 2	sample191	2417	4743	2298	211666	0	
4	 12	 3	 3	sample191	1963	4247	1610	264944	0	
4	 12	 3	 4	sample191	2131	4539	2322	178192	0	
4	 12	 3	 5	sample191	1544	3972	1594	228232	0	
4	 12	 3	 6	control	167	2559	82	95680	0	
4	 12	 4	 1	sample192	4432	6556	4964	144432	0	
4	 12	 4	 2	sample192	3315	5459	3758	150080	0	
4	 12	 4	 3	sample192	2328	4436	2530	160208	0	
4	 12	 4	 4	sample192	2132	4254	2258	150662	0	
4	 12	 4	 5	sample192	1209	3401	1256	166592	0	
4	 12	 4	 6	control	2392	4678	2636	157734	0	
