MicroVigene	 Version	 2501
Culture	en-US
9/28/2006 2:39:33 PM
Roi Row	 4	 Roi Col	 12	 Main Row	 4	 Main Col	 6	 Sub Row	 1	 Sub Col	 1
Main Row	 Main Col	 Sub Row	 Sub Col	  GeneID	mean_net	 mean_total	 median_net	 vol_bkg	 vol_dust	 
1	 1	 1	 1	sample1	7567	9881	8224	145782	0	
1	 1	 1	 2	sample1	5075	8931	5140	154240	0	
1	 1	 1	 3	sample1	4462	8318	4882	285344	0	
1	 1	 1	 4	sample1	5108	8706	5398	143920	0	
1	 1	 1	 5	sample1	3456	7312	3340	196656	0	
1	 1	 1	 6	control	862	4974	514	139808	0	
1	 1	 2	 1	sample2	8375	11459	8224	126444	0	
1	 1	 2	 2	sample2	4576	9974	4882	253706	0	
1	 1	 2	 3	sample2	5066	9692	5398	208170	0	
1	 1	 2	 4	sample2	5417	9529	5398	217936	0	
1	 1	 2	 5	sample2	5044	9156	5140	217936	0	
1	 1	 2	 6	control	6792	11162	7452	222870	0	
1	 1	 3	 1	sample3	6416	10272	6424	370176	0	
1	 1	 3	 2	sample3	5602	10486	5910	195360	0	
1	 1	 3	 3	sample3	4604	9230	5140	379332	0	
1	 1	 3	 4	sample3	5242	9354	5140	217936	0	
1	 1	 3	 5	sample3	5642	9498	6168	177376	0	
1	 1	 3	 6	control	891	4747	514	131104	0	
1	 1	 4	 1	sample4	8935	10735	8994	162000	0	
1	 1	 4	 2	sample4	8765	11335	9252	172190	0	
1	 1	 4	 3	sample4	7451	10535	8224	277560	0	
1	 1	 4	 4	sample4	8296	11638	7966	177126	0	
1	 1	 4	 5	sample4	7503	11101	7196	187096	0	
1	 1	 4	 6	control	7212	11324	7196	209712	0	
1	 2	 1	 1	sample5	5056	8654	5140	395780	0	
1	 2	 1	 2	sample5	4765	9905	4626	257000	0	
1	 2	 1	 3	sample5	5155	9267	5912	296064	0	
1	 2	 1	 4	sample5	5363	8705	6424	207204	0	
1	 2	 1	 5	sample5	4706	8048	5396	287412	0	
1	 2	 1	 6	control	1227	4569	1028	133680	0	
1	 2	 2	 1	sample6	4992	9362	5140	205390	0	
1	 2	 2	 2	sample6	4072	9212	4370	231300	0	
1	 2	 2	 3	sample6	3787	8157	4368	297160	0	
1	 2	 2	 4	sample6	3695	7551	4112	323904	0	
1	 2	 2	 5	sample6	4637	8235	5398	273448	0	
1	 2	 2	 6	control	5882	9224	6938	274044	0	
1	 2	 3	 1	sample7	5292	9148	5654	447296	0	
1	 2	 3	 2	sample7	4628	8998	5396	410780	0	
1	 2	 3	 3	sample7	4593	8705	4884	382416	0	
1	 2	 3	 4	sample7	4840	8438	5140	295036	0	
1	 2	 3	 5	sample7	4879	8221	5654	264018	0	
1	 2	 3	 6	control	1269	4353	1286	98688	0	
1	 2	 4	 1	sample8	6328	9670	6938	277386	0	
1	 2	 4	 2	sample8	6456	10054	7454	273448	0	
1	 2	 4	 3	sample8	5986	9584	6940	320222	0	
1	 2	 4	 4	sample8	5462	8546	6426	296064	0	
1	 2	 4	 5	sample8	5129	8213	5654	277560	0	
1	 2	 4	 6	control	5432	8002	6168	251860	0	
1	 3	 1	 1	sample9	5382	7694	5912	189584	0	
1	 3	 1	 2	sample9	4840	7924	5396	188124	0	
1	 3	 1	 3	sample9	5122	7692	5910	151630	0	
1	 3	 1	 4	sample9	5179	7491	6426	124848	0	
1	 3	 1	 5	sample9	3845	6157	4626	166464	0	
1	 3	 1	 6	control	1040	3610	1028	102800	0	
1	 3	 2	 1	sample10	3971	6797	4626	220428	0	
1	 3	 2	 2	sample10	4723	7549	5654	180864	0	
1	 3	 2	 3	sample10	5044	7356	6168	159528	0	
1	 3	 2	 4	sample10	4712	7024	5398	152592	0	
1	 3	 2	 5	sample10	4373	6685	5140	154904	0	
1	 3	 2	 6	control	5617	7929	6426	159528	0	
1	 3	 3	 1	sample11	5368	7424	5654	164480	0	
1	 3	 3	 2	sample11	4435	7005	5140	197890	0	
1	 3	 3	 3	sample11	4378	6434	4882	164480	0	
1	 3	 3	 4	sample11	4381	6437	5140	131584	0	
1	 3	 3	 5	sample11	3289	5087	3598	133052	0	
1	 3	 3	 6	control	1188	3244	1028	82240	0	
1	 3	 4	 1	sample12	5014	6812	4370	138446	0	
1	 3	 4	 2	sample12	5995	8307	7454	106352	0	
1	 3	 4	 3	sample12	4491	6547	5396	176816	0	
1	 3	 4	 4	sample12	4882	6938	5910	172704	0	
1	 3	 4	 5	sample12	3928	5984	4368	187096	0	
1	 3	 4	 6	control	5501	7299	6682	120466	0	
1	 4	 1	 1	sample13	4307	7905	4884	356202	0	
1	 4	 1	 2	sample13	5324	8408	6426	215880	0	
1	 4	 1	 3	sample13	5458	7772	6424	194376	0	
1	 4	 1	 4	sample13	5126	7440	6168	131898	0	
1	 4	 1	 5	sample13	4092	6406	4626	180492	0	
1	 4	 1	 6	control	854	3682	770	113120	0	
1	 4	 2	 1	sample14	4719	8061	5140	257334	0	
1	 4	 2	 2	sample14	4961	7531	5398	187610	0	
1	 4	 2	 3	sample14	3616	5930	4112	194376	0	
1	 4	 2	 4	sample14	4013	6069	4884	207656	0	
1	 4	 2	 5	sample14	3919	6233	4626	185120	0	
1	 4	 2	 6	control	5202	7772	5654	192750	0	
1	 4	 3	 1	sample15	4101	7185	4884	200460	0	
1	 4	 3	 2	sample15	3181	5495	3598	212888	0	
1	 4	 3	 3	sample15	3051	5107	3084	174760	0	
1	 4	 3	 4	sample15	3312	5112	3598	176400	0	
1	 4	 3	 5	sample15	2472	4528	2314	106912	0	
1	 4	 3	 6	control	1620	4190	1542	136210	0	
1	 4	 4	 1	sample16	5419	8247	6424	226240	0	
1	 4	 4	 2	sample16	5975	8289	7452	138840	0	
1	 4	 4	 3	sample16	5269	7325	5912	201488	0	
1	 4	 4	 4	sample16	4617	6673	5140	172704	0	
1	 4	 4	 5	sample16	4097	6153	4626	199432	0	
1	 4	 4	 6	control	5209	7265	5912	170648	0	
1	 5	 1	 1	sample17	3819	6645	4370	217602	0	
1	 5	 1	 2	sample17	3951	6263	4884	161840	0	
1	 5	 1	 3	sample17	4186	6242	4882	141864	0	
1	 5	 1	 4	sample17	4037	6349	4626	141032	0	
1	 5	 1	 5	sample17	2721	5291	2826	113080	0	
1	 5	 1	 6	control	1034	4118	1028	123360	0	
1	 5	 2	 1	sample18	3049	6133	3598	252888	0	
1	 5	 2	 2	sample18	3890	6202	4626	205768	0	
1	 5	 2	 3	sample18	4329	6127	4884	147436	0	
1	 5	 2	 4	sample18	3188	4986	3856	213962	0	
1	 5	 2	 5	sample18	3293	5349	3340	211768	0	
1	 5	 2	 6	control	4038	6864	4884	214776	0	
1	 5	 3	 1	sample19	2806	5890	2570	354660	0	
1	 5	 3	 2	sample19	3603	5659	3854	209712	0	
1	 5	 3	 3	sample19	3784	5326	4112	169620	0	
1	 5	 3	 4	sample19	3589	5131	3598	146490	0	
1	 5	 3	 5	sample19	3756	5298	4112	132612	0	
1	 5	 3	 6	control	244	2300	256	82240	0	
1	 5	 4	 1	sample20	4649	6961	5398	212704	0	
1	 5	 4	 2	sample20	4764	6820	5140	133640	0	
1	 5	 4	 3	sample20	4131	5673	4882	164994	0	
1	 5	 4	 4	sample20	3517	5059	3598	143406	0	
1	 5	 4	 5	sample20	3407	4949	3598	148032	0	
1	 5	 4	 6	control	4200	5742	4368	134154	0	
1	 6	 1	 1	sample21	3415	7269	3342	188846	0	
1	 6	 1	 2	sample21	3864	6948	4368	246720	0	
1	 6	 1	 3	sample21	4157	6983	4884	214776	0	
1	 6	 1	 4	sample21	3845	6671	4370	214776	0	
1	 6	 1	 5	sample21	3106	5932	3342	302382	0	
1	 6	 1	 6	control	1265	4605	1286	167000	0	
1	 6	 2	 1	sample22	3168	7022	3084	188846	0	
1	 6	 2	 2	sample22	3432	6516	3598	234384	0	
1	 6	 2	 3	sample22	4065	6377	4626	212704	0	
1	 6	 2	 4	sample22	3416	5986	3854	254430	0	
1	 6	 2	 5	sample22	4456	7026	4112	136210	0	
1	 6	 2	 6	control	3553	6379	3856	237384	0	
1	 6	 3	 1	sample23	2961	5531	3084	167050	0	
1	 6	 3	 2	sample23	2141	4453	2056	120224	0	
1	 6	 3	 3	sample23	2502	4558	2312	217936	0	
1	 6	 3	 4	sample23	2522	4578	2570	100744	0	
1	 6	 3	 5	sample23	2845	4901	2826	84296	0	
1	 6	 3	 6	control	939	3251	772	92480	0	
1	 6	 4	 1	sample24	3902	5958	4626	154200	0	
1	 6	 4	 2	sample24	3719	5517	4112	145638	0	
1	 6	 4	 3	sample24	3072	4870	3342	190588	0	
1	 6	 4	 4	sample24	2917	4715	3084	170810	0	
1	 6	 4	 5	sample24	3002	4800	3084	174406	0	
1	 6	 4	 6	control	3260	5058	3598	210366	0	
1	 7	 1	 1	sample25	3011	7123	2826	217936	0	
1	 7	 1	 2	sample25	4686	8026	4884	173680	0	
1	 7	 1	 3	sample25	4729	7555	5140	169560	0	
1	 7	 1	 4	sample25	4911	7737	5398	183690	0	
1	 7	 1	 5	sample25	3897	6723	4370	245862	0	
1	 7	 1	 6	control	887	4227	772	133600	0	
1	 7	 2	 1	sample26	3103	6187	3084	163452	0	
1	 7	 2	 2	sample26	4182	7008	4112	135648	0	
1	 7	 2	 3	sample26	3505	5817	3856	178024	0	
1	 7	 2	 4	sample26	3662	5974	4112	205768	0	
1	 7	 2	 5	sample26	4709	7021	4626	115600	0	
1	 7	 2	 6	control	4455	7281	4626	228906	0	
1	 7	 3	 1	sample27	3928	6498	3854	125930	0	
1	 7	 3	 2	sample27	3493	5549	3854	201488	0	
1	 7	 3	 3	sample27	3692	5490	3856	172608	0	
1	 7	 3	 4	sample27	3130	4928	3598	181598	0	
1	 7	 3	 5	sample27	3714	5770	3598	63736	0	
1	 7	 3	 6	control	701	3013	772	92480	0	
1	 7	 4	 1	sample28	3978	5776	4370	113274	0	
1	 7	 4	 2	sample28	3855	5397	4112	95604	0	
1	 7	 4	 3	sample28	2960	4244	3084	151512	0	
1	 7	 4	 4	sample28	3727	5011	4370	105288	0	
1	 7	 4	 5	sample28	3447	4731	3856	128400	0	
1	 7	 4	 6	control	4427	5711	4884	120696	0	
1	 8	 1	 1	sample29	3831	8971	3598	267280	0	
1	 8	 1	 2	sample29	4888	9258	4882	218500	0	
1	 8	 1	 3	sample29	4735	8333	5140	273448	0	
1	 8	 1	 4	sample29	5095	8693	5654	244664	0	
1	 8	 1	 5	sample29	4690	8032	5140	294096	0	
1	 8	 1	 6	control	552	4408	514	154240	0	
1	 8	 2	 1	sample30	1715	7113	1542	248308	0	
1	 8	 2	 2	sample30	4188	8300	4112	98688	0	
1	 8	 2	 3	sample30	4109	6937	4368	257348	0	
1	 8	 2	 4	sample30	3738	6566	4112	274316	0	
1	 8	 2	 5	sample30	3927	6755	3854	200788	0	
1	 8	 2	 6	control	4399	7483	4884	240552	0	
1	 8	 3	 1	sample31	2979	6577	3342	395780	0	
1	 8	 3	 2	sample31	4453	7537	4370	132612	0	
1	 8	 3	 3	sample31	3438	6008	3598	295550	0	
1	 8	 3	 4	sample31	3234	5548	3340	252226	0	
1	 8	 3	 5	sample31	3377	5691	3598	212888	0	
1	 8	 3	 6	control	1072	3900	1028	65044	0	
1	 8	 4	 1	sample32	4240	6296	4370	182984	0	
1	 8	 4	 2	sample32	4430	6744	4882	145782	0	
1	 8	 4	 3	sample32	4248	6048	4626	196200	0	
1	 8	 4	 4	sample32	4549	6349	5140	145800	0	
1	 8	 4	 5	sample32	3882	5682	4368	149400	0	
1	 8	 4	 6	control	4333	6133	4882	142200	0	
1	 9	 1	 1	sample33	4223	9107	4368	258852	0	
1	 9	 1	 2	sample33	4708	8564	5140	277632	0	
1	 9	 1	 3	sample33	4894	8492	5398	266252	0	
1	 9	 1	 4	sample33	5330	9442	5912	217936	0	
1	 9	 1	 5	sample33	5294	9406	5140	193264	0	
1	 9	 1	 6	control	1413	5783	1284	174800	0	
1	 9	 2	 1	sample34	4566	8422	4626	165808	0	
1	 9	 2	 2	sample34	4193	7535	4626	220572	0	
1	 9	 2	 3	sample34	4363	7191	4626	254520	0	
1	 9	 2	 4	sample34	4772	7856	4884	163452	0	
1	 9	 2	 5	sample34	4327	7669	4882	250650	0	
1	 9	 2	 6	control	5377	9233	5396	154240	0	
1	 9	 3	 1	sample35	3718	7060	4112	264018	0	
1	 9	 3	 2	sample35	2960	5788	3084	277144	0	
1	 9	 3	 3	sample35	3155	5469	3340	192062	0	
1	 9	 3	 4	sample35	3200	5770	3856	205600	0	
1	 9	 3	 5	sample35	3071	5641	3084	203030	0	
1	 9	 3	 6	control	829	3913	772	123360	0	
1	 9	 4	 1	sample36	5006	7576	4884	102800	0	
1	 9	 4	 2	sample36	4232	6546	4882	148096	0	
1	 9	 4	 3	sample36	4058	5858	4368	189000	0	
1	 9	 4	 4	sample36	4284	5826	4884	124902	0	
1	 9	 4	 5	sample36	4707	6249	5140	107940	0	
1	 9	 4	 6	control	4450	5992	4626	141864	0	
1	 10	 1	 1	sample37	5719	11117	5910	275298	0	
1	 10	 1	 2	sample37	6147	10773	6682	323820	0	
1	 10	 1	 3	sample37	6123	10493	6938	279680	0	
1	 10	 1	 4	sample37	6156	10268	6940	246720	0	
1	 10	 1	 5	sample37	5410	9266	5910	296912	0	
1	 10	 1	 6	control	552	4408	514	154240	0	
1	 10	 2	 1	sample38	3944	8828	3854	253968	0	
1	 10	 2	 2	sample38	5861	9717	6168	200512	0	
1	 10	 2	 3	sample38	6178	9262	6682	255972	0	
1	 10	 2	 4	sample38	5644	8986	6168	274044	0	
1	 10	 2	 5	sample38	5055	8653	5398	269850	0	
1	 10	 2	 6	control	5979	9835	6682	273776	0	
1	 10	 3	 1	sample39	4480	8336	4368	204368	0	
1	 10	 3	 2	sample39	4573	7657	5140	237468	0	
1	 10	 3	 3	sample39	5246	7560	5910	185120	0	
1	 10	 3	 4	sample39	5093	7921	5654	203616	0	
1	 10	 3	 5	sample39	4537	7621	5140	212796	0	
1	 10	 3	 6	control	1163	4761	772	143920	0	
1	 10	 4	 1	sample40	6278	7820	6168	61680	0	
1	 10	 4	 2	sample40	4823	6365	5654	104856	0	
1	 10	 4	 3	sample40	5403	6689	6168	108024	0	
1	 10	 4	 4	sample40	4825	6111	5396	115740	0	
1	 10	 4	 5	sample40	4710	6252	4884	109482	0	
1	 10	 4	 6	control	5910	7710	6682	144000	0	
1	 11	 1	 1	sample41	7215	12611	7968	447868	0	
1	 11	 1	 2	sample41	7471	12097	8224	328446	0	
1	 11	 1	 3	sample41	7527	11381	8482	269780	0	
1	 11	 1	 4	sample41	7293	11147	8224	215824	0	
1	 11	 1	 5	sample41	5669	9267	6424	298634	0	
1	 11	 1	 6	control	1426	4510	1284	123360	0	
1	 11	 2	 1	sample42	6093	12261	6168	296064	0	
1	 11	 2	 2	sample42	7472	12098	7196	245178	0	
1	 11	 2	 3	sample42	7725	11579	7454	200408	0	
1	 11	 2	 4	sample42	5730	9584	6426	393108	0	
1	 11	 2	 5	sample42	6285	9625	6682	287240	0	
1	 11	 2	 6	control	8038	11636	8994	269850	0	
1	 11	 3	 1	sample43	3613	9781	3598	314568	0	
1	 11	 3	 2	sample43	3844	9754	3856	260040	0	
1	 11	 3	 3	sample43	7011	10865	6682	192700	0	
1	 11	 3	 4	sample43	6115	9455	5912	143620	0	
1	 11	 3	 5	sample43	5500	8070	5910	236440	0	
1	 11	 3	 6	control	887	3713	772	113040	0	
1	 11	 4	 1	sample44	6043	9897	6168	165722	0	
1	 11	 4	 2	sample44	4966	8306	4884	167000	0	
1	 11	 4	 3	sample44	5416	7986	5910	239010	0	
1	 11	 4	 4	sample44	6672	8728	8224	158312	0	
1	 11	 4	 5	sample44	7667	9465	8482	116870	0	
1	 11	 4	 6	control	7651	9707	9252	143920	0	
1	 12	 1	 1	sample45	9319	13175	11050	266064	0	
1	 12	 1	 2	sample45	9123	12465	10794	193836	0	
1	 12	 1	 3	sample45	8686	11256	10280	164480	0	
1	 12	 1	 4	sample45	7276	9846	9510	149060	0	
1	 12	 1	 5	sample45	5932	8246	6938	166608	0	
1	 12	 1	 6	control	1015	3329	770	92560	0	
1	 12	 2	 1	sample46	6280	10906	7196	522738	0	
1	 12	 2	 2	sample46	8422	12278	10022	320048	0	
1	 12	 2	 3	sample46	9666	12494	11308	212100	0	
1	 12	 2	 4	sample46	8488	10802	10280	166608	0	
1	 12	 2	 5	sample46	7453	9509	9252	141864	0	
1	 12	 2	 6	control	8541	10855	10794	127270	0	
1	 12	 3	 1	sample47	6649	11019	7452	349600	0	
1	 12	 3	 2	sample47	7702	11300	8996	230272	0	
1	 12	 3	 3	sample47	8890	11460	9766	174760	0	
1	 12	 3	 4	sample47	6995	9309	8224	148096	0	
1	 12	 3	 5	sample47	4946	7002	5398	143920	0	
1	 12	 3	 6	control	1318	3374	1028	82240	0	
1	 12	 4	 1	sample48	6173	9001	6424	254520	0	
1	 12	 4	 2	sample48	7375	9431	8996	148032	0	
1	 12	 4	 3	sample48	7591	9391	8224	156600	0	
1	 12	 4	 4	sample48	7792	9334	9766	92520	0	
1	 12	 4	 5	sample48	6948	8748	8480	100800	0	
1	 12	 4	 6	control	8242	10298	10280	121304	0	
2	 1	 1	 1	sample49	8815	10615	8738	95400	0	
2	 1	 1	 2	sample49	5004	9116	5398	201488	0	
2	 1	 1	 3	sample49	4773	9143	5140	205390	0	
2	 1	 1	 4	sample49	5134	8990	5396	177376	0	
2	 1	 1	 5	sample49	3319	7175	3340	138816	0	
2	 1	 1	 6	control	1057	5169	772	148032	0	
2	 1	 2	 1	sample50	8480	11308	8480	132916	0	
2	 1	 2	 2	sample50	5970	11110	6168	246720	0	
2	 1	 2	 3	sample50	5553	10437	5654	249084	0	
2	 1	 2	 4	sample50	5648	9760	5912	349520	0	
2	 1	 2	 5	sample50	6618	10730	6168	213824	0	
2	 1	 2	 6	control	5529	10155	6168	235926	0	
2	 1	 3	 1	sample51	6199	9283	6682	206628	0	
2	 1	 3	 2	sample51	4678	9048	4626	170430	0	
2	 1	 3	 3	sample51	4365	8477	4370	217936	0	
2	 1	 3	 4	sample51	4481	8337	4626	185088	0	
2	 1	 3	 5	sample51	4924	9036	5398	185040	0	
2	 1	 3	 6	control	861	5231	770	148580	0	
2	 1	 4	 1	sample52	8285	10599	9252	192062	0	
2	 1	 4	 2	sample52	6482	9824	7710	210546	0	
2	 1	 4	 3	sample52	5336	9192	5654	358608	0	
2	 1	 4	 4	sample52	5098	9210	5140	197376	0	
2	 1	 4	 5	sample52	4947	9317	4882	174800	0	
2	 1	 4	 6	control	6136	10762	6682	217422	0	
2	 2	 1	 1	sample53	4900	6442	5654	94062	0	
2	 2	 1	 2	sample53	3711	6025	4112	141154	0	
2	 2	 1	 3	sample53	4011	6325	4626	136526	0	
2	 2	 1	 4	sample53	4097	5897	4112	194400	0	
2	 2	 1	 5	sample53	3356	4898	3856	107940	0	
2	 2	 1	 6	control	913	2455	772	61680	0	
2	 2	 2	 1	sample54	4964	7278	5654	182806	0	
2	 2	 2	 2	sample54	4130	7472	5140	233940	0	
2	 2	 2	 3	sample54	4956	7526	5398	182470	0	
2	 2	 2	 4	sample54	4930	7244	5654	173550	0	
2	 2	 2	 5	sample54	4442	6498	5140	152144	0	
2	 2	 2	 6	control	5324	7124	6168	145800	0	
2	 2	 3	 1	sample55	5310	7880	5912	203030	0	
2	 2	 3	 2	sample55	4636	7978	5140	253992	0	
2	 2	 3	 3	sample55	4188	7016	5140	209272	0	
2	 2	 3	 4	sample55	4547	6861	5140	189748	0	
2	 2	 3	 5	sample55	4513	6827	4882	131898	0	
2	 2	 3	 6	control	1170	3226	1028	82240	0	
2	 2	 4	 1	sample56	5856	8426	6426	190180	0	
2	 2	 4	 2	sample56	5576	8660	6682	243636	0	
2	 2	 4	 3	sample56	5562	8390	6424	223412	0	
2	 2	 4	 4	sample56	5462	8032	6426	226160	0	
2	 2	 4	 5	sample56	3373	5687	2570	92560	0	
2	 2	 4	 6	control	4465	6521	4112	271392	0	
2	 3	 1	 1	sample57	3888	5944	4370	160368	0	
2	 3	 1	 2	sample57	4404	6718	4368	101816	0	
2	 3	 1	 3	sample57	4204	5746	4626	112566	0	
2	 3	 1	 4	sample57	4368	5654	5140	73302	0	
2	 3	 1	 5	sample57	3805	4833	4370	83268	0	
2	 3	 1	 6	control	894	1922	772	41120	0	
2	 3	 2	 1	sample58	2877	6475	2828	93548	0	
2	 3	 2	 2	sample58	3592	6676	3856	123360	0	
2	 3	 2	 3	sample58	4456	6256	4882	136800	0	
2	 3	 2	 4	sample58	3952	5494	4370	148032	0	
2	 3	 2	 5	sample58	4166	5452	4626	120884	0	
2	 3	 2	 6	control	4660	6202	5654	127986	0	
2	 3	 3	 1	sample59	3795	7651	3854	150384	0	
2	 3	 3	 2	sample59	4150	6978	4112	113120	0	
2	 3	 3	 3	sample59	4258	6058	5140	180000	0	
2	 3	 3	 4	sample59	4200	5742	4884	144948	0	
2	 3	 3	 5	sample59	4463	5749	4626	136316	0	
2	 3	 3	 6	control	1422	2964	1286	78642	0	
2	 3	 4	 1	sample60	5192	7506	5654	182806	0	
2	 3	 4	 2	sample60	5307	7621	6168	159666	0	
2	 3	 4	 3	sample60	5253	7053	5910	163800	0	
2	 3	 4	 4	sample60	5206	6748	5912	126444	0	
2	 3	 4	 5	sample60	4748	6290	5398	140322	0	
2	 3	 4	 6	control	4795	6337	5398	152658	0	
2	 4	 1	 1	sample61	4070	6126	4626	176816	0	
2	 4	 1	 2	sample61	5144	6686	6424	98688	0	
2	 4	 1	 3	sample61	4808	6092	5912	78324	0	
2	 4	 1	 4	sample61	4260	5544	5398	78324	0	
2	 4	 1	 5	sample61	3207	4749	3598	118734	0	
2	 4	 1	 6	control	778	2576	772	71920	0	
2	 4	 2	 1	sample62	4043	6613	4368	154200	0	
2	 4	 2	 2	sample62	3711	5767	4112	158312	0	
2	 4	 2	 3	sample62	3501	5043	3854	111024	0	
2	 4	 2	 4	sample62	2795	4593	3084	154628	0	
2	 4	 2	 5	sample62	2593	4649	2826	158312	0	
2	 4	 2	 6	control	4281	6593	5140	147968	0	
2	 4	 3	 1	sample63	4627	7453	5140	226080	0	
2	 4	 3	 2	sample63	5021	7333	6168	189584	0	
2	 4	 3	 3	sample63	5089	6887	5912	134850	0	
2	 4	 3	 4	sample63	3960	6016	4626	150088	0	
2	 4	 3	 5	sample63	3750	6062	4370	164152	0	
2	 4	 3	 6	control	1459	4285	1542	113040	0	
2	 4	 4	 1	sample64	3683	6253	3084	208170	0	
2	 4	 4	 2	sample64	4770	7082	5654	136408	0	
2	 4	 4	 3	sample64	4085	6141	4368	160368	0	
2	 4	 4	 4	sample64	3401	5457	3854	185040	0	
2	 4	 4	 5	sample64	3891	6203	4370	217328	0	
2	 4	 4	 6	control	3622	6448	3856	282600	0	
2	 5	 1	 1	sample65	3855	6425	4368	251860	0	
2	 5	 1	 2	sample65	4167	6479	4884	184960	0	
2	 5	 1	 3	sample65	4842	6640	5654	122264	0	
2	 5	 1	 4	sample65	4227	6025	5140	113274	0	
2	 5	 1	 5	sample65	3727	5525	4112	140244	0	
2	 5	 1	 6	control	629	2685	514	82240	0	
2	 5	 2	 1	sample66	3398	6482	3854	218964	0	
2	 5	 2	 2	sample66	3066	5636	3598	231300	0	
2	 5	 2	 3	sample66	3572	5884	4112	198832	0	
2	 5	 2	 4	sample66	2888	5200	3342	226576	0	
2	 5	 2	 5	sample66	2910	5222	3342	180336	0	
2	 5	 2	 6	control	3821	6133	4112	154904	0	
2	 5	 3	 1	sample67	3368	6966	3854	237468	0	
2	 5	 3	 2	sample67	2627	5711	2570	360828	0	
2	 5	 3	 3	sample67	4039	6609	4368	200460	0	
2	 5	 3	 4	sample67	3634	5946	4370	166464	0	
2	 5	 3	 5	sample67	3753	6323	4368	174760	0	
2	 5	 3	 6	control	430	3000	256	102800	0	
2	 5	 4	 1	sample68	5120	8718	4626	384986	0	
2	 5	 4	 2	sample68	4788	8386	5396	233870	0	
2	 5	 4	 3	sample68	4769	7595	5140	330642	0	
2	 5	 4	 4	sample68	4797	7367	5140	323820	0	
2	 5	 4	 5	sample68	4669	7239	5654	226160	0	
2	 5	 4	 6	control	3740	6310	4368	241580	0	
2	 6	 1	 1	sample69	3439	4981	3854	112566	0	
2	 6	 1	 2	sample69	2797	4339	3340	106398	0	
2	 6	 1	 3	sample69	3253	4537	3856	82176	0	
2	 6	 1	 4	sample69	2863	4147	3342	84744	0	
2	 6	 1	 5	sample69	2063	3347	2314	105288	0	
2	 6	 1	 6	control	912	2454	770	61680	0	
2	 6	 2	 1	sample70	3042	4584	3598	104856	0	
2	 6	 2	 2	sample70	2994	4536	3340	92520	0	
2	 6	 2	 3	sample70	2450	3734	2570	104004	0	
2	 6	 2	 4	sample70	2168	3452	2314	127116	0	
2	 6	 2	 5	sample70	2304	3588	2570	110424	0	
2	 6	 2	 6	control	3629	5171	4368	100230	0	
2	 6	 3	 1	sample71	3220	5018	3342	68324	0	
2	 6	 3	 2	sample71	2233	4031	2056	28768	0	
2	 6	 3	 3	sample71	2162	3704	2312	137238	0	
2	 6	 3	 4	sample71	1604	3146	1542	114108	0	
2	 6	 3	 5	sample71	2512	4054	2570	117192	0	
2	 6	 3	 6	control	456	1998	514	61680	0	
2	 6	 4	 1	sample72	3142	5712	2826	226160	0	
2	 6	 4	 2	sample72	3147	5459	3598	171088	0	
2	 6	 4	 3	sample72	3114	5170	3598	209712	0	
2	 6	 4	 4	sample72	2901	4957	3084	248776	0	
2	 6	 4	 5	sample72	3059	4857	3598	179800	0	
2	 6	 4	 6	control	3518	5060	3854	154200	0	
2	 7	 1	 1	sample73	2928	5240	2828	106352	0	
2	 7	 1	 2	sample73	3250	4792	3598	126444	0	
2	 7	 1	 3	sample73	3287	4571	4112	102720	0	
2	 7	 1	 4	sample73	3131	4673	3598	107940	0	
2	 7	 1	 5	sample73	3342	4626	3598	93732	0	
2	 7	 1	 6	control	1028	2570	1028	61680	0	
2	 7	 2	 1	sample74	3005	4803	3598	127658	0	
2	 7	 2	 2	sample74	2934	4476	3340	103314	0	
2	 7	 2	 3	sample74	3024	4308	3598	98868	0	
2	 7	 2	 4	sample74	2712	3996	2828	91164	0	
2	 7	 2	 5	sample74	2434	3718	2828	82176	0	
2	 7	 2	 6	control	3232	4774	3598	101772	0	
2	 7	 3	 1	sample75	2559	4357	2828	120466	0	
2	 7	 3	 2	sample75	2206	4004	2570	129456	0	
2	 7	 3	 3	sample75	2388	3930	2570	115650	0	
2	 7	 3	 4	sample75	2059	3601	2312	98688	0	
2	 7	 3	 5	sample75	1832	3374	2056	131070	0	
2	 7	 3	 6	control	848	2390	770	61680	0	
2	 7	 4	 1	sample76	3755	5811	4112	170648	0	
2	 7	 4	 2	sample76	3917	5973	4626	119248	0	
2	 7	 4	 3	sample76	3417	5215	3856	152830	0	
2	 7	 4	 4	sample76	3198	4996	3598	183396	0	
2	 7	 4	 5	sample76	2547	4345	3084	176204	0	
2	 7	 4	 6	control	3222	4764	3598	140322	0	
2	 8	 1	 1	sample77	2800	4342	2826	163452	0	
2	 8	 1	 2	sample77	3651	4935	4112	95016	0	
2	 8	 1	 3	sample77	3524	5066	4112	107940	0	
2	 8	 1	 4	sample77	3477	5275	3856	98890	0	
2	 8	 1	 5	sample77	3265	5063	3084	71920	0	
2	 8	 1	 6	control	989	3045	770	82240	0	
2	 8	 2	 1	sample78	2861	4145	3342	79608	0	
2	 8	 2	 2	sample78	2367	3651	2828	86028	0	
2	 8	 2	 3	sample78	1731	3273	1798	70932	0	
2	 8	 2	 4	sample78	2280	4078	2056	95294	0	
2	 8	 2	 5	sample78	1793	3849	1798	94576	0	
2	 8	 2	 6	control	2786	5098	3084	173400	0	
2	 8	 3	 1	sample79	3053	4337	3598	116844	0	
2	 8	 3	 2	sample79	3270	4298	3854	90464	0	
2	 8	 3	 3	sample79	2869	4153	3084	134820	0	
2	 8	 3	 4	sample79	2983	4525	3084	118734	0	
2	 8	 3	 5	sample79	3149	4947	3084	71920	0	
2	 8	 3	 6	control	1028	3340	1028	104040	0	
2	 8	 4	 1	sample80	3028	4312	2828	116844	0	
2	 8	 4	 2	sample80	3245	4529	3856	88596	0	
2	 8	 4	 3	sample80	3465	4493	3854	101772	0	
2	 8	 4	 4	sample80	3131	4415	3598	155364	0	
2	 8	 4	 5	sample80	2888	4430	3340	123360	0	
2	 8	 4	 6	control	3491	5033	3854	152658	0	
2	 9	 1	 1	sample81	3309	5365	3598	133640	0	
2	 9	 1	 2	sample81	2907	4963	3340	131584	0	
2	 9	 1	 3	sample81	2822	4878	3084	123360	0	
2	 9	 1	 4	sample81	2268	4324	2570	203544	0	
2	 9	 1	 5	sample81	2810	4866	2826	94576	0	
2	 9	 1	 6	control	350	2662	258	83232	0	
2	 9	 2	 1	sample82	2791	5361	3084	185040	0	
2	 9	 2	 2	sample82	3429	5485	4112	143920	0	
2	 9	 2	 3	sample82	3793	5591	4626	133052	0	
2	 9	 2	 4	sample82	3727	5525	4370	125860	0	
2	 9	 2	 5	sample82	3496	5294	3856	113274	0	
2	 9	 2	 6	control	4609	6407	4626	77314	0	
2	 9	 3	 1	sample83	2932	5758	2828	118692	0	
2	 9	 3	 2	sample83	2713	4769	3084	213824	0	
2	 9	 3	 3	sample83	3764	5306	4112	109482	0	
2	 9	 3	 4	sample83	3517	5315	4112	124062	0	
2	 9	 3	 5	sample83	3077	4875	3598	129456	0	
2	 9	 3	 6	control	664	2462	514	64728	0	
2	 9	 4	 1	sample84	3414	5470	3084	158312	0	
2	 9	 4	 2	sample84	3639	5695	4112	127472	0	
2	 9	 4	 3	sample84	3705	5503	4370	125860	0	
2	 9	 4	 4	sample84	3157	4955	3856	190588	0	
2	 9	 4	 5	sample84	3552	5350	3342	79112	0	
2	 9	 4	 6	control	4453	6251	4626	82708	0	
2	 10	 1	 1	sample85	3180	6264	3084	148032	0	
2	 10	 1	 2	sample85	4231	7057	4112	146952	0	
2	 10	 1	 3	sample85	3858	6170	4112	210392	0	
2	 10	 1	 4	sample85	3384	6210	3598	169560	0	
2	 10	 1	 5	sample85	3003	5829	3342	223254	0	
2	 10	 1	 6	control	1378	4462	1284	135696	0	
2	 10	 2	 1	sample86	3034	5604	3084	185040	0	
2	 10	 2	 2	sample86	3590	5902	3856	141032	0	
2	 10	 2	 3	sample86	3151	5463	3342	178024	0	
2	 10	 2	 4	sample86	2822	5392	2826	133640	0	
2	 10	 2	 5	sample86	2508	5078	2312	128500	0	
2	 10	 2	 6	control	3227	5797	3598	179900	0	
2	 10	 3	 1	sample87	3256	5826	3598	210740	0	
2	 10	 3	 2	sample87	3295	5607	3598	180336	0	
2	 10	 3	 3	sample87	3357	5413	3854	158312	0	
2	 10	 3	 4	sample87	3260	5316	3598	164480	0	
2	 10	 3	 5	sample87	2963	5019	3084	166536	0	
2	 10	 3	 6	control	989	3559	770	102800	0	
2	 10	 4	 1	sample88	3324	5636	3342	238136	0	
2	 10	 4	 2	sample88	3955	5753	4370	125860	0	
2	 10	 4	 3	sample88	4154	5696	4626	138780	0	
2	 10	 4	 4	sample88	4196	5480	4626	110424	0	
2	 10	 4	 5	sample88	3789	5331	4368	103314	0	
2	 10	 4	 6	control	3906	5448	4368	152658	0	
2	 11	 1	 1	sample89	5228	8826	5398	190694	0	
2	 11	 1	 2	sample89	5418	8246	5654	203616	0	
2	 11	 1	 3	sample89	5021	7591	5654	177330	0	
2	 11	 1	 4	sample89	5976	8290	6938	161980	0	
2	 11	 1	 5	sample89	5080	7394	5654	219830	0	
2	 11	 1	 6	control	1541	3855	1542	92560	0	
2	 11	 2	 1	sample90	3058	6914	3084	154240	0	
2	 11	 2	 2	sample90	3637	6721	3856	286812	0	
2	 11	 2	 3	sample90	4462	7032	4884	228730	0	
2	 11	 2	 4	sample90	4484	7054	4884	259570	0	
2	 11	 2	 5	sample90	5010	7580	5654	177330	0	
2	 11	 2	 6	control	6388	8958	6940	231300	0	
2	 11	 3	 1	sample91	3480	6564	3598	160368	0	
2	 11	 3	 2	sample91	3868	6182	4112	263796	0	
2	 11	 3	 3	sample91	4548	6604	5398	148032	0	
2	 11	 3	 4	sample91	4236	6550	4626	171236	0	
2	 11	 3	 5	sample91	4133	6189	4626	180928	0	
2	 11	 3	 6	control	623	2937	514	92560	0	
2	 11	 4	 1	sample92	4606	6662	5140	154200	0	
2	 11	 4	 2	sample92	4780	6580	5654	108000	0	
2	 11	 4	 3	sample92	4348	6148	4882	136800	0	
2	 11	 4	 4	sample92	4558	6100	5140	138780	0	
2	 11	 4	 5	sample92	4146	5688	4884	118734	0	
2	 11	 4	 6	control	5702	7758	6940	178872	0	
2	 12	 1	 1	sample93	7006	9576	7966	156770	0	
2	 12	 1	 2	sample93	7086	9142	7452	96632	0	
2	 12	 1	 3	sample93	6226	8282	6938	108968	0	
2	 12	 1	 4	sample93	5004	7060	5140	108968	0	
2	 12	 1	 5	sample93	3734	6046	4370	136408	0	
2	 12	 1	 6	control	1054	2852	1028	71920	0	
2	 12	 2	 1	sample94	6173	9513	7196	187040	0	
2	 12	 2	 2	sample94	5820	8646	6682	293904	0	
2	 12	 2	 3	sample94	7244	9814	8738	149060	0	
2	 12	 2	 4	sample94	5641	8211	6682	156770	0	
2	 12	 2	 5	sample94	4311	6623	4370	173400	0	
2	 12	 2	 6	control	6643	8699	6938	178872	0	
2	 12	 3	 1	sample95	7184	10268	7710	141864	0	
2	 12	 3	 2	sample95	6364	8934	7452	231300	0	
2	 12	 3	 3	sample95	5963	8533	6938	164480	0	
2	 12	 3	 4	sample95	5896	8466	7196	133640	0	
2	 12	 3	 5	sample95	4969	7281	5398	131784	0	
2	 12	 3	 6	control	1118	3174	1028	82240	0	
2	 12	 4	 1	sample96	6194	8250	7452	119248	0	
2	 12	 4	 2	sample96	6234	8290	7196	102800	0	
2	 12	 4	 3	sample96	5964	8276	7196	124848	0	
2	 12	 4	 4	sample96	5271	7583	5912	131784	0	
2	 12	 4	 5	sample96	4496	6808	5140	141032	0	
2	 12	 4	 6	control	7083	9395	8482	136408	0	
3	 1	 1	 1	sample97	7188	10530	7196	123654	0	
3	 1	 1	 2	sample97	3123	9291	3084	246720	0	
3	 1	 1	 3	sample97	4725	10123	4626	237512	0	
3	 1	 1	 4	sample97	5959	10329	6168	161690	0	
3	 1	 1	 5	sample97	3933	8045	4112	217936	0	
3	 1	 1	 6	control	150	4262	0	148032	0	
3	 1	 2	 1	sample98	7158	12298	7196	241580	0	
3	 1	 2	 2	sample98	4369	11309	4882	319240	0	
3	 1	 2	 3	sample98	5381	10779	5396	264502	0	
3	 1	 2	 4	sample98	6450	11590	6168	221020	0	
3	 1	 2	 5	sample98	6162	11046	6168	234432	0	
3	 1	 2	 6	control	6168	11052	6682	258852	0	
3	 1	 3	 1	sample99	6500	11640	7196	406060	0	
3	 1	 3	 2	sample99	4249	10675	4112	289170	0	
3	 1	 3	 3	sample99	6338	11992	6426	265738	0	
3	 1	 3	 4	sample99	6111	11509	6938	421044	0	
3	 1	 3	 5	sample99	8597	13223	9252	134154	0	
3	 1	 3	 6	control	542	4912	256	157320	0	
3	 1	 4	 1	sample100	9891	13747	10022	188944	0	
3	 1	 4	 2	sample100	6977	12889	6682	277864	0	
3	 1	 4	 3	sample100	7108	11734	7710	444096	0	
3	 1	 4	 4	sample100	6716	11086	7452	454480	0	
3	 1	 4	 5	sample100	7367	11737	7710	196650	0	
3	 1	 4	 6	control	8673	13299	8996	235926	0	
3	 2	 1	 1	sample101	3346	7202	3340	173520	0	
3	 2	 1	 2	sample101	2570	7454	2570	195360	0	
3	 2	 1	 3	sample101	3213	7839	3342	203544	0	
3	 2	 1	 4	sample101	4362	8218	4368	150384	0	
3	 2	 1	 5	sample101	3337	6935	3342	190694	0	
3	 2	 1	 6	control	100	3184	0	111024	0	
3	 2	 2	 1	sample102	1021	6161	772	185040	0	
3	 2	 2	 2	sample102	629	6797	514	222048	0	
3	 2	 2	 3	sample102	664	5804	514	185040	0	
3	 2	 2	 4	sample102	1941	6053	1800	209712	0	
3	 2	 2	 5	sample102	2935	6533	3084	179900	0	
3	 2	 2	 6	control	7024	9852	7710	144228	0	
3	 2	 3	 1	sample103	4369	10795	4368	205632	0	
3	 2	 3	 2	sample103	3997	10165	3856	246720	0	
3	 2	 3	 3	sample103	5059	9429	5396	349600	0	
3	 2	 3	 4	sample103	5543	9141	6168	356202	0	
3	 2	 3	 5	sample103	7776	10604	7966	141400	0	
3	 2	 3	 6	control	990	3818	1028	96152	0	
3	 2	 4	 1	sample104	6849	9677	7452	395920	0	
3	 2	 4	 2	sample104	7131	10215	8482	194292	0	
3	 2	 4	 3	sample104	6141	9225	6940	255972	0	
3	 2	 4	 4	sample104	5247	7817	6168	267280	0	
3	 2	 4	 5	sample104	5796	8624	6168	127260	0	
3	 2	 4	 6	control	7784	10612	8224	147056	0	
3	 3	 1	 1	sample105	4471	7041	4884	195320	0	
3	 3	 1	 2	sample105	4494	7064	5140	179900	0	
3	 3	 1	 3	sample105	4215	6271	4626	154200	0	
3	 3	 1	 4	sample105	4491	6291	4882	120600	0	
3	 3	 1	 5	sample105	3668	5468	4112	156600	0	
3	 3	 1	 6	control	783	3097	770	92560	0	
3	 3	 2	 1	sample106	4251	7335	4626	268308	0	
3	 3	 2	 2	sample106	4783	7867	5654	243636	0	
3	 3	 2	 3	sample106	5478	7792	6424	189748	0	
3	 3	 2	 4	sample106	4631	6687	5140	211768	0	
3	 3	 2	 5	sample106	4707	6507	5140	158400	0	
3	 3	 2	 6	control	4854	7682	5654	203616	0	
3	 3	 3	 1	sample107	4769	7597	5654	294112	0	
3	 3	 3	 2	sample107	4736	7564	5396	277144	0	
3	 3	 3	 3	sample107	5304	7360	5654	187096	0	
3	 3	 3	 4	sample107	5047	6847	5910	185400	0	
3	 3	 3	 5	sample107	3956	5756	4626	187200	0	
3	 3	 3	 6	control	1563	4133	1542	64250	0	
3	 3	 4	 1	sample108	5027	7341	4882	268424	0	
3	 3	 4	 2	sample108	5890	8718	7196	180992	0	
3	 3	 4	 3	sample108	5865	8179	6938	219830	0	
3	 3	 4	 4	sample108	5107	7163	6168	205600	0	
3	 3	 4	 5	sample108	5612	7412	6424	156600	0	
3	 3	 4	 6	control	5556	7612	6682	203544	0	
3	 4	 1	 1	sample109	3335	7189	3598	319882	0	
3	 4	 1	 2	sample109	4564	7390	5140	231732	0	
3	 4	 1	 3	sample109	5646	7702	6682	139808	0	
3	 4	 1	 4	sample109	5261	6803	5910	117192	0	
3	 4	 1	 5	sample109	4640	6182	5396	140322	0	
3	 4	 1	 6	control	507	2563	256	82240	0	
3	 4	 2	 1	sample110	3464	7832	3856	174720	0	
3	 4	 2	 2	sample110	3955	7553	4626	248262	0	
3	 4	 2	 3	sample110	3893	6463	4626	208170	0	
3	 4	 2	 4	sample110	4190	6246	4882	222048	0	
3	 4	 2	 5	sample110	4805	6603	5398	158224	0	
3	 4	 2	 6	control	5824	7622	6682	163618	0	
3	 4	 3	 1	sample111	4339	9221	4370	244100	0	
3	 4	 3	 2	sample111	4916	8514	5396	334614	0	
3	 4	 3	 3	sample111	6238	8550	7454	180336	0	
3	 4	 3	 4	sample111	6231	8029	7710	163618	0	
3	 4	 3	 5	sample111	6085	7883	7454	143840	0	
3	 4	 3	 6	control	1449	3247	1286	93496	0	
3	 4	 4	 1	sample112	5605	8689	6682	197376	0	
3	 4	 4	 2	sample112	5608	8434	6682	172386	0	
3	 4	 4	 3	sample112	4990	7302	5654	228888	0	
3	 4	 4	 4	sample112	4585	6897	4884	289000	0	
3	 4	 4	 5	sample112	5016	7328	6168	215016	0	
3	 4	 4	 6	control	5404	7460	5654	217936	0	
3	 5	 1	 1	sample113	4000	7340	4370	327320	0	
3	 5	 1	 2	sample113	6147	8459	6940	168776	0	
3	 5	 1	 3	sample113	6264	8062	7454	125860	0	
3	 5	 1	 4	sample113	5646	7444	6940	111476	0	
3	 5	 1	 5	sample113	5526	7324	6168	136648	0	
3	 5	 1	 6	control	995	3051	1028	82240	0	
3	 5	 2	 1	sample114	5330	8156	6168	214776	0	
3	 5	 2	 2	sample114	5439	8009	6424	172190	0	
3	 5	 2	 3	sample114	5426	7482	6168	180928	0	
3	 5	 2	 4	sample114	4483	6539	5140	207656	0	
3	 5	 2	 5	sample114	4183	6495	4626	203456	0	
3	 5	 2	 6	control	5501	8071	6938	208170	0	
3	 5	 3	 1	sample115	4235	6805	4882	213310	0	
3	 5	 3	 2	sample115	3626	5938	4112	219640	0	
3	 5	 3	 3	sample115	4705	6503	5140	183396	0	
3	 5	 3	 4	sample115	4407	6463	4626	219992	0	
3	 5	 3	 5	sample115	4246	6558	4884	168776	0	
3	 5	 3	 6	control	700	3270	770	102800	0	
3	 5	 4	 1	sample116	5340	7652	6940	145656	0	
3	 5	 4	 2	sample116	5112	7168	5910	133640	0	
3	 5	 4	 3	sample116	4518	6574	5140	222048	0	
3	 5	 4	 4	sample116	4751	6807	5654	193264	0	
3	 5	 4	 5	sample116	4992	7304	4884	180336	0	
3	 5	 4	 6	control	5829	8141	6940	194208	0	
3	 6	 1	 1	sample117	4458	6256	4884	167214	0	
3	 6	 1	 2	sample117	4950	6492	5910	111024	0	
3	 6	 1	 3	sample117	4767	6309	5910	109482	0	
3	 6	 1	 4	sample117	3842	5640	4626	104284	0	
3	 6	 1	 5	sample117	3242	5298	3598	160368	0	
3	 6	 1	 6	control	1299	3611	1286	87856	0	
3	 6	 2	 1	sample118	4814	6870	5140	115136	0	
3	 6	 2	 2	sample118	4994	6792	6168	104284	0	
3	 6	 2	 3	sample118	3076	5132	3598	145976	0	
3	 6	 2	 4	sample118	3124	5180	3598	129528	0	
3	 6	 2	 5	sample118	2640	5210	3084	159340	0	
3	 6	 2	 6	control	4161	6731	4882	172190	0	
3	 6	 3	 1	sample119	4595	7165	5396	197890	0	
3	 6	 3	 2	sample119	4735	7047	5654	164152	0	
3	 6	 3	 3	sample119	4750	6806	5396	148032	0	
3	 6	 3	 4	sample119	4403	6715	4884	141032	0	
3	 6	 3	 5	sample119	2971	5283	3084	203456	0	
3	 6	 3	 6	control	1506	4332	1286	138474	0	
3	 6	 4	 1	sample120	5140	7966	5398	178038	0	
3	 6	 4	 2	sample120	5155	7981	6168	194994	0	
3	 6	 4	 3	sample120	5254	7566	6426	173400	0	
3	 6	 4	 4	sample120	4839	7151	5912	201144	0	
3	 6	 4	 5	sample120	4686	6998	5654	231200	0	
3	 6	 4	 6	control	4810	7380	5140	208170	0	
3	 7	 1	 1	sample121	3403	6231	3340	127260	0	
3	 7	 1	 2	sample121	3646	5960	4112	194376	0	
3	 7	 1	 3	sample121	4281	6081	4882	131400	0	
3	 7	 1	 4	sample121	3802	5858	4370	117192	0	
3	 7	 1	 5	sample121	3014	5070	3342	164480	0	
3	 7	 1	 6	control	264	2834	258	102800	0	
3	 7	 2	 1	sample122	3421	6505	3856	200460	0	
3	 7	 2	 2	sample122	3827	6397	4626	164480	0	
3	 7	 2	 3	sample122	3563	5619	4112	178872	0	
3	 7	 2	 4	sample122	3268	5324	3598	180928	0	
3	 7	 2	 5	sample122	2447	4503	2570	197376	0	
3	 7	 2	 6	control	3799	6113	4112	192062	0	
3	 7	 3	 1	sample123	3792	7648	3598	173520	0	
3	 7	 3	 2	sample123	3758	6842	4370	283728	0	
3	 7	 3	 3	sample123	4268	6838	4884	215880	0	
3	 7	 3	 4	sample123	4368	6682	4882	180492	0	
3	 7	 3	 5	sample123	4227	6541	4626	159666	0	
3	 7	 3	 6	control	1060	3374	1028	92560	0	
3	 7	 4	 1	sample124	4740	8596	5654	320048	0	
3	 7	 4	 2	sample124	4627	8225	5398	219478	0	
3	 7	 4	 3	sample124	4440	7524	5140	246720	0	
3	 7	 4	 4	sample124	3758	6586	4626	347844	0	
3	 7	 4	 5	sample124	4562	7132	5398	215880	0	
3	 7	 4	 6	control	4931	7501	5912	221020	0	
3	 8	 1	 1	sample125	2492	5062	2570	136210	0	
3	 8	 1	 2	sample125	3192	4990	3598	154628	0	
3	 8	 1	 3	sample125	3722	5264	4112	101772	0	
3	 8	 1	 4	sample125	3557	4841	4370	87312	0	
3	 8	 1	 5	sample125	3514	4798	4112	97584	0	
3	 8	 1	 6	control	425	1709	258	51360	0	
3	 8	 2	 1	sample126	2816	5642	3084	259992	0	
3	 8	 2	 2	sample126	3628	5684	4112	156256	0	
3	 8	 2	 3	sample126	4313	5855	4882	129528	0	
3	 8	 2	 4	sample126	3562	5104	4112	132612	0	
3	 8	 2	 5	sample126	3374	4916	3854	106398	0	
3	 8	 2	 6	control	3962	5504	4626	114108	0	
3	 8	 3	 1	sample127	3768	6338	4368	205600	0	
3	 8	 3	 2	sample127	3729	6041	4370	201144	0	
3	 8	 3	 3	sample127	4080	5878	4884	158224	0	
3	 8	 3	 4	sample127	3538	5336	3856	169012	0	
3	 8	 3	 5	sample127	3486	5284	4112	131254	0	
3	 8	 3	 6	control	1106	2904	1028	71920	0	
3	 8	 4	 1	sample128	4069	6381	4112	245072	0	
3	 8	 4	 2	sample128	4823	7135	5654	127160	0	
3	 8	 4	 3	sample128	4796	6852	5396	219992	0	
3	 8	 4	 4	sample128	4530	6328	5140	186992	0	
3	 8	 4	 5	sample128	4366	6164	5140	140244	0	
3	 8	 4	 6	control	4523	6579	5140	170648	0	
3	 9	 1	 1	sample129	2915	4971	3340	150088	0	
3	 9	 1	 2	sample129	3006	4804	3598	129456	0	
3	 9	 1	 3	sample129	3268	5066	3598	113274	0	
3	 9	 1	 4	sample129	2514	4570	2826	123360	0	
3	 9	 1	 5	sample129	2062	4374	1800	117912	0	
3	 9	 1	 6	control	649	2961	514	92480	0	
3	 9	 2	 1	sample130	3630	5686	4112	160368	0	
3	 9	 2	 2	sample130	3572	5370	4112	140244	0	
3	 9	 2	 3	sample130	3794	5078	4370	102720	0	
3	 9	 2	 4	sample130	2918	4460	3340	138780	0	
3	 9	 2	 5	sample130	2799	4597	3084	145638	0	
3	 9	 2	 6	control	3039	5095	3340	141864	0	
3	 9	 3	 1	sample131	3039	5351	3598	131784	0	
3	 9	 3	 2	sample131	2152	4208	2056	98688	0	
3	 9	 3	 3	sample131	2592	4134	2570	120276	0	
3	 9	 3	 4	sample131	2282	3824	2056	64764	0	
3	 9	 3	 5	sample131	2315	3857	2312	131070	0	
3	 9	 3	 6	control	1008	2550	770	61680	0	
3	 9	 4	 1	sample132	5661	8487	5398	115866	0	
3	 9	 4	 2	sample132	4396	6966	5140	167050	0	
3	 9	 4	 3	sample132	4366	6422	5140	205600	0	
3	 9	 4	 4	sample132	4505	6047	5140	118734	0	
3	 9	 4	 5	sample132	3814	5356	4368	126444	0	
3	 9	 4	 6	control	4705	5989	5398	96300	0	
3	 10	 1	 1	sample133	3397	6481	3342	141864	0	
3	 10	 1	 2	sample133	3601	5915	3854	199004	0	
3	 10	 1	 3	sample133	4155	6211	4884	150088	0	
3	 10	 1	 4	sample133	3974	6030	4626	125416	0	
3	 10	 1	 5	sample133	3992	6048	4370	158312	0	
3	 10	 1	 6	control	759	2815	772	82240	0	
3	 10	 2	 1	sample134	3730	6300	3856	115650	0	
3	 10	 2	 2	sample134	3403	5717	3854	161980	0	
3	 10	 2	 3	sample134	3248	5304	3342	152144	0	
3	 10	 2	 4	sample134	2900	4956	3084	174760	0	
3	 10	 2	 5	sample134	3031	5087	3342	137752	0	
3	 10	 2	 6	control	4388	6702	4882	152724	0	
3	 10	 3	 1	sample135	3309	5879	3342	102800	0	
3	 10	 3	 2	sample135	3771	5571	4112	167400	0	
3	 10	 3	 3	sample135	4522	6064	5398	121818	0	
3	 10	 3	 4	sample135	4075	5875	4368	138600	0	
3	 10	 3	 5	sample135	4036	5836	4626	122400	0	
3	 10	 3	 6	control	1144	3200	1028	82240	0	
3	 10	 4	 1	sample136	4097	5897	4882	126000	0	
3	 10	 4	 2	sample136	4221	5763	5140	101772	0	
3	 10	 4	 3	sample136	4235	5777	4884	126444	0	
3	 10	 4	 4	sample136	4300	5586	4626	105452	0	
3	 10	 4	 5	sample136	4129	5671	4626	97146	0	
3	 10	 4	 6	control	5141	6683	6168	141864	0	
3	 11	 1	 1	sample137	3449	5505	3598	195320	0	
3	 11	 1	 2	sample137	4071	5613	4626	106398	0	
3	 11	 1	 3	sample137	4369	5911	5140	92520	0	
3	 11	 1	 4	sample137	4289	5831	4882	89436	0	
3	 11	 1	 5	sample137	3403	5201	3856	127658	0	
3	 11	 1	 6	control	899	3469	770	102800	0	
3	 11	 2	 1	sample138	4192	6504	4884	134096	0	
3	 11	 2	 2	sample138	4377	6175	5398	118668	0	
3	 11	 2	 3	sample138	3473	5271	3856	158224	0	
3	 11	 2	 4	sample138	3341	5139	3856	178002	0	
3	 11	 2	 5	sample138	3865	5921	4112	148032	0	
3	 11	 2	 6	control	4211	7037	4626	183690	0	
3	 11	 3	 1	sample139	4667	6979	5140	131784	0	
3	 11	 3	 2	sample139	3529	5585	3854	131584	0	
3	 11	 3	 3	sample139	3712	5510	4112	142042	0	
3	 11	 3	 4	sample139	3979	5777	4370	142042	0	
3	 11	 3	 5	sample139	3309	5621	3856	184960	0	
3	 11	 3	 6	control	867	3437	770	102800	0	
3	 11	 4	 1	sample140	4245	6043	3856	160022	0	
3	 11	 4	 2	sample140	5227	7025	5912	111476	0	
3	 11	 4	 3	sample140	5332	6874	5910	129528	0	
3	 11	 4	 4	sample140	5039	6581	5654	118734	0	
3	 11	 4	 5	sample140	4747	6545	5654	118668	0	
3	 11	 4	 6	control	5712	8024	6426	164152	0	
3	 12	 1	 1	sample141	5149	9261	5140	324848	0	
3	 12	 1	 2	sample141	6369	9967	6938	233870	0	
3	 12	 1	 3	sample141	6605	9689	7452	197376	0	
3	 12	 1	 4	sample141	5556	8382	6168	183690	0	
3	 12	 1	 5	sample141	5125	7181	5654	178872	0	
3	 12	 1	 6	control	829	2627	772	71920	0	
3	 12	 2	 1	sample142	5481	9849	5398	200928	0	
3	 12	 2	 2	sample142	5351	9205	5912	277488	0	
3	 12	 2	 3	sample142	6217	9301	6938	255972	0	
3	 12	 2	 4	sample142	6374	8944	7452	223590	0	
3	 12	 2	 5	sample142	6478	8790	7710	168776	0	
3	 12	 2	 6	control	8224	10536	10024	157216	0	
3	 12	 3	 1	sample143	4465	9091	4368	245178	0	
3	 12	 3	 2	sample143	5119	8973	5654	319882	0	
3	 12	 3	 3	sample143	6183	9267	6938	255972	0	
3	 12	 3	 4	sample143	6705	9275	7710	228730	0	
3	 12	 3	 5	sample143	6325	8637	7454	159528	0	
3	 12	 3	 6	control	96.9	2409	0	92480	0	
3	 12	 4	 1	sample144	5592	8932	6426	220440	0	
3	 12	 4	 2	sample144	5881	8965	6938	185040	0	
3	 12	 4	 3	sample144	5628	7940	6426	201144	0	
3	 12	 4	 4	sample144	6628	8684	7710	137752	0	
3	 12	 4	 5	sample144	5885	7941	7196	148032	0	
3	 12	 4	 6	control	8692	10748	10794	139808	0	
4	 1	 1	 1	sample145	7839	10409	8996	241580	0	
4	 1	 1	 2	sample145	6151	10521	6938	266570	0	
4	 1	 1	 3	sample145	6516	9858	7452	347568	0	
4	 1	 1	 4	sample145	6503	9331	7710	158368	0	
4	 1	 1	 5	sample145	5755	8325	6426	210740	0	
4	 1	 1	 6	control	1021	3335	1028	92560	0	
4	 1	 2	 1	sample146	7374	10458	8738	160368	0	
4	 1	 2	 2	sample146	6796	11422	6940	198918	0	
4	 1	 2	 3	sample146	4819	8931	5140	213824	0	
4	 1	 2	 4	sample146	5726	9324	5912	179900	0	
4	 1	 2	 5	sample146	5413	8755	5910	210546	0	
4	 1	 2	 6	control	7794	11136	9508	264018	0	
4	 1	 3	 1	sample147	8159	11757	8996	298634	0	
4	 1	 3	 2	sample147	6517	11657	7196	359800	0	
4	 1	 3	 3	sample147	7203	11315	8482	320736	0	
4	 1	 3	 4	sample147	6590	10188	7710	241066	0	
4	 1	 3	 5	sample147	6886	10228	7966	210546	0	
4	 1	 3	 6	control	1555	4639	1542	123360	0	
4	 1	 4	 1	sample148	9445	12273	11050	149884	0	
4	 1	 4	 2	sample148	8356	11698	10022	200520	0	
4	 1	 4	 3	sample148	6429	9771	7196	210546	0	
4	 1	 4	 4	sample148	6556	9640	6940	231300	0	
4	 1	 4	 5	sample148	6947	10031	7710	225132	0	
4	 1	 4	 6	control	9522	12864	12078	250650	0	
4	 2	 1	 1	sample149	6398	9224	7454	209124	0	
4	 2	 1	 2	sample149	6336	8906	7452	164480	0	
4	 2	 1	 3	sample149	5883	8195	7196	147968	0	
4	 2	 1	 4	sample149	5472	7528	6682	119248	0	
4	 2	 1	 5	sample149	4707	6763	5396	174760	0	
4	 2	 1	 6	control	1144	3970	1028	113040	0	
4	 2	 2	 1	sample150	6304	10158	7710	300612	0	
4	 2	 2	 2	sample150	6582	10180	7966	241066	0	
4	 2	 2	 3	sample150	5905	8731	6940	223254	0	
4	 2	 2	 4	sample150	5604	7916	6682	189584	0	
4	 2	 2	 5	sample150	5376	7946	5910	197890	0	
4	 2	 2	 6	control	6218	10072	7454	281342	0	
4	 2	 3	 1	sample151	6538	10906	7968	358176	0	
4	 2	 3	 2	sample151	7118	11230	7966	300176	0	
4	 2	 3	 3	sample151	7447	10273	8738	223254	0	
4	 2	 3	 4	sample151	6403	8973	6938	187610	0	
4	 2	 3	 5	sample151	5372	8198	6168	200646	0	
4	 2	 3	 6	control	1850	5448	1798	143920	0	
4	 2	 4	 1	sample152	9167	12251	10794	215880	0	
4	 2	 4	 2	sample152	8839	12179	10794	263860	0	
4	 2	 4	 3	sample152	8333	10903	10280	210740	0	
4	 2	 4	 4	sample152	7727	10039	9252	212704	0	
4	 2	 4	 5	sample152	5952	8522	6424	236440	0	
4	 2	 4	 6	control	8308	11392	10536	299148	0	
4	 3	 1	 1	sample153	4532	9672	4884	472880	0	
4	 3	 1	 2	sample153	5723	9835	6168	308400	0	
4	 3	 1	 3	sample153	6701	10043	7966	220572	0	
4	 3	 1	 4	sample153	6308	9392	7454	215880	0	
4	 3	 1	 5	sample153	5567	8395	6424	234724	0	
4	 3	 1	 6	control	848	4190	770	133680	0	
4	 3	 2	 1	sample154	5416	10814	6424	361666	0	
4	 3	 2	 2	sample154	7024	11394	8480	262200	0	
4	 3	 2	 3	sample154	6810	10152	7966	247308	0	
4	 3	 2	 4	sample154	5977	9319	7196	247308	0	
4	 3	 2	 5	sample154	4735	8077	5396	243966	0	
4	 3	 2	 6	control	6369	9967	6940	262654	0	
4	 3	 3	 1	sample155	5799	11453	5912	220506	0	
4	 3	 3	 2	sample155	5447	9817	6168	310270	0	
4	 3	 3	 3	sample155	5041	8639	6168	298634	0	
4	 3	 3	 4	sample155	4917	8259	5396	223914	0	
4	 3	 3	 5	sample155	3935	7277	4368	297438	0	
4	 3	 3	 6	control	713	4055	770	133680	0	
4	 3	 4	 1	sample156	8173	14855	8224	267280	0	
4	 3	 4	 2	sample156	7483	12367	8224	576312	0	
4	 3	 4	 3	sample156	8654	12510	9508	331616	0	
4	 3	 4	 4	sample156	8330	11672	9766	307464	0	
4	 3	 4	 5	sample156	7821	10905	8996	286812	0	
4	 3	 4	 6	control	8148	11232	8996	299148	0	
4	 4	 1	 1	sample157	5341	8683	6424	187152	0	
4	 4	 1	 2	sample157	5503	8587	6682	172704	0	
4	 4	 1	 3	sample157	5235	7805	5912	154200	0	
4	 4	 1	 4	sample157	5021	7849	5910	147056	0	
4	 4	 1	 5	sample157	4954	8038	5398	123360	0	
4	 4	 1	 6	control	610	3952	770	133680	0	
4	 4	 2	 1	sample158	4355	8981	4626	245178	0	
4	 4	 2	 2	sample158	5852	9964	5912	176816	0	
4	 4	 2	 3	sample158	7444	10528	7454	160368	0	
4	 4	 2	 4	sample158	5988	9072	6682	228216	0	
4	 4	 2	 5	sample158	4630	8228	5398	241066	0	
4	 4	 2	 6	control	6007	9605	6940	212282	0	
4	 4	 3	 1	sample159	6558	10928	7452	336490	0	
4	 4	 3	 2	sample159	6964	11076	7454	217936	0	
4	 4	 3	 3	sample159	7162	10246	8224	255972	0	
4	 4	 3	 4	sample159	6639	9467	7710	240380	0	
4	 4	 3	 5	sample159	6582	9666	7968	157284	0	
4	 4	 3	 6	control	1665	5263	1542	143920	0	
4	 4	 4	 1	sample160	8063	10633	8482	187610	0	
4	 4	 4	 2	sample160	8316	10886	10024	143920	0	
4	 4	 4	 3	sample160	6967	9537	7710	192750	0	
4	 4	 4	 4	sample160	6183	8239	7196	189152	0	
4	 4	 4	 5	sample160	6075	8389	6682	173550	0	
4	 4	 4	 6	control	7130	9958	8738	231896	0	
4	 5	 1	 1	sample161	5623	8451	6682	192304	0	
4	 5	 1	 2	sample161	5654	8224	6682	200460	0	
4	 5	 1	 3	sample161	6046	8360	6938	131898	0	
4	 5	 1	 4	sample161	5159	7729	6426	141350	0	
4	 5	 1	 5	sample161	4295	7123	4882	226240	0	
4	 5	 1	 6	control	1587	4157	1542	102800	0	
4	 5	 2	 1	sample162	5742	9598	6168	312336	0	
4	 5	 2	 2	sample162	5954	9038	6426	243636	0	
4	 5	 2	 3	sample162	6367	9195	7196	240380	0	
4	 5	 2	 4	sample162	5804	8632	6682	274316	0	
4	 5	 2	 5	sample162	5895	8723	6938	229068	0	
4	 5	 2	 6	control	5901	8985	6940	231300	0	
4	 5	 3	 1	sample163	5334	9446	5912	349520	0	
4	 5	 3	 2	sample163	5298	8896	6168	388584	0	
4	 5	 3	 3	sample163	5535	8619	6426	329988	0	
4	 5	 3	 4	sample163	5980	8550	6682	231300	0	
4	 5	 3	 5	sample163	6161	8731	7196	185040	0	
4	 5	 3	 6	control	649	3219	514	102800	0	
4	 5	 4	 1	sample164	8567	12679	9252	185040	0	
4	 5	 4	 2	sample164	7042	10126	7710	302232	0	
4	 5	 4	 3	sample164	7435	10005	8738	277560	0	
4	 5	 4	 4	sample164	7375	9689	8224	282308	0	
4	 5	 4	 5	sample164	7539	9595	8996	172704	0	
4	 5	 4	 6	control	7814	9614	9252	145800	0	
4	 6	 1	 1	sample165	4929	7757	5654	279972	0	
4	 6	 1	 2	sample165	5539	8109	6426	182470	0	
4	 6	 1	 3	sample165	5419	7989	6426	182470	0	
4	 6	 1	 4	sample165	4420	7248	5140	113120	0	
4	 6	 1	 5	sample165	4528	7612	4626	120276	0	
4	 6	 1	 6	control	167	4023	0	154240	0	
4	 6	 2	 1	sample166	5147	8489	5910	240624	0	
4	 6	 2	 2	sample166	5835	8663	7196	192304	0	
4	 6	 2	 3	sample166	5732	8302	6940	221020	0	
4	 6	 2	 4	sample166	5033	7603	5912	269850	0	
4	 6	 2	 5	sample166	5010	7838	5396	257348	0	
4	 6	 2	 6	control	5672	9014	6682	230598	0	
4	 6	 3	 1	sample167	5525	9381	6424	331616	0	
4	 6	 3	 2	sample167	5613	8697	6426	286812	0	
4	 6	 3	 3	sample167	6271	8585	7196	224458	0	
4	 6	 3	 4	sample167	5798	8112	6938	189748	0	
4	 6	 3	 5	sample167	4947	7261	5654	201318	0	
4	 6	 3	 6	control	823	3393	772	102800	0	
4	 6	 4	 1	sample168	7874	10188	9252	141154	0	
4	 6	 4	 2	sample168	7272	9842	8996	149060	0	
4	 6	 4	 3	sample168	7128	8928	8480	185400	0	
4	 6	 4	 4	sample168	6097	7897	6682	210600	0	
4	 6	 4	 5	sample168	5826	7626	6168	153000	0	
4	 6	 4	 6	control	6533	8589	6682	271392	0	
4	 7	 1	 1	sample169	4951	9577	5654	434844	0	
4	 7	 1	 2	sample169	6737	10335	7710	233870	0	
4	 7	 1	 3	sample169	6760	10100	7968	220440	0	
4	 7	 1	 4	sample169	6078	9418	7196	190380	0	
4	 7	 1	 5	sample169	4373	8227	4884	323736	0	
4	 7	 1	 6	control	874	5242	1028	174720	0	
4	 7	 2	 1	sample170	5985	10611	5910	240552	0	
4	 7	 2	 2	sample170	5801	9399	6682	320222	0	
4	 7	 2	 3	sample170	6346	9430	7452	271392	0	
4	 7	 2	 4	sample170	6119	9203	7196	228216	0	
4	 7	 2	 5	sample170	5346	8686	6168	250500	0	
4	 7	 2	 6	control	6053	9907	7196	258218	0	
4	 7	 3	 1	sample171	5408	9520	5910	365968	0	
4	 7	 3	 2	sample171	6262	9602	7454	320640	0	
4	 7	 3	 3	sample171	6128	8440	6426	305184	0	
4	 7	 3	 4	sample171	5956	8268	6940	226576	0	
4	 7	 3	 5	sample171	6310	8880	7452	167050	0	
4	 7	 3	 6	control	1665	4491	1542	113040	0	
4	 7	 4	 1	sample172	7078	9648	7710	185040	0	
4	 7	 4	 2	sample172	7862	10432	9508	164480	0	
4	 7	 4	 3	sample172	7685	9483	9252	165416	0	
4	 7	 4	 4	sample172	7208	9006	8482	206770	0	
4	 7	 4	 5	sample172	8243	10299	8480	82240	0	
4	 7	 4	 6	control	7572	9628	8480	185040	0	
4	 8	 1	 1	sample173	4883	11051	4626	259056	0	
4	 8	 1	 2	sample173	5525	11179	5654	260084	0	
4	 8	 1	 3	sample173	5605	9717	6424	283728	0	
4	 8	 1	 4	sample173	5953	9807	7710	262072	0	
4	 8	 1	 5	sample173	5529	9127	6938	334614	0	
4	 8	 1	 6	control	1587	4927	1542	133600	0	
4	 8	 2	 1	sample174	5744	10626	5654	209926	0	
4	 8	 2	 2	sample174	5380	9748	6168	262080	0	
4	 8	 2	 3	sample174	5367	8707	6426	280560	0	
4	 8	 2	 4	sample174	5000	8084	5396	336156	0	
4	 8	 2	 5	sample174	4194	7278	4882	268308	0	
4	 8	 2	 6	control	5507	9105	6938	259056	0	
4	 8	 3	 1	sample175	5481	9335	5912	450918	0	
4	 8	 3	 2	sample175	6295	9635	7196	347360	0	
4	 8	 3	 3	sample175	7094	9406	7968	277440	0	
4	 8	 3	 4	sample175	6516	8572	7710	185040	0	
4	 8	 3	 5	sample175	5511	7823	6426	182648	0	
4	 8	 3	 6	control	1124	3694	770	102800	0	
4	 8	 4	 1	sample176	8576	10632	10022	121304	0	
4	 8	 4	 2	sample176	7777	9833	8738	164480	0	
4	 8	 4	 3	sample176	6762	8560	7454	186992	0	
4	 8	 4	 4	sample176	6314	7856	6938	157284	0	
4	 8	 4	 5	sample176	5277	7075	6168	169012	0	
4	 8	 4	 6	control	7682	9480	8482	179800	0	
4	 9	 1	 1	sample177	5231	8573	6168	253992	0	
4	 9	 1	 2	sample177	4810	7894	5140	419424	0	
4	 9	 1	 3	sample177	5345	8173	6424	169680	0	
4	 9	 1	 4	sample177	3944	7286	4368	143706	0	
4	 9	 1	 5	sample177	3112	6710	3342	165508	0	
4	 9	 1	 6	control	489	4087	258	143920	0	
4	 9	 2	 1	sample178	5207	9063	5140	177376	0	
4	 9	 2	 2	sample178	5970	9054	6940	215880	0	
4	 9	 2	 3	sample178	5404	8232	5910	277144	0	
4	 9	 2	 4	sample178	4270	7098	4882	265832	0	
4	 9	 2	 5	sample178	4694	8036	4882	137022	0	
4	 9	 2	 6	control	5396	8738	5910	143706	0	
4	 9	 3	 1	sample179	4876	8732	5140	296912	0	
4	 9	 3	 2	sample179	4920	8262	5654	277386	0	
4	 9	 3	 3	sample179	5563	8133	5912	231300	0	
4	 9	 3	 4	sample179	4913	7227	5654	215202	0	
4	 9	 3	 5	sample179	4607	7435	4882	115948	0	
4	 9	 3	 6	control	739	3823	772	98688	0	
4	 9	 4	 1	sample180	8387	10443	8482	145976	0	
4	 9	 4	 2	sample180	8209	10265	10024	139808	0	
4	 9	 4	 3	sample180	6149	8205	6940	217936	0	
4	 9	 4	 4	sample180	6967	8767	8224	145800	0	
4	 9	 4	 5	sample180	6638	8694	6940	94576	0	
4	 9	 4	 6	control	8384	10440	8738	76072	0	
4	 10	 1	 1	sample181	3993	7849	4112	192800	0	
4	 10	 1	 2	sample181	4245	7329	4884	197376	0	
4	 10	 1	 3	sample181	4160	6988	4882	164024	0	
4	 10	 1	 4	sample181	3488	6316	3598	412888	0	
4	 10	 1	 5	sample181	3606	6434	4112	178164	0	
4	 10	 1	 6	control	1552	4380	1542	141400	0	
4	 10	 2	 1	sample182	4329	8185	4882	227504	0	
4	 10	 2	 2	sample182	3626	6968	3598	243966	0	
4	 10	 2	 3	sample182	4072	7156	4370	197376	0	
4	 10	 2	 4	sample182	3535	6619	3856	225132	0	
4	 10	 2	 5	sample182	3360	6444	4112	215880	0	
4	 10	 2	 6	control	2903	5987	2056	292980	0	
4	 10	 3	 1	sample183	4752	8094	5654	257334	0	
4	 10	 3	 2	sample183	4026	7368	4626	240624	0	
4	 10	 3	 3	sample183	5080	7908	5910	169680	0	
4	 10	 3	 4	sample183	4116	6944	5140	155540	0	
4	 10	 3	 5	sample183	3782	6610	4112	130088	0	
4	 10	 3	 6	control	1563	4391	1542	135744	0	
4	 10	 4	 1	sample184	6179	9007	7452	124432	0	
4	 10	 4	 2	sample184	6511	9595	6682	148032	0	
4	 10	 4	 3	sample184	5412	7726	6682	189748	0	
4	 10	 4	 4	sample184	4657	6971	5140	168922	0	
4	 10	 4	 5	sample184	4548	6348	5140	113400	0	
4	 10	 4	 6	control	6075	7875	7710	115200	0	
4	 11	 1	 1	sample185	4871	8213	5396	217230	0	
4	 11	 1	 2	sample185	4662	7490	5396	220584	0	
4	 11	 1	 3	sample185	5216	8044	6168	161196	0	
4	 11	 1	 4	sample185	4580	7408	5396	161196	0	
4	 11	 1	 5	sample185	3365	6449	3598	203544	0	
4	 11	 1	 6	control	591	3933	770	133680	0	
4	 11	 2	 1	sample186	5084	8940	4882	161952	0	
4	 11	 2	 2	sample186	4852	8194	5396	223914	0	
4	 11	 2	 3	sample186	5096	7924	5396	217756	0	
4	 11	 2	 4	sample186	5437	8265	6168	178164	0	
4	 11	 2	 5	sample186	4686	7770	5398	172704	0	
4	 11	 2	 6	control	5806	8890	6682	218964	0	
4	 11	 3	 1	sample187	4363	8219	3854	377888	0	
4	 11	 3	 2	sample187	4894	8236	5396	290754	0	
4	 11	 3	 3	sample187	5750	8834	6682	191208	0	
4	 11	 3	 4	sample187	5133	8217	5398	441012	0	
4	 11	 3	 5	sample187	6241	9325	7196	228216	0	
4	 11	 3	 6	control	1291	4119	1284	113120	0	
4	 11	 4	 1	sample188	5776	7832	5912	152144	0	
4	 11	 4	 2	sample188	6645	8701	7454	127472	0	
4	 11	 4	 3	sample188	6709	8765	7710	137752	0	
4	 11	 4	 4	sample188	6136	7936	6938	117000	0	
4	 11	 4	 5	sample188	6015	8071	6940	127472	0	
4	 11	 4	 6	control	8061	10375	9508	138840	0	
4	 12	 1	 1	sample189	5367	9737	6168	384560	0	
4	 12	 1	 2	sample189	6822	10678	7710	281488	0	
4	 12	 1	 3	sample189	8194	11536	9508	207204	0	
4	 12	 1	 4	sample189	6718	9802	8224	178872	0	
4	 12	 1	 5	sample189	5220	8048	5654	189476	0	
4	 12	 1	 6	control	919	3489	1028	102800	0	
4	 12	 2	 1	sample190	6366	10736	7452	345230	0	
4	 12	 2	 2	sample190	7386	11756	8994	301530	0	
4	 12	 2	 3	sample190	7574	11172	8738	305830	0	
4	 12	 2	 4	sample190	6808	10150	7452	284070	0	
4	 12	 2	 5	sample190	7648	10732	9252	191208	0	
4	 12	 2	 6	control	9198	12282	10538	203544	0	
4	 12	 3	 1	sample191	5272	9384	5912	209712	0	
4	 12	 3	 2	sample191	6217	10073	7710	281488	0	
4	 12	 3	 3	sample191	6782	10124	7966	247308	0	
4	 12	 3	 4	sample191	6153	9237	7196	206628	0	
4	 12	 3	 5	sample191	7086	10170	7968	194292	0	
4	 12	 3	 6	control	431	3515	514	123360	0	
4	 12	 4	 1	sample192	8704	11274	9510	151630	0	
4	 12	 4	 2	sample192	8618	10932	10794	124956	0	
4	 12	 4	 3	sample192	8439	10753	10280	143468	0	
4	 12	 4	 4	sample192	7543	9857	8224	138840	0	
4	 12	 4	 5	sample192	6847	9161	7966	208260	0	
4	 12	 4	 6	control	8804	11888	10538	181956	0	
