MicroVigene	 Version	 2650
Culture	en-US
8/15/2006 4:38:24 PM
Roi Row	 4	 Roi Col	 12	 Main Row	 4	 Main Col	 6	 Sub Row	 1	 Sub Col	 1
Main Row	 Main Col	 Sub Row	 Sub Col	  GeneID	mean_net	 mean_total	 median_net	 vol_bkg	 vol_dust	 
1	 1	 1	 1	sample1	642	3212	514	113080	0	
1	 1	 1	 2	sample1	135	2961	258	113040	0	
1	 1	 1	 3	sample1	192	2762	256	102800	0	
1	 1	 1	 4	sample1	388	2958	256	110510	0	
1	 1	 1	 5	sample1	276	2846	256	102800	0	
1	 1	 1	 6	control	540	2852	514	46240	0	
1	 1	 2	 1	sample2	755	3067	772	106352	0	
1	 1	 2	 2	sample2	681	3251	770	118220	0	
1	 1	 2	 3	sample2	295	2865	256	102800	0	
1	 1	 2	 4	sample2	264	2576	258	92480	0	
1	 1	 2	 5	sample2	64.9	2377	0	92480	0	
1	 1	 2	 6	control	927	3239	772	99416	0	
1	 1	 3	 1	sample3	238	2550	258	92480	0	
1	 1	 3	 2	sample3	497	3067	514	123360	0	
1	 1	 3	 3	sample3	451	3021	514	125930	0	
1	 1	 3	 4	sample3	360	2672	258	92480	0	
1	 1	 3	 5	sample3	415	2727	258	101728	0	
1	 1	 3	 6	control	0.5	2313	0	92480	0	
1	 1	 4	 1	sample4	830	3400	770	110510	0	
1	 1	 4	 2	sample4	876	3446	770	113080	0	
1	 1	 4	 3	sample4	456	3026	514	102800	0	
1	 1	 4	 4	sample4	637	2949	514	101728	0	
1	 1	 4	 5	sample4	425	2737	258	92480	0	
1	 1	 4	 6	control	634	2690	514	100744	0	
1	 2	 1	 1	sample5	841	3155	770	118014	0	
1	 2	 1	 2	sample5	782	3096	770	104130	0	
1	 2	 1	 3	sample5	588	2902	514	104130	0	
1	 2	 1	 4	sample5	542	2856	514	83304	0	
1	 2	 1	 5	sample5	486	2542	258	74016	0	
1	 2	 1	 6	control	322	2378	258	74016	0	
1	 2	 2	 1	sample6	542	2856	514	104130	0	
1	 2	 2	 2	sample6	568	2882	514	99502	0	
1	 2	 2	 3	sample6	556	2612	514	102800	0	
1	 2	 2	 4	sample6	597	2397	514	72000	0	
1	 2	 2	 5	sample6	359	2159	256	72000	0	
1	 2	 2	 6	control	860	2660	770	72000	0	
1	 2	 3	 1	sample7	665	2721	772	94576	0	
1	 2	 3	 2	sample7	398	2454	514	86352	0	
1	 2	 3	 3	sample7	308	2108	256	72000	0	
1	 2	 3	 4	sample7	398	2198	514	72000	0	
1	 2	 3	 5	sample7	141	1941	0	72000	0	
1	 2	 3	 6	control	335	1877	258	61680	0	
1	 2	 4	 1	sample8	394	2194	256	81000	0	
1	 2	 4	 2	sample8	479	2279	514	66600	0	
1	 2	 4	 3	sample8	386	1928	258	61680	0	
1	 2	 4	 4	sample8	206	1748	258	61680	0	
1	 2	 4	 5	sample8	347	1889	258	61680	0	
1	 2	 4	 6	control	502	2044	514	64764	0	
1	 3	 1	 1	sample9	976	3546	1028	102800	0	
1	 3	 1	 2	sample9	861	3173	772	92480	0	
1	 3	 1	 3	sample9	707	3019	772	92480	0	
1	 3	 1	 4	sample9	470	2782	514	80920	0	
1	 3	 1	 5	sample9	129	2441	0	92480	0	
1	 3	 1	 6	control	129	2441	0	64736	0	
1	 3	 2	 1	sample10	619	2675	770	69904	0	
1	 3	 2	 2	sample10	571	2627	514	82240	0	
1	 3	 2	 3	sample10	302	2358	256	82240	0	
1	 3	 2	 4	sample10	515	2313	514	64728	0	
1	 3	 2	 5	sample10	251	2049	258	71920	0	
1	 3	 2	 6	control	694	2492	772	71920	0	
1	 3	 3	 1	sample11	684	2482	772	79112	0	
1	 3	 3	 2	sample11	489	2287	514	71920	0	
1	 3	 3	 3	sample11	508	2306	514	71920	0	
1	 3	 3	 4	sample11	219	2017	258	71920	0	
1	 3	 3	 5	sample11	173	1715	256	61680	0	
1	 3	 3	 6	control	276	1818	256	61680	0	
1	 3	 4	 1	sample12	624	2422	514	71920	0	
1	 3	 4	 2	sample12	389	2187	258	77314	0	
1	 3	 4	 3	sample12	365	2163	258	77314	0	
1	 3	 4	 4	sample12	282	1824	256	61680	0	
1	 3	 4	 5	sample12	237	1779	256	61680	0	
1	 3	 4	 6	control	301	1843	256	61680	0	
1	 4	 1	 1	sample13	834	3146	772	143344	0	
1	 4	 1	 2	sample13	861	3173	772	152592	0	
1	 4	 1	 3	sample13	705	3017	772	106352	0	
1	 4	 1	 4	sample13	343	2655	514	83232	0	
1	 4	 1	 5	sample13	270	2582	258	92480	0	
1	 4	 1	 6	control	206	2518	258	92480	0	
1	 4	 2	 1	sample14	971	2769	772	97092	0	
1	 4	 2	 2	sample14	682	2480	772	71920	0	
1	 4	 2	 3	sample14	616	2672	514	41120	0	
1	 4	 2	 4	sample14	186	2242	256	82240	0	
1	 4	 2	 5	sample14	553	2351	514	71920	0	
1	 4	 2	 6	control	478	2534	514	90464	0	
1	 4	 3	 1	sample15	475	2017	514	61680	0	
1	 4	 3	 2	sample15	411	1953	514	61680	0	
1	 4	 3	 3	sample15	757	2299	770	29298	0	
1	 4	 3	 4	sample15	456	1998	514	61680	0	
1	 4	 3	 5	sample15	359	1901	256	61680	0	
1	 4	 3	 6	control	309	2107	258	53940	0	
1	 4	 4	 1	sample16	572	2114	514	33924	0	
1	 4	 4	 2	sample16	344	1886	256	63222	0	
1	 4	 4	 3	sample16	218	1760	256	61680	0	
1	 4	 4	 4	sample16	800	2084	772	23112	0	
1	 4	 4	 5	sample16	224	1766	256	61680	0	
1	 4	 4	 6	control	612	2154	514	40092	0	
1	 5	 1	 1	sample17	889	2945	772	71960	0	
1	 5	 1	 2	sample17	817	2873	772	82240	0	
1	 5	 1	 3	sample17	348	2404	258	82240	0	
1	 5	 1	 4	sample17	729	2785	772	37008	0	
1	 5	 1	 5	sample17	291	2347	258	80184	0	
1	 5	 1	 6	control	90.3	2146	0	82240	0	
1	 5	 2	 1	sample18	334	2134	256	72000	0	
1	 5	 2	 2	sample18	392	2192	256	72000	0	
1	 5	 2	 3	sample18	200	2256	258	82240	0	
1	 5	 2	 4	sample18	63.8	1864	0	72000	0	
1	 5	 2	 5	sample18	89.5	1890	0	72000	0	
1	 5	 2	 6	control	513	2313	514	82800	0	
1	 5	 3	 1	sample19	389	1931	514	66306	0	
1	 5	 3	 2	sample19	348	1890	258	61680	0	
1	 5	 3	 3	sample19	605	2405	514	81000	0	
1	 5	 3	 4	sample19	328	1870	258	61680	0	
1	 5	 3	 5	sample19	314	1600	256	51440	0	
1	 5	 3	 6	control	289	1575	256	51440	0	
1	 5	 4	 1	sample20	423	1709	256	51440	0	
1	 5	 4	 2	sample20	554	1840	514	48868	0	
1	 5	 4	 3	sample20	778	2064	770	43724	0	
1	 5	 4	 4	sample20	274	1560	256	57870	0	
1	 5	 4	 5	sample20	502	1530	514	41120	0	
1	 5	 4	 6	control	438	1466	258	41120	0	
1	 6	 1	 1	sample21	593	3419	514	129996	0	
1	 6	 1	 2	sample21	561	3387	514	110214	0	
1	 6	 1	 3	sample21	872	3442	770	71960	0	
1	 6	 1	 4	sample21	475	3045	514	84810	0	
1	 6	 1	 5	sample21	301	2871	256	102800	0	
1	 6	 1	 6	control	237	2807	256	102800	0	
1	 6	 2	 1	sample22	611	3181	514	95090	0	
1	 6	 2	 2	sample22	793	3105	772	108664	0	
1	 6	 2	 3	sample22	690	3002	772	101728	0	
1	 6	 2	 4	sample22	507	2819	514	78608	0	
1	 6	 2	 5	sample22	369	2681	258	101728	0	
1	 6	 2	 6	control	557	2869	514	97104	0	
1	 6	 3	 1	sample23	250	2306	256	82240	0	
1	 6	 3	 2	sample23	173	2229	256	82240	0	
1	 6	 3	 3	sample23	280	2336	256	45232	0	
1	 6	 3	 4	sample23	347	2145	258	71920	0	
1	 6	 3	 5	sample23	321	2377	256	98688	0	
1	 6	 3	 6	control	360	2158	258	71920	0	
1	 6	 4	 1	sample24	564	2362	514	55738	0	
1	 6	 4	 2	sample24	323	2121	258	70122	0	
1	 6	 4	 3	sample24	424	2222	514	35960	0	
1	 6	 4	 4	sample24	297	2095	258	59334	0	
1	 6	 4	 5	sample24	180	1978	0	71920	0	
1	 6	 4	 6	control	547	2345	514	43152	0	
1	 7	 1	 1	sample25	725	3037	772	101728	0	
1	 7	 1	 2	sample25	772	3084	772	83232	0	
1	 7	 1	 3	sample25	566	2878	514	92480	0	
1	 7	 1	 4	sample25	678	2990	514	50864	0	
1	 7	 1	 5	sample25	417	2473	256	82240	0	
1	 7	 1	 6	control	327	2383	256	82240	0	
1	 7	 2	 1	sample26	430	2486	256	82240	0	
1	 7	 2	 2	sample26	481	2537	514	82240	0	
1	 7	 2	 3	sample26	354	2152	258	71920	0	
1	 7	 2	 4	sample26	412	2210	514	71920	0	
1	 7	 2	 5	sample26	492	2290	514	41354	0	
1	 7	 2	 6	control	727	2525	772	71920	0	
1	 7	 3	 1	sample27	873	2415	514	61680	0	
1	 7	 3	 2	sample27	462	2004	256	61680	0	
1	 7	 3	 3	sample27	218	1760	256	61680	0	
1	 7	 3	 4	sample27	244	1786	256	61680	0	
1	 7	 3	 5	sample27	521	1805	514	50076	0	
1	 7	 3	 6	control	250	1792	256	61680	0	
1	 7	 4	 1	sample28	594	1878	772	16692	0	
1	 7	 4	 2	sample28	225	1509	258	51360	0	
1	 7	 4	 3	sample28	13.4	1297	0	51360	0	
1	 7	 4	 4	sample28	174	1458	258	51360	0	
1	 7	 4	 5	sample28	637	1921	514	26964	0	
1	 7	 4	 6	control	547	1831	514	51360	0	
1	 8	 1	 1	sample29	1207	4291	1028	123360	0	
1	 8	 1	 2	sample29	1811	4637	1800	124344	0	
1	 8	 1	 3	sample29	855	3681	772	113040	0	
1	 8	 1	 4	sample29	570	3140	514	128500	0	
1	 8	 1	 5	sample29	314	2884	256	102800	0	
1	 8	 1	 6	control	122	2692	0	102800	0	
1	 8	 2	 1	sample30	613	2925	514	108664	0	
1	 8	 2	 2	sample30	224	2794	256	102800	0	
1	 8	 2	 3	sample30	238	2550	258	92480	0	
1	 8	 2	 4	sample30	187	2499	0	92480	0	
1	 8	 2	 5	sample30	258	2570	258	83232	0	
1	 8	 2	 6	control	407	2719	258	99416	0	
1	 8	 3	 1	sample31	806	2862	770	104856	0	
1	 8	 3	 2	sample31	420	2476	514	90464	0	
1	 8	 3	 3	sample31	282	2338	256	82240	0	
1	 8	 3	 4	sample31	286	2342	256	90464	0	
1	 8	 3	 5	sample31	207	2263	256	96632	0	
1	 8	 3	 6	control	96	2152	0	82240	0	
1	 8	 4	 1	sample32	481	2279	514	70122	0	
1	 8	 4	 2	sample32	347	2145	258	71920	0	
1	 8	 4	 3	sample32	286	2084	258	48546	0	
1	 8	 4	 4	sample32	337	2135	258	80910	0	
1	 8	 4	 5	sample32	493	2291	514	43152	0	
1	 8	 4	 6	control	319	2117	258	82708	0	
1	 9	 1	 1	sample33	437	2749	258	92480	0	
1	 9	 1	 2	sample33	322	2634	258	92480	0	
1	 9	 1	 3	sample33	290	2602	258	92480	0	
1	 9	 1	 4	sample33	335	2647	258	92480	0	
1	 9	 1	 5	sample33	251	2563	258	92480	0	
1	 9	 1	 6	control	407	2719	514	55488	0	
1	 9	 2	 1	sample34	250	2306	256	82240	0	
1	 9	 2	 2	sample34	501	2557	514	43176	0	
1	 9	 2	 3	sample34	289	2345	256	82240	0	
1	 9	 2	 4	sample34	276	2332	256	82240	0	
1	 9	 2	 5	sample34	289	2345	256	82240	0	
1	 9	 2	 6	control	666	2722	770	55512	0	
1	 9	 3	 1	sample35	334	1876	256	61680	0	
1	 9	 3	 2	sample35	256	1798	256	61680	0	
1	 9	 3	 3	sample35	417	1959	256	61680	0	
1	 9	 3	 4	sample35	327	1869	256	61680	0	
1	 9	 3	 5	sample35	385	1927	256	61680	0	
1	 9	 3	 6	control	391	1933	256	61680	0	
1	 9	 4	 1	sample36	586	1870	514	32100	0	
1	 9	 4	 2	sample36	439	1723	514	56496	0	
1	 9	 4	 3	sample36	437	1721	258	51360	0	
1	 9	 4	 4	sample36	579	1863	514	25680	0	
1	 9	 4	 5	sample36	405	1689	258	51360	0	
1	 9	 4	 6	control	468	1752	514	42372	0	
1	 10	 1	 1	sample37	507	3077	256	102800	0	
1	 10	 1	 2	sample37	431	3001	256	71960	0	
1	 10	 1	 3	sample37	591	2903	514	108664	0	
1	 10	 1	 4	sample37	818	3130	772	50864	0	
1	 10	 1	 5	sample37	328	2640	258	92480	0	
1	 10	 1	 6	control	354	2666	258	92480	0	
1	 10	 2	 1	sample38	450	2762	258	92480	0	
1	 10	 2	 2	sample38	539	2595	514	82240	0	
1	 10	 2	 3	sample38	734	2790	514	43176	0	
1	 10	 2	 4	sample38	355	2667	258	97104	0	
1	 10	 2	 5	sample38	475	2531	256	82240	0	
1	 10	 2	 6	control	393	2705	258	92480	0	
1	 10	 3	 1	sample39	806	2862	770	45232	0	
1	 10	 3	 2	sample39	719	2517	772	61132	0	
1	 10	 3	 3	sample39	521	2319	258	71920	0	
1	 10	 3	 4	sample39	534	2332	514	71920	0	
1	 10	 3	 5	sample39	482	2280	258	86304	0	
1	 10	 3	 6	control	508	2306	514	71920	0	
1	 10	 4	 1	sample40	676	2218	514	29298	0	
1	 10	 4	 2	sample40	453	1995	514	46260	0	
1	 10	 4	 3	sample40	364	1906	256	66306	0	
1	 10	 4	 4	sample40	391	1933	256	61680	0	
1	 10	 4	 5	sample40	934	2476	770	72474	0	
1	 10	 4	 6	control	482	2280	514	71920	0	
1	 11	 1	 1	sample41	621	2677	514	88408	0	
1	 11	 1	 2	sample41	449	2505	514	82240	0	
1	 11	 1	 3	sample41	514	2570	514	82240	0	
1	 11	 1	 4	sample41	577	2889	514	94792	0	
1	 11	 1	 5	sample41	283	2595	258	92480	0	
1	 11	 1	 6	control	1138	3450	0	92480	0	
1	 11	 2	 1	sample42	675	2473	514	86304	0	
1	 11	 2	 2	sample42	712	2510	772	86304	0	
1	 11	 2	 3	sample42	869	2667	772	37758	0	
1	 11	 2	 4	sample42	160	2216	256	82240	0	
1	 11	 2	 5	sample42	290	2088	258	71920	0	
1	 11	 2	 6	control	637	2435	514	75516	0	
1	 11	 3	 1	sample43	652	2194	514	80184	0	
1	 11	 3	 2	sample43	938	2480	770	61680	0	
1	 11	 3	 3	sample43	475	2017	256	61680	0	
1	 11	 3	 4	sample43	558	2100	514	61680	0	
1	 11	 3	 5	sample43	456	1998	514	61680	0	
1	 11	 3	 6	control	706	2248	514	61680	0	
1	 11	 4	 1	sample44	1221	2505	1286	82176	0	
1	 11	 4	 2	sample44	950	2234	1028	100152	0	
1	 11	 4	 3	sample44	822	2106	772	59064	0	
1	 11	 4	 4	sample44	1022	2306	1028	50076	0	
1	 11	 4	 5	sample44	561	1845	514	56496	0	
1	 11	 4	 6	control	532	1816	514	55212	0	
1	 12	 1	 1	sample45	682	2738	514	88408	0	
1	 12	 1	 2	sample45	868	2924	772	82240	0	
1	 12	 1	 3	sample45	483	2797	514	97188	0	
1	 12	 1	 4	sample45	599	2913	514	97188	0	
1	 12	 1	 5	sample45	96.9	2667	0	102800	0	
1	 12	 1	 6	control	468	3296	514	79184	0	
1	 12	 2	 1	sample46	579	2379	514	84600	0	
1	 12	 2	 2	sample46	501	2301	514	72000	0	
1	 12	 2	 3	sample46	475	2275	256	72000	0	
1	 12	 2	 4	sample46	309	2365	258	82240	0	
1	 12	 2	 5	sample46	315	2371	258	82240	0	
1	 12	 2	 6	control	431	3001	258	102800	0	
1	 12	 3	 1	sample47	827	2369	772	57054	0	
1	 12	 3	 2	sample47	549	2091	514	69390	0	
1	 12	 3	 3	sample47	780	2580	770	50400	0	
1	 12	 3	 4	sample47	717	2259	772	50886	0	
1	 12	 3	 5	sample47	554	2354	514	34200	0	
1	 12	 3	 6	control	360	2416	258	82240	0	
1	 12	 4	 1	sample48	890	1918	772	40092	0	
1	 12	 4	 2	sample48	417	1703	256	51440	0	
1	 12	 4	 3	sample48	584	1870	514	42438	0	
1	 12	 4	 4	sample48	588	1874	514	39866	0	
1	 12	 4	 5	sample48	627	2169	772	24672	0	
1	 12	 4	 6	control	429	2485	258	67848	0	
2	 1	 1	 1	sample49	1225	3795	1284	110510	0	
2	 1	 1	 2	sample49	1268	3838	1284	118220	0	
2	 1	 1	 3	sample49	1278	3848	1284	107940	0	
2	 1	 1	 4	sample49	810	3380	770	115650	0	
2	 1	 1	 5	sample49	218	2788	256	102800	0	
2	 1	 1	 6	control	-26.29	2544	0	102800	0	
2	 1	 2	 1	sample50	640	3466	514	127170	0	
2	 1	 2	 2	sample50	1215	4041	1286	113040	0	
2	 1	 2	 3	sample50	807	3633	772	101736	0	
2	 1	 2	 4	sample50	934	3760	772	138474	0	
2	 1	 2	 5	sample50	911	3481	1028	107940	0	
2	 1	 2	 6	control	1465	4035	1284	69390	0	
2	 1	 3	 1	sample51	844	3414	770	125930	0	
2	 1	 3	 2	sample51	699	3525	514	110214	0	
2	 1	 3	 3	sample51	64.7	2891	0	113040	0	
2	 1	 3	 4	sample51	372	2942	256	102800	0	
2	 1	 3	 5	sample51	404	2974	256	102800	0	
2	 1	 3	 6	control	4341	6911	1542	71960	0	
2	 1	 4	 1	sample52	135	2961	258	113040	0	
2	 1	 4	 2	sample52	245	3071	258	113040	0	
2	 1	 4	 3	sample52	148	2974	0	113040	0	
2	 1	 4	 4	sample52	295	2865	256	102800	0	
2	 1	 4	 5	sample52	224	2794	256	102800	0	
2	 1	 4	 6	control	483	2795	514	92480	0	
2	 2	 1	 1	sample53	1248	3304	1286	69904	0	
2	 2	 1	 2	sample53	694	2750	772	82240	0	
2	 2	 1	 3	sample53	764	2564	770	72000	0	
2	 2	 1	 4	sample53	782	2582	770	81000	0	
2	 2	 1	 5	sample53	359	2159	514	72000	0	
2	 2	 1	 6	control	76.5	1876	0	72000	0	
2	 2	 2	 1	sample54	705	2761	772	71960	0	
2	 2	 2	 2	sample54	706	2762	514	71960	0	
2	 2	 2	 3	sample54	251	2307	258	82240	0	
2	 2	 2	 4	sample54	327	2127	256	72000	0	
2	 2	 2	 5	sample54	186	1986	0	72000	0	
2	 2	 2	 6	control	735	2535	770	77400	0	
2	 2	 3	 1	sample55	833	2889	772	86352	0	
2	 2	 3	 2	sample55	630	2686	514	82240	0	
2	 2	 3	 3	sample55	155	2211	258	82240	0	
2	 2	 3	 4	sample55	250	2050	256	72000	0	
2	 2	 3	 5	sample55	257	2057	256	72000	0	
2	 2	 3	 6	control	206	1748	258	61680	0	
2	 2	 4	 1	sample56	759	2815	514	82240	0	
2	 2	 4	 2	sample56	359	2673	514	92560	0	
2	 2	 4	 3	sample56	290	2346	258	82240	0	
2	 2	 4	 4	sample56	469	2269	514	72000	0	
2	 2	 4	 5	sample56	134	1934	0	72000	0	
2	 2	 4	 6	control	486	2286	514	84600	0	
2	 3	 1	 1	sample57	1422	3222	1542	151200	0	
2	 3	 1	 2	sample57	1413	3213	1284	90000	0	
2	 3	 1	 3	sample57	1561	3361	1542	46800	0	
2	 3	 1	 4	sample57	953	2753	770	43200	0	
2	 3	 1	 5	sample57	388	2188	256	84600	0	
2	 3	 1	 6	control	257	1799	258	61680	0	
2	 3	 2	 1	sample58	618	2674	514	96632	0	
2	 3	 2	 2	sample58	380	2436	258	82240	0	
2	 3	 2	 3	sample58	547	2347	514	82800	0	
2	 3	 2	 4	sample58	301	2101	256	72000	0	
2	 3	 2	 5	sample58	630	2172	514	30840	0	
2	 3	 2	 6	control	742	2542	770	64800	0	
2	 3	 3	 1	sample59	959	3015	772	76072	0	
2	 3	 3	 2	sample59	1582	3638	1542	172704	0	
2	 3	 3	 3	sample59	1034	3090	1028	92520	0	
2	 3	 3	 4	sample59	879	2679	770	34200	0	
2	 3	 3	 5	sample59	382	2182	256	73800	0	
2	 3	 3	 6	control	63.7	1864	0	72000	0	
2	 3	 4	 1	sample60	681	2481	514	36000	0	
2	 3	 4	 2	sample60	443	2243	256	72000	0	
2	 3	 4	 3	sample60	269	2069	256	72000	0	
2	 3	 4	 4	sample60	134	1934	0	72000	0	
2	 3	 4	 5	sample60	316	1858	258	61680	0	
2	 3	 4	 6	control	489	2031	514	61680	0	
2	 4	 1	 1	sample61	520	2576	514	88408	0	
2	 4	 1	 2	sample61	561	2359	514	79112	0	
2	 4	 1	 3	sample61	526	2324	514	77314	0	
2	 4	 1	 4	sample61	219	2017	258	71920	0	
2	 4	 1	 5	sample61	200	1998	258	71920	0	
2	 4	 1	 6	control	167	1965	0	71920	0	
2	 4	 2	 1	sample62	628	2684	514	92520	0	
2	 4	 2	 2	sample62	926	2724	772	62930	0	
2	 4	 2	 3	sample62	440	2238	514	80910	0	
2	 4	 2	 4	sample62	391	1933	256	61680	0	
2	 4	 2	 5	sample62	548	2090	514	69390	0	
2	 4	 2	 6	control	832	2630	772	30566	0	
2	 4	 3	 1	sample63	679	2735	770	86352	0	
2	 4	 3	 2	sample63	604	2660	514	98688	0	
2	 4	 3	 3	sample63	566	2364	514	71920	0	
2	 4	 3	 4	sample63	485	2283	514	77314	0	
2	 4	 3	 5	sample63	288	2086	258	44950	0	
2	 4	 3	 6	control	347	1889	514	61680	0	
2	 4	 4	 1	sample64	428	2484	256	92520	0	
2	 4	 4	 2	sample64	482	2280	514	71920	0	
2	 4	 4	 3	sample64	322	2120	258	71920	0	
2	 4	 4	 4	sample64	357	2155	258	32364	0	
2	 4	 4	 5	sample64	514	2056	514	61680	0	
2	 4	 4	 6	control	557	2355	514	53940	0	
2	 5	 1	 1	sample65	1205	2747	1286	74016	0	
2	 5	 1	 2	sample65	1148	2690	1028	135696	0	
2	 5	 1	 3	sample65	1547	2833	1542	63014	0	
2	 5	 1	 4	sample65	933	2219	770	52726	0	
2	 5	 1	 5	sample65	783	2069	770	51440	0	
2	 5	 1	 6	control	301	1587	256	51440	0	
2	 5	 2	 1	sample66	587	2129	514	60138	0	
2	 5	 2	 2	sample66	783	2325	772	69390	0	
2	 5	 2	 3	sample66	445	1987	514	74016	0	
2	 5	 2	 4	sample66	481	1767	256	51440	0	
2	 5	 2	 5	sample66	514	1800	514	39866	0	
2	 5	 2	 6	control	788	2074	770	57870	0	
2	 5	 3	 1	sample67	826	2368	772	72474	0	
2	 5	 3	 2	sample67	716	2258	772	78642	0	
2	 5	 3	 3	sample67	418	1960	258	61680	0	
2	 5	 3	 4	sample67	558	1844	514	51440	0	
2	 5	 3	 5	sample67	436	1722	256	51440	0	
2	 5	 3	 6	control	192	1478	0	51440	0	
2	 5	 4	 1	sample68	2056	3598	1800	38550	0	
2	 5	 4	 2	sample68	1154	2696	1028	60138	0	
2	 5	 4	 3	sample68	521	2063	514	61680	0	
2	 5	 4	 4	sample68	607	1893	514	60442	0	
2	 5	 4	 5	sample68	688	1974	514	36008	0	
2	 5	 4	 6	control	456	1742	256	51440	0	
2	 6	 1	 1	sample69	1289	2831	1284	94062	0	
2	 6	 1	 2	sample69	1207	2749	1284	101772	0	
2	 6	 1	 3	sample69	1147	2689	1028	66306	0	
2	 6	 1	 4	sample69	912	2454	770	75558	0	
2	 6	 1	 5	sample69	565	2107	514	69390	0	
2	 6	 1	 6	control	683	1967	514	44940	0	
2	 6	 2	 1	sample70	857	2655	772	53940	0	
2	 6	 2	 2	sample70	818	2616	772	79112	0	
2	 6	 2	 3	sample70	757	2299	770	60138	0	
2	 6	 2	 4	sample70	436	1978	514	61680	0	
2	 6	 2	 5	sample70	353	1895	256	74016	0	
2	 6	 2	 6	control	776	2318	770	69390	0	
2	 6	 3	 1	sample71	546	2088	514	72474	0	
2	 6	 3	 2	sample71	468	2010	514	61680	0	
2	 6	 3	 3	sample71	391	1933	256	61680	0	
2	 6	 3	 4	sample71	642	2184	514	37008	0	
2	 6	 3	 5	sample71	379	1921	256	70932	0	
2	 6	 3	 6	control	95.9	1638	0	61680	0	
2	 6	 4	 1	sample72	620	2162	514	70932	0	
2	 6	 4	 2	sample72	451	1993	514	63222	0	
2	 6	 4	 3	sample72	295	1837	256	61680	0	
2	 6	 4	 4	sample72	269	1811	256	61680	0	
2	 6	 4	 5	sample72	224	1766	256	61680	0	
2	 6	 4	 6	control	514	2056	514	26214	0	
2	 7	 1	 1	sample73	676	2476	514	88200	0	
2	 7	 1	 2	sample73	947	2747	1028	109800	0	
2	 7	 1	 3	sample73	1069	2611	1028	69390	0	
2	 7	 1	 4	sample73	720	2262	772	61680	0	
2	 7	 1	 5	sample73	514	2056	514	61680	0	
2	 7	 1	 6	control	359	2159	256	54000	0	
2	 7	 2	 1	sample74	988	2788	770	70200	0	
2	 7	 2	 2	sample74	776	2576	770	160200	0	
2	 7	 2	 3	sample74	1061	2603	1028	74016	0	
2	 7	 2	 4	sample74	469	2269	514	72000	0	
2	 7	 2	 5	sample74	521	2063	514	61680	0	
2	 7	 2	 6	control	638	2438	770	66600	0	
2	 7	 3	 1	sample75	923	2723	770	88200	0	
2	 7	 3	 2	sample75	724	2524	770	39600	0	
2	 7	 3	 3	sample75	1157	2699	1028	58596	0	
2	 7	 3	 4	sample75	669	2211	772	46260	0	
2	 7	 3	 5	sample75	328	1870	258	61680	0	
2	 7	 3	 6	control	541	2083	514	44718	0	
2	 7	 4	 1	sample76	750	2550	770	90000	0	
2	 7	 4	 2	sample76	859	2659	770	57600	0	
2	 7	 4	 3	sample76	1109	2651	1028	24672	0	
2	 7	 4	 4	sample76	437	1979	258	61680	0	
2	 7	 4	 5	sample76	703	2245	772	23130	0	
2	 7	 4	 6	control	364	2164	256	64800	0	
2	 8	 1	 1	sample77	1000	2542	770	86352	0	
2	 8	 1	 2	sample77	1018	2560	1028	86352	0	
2	 8	 1	 3	sample77	984	2268	1028	29532	0	
2	 8	 1	 4	sample77	504	2046	514	41634	0	
2	 8	 1	 5	sample77	502	1786	514	51360	0	
2	 8	 1	 6	control	380	1664	258	51360	0	
2	 8	 2	 1	sample78	535	2077	514	75558	0	
2	 8	 2	 2	sample78	414	1956	514	75558	0	
2	 8	 2	 3	sample78	438	1980	514	26214	0	
2	 8	 2	 4	sample78	173	1715	256	61680	0	
2	 8	 2	 5	sample78	249	1791	256	57054	0	
2	 8	 2	 6	control	411	1953	514	61680	0	
2	 8	 3	 1	sample79	552	2094	514	61680	0	
2	 8	 3	 2	sample79	956	2498	1028	27756	0	
2	 8	 3	 3	sample79	363	1905	256	63222	0	
2	 8	 3	 4	sample79	224	1766	256	61680	0	
2	 8	 3	 5	sample79	335	1619	258	51360	0	
2	 8	 3	 6	control	89.4	1631	0	61680	0	
2	 8	 4	 1	sample80	351	1893	256	58596	0	
2	 8	 4	 2	sample80	76.6	1619	0	61680	0	
2	 8	 4	 3	sample80	498	1782	514	59064	0	
2	 8	 4	 4	sample80	122	1664	0	61680	0	
2	 8	 4	 5	sample80	147	1689	0	61680	0	
2	 8	 4	 6	control	173	1715	0	61680	0	
2	 9	 1	 1	sample81	759	2301	770	72474	0	
2	 9	 1	 2	sample81	451	1993	514	50886	0	
2	 9	 1	 3	sample81	555	2097	514	66306	0	
2	 9	 1	 4	sample81	342	1884	256	78642	0	
2	 9	 1	 5	sample81	544	2086	514	26214	0	
2	 9	 1	 6	control	462	2004	514	30840	0	
2	 9	 2	 1	sample82	1044	2586	1028	70932	0	
2	 9	 2	 2	sample82	902	2444	770	57054	0	
2	 9	 2	 3	sample82	879	2421	770	29298	0	
2	 9	 2	 4	sample82	762	2304	770	44718	0	
2	 9	 2	 5	sample82	415	1957	256	52428	0	
2	 9	 2	 6	control	446	1988	256	64764	0	
2	 9	 3	 1	sample83	449	1991	514	55512	0	
2	 9	 3	 2	sample83	364	1906	256	66306	0	
2	 9	 3	 3	sample83	403	1945	514	78642	0	
2	 9	 3	 4	sample83	433	1975	514	49344	0	
2	 9	 3	 5	sample83	579	2121	514	53970	0	
2	 9	 3	 6	control	122	1664	256	61680	0	
2	 9	 4	 1	sample84	616	2158	514	69390	0	
2	 9	 4	 2	sample84	307	1849	256	63222	0	
2	 9	 4	 3	sample84	437	1979	514	61680	0	
2	 9	 4	 4	sample84	642	2184	514	49344	0	
2	 9	 4	 5	sample84	245	2043	258	71920	0	
2	 9	 4	 6	control	563	2105	514	55512	0	
2	 10	 1	 1	sample85	796	2338	770	78642	0	
2	 10	 1	 2	sample85	896	2438	770	72474	0	
2	 10	 1	 3	sample85	992	2534	770	55512	0	
2	 10	 1	 4	sample85	476	2274	258	71920	0	
2	 10	 1	 5	sample85	514	2312	258	71920	0	
2	 10	 1	 6	control	309	2107	0	71920	0	
2	 10	 2	 1	sample86	328	2126	258	71920	0	
2	 10	 2	 2	sample86	960	2502	770	70932	0	
2	 10	 2	 3	sample86	399	2197	258	71920	0	
2	 10	 2	 4	sample86	490	2288	258	75516	0	
2	 10	 2	 5	sample86	322	2120	258	71920	0	
2	 10	 2	 6	control	1114	2912	1028	43152	0	
2	 10	 3	 1	sample87	520	2318	514	79112	0	
2	 10	 3	 2	sample87	752	2294	514	63222	0	
2	 10	 3	 3	sample87	390	2188	258	66526	0	
2	 10	 3	 4	sample87	245	2043	0	71920	0	
2	 10	 3	 5	sample87	219	2017	258	71920	0	
2	 10	 3	 6	control	206	2004	258	71920	0	
2	 10	 4	 1	sample88	457	2255	258	71920	0	
2	 10	 4	 2	sample88	717	2515	514	34162	0	
2	 10	 4	 3	sample88	45.6	1844	0	71920	0	
2	 10	 4	 4	sample88	664	2462	514	43152	0	
2	 10	 4	 5	sample88	420	2218	258	82708	0	
2	 10	 4	 6	control	433	2231	514	73718	0	
2	 11	 1	 1	sample89	1261	3061	1284	120600	0	
2	 11	 1	 2	sample89	1239	3039	1284	133200	0	
2	 11	 1	 3	sample89	856	2656	1028	75600	0	
2	 11	 1	 4	sample89	715	2515	770	82800	0	
2	 11	 1	 5	sample89	245	2301	258	82240	0	
2	 11	 1	 6	control	435	2235	514	46800	0	
2	 11	 2	 1	sample90	606	2406	514	64800	0	
2	 11	 2	 2	sample90	599	2399	770	32400	0	
2	 11	 2	 3	sample90	555	2355	514	77400	0	
2	 11	 2	 4	sample90	513	2313	514	79200	0	
2	 11	 2	 5	sample90	359	2159	256	72000	0	
2	 11	 2	 6	control	907	2963	772	39064	0	
2	 11	 3	 1	sample91	815	2615	770	41400	0	
2	 11	 3	 2	sample91	561	2361	514	77400	0	
2	 11	 3	 3	sample91	597	2397	514	82800	0	
2	 11	 3	 4	sample91	533	2333	514	72000	0	
2	 11	 3	 5	sample91	522	2322	514	52200	0	
2	 11	 3	 6	control	83.9	2140	0	82240	0	
2	 11	 4	 1	sample92	348	2148	256	75600	0	
2	 11	 4	 2	sample92	456	2256	514	72000	0	
2	 11	 4	 3	sample92	385	2185	256	72000	0	
2	 11	 4	 4	sample92	398	2198	256	72000	0	
2	 11	 4	 5	sample92	488	2288	514	36000	0	
2	 11	 4	 6	control	564	2364	514	73800	0	
2	 12	 1	 1	sample93	862	2404	772	92520	0	
2	 12	 1	 2	sample93	654	2196	772	74016	0	
2	 12	 1	 3	sample93	566	2108	514	61680	0	
2	 12	 1	 4	sample93	433	2233	514	57600	0	
2	 12	 1	 5	sample93	379	2179	514	72000	0	
2	 12	 1	 6	control	115	2429	256	92560	0	
2	 12	 2	 1	sample94	593	2135	514	60138	0	
2	 12	 2	 2	sample94	932	2732	770	63000	0	
2	 12	 2	 3	sample94	700	2242	772	66306	0	
2	 12	 2	 4	sample94	426	2226	256	68400	0	
2	 12	 2	 5	sample94	385	2185	256	72000	0	
2	 12	 2	 6	control	436	2750	514	92560	0	
2	 12	 3	 1	sample95	972	2514	772	77100	0	
2	 12	 3	 2	sample95	514	2056	514	61680	0	
2	 12	 3	 3	sample95	629	2171	514	69390	0	
2	 12	 3	 4	sample95	283	1825	258	61680	0	
2	 12	 3	 5	sample95	346	2146	256	72000	0	
2	 12	 3	 6	control	76.7	2391	0	92560	0	
2	 12	 4	 1	sample96	800	2342	772	83268	0	
2	 12	 4	 2	sample96	476	2018	514	61680	0	
2	 12	 4	 3	sample96	335	1877	258	46260	0	
2	 12	 4	 4	sample96	1063	2605	1028	46260	0	
2	 12	 4	 5	sample96	269	2069	256	72000	0	
2	 12	 4	 6	control	295	2609	256	92560	0	
3	 1	 1	 1	sample97	804	3116	772	110976	0	
3	 1	 1	 2	sample97	1615	3927	1542	106352	0	
3	 1	 1	 3	sample97	1680	3992	1542	99416	0	
3	 1	 1	 4	sample97	1462	3518	1284	59624	0	
3	 1	 1	 5	sample97	520	2318	514	79112	0	
3	 1	 1	 6	control	134	1676	0	61680	0	
3	 1	 2	 1	sample98	1743	3799	1542	248776	0	
3	 1	 2	 2	sample98	2553	4609	2570	158312	0	
3	 1	 2	 3	sample98	1234	3546	1286	92480	0	
3	 1	 2	 4	sample98	1543	3855	1542	117912	0	
3	 1	 2	 5	sample98	1354	3410	1284	98688	0	
3	 1	 2	 6	control	1483	3539	1542	90464	0	
3	 1	 3	 1	sample99	438	2236	514	48546	0	
3	 1	 3	 2	sample99	470	2268	514	71920	0	
3	 1	 3	 3	sample99	962	3018	770	96632	0	
3	 1	 3	 4	sample99	1322	3634	1286	97104	0	
3	 1	 3	 5	sample99	1278	3334	1028	82240	0	
3	 1	 3	 6	control	276	2332	256	82240	0	
3	 1	 4	 1	sample100	563	2105	514	47802	0	
3	 1	 4	 2	sample100	18.8	1561	0	61680	0	
3	 1	 4	 3	sample100	372	1914	256	61680	0	
3	 1	 4	 4	sample100	502	2044	514	33924	0	
3	 1	 4	 5	sample100	385	1927	256	61680	0	
3	 1	 4	 6	control	601	2143	514	67848	0	
3	 2	 1	 1	sample101	1515	3313	1542	84506	0	
3	 2	 1	 2	sample101	1328	3126	1286	88102	0	
3	 2	 1	 3	sample101	862	2404	770	64764	0	
3	 2	 1	 4	sample101	658	1942	514	66768	0	
3	 2	 1	 5	sample101	450	1734	514	51360	0	
3	 2	 1	 6	control	224	1252	256	41120	0	
3	 2	 2	 1	sample102	475	2531	514	82240	0	
3	 2	 2	 2	sample102	562	2360	514	88102	0	
3	 2	 2	 3	sample102	263	1805	256	61680	0	
3	 2	 2	 4	sample102	109	1651	0	61680	0	
3	 2	 2	 5	sample102	270	1554	258	51360	0	
3	 2	 2	 6	control	898	2182	772	106572	0	
3	 2	 3	 1	sample103	2126	4696	2056	131070	0	
3	 2	 3	 2	sample103	1761	4073	1800	92480	0	
3	 2	 3	 3	sample103	1783	3581	1800	84506	0	
3	 2	 3	 4	sample103	1271	2813	1028	143406	0	
3	 2	 3	 5	sample103	1296	2580	1286	61632	0	
3	 2	 3	 6	control	368	1652	258	17976	0	
3	 2	 4	 1	sample104	1173	2971	1028	86304	0	
3	 2	 4	 2	sample104	1205	3261	1284	26728	0	
3	 2	 4	 3	sample104	437	2235	514	71920	0	
3	 2	 4	 4	sample104	334	1876	256	61680	0	
3	 2	 4	 5	sample104	444	1728	514	51360	0	
3	 2	 4	 6	control	566	1850	514	32100	0	
3	 3	 1	 1	sample105	1016	2300	1028	51360	0	
3	 3	 1	 2	sample105	1437	2721	1286	100152	0	
3	 3	 1	 3	sample105	919	2203	1028	51360	0	
3	 3	 1	 4	sample105	611	1895	514	51360	0	
3	 3	 1	 5	sample105	399	1683	514	51360	0	
3	 3	 1	 6	control	360	1644	514	25680	0	
3	 3	 2	 1	sample106	682	1966	514	51360	0	
3	 3	 2	 2	sample106	675	1959	772	51360	0	
3	 3	 2	 3	sample106	547	1831	514	51360	0	
3	 3	 2	 4	sample106	492	1776	514	43656	0	
3	 3	 2	 5	sample106	244	1528	258	24396	0	
3	 3	 2	 6	control	900	2184	772	53928	0	
3	 3	 3	 1	sample107	489	1773	514	51360	0	
3	 3	 3	 2	sample107	437	1721	258	51360	0	
3	 3	 3	 3	sample107	386	1670	258	51360	0	
3	 3	 3	 4	sample107	122	1406	0	51360	0	
3	 3	 3	 5	sample107	304	1588	258	42372	0	
3	 3	 3	 6	control	213	1497	258	51360	0	
3	 3	 4	 1	sample108	495	1779	514	51360	0	
3	 3	 4	 2	sample108	495	1779	514	51360	0	
3	 3	 4	 3	sample108	290	1574	258	51360	0	
3	 3	 4	 4	sample108	283	1567	258	51360	0	
3	 3	 4	 5	sample108	629	1657	770	41120	0	
3	 3	 4	 6	control	476	1760	514	51360	0	
3	 4	 1	 1	sample109	925	2725	1028	72000	0	
3	 4	 1	 2	sample109	1916	3716	1798	169200	0	
3	 4	 1	 3	sample109	1740	3282	1542	66306	0	
3	 4	 1	 4	sample109	785	2327	772	60138	0	
3	 4	 1	 5	sample109	701	1987	770	47582	0	
3	 4	 1	 6	control	327	1613	256	51440	0	
3	 4	 2	 1	sample110	680	2736	514	86352	0	
3	 4	 2	 2	sample110	1201	3001	1284	72000	0	
3	 4	 2	 3	sample110	1192	2734	1028	33924	0	
3	 4	 2	 4	sample110	554	2096	514	69390	0	
3	 4	 2	 5	sample110	670	1956	514	65586	0	
3	 4	 2	 6	control	1009	2295	1028	54012	0	
3	 4	 3	 1	sample111	1949	3749	1542	113400	0	
3	 4	 3	 2	sample111	1816	3616	1542	81000	0	
3	 4	 3	 3	sample111	1221	2763	1028	135696	0	
3	 4	 3	 4	sample111	1537	3079	1028	69390	0	
3	 4	 3	 5	sample111	714	2000	770	41152	0	
3	 4	 3	 6	control	642	1928	514	20576	0	
3	 4	 4	 1	sample112	462	2262	514	72000	0	
3	 4	 4	 2	sample112	834	2376	772	75558	0	
3	 4	 4	 3	sample112	637	2179	772	32382	0	
3	 4	 4	 4	sample112	354	1896	514	24672	0	
3	 4	 4	 5	sample112	711	1997	514	33436	0	
3	 4	 4	 6	control	514	1800	514	51440	0	
3	 5	 1	 1	sample113	693	2491	772	82708	0	
3	 5	 1	 2	sample113	1106	2648	1028	70932	0	
3	 5	 1	 3	sample113	608	2150	514	58596	0	
3	 5	 1	 4	sample113	594	1878	514	53928	0	
3	 5	 1	 5	sample113	554	1838	514	59064	0	
3	 5	 1	 6	control	63.7	1606	0	61680	0	
3	 5	 2	 1	sample114	739	2537	772	84506	0	
3	 5	 2	 2	sample114	1266	2808	1284	127986	0	
3	 5	 2	 3	sample114	636	2178	514	61680	0	
3	 5	 2	 4	sample114	673	1957	514	53928	0	
3	 5	 2	 5	sample114	585	1869	514	51360	0	
3	 5	 2	 6	control	999	2541	770	69390	0	
3	 5	 3	 1	sample115	584	2126	514	61680	0	
3	 5	 3	 2	sample115	750	2292	770	58596	0	
3	 5	 3	 3	sample115	675	1959	514	51360	0	
3	 5	 3	 4	sample115	341	1625	258	51360	0	
3	 5	 3	 5	sample115	752	2036	772	51360	0	
3	 5	 3	 6	control	128	1670	0	61680	0	
3	 5	 4	 1	sample116	411	1953	514	61680	0	
3	 5	 4	 2	sample116	1194	2478	1028	93732	0	
3	 5	 4	 3	sample116	521	1805	514	51360	0	
3	 5	 4	 4	sample116	722	2006	514	33384	0	
3	 5	 4	 5	sample116	642	2184	514	33924	0	
3	 5	 4	 6	control	571	2113	514	61680	0	
3	 6	 1	 1	sample117	1310	2852	1284	46260	0	
3	 6	 1	 2	sample117	1620	3162	1542	75558	0	
3	 6	 1	 3	sample117	1075	2617	1028	107940	0	
3	 6	 1	 4	sample117	711	2253	514	66306	0	
3	 6	 1	 5	sample117	551	2093	514	63222	0	
3	 6	 1	 6	control	160	1702	0	61680	0	
3	 6	 2	 1	sample118	604	2146	514	52428	0	
3	 6	 2	 2	sample118	1039	2581	1028	67848	0	
3	 6	 2	 3	sample118	627	2169	514	77100	0	
3	 6	 2	 4	sample118	533	2075	514	61680	0	
3	 6	 2	 5	sample118	385	1927	256	61680	0	
3	 6	 2	 6	control	854	2396	1028	52428	0	
3	 6	 3	 1	sample119	682	2224	770	58596	0	
3	 6	 3	 2	sample119	750	2292	770	78642	0	
3	 6	 3	 3	sample119	586	2128	514	70932	0	
3	 6	 3	 4	sample119	289	1831	256	61680	0	
3	 6	 3	 5	sample119	442	1984	514	38550	0	
3	 6	 3	 6	control	423	1965	514	26214	0	
3	 6	 4	 1	sample120	591	2133	514	61680	0	
3	 6	 4	 2	sample120	682	2224	770	53970	0	
3	 6	 4	 3	sample120	630	2172	514	47802	0	
3	 6	 4	 4	sample120	491	2033	514	52428	0	
3	 6	 4	 5	sample120	539	2081	514	30840	0	
3	 6	 4	 6	control	526	2068	514	63222	0	
3	 7	 1	 1	sample121	991	3047	1028	102800	0	
3	 7	 1	 2	sample121	977	3033	770	145976	0	
3	 7	 1	 3	sample121	1021	2819	1028	61132	0	
3	 7	 1	 4	sample121	600	2398	514	75516	0	
3	 7	 1	 5	sample121	348	2146	258	71920	0	
3	 7	 1	 6	control	44.5	2100	0	82240	0	
3	 7	 2	 1	sample122	1064	3120	1028	86352	0	
3	 7	 2	 2	sample122	951	3007	1028	96632	0	
3	 7	 2	 3	sample122	344	2400	256	96632	0	
3	 7	 2	 4	sample122	392	2190	258	71920	0	
3	 7	 2	 5	sample122	341	2139	258	71920	0	
3	 7	 2	 6	control	710	2766	770	69904	0	
3	 7	 3	 1	sample123	776	2832	770	102800	0	
3	 7	 3	 2	sample123	662	2718	514	92520	0	
3	 7	 3	 3	sample123	282	2338	256	82240	0	
3	 7	 3	 4	sample123	192	2248	256	82240	0	
3	 7	 3	 5	sample123	315	2113	258	71920	0	
3	 7	 3	 6	control	63.9	2120	0	82240	0	
3	 7	 4	 1	sample124	1571	3883	1542	104040	0	
3	 7	 4	 2	sample124	754	3066	772	99416	0	
3	 7	 4	 3	sample124	475	2531	514	82240	0	
3	 7	 4	 4	sample124	496	2552	514	59624	0	
3	 7	 4	 5	sample124	4126	6182	1798	37008	0	
3	 7	 4	 6	control	250	2306	256	82240	0	
3	 8	 1	 1	sample125	1680	2966	1542	66872	0	
3	 8	 1	 2	sample125	2052	3338	1798	108024	0	
3	 8	 1	 3	sample125	1441	2727	1542	65586	0	
3	 8	 1	 4	sample125	1027	2313	1028	30864	0	
3	 8	 1	 5	sample125	841	2127	1028	28292	0	
3	 8	 1	 6	control	192	1478	0	51440	0	
3	 8	 2	 1	sample126	1453	2739	1284	70730	0	
3	 8	 2	 2	sample126	1062	2348	1028	57870	0	
3	 8	 2	 3	sample126	963	2249	1028	41152	0	
3	 8	 2	 4	sample126	629	1915	514	63014	0	
3	 8	 2	 5	sample126	587	1873	514	45010	0	
3	 8	 2	 6	control	1035	2321	1284	41152	0	
3	 8	 3	 1	sample127	883	2169	1028	52726	0	
3	 8	 3	 2	sample127	1013	2299	1028	46296	0	
3	 8	 3	 3	sample127	588	1874	514	61728	0	
3	 8	 3	 4	sample127	743	2029	770	59156	0	
3	 8	 3	 5	sample127	599	1885	514	61728	0	
3	 8	 3	 6	control	116	1658	258	61680	0	
3	 8	 4	 1	sample128	584	1870	514	51440	0	
3	 8	 4	 2	sample128	595	1881	514	56584	0	
3	 8	 4	 3	sample128	492	2034	514	35466	0	
3	 8	 4	 4	sample128	645	1931	514	55298	0	
3	 8	 4	 5	sample128	544	1830	514	54012	0	
3	 8	 4	 6	control	489	2031	514	61680	0	
3	 9	 1	 1	sample129	1037	2323	1028	33436	0	
3	 9	 1	 2	sample129	698	2240	772	123360	0	
3	 9	 1	 3	sample129	812	2354	772	49344	0	
3	 9	 1	 4	sample129	777	2063	770	51440	0	
3	 9	 1	 5	sample129	386	1928	258	61680	0	
3	 9	 1	 6	control	19.8	1562	0	61680	0	
3	 9	 2	 1	sample130	1847	3389	1028	90978	0	
3	 9	 2	 2	sample130	940	2482	772	40092	0	
3	 9	 2	 3	sample130	846	2388	772	58596	0	
3	 9	 2	 4	sample130	470	2012	514	61680	0	
3	 9	 2	 5	sample130	588	2130	514	64764	0	
3	 9	 2	 6	control	1013	2555	1028	49344	0	
3	 9	 3	 1	sample131	340	2140	256	72000	0	
3	 9	 3	 2	sample131	786	2328	772	55512	0	
3	 9	 3	 3	sample131	476	2018	514	61680	0	
3	 9	 3	 4	sample131	576	2118	514	70932	0	
3	 9	 3	 5	sample131	335	1877	258	61680	0	
3	 9	 3	 6	control	148	1690	0	61680	0	
3	 9	 4	 1	sample132	566	2366	514	88200	0	
3	 9	 4	 2	sample132	599	2399	514	59400	0	
3	 9	 4	 3	sample132	389	2189	514	59400	0	
3	 9	 4	 4	sample132	609	2151	514	58596	0	
3	 9	 4	 5	sample132	457	1999	258	61680	0	
3	 9	 4	 6	control	447	1989	514	35466	0	
3	 10	 1	 1	sample133	1798	3854	1542	92520	0	
3	 10	 1	 2	sample133	2043	3841	2056	140244	0	
3	 10	 1	 3	sample133	1246	3044	1286	116870	0	
3	 10	 1	 4	sample133	1079	2877	1028	64728	0	
3	 10	 1	 5	sample133	761	2559	772	91698	0	
3	 10	 1	 6	control	283	2081	258	71920	0	
3	 10	 2	 1	sample134	1488	3544	1542	98688	0	
3	 10	 2	 2	sample134	1611	3409	1542	120466	0	
3	 10	 2	 3	sample134	1399	3197	1286	89900	0	
3	 10	 2	 4	sample134	861	2659	772	82708	0	
3	 10	 2	 5	sample134	818	2616	1028	79112	0	
3	 10	 2	 6	control	1037	2835	1028	111476	0	
3	 10	 3	 1	sample135	645	2701	514	80184	0	
3	 10	 3	 2	sample135	752	2550	772	71920	0	
3	 10	 3	 3	sample135	399	2197	258	71920	0	
3	 10	 3	 4	sample135	832	2630	772	30566	0	
3	 10	 3	 5	sample135	514	2312	514	43152	0	
3	 10	 3	 6	control	527	2325	258	35960	0	
3	 10	 4	 1	sample136	643	2441	514	71920	0	
3	 10	 4	 2	sample136	939	2737	1028	41354	0	
3	 10	 4	 3	sample136	747	2545	772	55738	0	
3	 10	 4	 4	sample136	817	2615	514	30566	0	
3	 10	 4	 5	sample136	987	2529	770	29298	0	
3	 10	 4	 6	control	444	2242	258	71920	0	
3	 11	 1	 1	sample137	1971	3769	2056	161820	0	
3	 11	 1	 2	sample137	1253	3051	1286	210366	0	
3	 11	 1	 3	sample137	1182	2980	1028	84506	0	
3	 11	 1	 4	sample137	617	2415	514	71920	0	
3	 11	 1	 5	sample137	502	2300	514	71920	0	
3	 11	 1	 6	control	161	1959	258	71920	0	
3	 11	 2	 1	sample138	804	2602	772	84506	0	
3	 11	 2	 2	sample138	1204	3002	1286	73718	0	
3	 11	 2	 3	sample138	761	2559	772	88102	0	
3	 11	 2	 4	sample138	405	2203	258	71920	0	
3	 11	 2	 5	sample138	302	2100	258	71920	0	
3	 11	 2	 6	control	682	2480	514	71920	0	
3	 11	 3	 1	sample139	2705	4761	770	39064	0	
3	 11	 3	 2	sample139	841	2639	772	86304	0	
3	 11	 3	 3	sample139	473	2271	514	77314	0	
3	 11	 3	 4	sample139	412	2210	258	71920	0	
3	 11	 3	 5	sample139	290	2088	258	71920	0	
3	 11	 3	 6	control	103	1901	258	71920	0	
3	 11	 4	 1	sample140	515	2313	514	79112	0	
3	 11	 4	 2	sample140	303	2101	258	71920	0	
3	 11	 4	 3	sample140	167	1965	0	71920	0	
3	 11	 4	 4	sample140	334	1876	256	61680	0	
3	 11	 4	 5	sample140	71.1	1869	0	71920	0	
3	 11	 4	 6	control	283	2081	258	71920	0	
3	 12	 1	 1	sample141	808	2092	772	62916	0	
3	 12	 1	 2	sample141	912	2454	1028	30840	0	
3	 12	 1	 3	sample141	584	2126	514	67848	0	
3	 12	 1	 4	sample141	341	2139	258	71920	0	
3	 12	 1	 5	sample141	95.9	2152	0	82240	0	
3	 12	 1	 6	control	180	2492	0	92480	0	
3	 12	 2	 1	sample142	917	2201	772	38520	0	
3	 12	 2	 2	sample142	531	2073	514	69390	0	
3	 12	 2	 3	sample142	681	2223	770	70932	0	
3	 12	 2	 4	sample142	481	2023	514	61680	0	
3	 12	 2	 5	sample142	161	1959	258	71920	0	
3	 12	 2	 6	control	736	3048	772	101728	0	
3	 12	 3	 1	sample143	704	2246	770	77100	0	
3	 12	 3	 2	sample143	816	2358	770	43176	0	
3	 12	 3	 3	sample143	616	2158	514	61680	0	
3	 12	 3	 4	sample143	732	2274	770	41634	0	
3	 12	 3	 5	sample143	251	2049	258	71920	0	
3	 12	 3	 6	control	90.4	2402	258	92480	0	
3	 12	 4	 1	sample144	685	2227	514	23130	0	
3	 12	 4	 2	sample144	798	2340	770	29298	0	
3	 12	 4	 3	sample144	289	1831	256	61680	0	
3	 12	 4	 4	sample144	449	1991	514	61680	0	
3	 12	 4	 5	sample144	405	2203	514	71920	0	
3	 12	 4	 6	control	449	2761	514	99416	0	
4	 1	 1	 1	sample145	1056	3112	1028	96632	0	
4	 1	 1	 2	sample145	889	2689	770	93600	0	
4	 1	 1	 3	sample145	555	2097	514	67848	0	
4	 1	 1	 4	sample145	848	2134	770	38580	0	
4	 1	 1	 5	sample145	366	1652	256	60442	0	
4	 1	 1	 6	control	12.4	1298	0	51440	0	
4	 1	 2	 1	sample146	414	2470	514	84296	0	
4	 1	 2	 2	sample146	669	2211	514	77100	0	
4	 1	 2	 3	sample146	193	1735	0	61680	0	
4	 1	 2	 4	sample146	533	1819	514	68158	0	
4	 1	 2	 5	sample146	244	1530	256	51440	0	
4	 1	 2	 6	control	904	2190	770	66872	0	
4	 1	 3	 1	sample147	705	2761	772	94576	0	
4	 1	 3	 2	sample147	513	2313	514	72000	0	
4	 1	 3	 3	sample147	379	2179	256	82800	0	
4	 1	 3	 4	sample147	495	2037	514	61680	0	
4	 1	 3	 5	sample147	379	1921	258	55512	0	
4	 1	 3	 6	control	187	1729	258	61680	0	
4	 1	 4	 1	sample148	206	2262	258	82240	0	
4	 1	 4	 2	sample148	71.1	2127	0	82240	0	
4	 1	 4	 3	sample148	379	2179	514	72000	0	
4	 1	 4	 4	sample148	463	2263	514	73800	0	
4	 1	 4	 5	sample148	365	2165	256	68400	0	
4	 1	 4	 6	control	385	2185	256	75600	0	
4	 2	 1	 1	sample149	1217	2759	1286	127986	0	
4	 2	 1	 2	sample149	813	2613	770	86400	0	
4	 2	 1	 3	sample149	840	2382	772	75558	0	
4	 2	 1	 4	sample149	678	2220	514	72474	0	
4	 2	 1	 5	sample149	771	2313	772	29298	0	
4	 2	 1	 6	control	578	1864	514	30864	0	
4	 2	 2	 1	sample150	1220	3020	1284	93600	0	
4	 2	 2	 2	sample150	987	2787	1028	136800	0	
4	 2	 2	 3	sample150	928	2728	1028	79200	0	
4	 2	 2	 4	sample150	524	2324	514	88200	0	
4	 2	 2	 5	sample150	616	2158	514	66306	0	
4	 2	 2	 6	control	793	2335	772	74016	0	
4	 2	 3	 1	sample151	689	2745	514	96632	0	
4	 2	 3	 2	sample151	383	2439	514	88408	0	
4	 2	 3	 3	sample151	270	2326	258	88408	0	
4	 2	 3	 4	sample151	315	2371	258	37008	0	
4	 2	 3	 5	sample151	295	2095	256	72000	0	
4	 2	 3	 6	control	342	2142	256	43200	0	
4	 2	 4	 1	sample152	519	2833	514	111072	0	
4	 2	 4	 2	sample152	720	2776	772	41120	0	
4	 2	 4	 3	sample152	482	2538	514	82240	0	
4	 2	 4	 4	sample152	557	2613	514	37008	0	
4	 2	 4	 5	sample152	359	2415	258	78128	0	
4	 2	 4	 6	control	386	2442	258	82240	0	
4	 3	 1	 1	sample153	959	2757	1028	140244	0	
4	 3	 1	 2	sample153	1800	3598	1800	115072	0	
4	 3	 1	 3	sample153	1258	3056	1286	100688	0	
4	 3	 1	 4	sample153	992	2790	1028	100688	0	
4	 3	 1	 5	sample153	677	2475	514	73718	0	
4	 3	 1	 6	control	32.7	1831	0	71920	0	
4	 3	 2	 1	sample154	475	2531	514	82240	0	
4	 3	 2	 2	sample154	878	2934	770	88408	0	
4	 3	 2	 3	sample154	676	2474	772	82708	0	
4	 3	 2	 4	sample154	596	2394	514	73718	0	
4	 3	 2	 5	sample154	335	2133	258	71920	0	
4	 3	 2	 6	control	925	2723	1028	84506	0	
4	 3	 3	 1	sample155	411	2467	514	82240	0	
4	 3	 3	 2	sample155	379	2435	514	82240	0	
4	 3	 3	 3	sample155	408	2464	514	34952	0	
4	 3	 3	 4	sample155	301	2357	256	82240	0	
4	 3	 3	 5	sample155	237	2293	256	82240	0	
4	 3	 3	 6	control	186	2242	256	82240	0	
4	 3	 4	 1	sample156	1002	3314	1028	205768	0	
4	 3	 4	 2	sample156	962	3532	1028	110510	0	
4	 3	 4	 3	sample156	758	3328	770	110510	0	
4	 3	 4	 4	sample156	612	2924	514	97104	0	
4	 3	 4	 5	sample156	410	2722	514	97104	0	
4	 3	 4	 6	control	514	2570	514	82240	0	
4	 4	 1	 1	sample157	1498	3040	1542	44718	0	
4	 4	 1	 2	sample157	1223	2765	1028	69390	0	
4	 4	 1	 3	sample157	1201	2487	1028	51440	0	
4	 4	 1	 4	sample157	838	2124	770	48868	0	
4	 4	 1	 5	sample157	696	1724	772	42148	0	
4	 4	 1	 6	control	-26.04	1260	0	51440	0	
4	 4	 2	 1	sample158	655	2455	770	72000	0	
4	 4	 2	 2	sample158	593	2135	514	75558	0	
4	 4	 2	 3	sample158	514	2056	514	60138	0	
4	 4	 2	 4	sample158	385	1671	256	51440	0	
4	 4	 2	 5	sample158	205	1491	256	51440	0	
4	 4	 2	 6	control	902	2188	1028	63014	0	
4	 4	 3	 1	sample159	1082	3138	1028	78128	0	
4	 4	 3	 2	sample159	1363	3163	1284	41400	0	
4	 4	 3	 3	sample159	1334	3134	1284	64800	0	
4	 4	 3	 4	sample159	1011	2553	1028	66306	0	
4	 4	 3	 5	sample159	604	2146	514	61680	0	
4	 4	 3	 6	control	135	1677	0	61680	0	
4	 4	 4	 1	sample160	604	2660	514	47288	0	
4	 4	 4	 2	sample160	398	2454	258	86352	0	
4	 4	 4	 3	sample160	308	2108	256	72000	0	
4	 4	 4	 4	sample160	542	2084	514	57054	0	
4	 4	 4	 5	sample160	507	2049	514	52428	0	
4	 4	 4	 6	control	322	1864	258	61680	0	
4	 5	 1	 1	sample161	1067	2867	1028	82800	0	
4	 5	 1	 2	sample161	1299	3099	1284	153000	0	
4	 5	 1	 3	sample161	1174	2974	1284	75600	0	
4	 5	 1	 4	sample161	526	2326	514	73800	0	
4	 5	 1	 5	sample161	327	2127	256	72000	0	
4	 5	 1	 6	control	31.7	1832	0	72000	0	
4	 5	 2	 1	sample162	2010	4066	2056	113080	0	
4	 5	 2	 2	sample162	1482	3538	1286	174760	0	
4	 5	 2	 3	sample162	1511	3311	1542	149400	0	
4	 5	 2	 4	sample162	1337	3137	1028	88200	0	
4	 5	 2	 5	sample162	787	2587	770	82800	0	
4	 5	 2	 6	control	806	2606	770	79200	0	
4	 5	 3	 1	sample163	456	2770	514	92560	0	
4	 5	 3	 2	sample163	631	2687	772	45232	0	
4	 5	 3	 3	sample163	526	2582	514	45232	0	
4	 5	 3	 4	sample163	290	2346	258	82240	0	
4	 5	 3	 5	sample163	270	2326	258	82240	0	
4	 5	 3	 6	control	155	2211	258	82240	0	
4	 5	 4	 1	sample164	879	2935	772	98688	0	
4	 5	 4	 2	sample164	1004	3060	1028	129528	0	
4	 5	 4	 3	sample164	615	2671	514	94576	0	
4	 5	 4	 4	sample164	1002	2802	770	90000	0	
4	 5	 4	 5	sample164	1143	2943	1028	72000	0	
4	 5	 4	 6	control	703	2759	514	92520	0	
4	 6	 1	 1	sample165	1006	2548	1028	74016	0	
4	 6	 1	 2	sample165	1318	2860	1284	95604	0	
4	 6	 1	 3	sample165	1236	2778	1284	74016	0	
4	 6	 1	 4	sample165	1020	2562	1028	50886	0	
4	 6	 1	 5	sample165	844	2386	770	21588	0	
4	 6	 1	 6	control	282	1824	256	61680	0	
4	 6	 2	 1	sample166	482	2280	514	71920	0	
4	 6	 2	 2	sample166	412	2210	514	71920	0	
4	 6	 2	 3	sample166	594	2392	514	75516	0	
4	 6	 2	 4	sample166	353	2151	258	62930	0	
4	 6	 2	 5	sample166	444	2242	258	71920	0	
4	 6	 2	 6	control	627	2683	514	139808	0	
4	 6	 3	 1	sample167	456	2512	514	82240	0	
4	 6	 3	 2	sample167	346	2402	256	94576	0	
4	 6	 3	 3	sample167	630	2428	514	71920	0	
4	 6	 3	 4	sample167	576	2632	514	84296	0	
4	 6	 3	 5	sample167	411	2467	514	41120	0	
4	 6	 3	 6	control	160	2216	0	82240	0	
4	 6	 4	 1	sample168	416	2472	514	86352	0	
4	 6	 4	 2	sample168	318	2374	256	94576	0	
4	 6	 4	 3	sample168	288	2344	256	98688	0	
4	 6	 4	 4	sample168	335	2133	258	71920	0	
4	 6	 4	 5	sample168	290	2088	258	71920	0	
4	 6	 4	 6	control	790	2588	772	25172	0	
4	 7	 1	 1	sample169	2016	3558	2056	87894	0	
4	 7	 1	 2	sample169	1800	3342	1800	72474	0	
4	 7	 1	 3	sample169	1274	2816	1286	66306	0	
4	 7	 1	 4	sample169	1311	2853	1028	61680	0	
4	 7	 1	 5	sample169	502	2044	514	61680	0	
4	 7	 1	 6	control	90.4	1632	0	61680	0	
4	 7	 2	 1	sample170	1151	2951	1028	86400	0	
4	 7	 2	 2	sample170	1144	2944	1028	75600	0	
4	 7	 2	 3	sample170	957	2757	1028	72000	0	
4	 7	 2	 4	sample170	642	2442	514	82800	0	
4	 7	 2	 5	sample170	489	2031	514	61680	0	
4	 7	 2	 6	control	729	2529	770	45000	0	
4	 7	 3	 1	sample171	489	2545	514	82240	0	
4	 7	 3	 2	sample171	555	2611	514	104856	0	
4	 7	 3	 3	sample171	443	2243	256	72000	0	
4	 7	 3	 4	sample171	649	2449	514	30600	0	
4	 7	 3	 5	sample171	321	2121	256	72000	0	
4	 7	 3	 6	control	71.1	2127	0	82240	0	
4	 7	 4	 1	sample172	609	2409	770	91800	0	
4	 7	 4	 2	sample172	632	2432	770	46800	0	
4	 7	 4	 3	sample172	490	2290	514	39600	0	
4	 7	 4	 4	sample172	449	2249	514	72000	0	
4	 7	 4	 5	sample172	552	2352	514	72000	0	
4	 7	 4	 6	control	533	2589	514	84296	0	
4	 8	 1	 1	sample173	2025	3567	1798	183498	0	
4	 8	 1	 2	sample173	2577	4119	2570	98688	0	
4	 8	 1	 3	sample173	2034	3576	2056	112566	0	
4	 8	 1	 4	sample173	1796	3338	1798	143406	0	
4	 8	 1	 5	sample173	1778	3062	1800	123264	0	
4	 8	 1	 6	control	142	1426	258	51360	0	
4	 8	 2	 1	sample174	340	2396	256	82240	0	
4	 8	 2	 2	sample174	694	2492	772	71920	0	
4	 8	 2	 3	sample174	503	2045	514	38550	0	
4	 8	 2	 4	sample174	642	2184	770	24672	0	
4	 8	 2	 5	sample174	347	1889	256	61680	0	
4	 8	 2	 6	control	864	2406	770	63222	0	
4	 8	 3	 1	sample175	289	2345	256	82240	0	
4	 8	 3	 2	sample175	367	2165	258	71920	0	
4	 8	 3	 3	sample175	283	2081	258	71920	0	
4	 8	 3	 4	sample175	295	1837	256	61680	0	
4	 8	 3	 5	sample175	430	1972	256	61680	0	
4	 8	 3	 6	control	116	1914	0	71920	0	
4	 8	 4	 1	sample176	495	2293	514	71920	0	
4	 8	 4	 2	sample176	495	2551	514	86352	0	
4	 8	 4	 3	sample176	367	2165	258	71920	0	
4	 8	 4	 4	sample176	238	2036	258	71920	0	
4	 8	 4	 5	sample176	348	2146	258	71920	0	
4	 8	 4	 6	control	553	2351	514	71920	0	
4	 9	 1	 1	sample177	1040	2324	1028	56496	0	
4	 9	 1	 2	sample177	1073	2357	1028	133536	0	
4	 9	 1	 3	sample177	1082	2366	1028	98868	0	
4	 9	 1	 4	sample177	897	2181	772	52644	0	
4	 9	 1	 5	sample177	482	1766	514	51360	0	
4	 9	 1	 6	control	-76.59	1207	0	51360	0	
4	 9	 2	 1	sample178	887	2429	770	64764	0	
4	 9	 2	 2	sample178	858	2400	770	77100	0	
4	 9	 2	 3	sample178	1070	2612	1028	74016	0	
4	 9	 2	 4	sample178	411	1953	256	77100	0	
4	 9	 2	 5	sample178	666	1950	514	28248	0	
4	 9	 2	 6	control	1028	2312	1028	30816	0	
4	 9	 3	 1	sample179	662	2460	772	71920	0	
4	 9	 3	 2	sample179	951	2749	1028	71920	0	
4	 9	 3	 3	sample179	675	2473	772	43152	0	
4	 9	 3	 4	sample179	734	2276	770	53970	0	
4	 9	 3	 5	sample179	465	2007	514	49344	0	
4	 9	 3	 6	control	-0.34	1542	0	61680	0	
4	 9	 4	 1	sample180	1134	3190	1028	59624	0	
4	 9	 4	 2	sample180	1347	3145	1286	82708	0	
4	 9	 4	 3	sample180	939	2737	772	77314	0	
4	 9	 4	 4	sample180	577	2375	514	80910	0	
4	 9	 4	 5	sample180	364	2162	258	73718	0	
4	 9	 4	 6	control	353	1895	256	61680	0	
4	 10	 1	 1	sample181	660	2460	514	91800	0	
4	 10	 1	 2	sample181	1114	2656	1028	115650	0	
4	 10	 1	 3	sample181	864	2406	772	60138	0	
4	 10	 1	 4	sample181	666	2208	772	67848	0	
4	 10	 1	 5	sample181	386	1928	258	61680	0	
4	 10	 1	 6	control	-25.29	1517	0	61680	0	
4	 10	 2	 1	sample182	1922	3722	2056	86400	0	
4	 10	 2	 2	sample182	1312	3112	1284	149400	0	
4	 10	 2	 3	sample182	1654	3196	1542	70932	0	
4	 10	 2	 4	sample182	1138	2680	1028	72474	0	
4	 10	 2	 5	sample182	895	2437	772	74016	0	
4	 10	 2	 6	control	1005	2547	1028	50886	0	
4	 10	 3	 1	sample183	828	2628	770	72000	0	
4	 10	 3	 2	sample183	548	2348	514	79200	0	
4	 10	 3	 3	sample183	501	2301	514	72000	0	
4	 10	 3	 4	sample183	334	2134	256	72000	0	
4	 10	 3	 5	sample183	449	2249	256	64800	0	
4	 10	 3	 6	control	269	2069	256	72000	0	
4	 10	 4	 1	sample184	820	2620	770	46800	0	
4	 10	 4	 2	sample184	443	2243	514	72000	0	
4	 10	 4	 3	sample184	289	2089	256	72000	0	
4	 10	 4	 4	sample184	340	2140	256	72000	0	
4	 10	 4	 5	sample184	475	2275	514	72000	0	
4	 10	 4	 6	control	576	2376	514	66600	0	
4	 11	 1	 1	sample185	951	2749	1028	77314	0	
4	 11	 1	 2	sample185	1098	2896	1028	152830	0	
4	 11	 1	 3	sample185	917	2715	1028	95294	0	
4	 11	 1	 4	sample185	618	2416	514	84506	0	
4	 11	 1	 5	sample185	601	2143	514	58596	0	
4	 11	 1	 6	control	96.9	1895	258	71920	0	
4	 11	 2	 1	sample186	778	2576	772	68324	0	
4	 11	 2	 2	sample186	803	2601	772	73718	0	
4	 11	 2	 3	sample186	582	2380	514	68324	0	
4	 11	 2	 4	sample186	347	2145	258	71920	0	
4	 11	 2	 5	sample186	454	2252	514	53940	0	
4	 11	 2	 6	control	938	2736	1028	30566	0	
4	 11	 3	 1	sample187	1159	3215	1028	160368	0	
4	 11	 3	 2	sample187	1156	3212	1028	185040	0	
4	 11	 3	 3	sample187	1044	3100	1028	98688	0	
4	 11	 3	 4	sample187	908	2964	1028	57568	0	
4	 11	 3	 5	sample187	506	2562	514	74016	0	
4	 11	 3	 6	control	154	2210	0	82240	0	
4	 11	 4	 1	sample188	482	2794	514	92480	0	
4	 11	 4	 2	sample188	335	2647	258	92480	0	
4	 11	 4	 3	sample188	174	2486	258	92480	0	
4	 11	 4	 4	sample188	345	2657	258	108664	0	
4	 11	 4	 5	sample188	592	2648	514	100744	0	
4	 11	 4	 6	control	655	2711	514	82240	0	
4	 12	 1	 1	sample189	431	1715	514	51360	0	
4	 12	 1	 2	sample189	603	2145	256	61680	0	
4	 12	 1	 3	sample189	372	1914	256	61680	0	
4	 12	 1	 4	sample189	616	2158	514	46260	0	
4	 12	 1	 5	sample189	219	2017	0	71920	0	
4	 12	 1	 6	control	123	2435	258	92480	0	
4	 12	 2	 1	sample190	1013	2555	770	55512	0	
4	 12	 2	 2	sample190	1435	2977	1542	100230	0	
4	 12	 2	 3	sample190	947	2489	770	78642	0	
4	 12	 2	 4	sample190	610	2152	514	61680	0	
4	 12	 2	 5	sample190	877	2675	772	61132	0	
4	 12	 2	 6	control	908	3220	772	39304	0	
4	 12	 3	 1	sample191	507	2049	256	61680	0	
4	 12	 3	 2	sample191	520	2062	514	61680	0	
4	 12	 3	 3	sample191	443	1985	256	61680	0	
4	 12	 3	 4	sample191	123	1921	0	71920	0	
4	 12	 3	 5	sample191	3864	5662	2570	57536	0	
4	 12	 3	 6	control	32.7	2345	0	92480	0	
4	 12	 4	 1	sample192	409	2207	258	79112	0	
4	 12	 4	 2	sample192	648	2190	770	67848	0	
4	 12	 4	 3	sample192	507	2049	256	61680	0	
4	 12	 4	 4	sample192	322	2120	258	71920	0	
4	 12	 4	 5	sample192	283	2081	258	71920	0	
4	 12	 4	 6	control	682	2738	514	59624	0	
