MicroVigene	 Version	 2650
Culture	en-US
8/16/2006 5:22:04 PM
Roi Row	 4	 Roi Col	 12	 Main Row	 4	 Main Col	 6	 Sub Row	 1	 Sub Col	 1
Main Row	 Main Col	 Sub Row	 Sub Col	  GeneID	mean_net	 mean_total	 median_net	 vol_bkg	 vol_dust	 
1	 1	 1	 1	sample1	777	3605	770	113120	0	
1	 1	 1	 2	sample1	-598.04	2230	-513.99	113120	0	
1	 1	 1	 3	sample1	617	3187	772	102800	0	
1	 1	 1	 4	sample1	367	2937	514	102800	0	
1	 1	 1	 5	sample1	193	2763	258	102800	0	
1	 1	 1	 6	control	-288.49	2282	-255.99	102800	0	
1	 1	 2	 1	sample2	669	3753	514	123360	0	
1	 1	 2	 2	sample2	1106	3676	1028	102800	0	
1	 1	 2	 3	sample2	213	2783	258	102800	0	
1	 1	 2	 4	sample2	-89.34	2481	0	102800	0	
1	 1	 2	 5	sample2	6.9	2577	0	102800	0	
1	 1	 2	 6	control	579	3149	514	102800	0	
1	 1	 3	 1	sample3	6659	10001	7710	267360	0	
1	 1	 3	 2	sample3	6813	9897	7454	237468	0	
1	 1	 3	 3	sample3	7799	10627	8224	203616	0	
1	 1	 3	 4	sample3	7827	10397	8482	169620	0	
1	 1	 3	 5	sample3	3994	6308	4368	192062	0	
1	 1	 3	 6	control	-892.74	1677	-1027.99	102800	0	
1	 1	 4	 1	sample4	7208	10550	7966	264018	0	
1	 1	 4	 2	sample4	6268	9352	6940	302232	0	
1	 1	 4	 3	sample4	6150	8978	6424	243208	0	
1	 1	 4	 4	sample4	4385	7213	4368	260176	0	
1	 1	 4	 5	sample4	3240	5810	2828	228730	0	
1	 1	 4	 6	control	270	2840	258	102800	0	
1	 2	 1	 1	sample5	8052	10622	8224	262140	0	
1	 2	 1	 2	sample5	9062	11632	10280	254430	0	
1	 2	 1	 3	sample5	8514	11084	9766	215880	0	
1	 2	 1	 4	sample5	8124	10694	8994	218450	0	
1	 2	 1	 5	sample5	7308	9878	8224	205600	0	
1	 2	 1	 6	control	173	2743	256	102800	0	
1	 2	 2	 1	sample6	1309	3879	1542	136210	0	
1	 2	 2	 2	sample6	1408	3978	1284	133640	0	
1	 2	 2	 3	sample6	1406	3976	1284	136210	0	
1	 2	 2	 4	sample6	423	2993	770	102800	0	
1	 2	 2	 5	sample6	778	3090	772	92480	0	
1	 2	 2	 6	control	1151	3463	1028	92480	0	
1	 2	 3	 1	sample7	6116	8942	6426	262818	0	
1	 2	 3	 2	sample7	7469	10295	7710	237384	0	
1	 2	 3	 3	sample7	7142	9712	7710	197890	0	
1	 2	 3	 4	sample7	6637	9207	7452	192750	0	
1	 2	 3	 5	sample7	4834	7146	4884	226576	0	
1	 2	 3	 6	control	-494.09	1818	-513.99	92480	0	
1	 2	 4	 1	sample8	5186	7756	4626	282700	0	
1	 2	 4	 2	sample8	3148	5718	3084	195320	0	
1	 2	 4	 3	sample8	4335	6905	4112	280130	0	
1	 2	 4	 4	sample8	3641	6211	3854	197890	0	
1	 2	 4	 5	sample8	3437	6007	3340	192750	0	
1	 2	 4	 6	control	334	2904	256	102800	0	
1	 3	 1	 1	sample9	9931	12759	11050	192304	0	
1	 3	 1	 2	sample9	10507	13335	12078	197960	0	
1	 3	 1	 3	sample9	10966	13794	12849	206444	0	
1	 3	 1	 4	sample9	10473	13301	11822	195132	0	
1	 3	 1	 5	sample9	9623	12193	10794	185040	0	
1	 3	 1	 6	control	431	3001	514	102800	0	
1	 3	 2	 1	sample10	8016	10586	8482	161910	0	
1	 3	 2	 2	sample10	8817	11387	8738	151630	0	
1	 3	 2	 3	sample10	8824	11394	10538	185040	0	
1	 3	 2	 4	sample10	8867	11437	10024	169620	0	
1	 3	 2	 5	sample10	7992	10306	8480	159666	0	
1	 3	 2	 6	control	1598	3912	1284	178178	0	
1	 3	 3	 1	sample11	1383	3697	1284	157352	0	
1	 3	 3	 2	sample11	1848	4162	1542	168922	0	
1	 3	 3	 3	sample11	1785	4099	1798	136526	0	
1	 3	 3	 4	sample11	1385	3441	1542	100744	0	
1	 3	 3	 5	sample11	579	2635	514	82240	0	
1	 3	 3	 6	control	-282.19	1774	-255.99	82240	0	
1	 3	 4	 1	sample12	1737	4051	2056	155038	0	
1	 3	 4	 2	sample12	959	3273	770	173550	0	
1	 3	 4	 3	sample12	1689	4003	1798	108758	0	
1	 3	 4	 4	sample12	720	2776	772	82240	0	
1	 3	 4	 5	sample12	534	2590	514	82240	0	
1	 3	 4	 6	control	746	2802	772	82240	0	
1	 4	 1	 1	sample13	12970	16568	14133	183498	0	
1	 4	 1	 2	sample13	11077	14417	13621	293920	0	
1	 4	 1	 3	sample13	10731	14071	13363	270540	0	
1	 4	 1	 4	sample13	10762	13846	12078	231300	0	
1	 4	 1	 5	sample13	8468	11294	9252	214776	0	
1	 4	 1	 6	control	617	3443	514	113040	0	
1	 4	 2	 1	sample14	10117	13201	11822	225132	0	
1	 4	 2	 2	sample14	8545	11885	9252	257180	0	
1	 4	 2	 3	sample14	9466	12806	10538	260520	0	
1	 4	 2	 4	sample14	8628	11712	9252	268308	0	
1	 4	 2	 5	sample14	7793	10877	7452	255972	0	
1	 4	 2	 6	control	1419	4503	1284	123360	0	
1	 4	 3	 1	sample15	1729	4555	1800	113040	0	
1	 4	 3	 2	sample15	1684	4510	1542	113040	0	
1	 4	 3	 3	sample15	1021	4105	1028	123360	0	
1	 4	 3	 4	sample15	578	3662	514	123360	0	
1	 4	 3	 5	sample15	37.9	3122	0	123360	0	
1	 4	 3	 6	control	-192.34	3148	-255.99	133600	0	
1	 4	 4	 1	sample16	1209	4035	1286	113040	0	
1	 4	 4	 2	sample16	572	3398	514	113040	0	
1	 4	 4	 3	sample16	1035	3861	1028	113040	0	
1	 4	 4	 4	sample16	437	3263	514	113040	0	
1	 4	 4	 5	sample16	334	3418	256	123360	0	
1	 4	 4	 6	control	469	3809	514	133600	0	
1	 5	 1	 1	sample17	1999	4055	2056	174760	0	
1	 5	 1	 2	sample17	2124	4180	2056	187096	0	
1	 5	 1	 3	sample17	1675	3989	1798	120328	0	
1	 5	 1	 4	sample17	1196	3252	1286	82240	0	
1	 5	 1	 5	sample17	566	2622	514	82240	0	
1	 5	 1	 6	control	173	2487	0	92560	0	
1	 5	 2	 1	sample18	8308	10878	8482	190180	0	
1	 5	 2	 2	sample18	8417	10987	8996	185040	0	
1	 5	 2	 3	sample18	8237	10551	8738	180492	0	
1	 5	 2	 4	sample18	6840	9410	6682	251860	0	
1	 5	 2	 5	sample18	5910	8224	5654	222144	0	
1	 5	 2	 6	control	1118	3432	1028	189748	0	
1	 5	 3	 1	sample19	9096	11924	10536	220584	0	
1	 5	 3	 2	sample19	9968	12796	11822	254520	0	
1	 5	 3	 3	sample19	9292	12120	11050	195132	0	
1	 5	 3	 4	sample19	8299	11127	9252	212100	0	
1	 5	 3	 5	sample19	6001	8315	6682	256854	0	
1	 5	 3	 6	control	-321.74	1992	-257.99	92560	0	
1	 5	 4	 1	sample20	7886	10714	8480	254520	0	
1	 5	 4	 2	sample20	5859	8687	5910	279972	0	
1	 5	 4	 3	sample20	5908	8736	5396	265832	0	
1	 5	 4	 4	sample20	5377	8205	5396	220584	0	
1	 5	 4	 5	sample20	4149	6719	4112	179900	0	
1	 5	 4	 6	control	687	3001	770	92560	0	
1	 6	 1	 1	sample21	8536	10850	9508	224458	0	
1	 6	 1	 2	sample21	9825	12139	11308	217516	0	
1	 6	 1	 3	sample21	8925	11239	9766	205946	0	
1	 6	 1	 4	sample21	7966	10280	8224	199004	0	
1	 6	 1	 5	sample21	5801	8115	6168	185120	0	
1	 6	 1	 6	control	269	2583	256	92560	0	
1	 6	 2	 1	sample22	1456	3770	1284	236028	0	
1	 6	 2	 2	sample22	2593	4907	2570	178178	0	
1	 6	 2	 3	sample22	2473	4787	2312	178178	0	
1	 6	 2	 4	sample22	1945	4001	1800	152144	0	
1	 6	 2	 5	sample22	1150	3464	1284	92560	0	
1	 6	 2	 6	control	1407	3721	1542	141154	0	
1	 6	 3	 1	sample23	1144	3200	1286	82240	0	
1	 6	 3	 2	sample23	1054	3110	1028	82240	0	
1	 6	 3	 3	sample23	1022	3078	772	82240	0	
1	 6	 3	 4	sample23	302	2358	258	82240	0	
1	 6	 3	 5	sample23	39	2095	0	82240	0	
1	 6	 3	 6	control	-31.59	2024	0	82240	0	
1	 6	 4	 1	sample24	1593	3907	1542	92560	0	
1	 6	 4	 2	sample24	958	3014	1028	82240	0	
1	 6	 4	 3	sample24	829	2885	772	82240	0	
1	 6	 4	 4	sample24	361	2417	258	82240	0	
1	 6	 4	 5	sample24	386	2442	258	82240	0	
1	 6	 4	 6	control	456	2770	256	92560	0	
1	 7	 1	 1	sample25	11124	13436	12080	106352	0	
1	 7	 1	 2	sample25	10490	12802	12849	189584	0	
1	 7	 1	 3	sample25	10286	12598	12336	189584	0	
1	 7	 1	 4	sample25	9216	11528	10024	182648	0	
1	 7	 1	 5	sample25	8180	10236	7966	158312	0	
1	 7	 1	 6	control	122	2178	0	82240	0	
1	 7	 2	 1	sample26	989	3045	770	82240	0	
1	 7	 2	 2	sample26	1394	3450	1284	82240	0	
1	 7	 2	 3	sample26	860	2916	770	82240	0	
1	 7	 2	 4	sample26	295	2351	256	82240	0	
1	 7	 2	 5	sample26	18.9	2075	0	82240	0	
1	 7	 2	 6	control	1366	3422	1284	78128	0	
1	 7	 3	 1	sample27	3035	5091	2312	207656	0	
1	 7	 3	 2	sample27	5594	7650	5910	160368	0	
1	 7	 3	 3	sample27	5275	7331	4882	143920	0	
1	 7	 3	 4	sample27	3358	5414	3084	150088	0	
1	 7	 3	 5	sample27	2871	4669	3084	95294	0	
1	 7	 3	 6	control	-572.24	1484	-513.99	82240	0	
1	 7	 4	 1	sample28	1151	3207	1284	98688	0	
1	 7	 4	 2	sample28	462	2518	514	82240	0	
1	 7	 4	 3	sample28	-173.94	1882	-257.99	82240	0	
1	 7	 4	 4	sample28	251	2049	514	71920	0	
1	 7	 4	 5	sample28	96.9	1895	258	71920	0	
1	 7	 4	 6	control	314	2370	256	82240	0	
1	 8	 1	 1	sample29	2714	4770	2828	154200	0	
1	 8	 1	 2	sample29	3740	5796	3856	160368	0	
1	 8	 1	 3	sample29	2396	4452	2314	154200	0	
1	 8	 1	 4	sample29	1907	3963	1800	102800	0	
1	 8	 1	 5	sample29	668	2982	770	92560	0	
1	 8	 1	 6	control	12.5	2326	0	92560	0	
1	 8	 2	 1	sample30	7762	9818	8224	141864	0	
1	 8	 2	 2	sample30	7945	10001	8482	139808	0	
1	 8	 2	 3	sample30	7719	9775	8482	182984	0	
1	 8	 2	 4	sample30	7335	9391	7454	187096	0	
1	 8	 2	 5	sample30	5989	8045	6426	185040	0	
1	 8	 2	 6	control	1157	3213	1028	53456	0	
1	 8	 3	 1	sample31	1733	3533	1798	84600	0	
1	 8	 3	 2	sample31	1857	3657	1798	79200	0	
1	 8	 3	 3	sample31	1019	3075	1028	108968	0	
1	 8	 3	 4	sample31	630	2686	772	82240	0	
1	 8	 3	 5	sample31	45.5	2101	0	82240	0	
1	 8	 3	 6	control	-217.89	1838	-255.99	82240	0	
1	 8	 4	 1	sample32	8014	9814	8480	163800	0	
1	 8	 4	 2	sample32	6302	8358	6682	145976	0	
1	 8	 4	 3	sample32	6701	8757	6940	174760	0	
1	 8	 4	 4	sample32	5162	7218	5398	150088	0	
1	 8	 4	 5	sample32	4819	6619	4882	124200	0	
1	 8	 4	 6	control	521	2577	514	82240	0	
1	 9	 1	 1	sample33	9929	12755	11052	240210	0	
1	 9	 1	 2	sample33	10623	13707	11308	228216	0	
1	 9	 1	 3	sample33	8201	11027	8738	248688	0	
1	 9	 1	 4	sample33	7450	10276	7968	240210	0	
1	 9	 1	 5	sample33	6350	8920	6682	195320	0	
1	 9	 1	 6	control	6	2576	0	102800	0	
1	 9	 2	 1	sample34	7215	9785	7710	164480	0	
1	 9	 2	 2	sample34	9153	11979	10280	146952	0	
1	 9	 2	 3	sample34	7960	10530	8480	218450	0	
1	 9	 2	 4	sample34	7438	10008	8224	228730	0	
1	 9	 2	 5	sample34	6366	8936	6682	259570	0	
1	 9	 2	 6	control	1338	3908	1284	110510	0	
1	 9	 3	 1	sample35	1312	3624	1286	113288	0	
1	 9	 3	 2	sample35	1048	3360	1028	92480	0	
1	 9	 3	 3	sample35	804	3116	772	92480	0	
1	 9	 3	 4	sample35	470	2782	514	92480	0	
1	 9	 3	 5	sample35	-635.64	1676	-513.99	92480	0	
1	 9	 3	 6	control	-481.49	1831	-513.99	92480	0	
1	 9	 4	 1	sample36	6637	8949	6940	184960	0	
1	 9	 4	 2	sample36	5095	7407	4626	182648	0	
1	 9	 4	 3	sample36	5766	8336	4882	282700	0	
1	 9	 4	 4	sample36	5344	7656	5140	166464	0	
1	 9	 4	 5	sample36	3887	6199	3342	171088	0	
1	 9	 4	 6	control	431	2743	514	92480	0	
1	 10	 1	 1	sample37	9036	11606	10794	195320	0	
1	 10	 1	 2	sample37	9930	12500	11052	269850	0	
1	 10	 1	 3	sample37	9647	12475	9766	147056	0	
1	 10	 1	 4	sample37	7566	9880	8480	182806	0	
1	 10	 1	 5	sample37	6745	8801	7454	152144	0	
1	 10	 1	 6	control	-385.09	1671	-513.99	82240	0	
1	 10	 2	 1	sample38	5634	8204	5398	228730	0	
1	 10	 2	 2	sample38	6234	9062	5910	206444	0	
1	 10	 2	 3	sample38	6345	8915	6168	213310	0	
1	 10	 2	 4	sample38	5973	8287	5910	189748	0	
1	 10	 2	 5	sample38	5212	7526	4882	196690	0	
1	 10	 2	 6	control	1542	3856	1542	48594	0	
1	 10	 3	 1	sample39	8414	10728	10280	161980	0	
1	 10	 3	 2	sample39	7727	10041	8738	203632	0	
1	 10	 3	 3	sample39	8184	10498	8994	180492	0	
1	 10	 3	 4	sample39	6456	8770	6424	208260	0	
1	 10	 3	 5	sample39	4798	6854	4370	191208	0	
1	 10	 3	 6	control	-224.44	1832	-255.99	82240	0	
1	 10	 4	 1	sample40	859	3173	770	80990	0	
1	 10	 4	 2	sample40	481	2795	514	92560	0	
1	 10	 4	 3	sample40	726	3040	770	92560	0	
1	 10	 4	 4	sample40	199	2513	256	92560	0	
1	 10	 4	 5	sample40	-26.14	2288	0	92560	0	
1	 10	 4	 6	control	141	2455	0	92560	0	
1	 11	 1	 1	sample41	9595	11651	11052	172704	0	
1	 11	 1	 2	sample41	8308	10364	8996	182984	0	
1	 11	 1	 3	sample41	7994	10308	8480	192062	0	
1	 11	 1	 4	sample41	7026	9340	7196	189748	0	
1	 11	 1	 5	sample41	5693	7749	6168	164480	0	
1	 11	 1	 6	control	-294.99	1761	-255.99	82240	0	
1	 11	 2	 1	sample42	8238	10552	8994	166608	0	
1	 11	 2	 2	sample42	7550	9864	8738	171236	0	
1	 11	 2	 3	sample42	7456	9770	8480	189748	0	
1	 11	 2	 4	sample42	7473	9787	7710	205946	0	
1	 11	 2	 5	sample42	6826	8882	7710	176816	0	
1	 11	 2	 6	control	1300	3356	1286	141864	0	
1	 11	 3	 1	sample43	2206	4520	2056	161980	0	
1	 11	 3	 2	sample43	2755	5069	2826	115700	0	
1	 11	 3	 3	sample43	1431	3745	1284	113386	0	
1	 11	 3	 4	sample43	1362	3676	1542	115700	0	
1	 11	 3	 5	sample43	367	2423	514	82240	0	
1	 11	 3	 6	control	-436.34	1620	-513.99	82240	0	
1	 11	 4	 1	sample44	8248	10562	9252	217516	0	
1	 11	 4	 2	sample44	7397	9711	8480	194376	0	
1	 11	 4	 3	sample44	5290	7860	5140	246720	0	
1	 11	 4	 4	sample44	5125	7439	4882	210574	0	
1	 11	 4	 5	sample44	3634	5948	3598	178178	0	
1	 11	 4	 6	control	617	2673	514	82240	0	
1	 12	 1	 1	sample45	1910	3708	1800	125860	0	
1	 12	 1	 2	sample45	2263	4319	2312	96632	0	
1	 12	 1	 3	sample45	1565	3621	1284	90464	0	
1	 12	 1	 4	sample45	800	3112	772	104040	0	
1	 12	 1	 5	sample45	584	2640	514	82240	0	
1	 12	 1	 6	control	-127.94	2184	-255.99	92480	0	
1	 12	 2	 1	sample46	4152	5950	4626	106082	0	
1	 12	 2	 2	sample46	5744	7800	6168	139808	0	
1	 12	 2	 3	sample46	6242	8298	6682	141864	0	
1	 12	 2	 4	sample46	5158	7214	5396	145976	0	
1	 12	 2	 5	sample46	4968	6766	4884	120466	0	
1	 12	 2	 6	control	1381	3437	1542	49344	0	
1	 12	 3	 1	sample47	1690	3488	1542	131254	0	
1	 12	 3	 2	sample47	1210	3266	1284	78128	0	
1	 12	 3	 3	sample47	1354	3152	1286	88102	0	
1	 12	 3	 4	sample47	424	2480	256	82240	0	
1	 12	 3	 5	sample47	97	1895	258	71920	0	
1	 12	 3	 6	control	-89.49	1709	0	71920	0	
1	 12	 4	 1	sample48	8311	10367	8480	102800	0	
1	 12	 4	 2	sample48	5334	7646	6168	141032	0	
1	 12	 4	 3	sample48	6127	8183	7196	117192	0	
1	 12	 4	 4	sample48	6369	8425	6938	123360	0	
1	 12	 4	 5	sample48	4664	6462	4112	109678	0	
1	 12	 4	 6	control	765	2563	772	71920	0	
2	 1	 1	 1	sample49	8653	11993	9510	280560	0	
2	 1	 1	 2	sample49	8061	11145	8994	292980	0	
2	 1	 1	 3	sample49	7856	10940	7966	286812	0	
2	 1	 1	 4	sample49	7149	9975	7710	245862	0	
2	 1	 1	 5	sample49	6193	9277	6168	252888	0	
2	 1	 1	 6	control	-771.54	2312	-771.99	123360	0	
2	 1	 2	 1	sample50	2238	5322	2312	117192	0	
2	 1	 2	 2	sample50	2148	5232	2312	154200	0	
2	 1	 2	 3	sample50	2323	5149	2314	149778	0	
2	 1	 2	 4	sample50	1688	4514	1542	149778	0	
2	 1	 2	 5	sample50	417	3501	256	123360	0	
2	 1	 2	 6	control	372	3456	514	123360	0	
2	 1	 3	 1	sample51	449	3533	770	123360	0	
2	 1	 3	 2	sample51	636	3720	256	123360	0	
2	 1	 3	 3	sample51	341	3167	514	113040	0	
2	 1	 3	 4	sample51	296	3122	258	113040	0	
2	 1	 3	 5	sample51	-1208.34	1876	-1285.99	123360	0	
2	 1	 3	 6	control	-1555.34	1529	-1799.99	123360	0	
2	 1	 4	 1	sample52	-360.29	2724	0	123360	0	
2	 1	 4	 2	sample52	-789.84	2036	-1027.99	113040	0	
2	 1	 4	 3	sample52	-828.24	1998	-769.99	113040	0	
2	 1	 4	 4	sample52	-217.74	2608	-255.99	113040	0	
2	 1	 4	 5	sample52	-193.24	2891	-257.99	123360	0	
2	 1	 4	 6	control	141	3225	0	123360	0	
2	 2	 1	 1	sample53	1877	3675	2056	71920	0	
2	 2	 1	 2	sample53	1825	3623	1800	71920	0	
2	 2	 1	 3	sample53	1486	3542	1542	94576	0	
2	 2	 1	 4	sample53	1233	3289	1028	82240	0	
2	 2	 1	 5	sample53	836	3148	772	92480	0	
2	 2	 1	 6	control	-18.79	2293	0	92480	0	
2	 2	 2	 1	sample54	8251	10307	9766	135696	0	
2	 2	 2	 2	sample54	6883	9195	7196	168776	0	
2	 2	 2	 3	sample54	7514	9826	8996	178024	0	
2	 2	 2	 4	sample54	7910	10222	8738	184960	0	
2	 2	 2	 5	sample54	6882	9194	7454	187272	0	
2	 2	 2	 6	control	1183	3495	1286	57800	0	
2	 2	 3	 1	sample55	8915	10971	10536	133640	0	
2	 2	 3	 2	sample55	9038	11350	10280	152592	0	
2	 2	 3	 3	sample55	8466	10778	9766	157216	0	
2	 2	 3	 4	sample55	7827	10139	8224	127160	0	
2	 2	 3	 5	sample55	4822	7134	4112	173400	0	
2	 2	 3	 6	control	-404.24	1908	-513.99	92480	0	
2	 2	 4	 1	sample56	2271	4069	2056	75516	0	
2	 2	 4	 2	sample56	1342	3398	1284	82240	0	
2	 2	 4	 3	sample56	835	2891	770	82240	0	
2	 2	 4	 4	sample56	353	2409	256	82240	0	
2	 2	 4	 5	sample56	251	2563	258	92480	0	
2	 2	 4	 6	control	354	2666	258	92480	0	
2	 3	 1	 1	sample57	11237	13807	14391	218450	0	
2	 3	 1	 2	sample57	11097	13667	13363	223590	0	
2	 3	 1	 3	sample57	10699	13269	12591	226160	0	
2	 3	 1	 4	sample57	9854	12166	11052	196520	0	
2	 3	 1	 5	sample57	9158	11214	9766	164480	0	
2	 3	 1	 6	control	333	2389	256	82240	0	
2	 3	 2	 1	sample58	8566	11392	9252	214776	0	
2	 3	 2	 2	sample58	8516	11342	9252	231732	0	
2	 3	 2	 3	sample58	7307	9877	7452	249290	0	
2	 3	 2	 4	sample58	7667	9979	8224	194208	0	
2	 3	 2	 5	sample58	6699	8755	6682	178872	0	
2	 3	 2	 6	control	1443	3499	1542	96632	0	
2	 3	 3	 1	sample59	4101	6671	4112	185040	0	
2	 3	 3	 2	sample59	3046	5616	2826	231300	0	
2	 3	 3	 3	sample59	2172	4484	2314	113288	0	
2	 3	 3	 4	sample59	1882	4194	2056	115600	0	
2	 3	 3	 5	sample59	1079	3135	1028	82240	0	
2	 3	 3	 6	control	-392.39	1664	-513.99	82240	0	
2	 3	 4	 1	sample60	6460	9030	6424	257000	0	
2	 3	 4	 2	sample60	3984	6296	3342	240448	0	
2	 3	 4	 3	sample60	5745	8057	5654	217328	0	
2	 3	 4	 4	sample60	2636	4948	2828	279752	0	
2	 3	 4	 5	sample60	1843	3899	1798	154200	0	
2	 3	 4	 6	control	411	2467	514	82240	0	
2	 4	 1	 1	sample61	10093	13433	10538	293920	0	
2	 4	 1	 2	sample61	11413	14753	14135	243820	0	
2	 4	 1	 3	sample61	10952	14036	12591	234384	0	
2	 4	 1	 4	sample61	9652	12736	11308	231300	0	
2	 4	 1	 5	sample61	8603	11687	9508	206628	0	
2	 4	 1	 6	control	-19.74	3064	0	123360	0	
2	 4	 2	 1	sample62	2575	5659	2826	151116	0	
2	 4	 2	 2	sample62	2245	5329	2312	141864	0	
2	 4	 2	 3	sample62	2452	5536	2312	222048	0	
2	 4	 2	 4	sample62	1092	4176	1028	123360	0	
2	 4	 2	 5	sample62	597	3681	514	123360	0	
2	 4	 2	 6	control	1260	4344	1284	197376	0	
2	 4	 3	 1	sample63	1387	4471	1542	209712	0	
2	 4	 3	 2	sample63	1516	4600	1284	249804	0	
2	 4	 3	 3	sample63	1674	4500	1542	115866	0	
2	 4	 3	 4	sample63	1556	4382	1542	107388	0	
2	 4	 3	 5	sample63	520	3604	514	123360	0	
2	 4	 3	 6	control	-96.94	2987	-257.99	123360	0	
2	 4	 4	 1	sample64	1664	4748	1542	123360	0	
2	 4	 4	 2	sample64	1098	4182	1028	123360	0	
2	 4	 4	 3	sample64	353	3437	256	123360	0	
2	 4	 4	 4	sample64	186	3270	256	123360	0	
2	 4	 4	 5	sample64	417	3501	256	123360	0	
2	 4	 4	 6	control	649	3733	514	123360	0	
2	 5	 1	 1	sample65	2846	5416	2570	208170	0	
2	 5	 1	 2	sample65	3537	6107	3340	197890	0	
2	 5	 1	 3	sample65	2726	5296	2312	203030	0	
2	 5	 1	 4	sample65	1734	4304	1798	123360	0	
2	 5	 1	 5	sample65	1208	3520	1028	92480	0	
2	 5	 1	 6	control	77.6	2390	0	92480	0	
2	 5	 2	 1	sample66	918	3488	770	102800	0	
2	 5	 2	 2	sample66	893	3463	1028	102800	0	
2	 5	 2	 3	sample66	648	3218	770	102800	0	
2	 5	 2	 4	sample66	102	2672	0	102800	0	
2	 5	 2	 5	sample66	-26.24	2544	0	102800	0	
2	 5	 2	 6	control	630	2942	514	92480	0	
2	 5	 3	 1	sample67	8201	11027	8224	220428	0	
2	 5	 3	 2	sample67	8244	11070	10024	217602	0	
2	 5	 3	 3	sample67	7801	10627	8482	192168	0	
2	 5	 3	 4	sample67	7625	10195	7966	187610	0	
2	 5	 3	 5	sample67	6098	8668	6424	228730	0	
2	 5	 3	 6	control	-243.59	2068	-255.99	92480	0	
2	 5	 4	 1	sample68	8907	11733	10024	206298	0	
2	 5	 4	 2	sample68	7150	9976	8224	189342	0	
2	 5	 4	 3	sample68	6750	9576	6682	279774	0	
2	 5	 4	 4	sample68	5765	8591	5140	316512	0	
2	 5	 4	 5	sample68	2929	5499	2570	257000	0	
2	 5	 4	 6	control	276	2846	256	102800	0	
2	 6	 1	 1	sample69	3231	5287	3340	154200	0	
2	 6	 1	 2	sample69	3389	5187	3598	136648	0	
2	 6	 1	 3	sample69	2878	4676	2570	138446	0	
2	 6	 1	 4	sample69	1991	3789	1800	154628	0	
2	 6	 1	 5	sample69	1536	3592	1542	100744	0	
2	 6	 1	 6	control	187	2499	258	92480	0	
2	 6	 2	 1	sample70	1948	3746	2056	93496	0	
2	 6	 2	 2	sample70	1725	3523	1800	149234	0	
2	 6	 2	 3	sample70	1466	3264	1542	84506	0	
2	 6	 2	 4	sample70	1073	2871	1028	71920	0	
2	 6	 2	 5	sample70	592	2390	514	71920	0	
2	 6	 2	 6	control	950	3006	770	170648	0	
2	 6	 3	 1	sample71	1435	3491	1284	94576	0	
2	 6	 3	 2	sample71	1549	3347	1286	71920	0	
2	 6	 3	 3	sample71	534	2332	514	71920	0	
2	 6	 3	 4	sample71	444	2242	258	71920	0	
2	 6	 3	 5	sample71	123	1921	258	71920	0	
2	 6	 3	 6	control	-57.29	1741	-255.99	71920	0	
2	 6	 4	 1	sample72	2944	4742	2570	134850	0	
2	 6	 4	 2	sample72	1039	2837	1028	44950	0	
2	 6	 4	 3	sample72	1337	3135	1286	44950	0	
2	 6	 4	 4	sample72	579	2377	514	71920	0	
2	 6	 4	 5	sample72	282	2338	256	82240	0	
2	 6	 4	 6	control	385	2441	256	82240	0	
2	 7	 1	 1	sample73	9717	12543	10538	248688	0	
2	 7	 1	 2	sample73	10382	13208	11566	220428	0	
2	 7	 1	 3	sample73	9946	12772	10794	234558	0	
2	 7	 1	 4	sample73	8296	10866	9252	200460	0	
2	 7	 1	 5	sample73	7575	9887	7710	180336	0	
2	 7	 1	 6	control	515	2827	514	92480	0	
2	 7	 2	 1	sample74	1606	4176	1542	102800	0	
2	 7	 2	 2	sample74	2010	4580	2056	102800	0	
2	 7	 2	 3	sample74	1188	3758	1284	102800	0	
2	 7	 2	 4	sample74	1260	3572	1286	92480	0	
2	 7	 2	 5	sample74	810	3122	772	92480	0	
2	 7	 2	 6	control	1414	3726	1286	157216	0	
2	 7	 3	 1	sample75	502	2814	258	92480	0	
2	 7	 3	 2	sample75	643	2955	514	92480	0	
2	 7	 3	 3	sample75	470	2782	514	92480	0	
2	 7	 3	 4	sample75	225	2537	258	92480	0	
2	 7	 3	 5	sample75	-148.24	1908	0	82240	0	
2	 7	 3	 6	control	-487.79	1824	-513.99	92480	0	
2	 7	 4	 1	sample76	8022	10592	8480	213310	0	
2	 7	 4	 2	sample76	7663	10233	8480	185040	0	
2	 7	 4	 3	sample76	6251	8821	6682	228730	0	
2	 7	 4	 4	sample76	4616	7186	4368	205600	0	
2	 7	 4	 5	sample76	3271	5583	3342	143344	0	
2	 7	 4	 6	control	533	3103	514	102800	0	
2	 8	 1	 1	sample77	2267	3809	2056	103314	0	
2	 8	 1	 2	sample77	2996	4538	2828	124902	0	
2	 8	 1	 3	sample77	1723	3265	1542	134154	0	
2	 8	 1	 4	sample77	1389	2931	1286	80184	0	
2	 8	 1	 5	sample77	527	2069	514	61680	0	
2	 8	 1	 6	control	238	1780	258	61680	0	
2	 8	 2	 1	sample78	1160	2702	1028	75558	0	
2	 8	 2	 2	sample78	1035	2577	1028	61680	0	
2	 8	 2	 3	sample78	405	1947	258	61680	0	
2	 8	 2	 4	sample78	514	2056	514	61680	0	
2	 8	 2	 5	sample78	212	2012	256	72000	0	
2	 8	 2	 6	control	863	2663	770	64800	0	
2	 8	 3	 1	sample79	2394	4194	2312	118800	0	
2	 8	 3	 2	sample79	1678	3478	1542	91800	0	
2	 8	 3	 3	sample79	1222	3022	1284	81000	0	
2	 8	 3	 4	sample79	988	2788	1028	93600	0	
2	 8	 3	 5	sample79	-32.54	1767	0	72000	0	
2	 8	 3	 6	control	-186.79	1613	0	72000	0	
2	 8	 4	 1	sample80	8274	10074	9766	156600	0	
2	 8	 4	 2	sample80	6600	8400	6938	153000	0	
2	 8	 4	 3	sample80	6431	8231	6938	142200	0	
2	 8	 4	 4	sample80	5348	7148	5140	144000	0	
2	 8	 4	 5	sample80	3326	5126	3598	126000	0	
2	 8	 4	 6	control	803	2603	770	72000	0	
2	 9	 1	 1	sample81	2532	4330	2828	133052	0	
2	 9	 1	 2	sample81	2015	4071	2056	141864	0	
2	 9	 1	 3	sample81	1619	3675	1542	143920	0	
2	 9	 1	 4	sample81	1151	3207	1284	102800	0	
2	 9	 1	 5	sample81	970	3026	1028	55512	0	
2	 9	 1	 6	control	321	2377	256	82240	0	
2	 9	 2	 1	sample82	8442	10498	9508	123360	0	
2	 9	 2	 2	sample82	9340	11652	11052	161840	0	
2	 9	 2	 3	sample82	8925	11237	10538	168776	0	
2	 9	 2	 4	sample82	9443	11755	10280	161840	0	
2	 9	 2	 5	sample82	8477	10789	8738	152592	0	
2	 9	 2	 6	control	1527	3583	1542	150088	0	
2	 9	 3	 1	sample83	8105	10417	9252	164152	0	
2	 9	 3	 2	sample83	8073	10385	9252	168776	0	
2	 9	 3	 3	sample83	6999	9311	7196	150280	0	
2	 9	 3	 4	sample83	5688	8000	6168	141032	0	
2	 9	 3	 5	sample83	4916	7228	5140	166464	0	
2	 9	 3	 6	control	121	2177	256	82240	0	
2	 9	 4	 1	sample84	6769	9081	7968	157216	0	
2	 9	 4	 2	sample84	6034	8346	6682	159528	0	
2	 9	 4	 3	sample84	5062	7374	4626	173400	0	
2	 9	 4	 4	sample84	5454	7510	5654	137752	0	
2	 9	 4	 5	sample84	2986	5042	3598	135696	0	
2	 9	 4	 6	control	824	2880	770	49344	0	
2	 10	 1	 1	sample85	8326	10640	7966	208260	0	
2	 10	 1	 2	sample85	9693	12007	9766	173550	0	
2	 10	 1	 3	sample85	10423	12993	11822	133640	0	
2	 10	 1	 4	sample85	7476	10046	7196	174760	0	
2	 10	 1	 5	sample85	5679	8249	5912	187610	0	
2	 10	 1	 6	control	-295.09	2275	-255.99	102800	0	
2	 10	 2	 1	sample86	1137	3451	1284	92560	0	
2	 10	 2	 2	sample86	611	3181	514	102800	0	
2	 10	 2	 3	sample86	873	3187	770	92560	0	
2	 10	 2	 4	sample86	770	3084	770	92560	0	
2	 10	 2	 5	sample86	539	2853	514	92560	0	
2	 10	 2	 6	control	751	3065	770	92560	0	
2	 10	 3	 1	sample87	7764	10078	7710	164294	0	
2	 10	 3	 2	sample87	10243	12557	9508	99502	0	
2	 10	 3	 3	sample87	6126	8440	5910	143468	0	
2	 10	 3	 4	sample87	6116	8430	6424	150410	0	
2	 10	 3	 5	sample87	4993	7049	4626	182984	0	
2	 10	 3	 6	control	-442.89	1613	-255.99	82240	0	
2	 10	 4	 1	sample88	6590	8904	6682	168922	0	
2	 10	 4	 2	sample88	3465	5779	3598	161980	0	
2	 10	 4	 3	sample88	3835	5891	3598	152144	0	
2	 10	 4	 4	sample88	3091	5147	2828	156256	0	
2	 10	 4	 5	sample88	2049	4105	2056	135696	0	
2	 10	 4	 6	control	354	2410	258	82240	0	
2	 11	 1	 1	sample89	9995	13337	12849	290754	0	
2	 11	 1	 2	sample89	9985	13327	11564	324174	0	
2	 11	 1	 3	sample89	9131	12729	10538	327418	0	
2	 11	 1	 4	sample89	9202	12800	9510	277046	0	
2	 11	 1	 5	sample89	8418	11502	8996	277560	0	
2	 11	 1	 6	control	469	3297	514	113120	0	
2	 11	 2	 1	sample90	7196	10280	7968	259056	0	
2	 11	 2	 2	sample90	7081	10679	7454	273448	0	
2	 11	 2	 3	sample90	6435	10033	6426	374192	0	
2	 11	 2	 4	sample90	6732	10074	6424	290754	0	
2	 11	 2	 5	sample90	6324	9408	6168	265224	0	
2	 11	 2	 6	control	1574	4402	1542	113120	0	
2	 11	 3	 1	sample91	8109	10937	7966	285628	0	
2	 11	 3	 2	sample91	9258	12342	10538	255972	0	
2	 11	 3	 3	sample91	6784	10126	7452	317490	0	
2	 11	 3	 4	sample91	7497	10839	7966	467880	0	
2	 11	 3	 5	sample91	5610	8438	5396	282800	0	
2	 11	 3	 6	control	-630.19	2198	-513.99	113120	0	
2	 11	 4	 1	sample92	2499	5069	2056	92520	0	
2	 11	 4	 2	sample92	797	3367	772	102800	0	
2	 11	 4	 3	sample92	546	3374	514	113120	0	
2	 11	 4	 4	sample92	4287	7115	4112	115948	0	
2	 11	 4	 5	sample92	418	2988	514	102800	0	
2	 11	 4	 6	control	681	3251	772	102800	0	
2	 12	 1	 1	sample93	2244	4300	2312	92520	0	
2	 12	 1	 2	sample93	2039	3837	2056	107880	0	
2	 12	 1	 3	sample93	1614	3156	1798	70932	0	
2	 12	 1	 4	sample93	723	2265	770	75558	0	
2	 12	 1	 5	sample93	585	1869	514	51360	0	
2	 12	 1	 6	control	-160.99	1381	0	61680	0	
2	 12	 2	 1	sample94	1339	3137	1286	77314	0	
2	 12	 2	 2	sample94	1582	3380	1542	104284	0	
2	 12	 2	 3	sample94	1698	3240	1798	78642	0	
2	 12	 2	 4	sample94	1246	2788	1028	72474	0	
2	 12	 2	 5	sample94	945	2229	1028	55212	0	
2	 12	 2	 6	control	1015	2299	1028	48792	0	
2	 12	 3	 1	sample95	2239	4037	2314	93496	0	
2	 12	 3	 2	sample95	1181	2979	1286	66526	0	
2	 12	 3	 3	sample95	1609	3151	1542	64764	0	
2	 12	 3	 4	sample95	949	2491	1028	55512	0	
2	 12	 3	 5	sample95	303	1587	258	51360	0	
2	 12	 3	 6	control	-82.94	1201	0	51360	0	
2	 12	 4	 1	sample96	2619	4417	2828	104284	0	
2	 12	 4	 2	sample96	996	2794	1028	84506	0	
2	 12	 4	 3	sample96	1261	2803	1284	66306	0	
2	 12	 4	 4	sample96	720	2262	514	70932	0	
2	 12	 4	 5	sample96	605	1889	514	51360	0	
2	 12	 4	 6	control	836	2120	772	51360	0	
3	 1	 1	 1	sample97	1926	4754	2056	234724	0	
3	 1	 1	 2	sample97	2054	4624	1800	241580	0	
3	 1	 1	 3	sample97	1280	3850	1028	131070	0	
3	 1	 1	 4	sample97	688	3258	772	102800	0	
3	 1	 1	 5	sample97	386	2956	514	102800	0	
3	 1	 1	 6	control	-128.04	2442	0	102800	0	
3	 1	 2	 1	sample98	7697	10781	9252	243636	0	
3	 1	 2	 2	sample98	7650	10478	8738	243208	0	
3	 1	 2	 3	sample98	3493	6321	3340	237552	0	
3	 1	 2	 4	sample98	4809	7637	4626	265832	0	
3	 1	 2	 5	sample98	4302	6872	4370	254430	0	
3	 1	 2	 6	control	335	2905	514	102800	0	
3	 1	 3	 1	sample99	7294	10636	8224	243966	0	
3	 1	 3	 2	sample99	6311	9395	7196	234384	0	
3	 1	 3	 3	sample99	7624	10452	8994	195132	0	
3	 1	 3	 4	sample99	4862	7690	5396	217756	0	
3	 1	 3	 5	sample99	4629	7199	4884	259570	0	
3	 1	 3	 6	control	-892.59	1677	-1027.99	102800	0	
3	 1	 4	 1	sample100	5470	9068	5140	356202	0	
3	 1	 4	 2	sample100	4722	8064	5140	320832	0	
3	 1	 4	 3	sample100	4839	7667	4368	299768	0	
3	 1	 4	 4	sample100	3021	5591	2828	300690	0	
3	 1	 4	 5	sample100	1998	4312	1798	187434	0	
3	 1	 4	 6	control	559	2873	514	92560	0	
3	 2	 1	 1	sample101	2627	5197	2570	210740	0	
3	 2	 1	 2	sample101	2444	5014	2570	136210	0	
3	 2	 1	 3	sample101	1527	4355	1798	147056	0	
3	 2	 1	 4	sample101	1052	3880	1028	149884	0	
3	 2	 1	 5	sample101	771	3599	770	113120	0	
3	 2	 1	 6	control	-39.24	2789	0	113120	0	
3	 2	 2	 1	sample102	547	3117	514	102800	0	
3	 2	 2	 2	sample102	155	2725	258	102800	0	
3	 2	 2	 3	sample102	-321.74	2506	-257.99	113120	0	
3	 2	 2	 4	sample102	-167.44	2661	0	113120	0	
3	 2	 2	 5	sample102	57.5	2885	0	113120	0	
3	 2	 2	 6	control	1349	4177	1284	113120	0	
3	 2	 3	 1	sample103	8064	10634	9766	218450	0	
3	 2	 3	 2	sample103	7745	10315	9252	208170	0	
3	 2	 3	 3	sample103	7181	10009	8224	197960	0	
3	 2	 3	 4	sample103	7062	9890	7452	200788	0	
3	 2	 3	 5	sample103	4804	7632	4882	248864	0	
3	 2	 3	 6	control	-302.44	2526	-257.99	113120	0	
3	 2	 4	 1	sample104	1695	4009	1798	120328	0	
3	 2	 4	 2	sample104	1029	3599	1286	102800	0	
3	 2	 4	 3	sample104	412	2982	514	102800	0	
3	 2	 4	 4	sample104	187	2757	258	102800	0	
3	 2	 4	 5	sample104	438	3008	514	102800	0	
3	 2	 4	 6	control	655	3483	514	113120	0	
3	 3	 1	 1	sample105	2885	5199	2570	101816	0	
3	 3	 1	 2	sample105	2664	4978	2570	201318	0	
3	 3	 1	 3	sample105	2086	4400	2056	118014	0	
3	 3	 1	 4	sample105	1199	3513	1028	41652	0	
3	 3	 1	 5	sample105	979	3035	1028	43176	0	
3	 3	 1	 6	control	560	2616	258	82240	0	
3	 3	 2	 1	sample106	13159	15473	14133	122642	0	
3	 3	 2	 2	sample106	9238	11808	11308	231300	0	
3	 3	 2	 3	sample106	9357	11671	11050	212888	0	
3	 3	 2	 4	sample106	7622	9678	8482	178872	0	
3	 3	 2	 5	sample106	6305	8361	6682	197376	0	
3	 3	 2	 6	control	1103	3159	1028	78128	0	
3	 3	 3	 1	sample107	9378	11692	10022	173550	0	
3	 3	 3	 2	sample107	9268	11838	10024	164480	0	
3	 3	 3	 3	sample107	8083	10397	8994	208260	0	
3	 3	 3	 4	sample107	7545	9859	7966	166608	0	
3	 3	 3	 5	sample107	5039	6839	4626	192600	0	
3	 3	 3	 6	control	-193.34	1607	-257.99	72000	0	
3	 3	 4	 1	sample108	10108	12422	11050	97188	0	
3	 3	 4	 2	sample108	5966	8022	6426	164480	0	
3	 3	 4	 3	sample108	7265	9321	6682	232328	0	
3	 3	 4	 4	sample108	4679	6479	4368	172800	0	
3	 3	 4	 5	sample108	2979	4521	2828	120276	0	
3	 3	 4	 6	control	765	2307	772	61680	0	
3	 4	 1	 1	sample109	1867	4693	1800	214776	0	
3	 4	 1	 2	sample109	4173	6999	4112	203472	0	
3	 4	 1	 3	sample109	3111	5937	3342	135648	0	
3	 4	 1	 4	sample109	1523	4349	1542	113040	0	
3	 4	 1	 5	sample109	1049	3875	1028	144126	0	
3	 4	 1	 6	control	90.5	2916	0	113040	0	
3	 4	 2	 1	sample110	1710	4536	1800	138474	0	
3	 4	 2	 2	sample110	1878	4704	1800	138474	0	
3	 4	 2	 3	sample110	2115	4941	2314	149778	0	
3	 4	 2	 4	sample110	1028	3598	1028	102800	0	
3	 4	 2	 5	sample110	616	3186	514	102800	0	
3	 4	 2	 6	control	1129	3699	1028	123360	0	
3	 4	 3	 1	sample111	8399	11225	8996	194994	0	
3	 4	 3	 2	sample111	9652	12478	10794	203472	0	
3	 4	 3	 3	sample111	8555	11125	8738	167050	0	
3	 4	 3	 4	sample111	8039	10609	8738	190180	0	
3	 4	 3	 5	sample111	5333	7645	5398	212704	0	
3	 4	 3	 6	control	-211.44	2101	-255.99	92480	0	
3	 4	 4	 1	sample112	2057	4369	2056	94792	0	
3	 4	 4	 2	sample112	264	2576	258	92480	0	
3	 4	 4	 3	sample112	579	2891	772	92480	0	
3	 4	 4	 4	sample112	116	2428	258	92480	0	
3	 4	 4	 5	sample112	315	2627	258	92480	0	
3	 4	 4	 6	control	470	2782	514	92480	0	
3	 5	 1	 1	sample113	9221	12563	10280	284070	0	
3	 5	 1	 2	sample113	11009	14351	12591	290754	0	
3	 5	 1	 3	sample113	9575	12917	11050	270702	0	
3	 5	 1	 4	sample113	8408	11750	8994	287412	0	
3	 5	 1	 5	sample113	8504	11588	9252	212796	0	
3	 5	 1	 6	control	135	3219	0	123360	0	
3	 5	 2	 1	sample114	1785	4613	1798	53732	0	
3	 5	 2	 2	sample114	1798	4626	1798	206444	0	
3	 5	 2	 3	sample114	1329	4157	1542	113120	0	
3	 5	 2	 4	sample114	578	3406	514	113120	0	
3	 5	 2	 5	sample114	443	3271	514	113120	0	
3	 5	 2	 6	control	1355	4183	1542	82012	0	
3	 5	 3	 1	sample115	1752	4322	1800	179900	0	
3	 5	 3	 2	sample115	1831	4401	1800	125930	0	
3	 5	 3	 3	sample115	1279	3849	1286	110510	0	
3	 5	 3	 4	sample115	102	2930	0	113120	0	
3	 5	 3	 5	sample115	-63.79	2506	0	102800	0	
3	 5	 3	 6	control	-617.29	2211	-513.99	113120	0	
3	 5	 4	 1	sample116	829	3399	772	102800	0	
3	 5	 4	 2	sample116	70.1	2898	256	113120	0	
3	 5	 4	 3	sample116	-521.04	2307	-771.99	113120	0	
3	 5	 4	 4	sample116	-64.89	2763	0	113120	0	
3	 5	 4	 5	sample116	109	2937	256	113120	0	
3	 5	 4	 6	control	559	3387	514	113120	0	
3	 6	 1	 1	sample117	2357	4155	2314	125860	0	
3	 6	 1	 2	sample117	3342	5140	3342	120466	0	
3	 6	 1	 3	sample117	2230	4028	2056	143840	0	
3	 6	 1	 4	sample117	1171	3227	1284	102800	0	
3	 6	 1	 5	sample117	1317	3373	1284	82240	0	
3	 6	 1	 6	control	251	2563	258	92480	0	
3	 6	 2	 1	sample118	559	2101	514	61680	0	
3	 6	 2	 2	sample118	1181	2979	1028	66526	0	
3	 6	 2	 3	sample118	1361	3159	1286	91698	0	
3	 6	 2	 4	sample118	912	2710	1028	75516	0	
3	 6	 2	 5	sample118	597	2653	514	82240	0	
3	 6	 2	 6	control	1531	3587	1542	51400	0	
3	 6	 3	 1	sample119	1683	3225	1542	61680	0	
3	 6	 3	 2	sample119	1361	3159	1286	109678	0	
3	 6	 3	 3	sample119	720	2518	772	71920	0	
3	 6	 3	 4	sample119	399	2197	514	71920	0	
3	 6	 3	 5	sample119	161	1959	0	71920	0	
3	 6	 3	 6	control	-58.44	1998	0	82240	0	
3	 6	 4	 1	sample120	7201	8999	8224	113274	0	
3	 6	 4	 2	sample120	8008	9806	8482	115072	0	
3	 6	 4	 3	sample120	5629	7427	5912	127658	0	
3	 6	 4	 4	sample120	4119	6175	4368	135696	0	
3	 6	 4	 5	sample120	2415	4471	2312	133640	0	
3	 6	 4	 6	control	758	2814	770	82240	0	
3	 7	 1	 1	sample121	10037	12607	11822	236440	0	
3	 7	 1	 2	sample121	10697	13011	13105	185120	0	
3	 7	 1	 3	sample121	9674	11988	11308	182806	0	
3	 7	 1	 4	sample121	8263	10577	8994	178178	0	
3	 7	 1	 5	sample121	6793	9107	6938	175864	0	
3	 7	 1	 6	control	206	2262	0	82240	0	
3	 7	 2	 1	sample122	1667	3981	1542	113386	0	
3	 7	 2	 2	sample122	1489	3803	1542	113386	0	
3	 7	 2	 3	sample122	931	3245	1028	92560	0	
3	 7	 2	 4	sample122	334	2648	256	92560	0	
3	 7	 2	 5	sample122	418	2474	514	82240	0	
3	 7	 2	 6	control	1341	3397	1542	76072	0	
3	 7	 3	 1	sample123	9340	11910	10024	195320	0	
3	 7	 3	 2	sample123	8069	10639	9510	200460	0	
3	 7	 3	 3	sample123	7775	10089	8738	145782	0	
3	 7	 3	 4	sample123	5808	8122	5910	161980	0	
3	 7	 3	 5	sample123	4301	6357	4370	176816	0	
3	 7	 3	 6	control	-50.79	2005	0	82240	0	
3	 7	 4	 1	sample124	9045	11615	10794	185040	0	
3	 7	 4	 2	sample124	7391	9961	8996	190180	0	
3	 7	 4	 3	sample124	6675	8989	6682	259168	0	
3	 7	 4	 4	sample124	5179	7493	5140	224458	0	
3	 7	 4	 5	sample124	3154	5210	3084	152144	0	
3	 7	 4	 6	control	431	2487	514	82240	0	
3	 8	 1	 1	sample125	2994	4792	3084	152830	0	
3	 8	 1	 2	sample125	3044	5100	2826	187096	0	
3	 8	 1	 3	sample125	2252	4308	2312	158312	0	
3	 8	 1	 4	sample125	1611	3409	1800	80910	0	
3	 8	 1	 5	sample125	1292	3090	1286	71920	0	
3	 8	 1	 6	control	-64.79	1991	0	82240	0	
3	 8	 2	 1	sample126	843	2899	1028	94576	0	
3	 8	 2	 2	sample126	1492	3290	1542	73718	0	
3	 8	 2	 3	sample126	1498	3296	1542	93496	0	
3	 8	 2	 4	sample126	874	2672	772	71920	0	
3	 8	 2	 5	sample126	367	2165	514	71920	0	
3	 8	 2	 6	control	1202	3000	1028	116870	0	
3	 8	 3	 1	sample127	7264	9320	8224	170648	0	
3	 8	 3	 2	sample127	7333	9131	7710	134850	0	
3	 8	 3	 3	sample127	6748	8546	7196	133052	0	
3	 8	 3	 4	sample127	5082	6880	4884	158224	0	
3	 8	 3	 5	sample127	4015	5557	3854	148032	0	
3	 8	 3	 6	control	-270.34	1272	-257.99	61680	0	
3	 8	 4	 1	sample128	6867	8665	6168	192386	0	
3	 8	 4	 2	sample128	4521	6319	4884	122264	0	
3	 8	 4	 3	sample128	4623	6165	4368	144948	0	
3	 8	 4	 4	sample128	3491	5033	3854	115650	0	
3	 8	 4	 5	sample128	2657	4199	2570	117192	0	
3	 8	 4	 6	control	916	2200	1028	20544	0	
3	 9	 1	 1	sample129	10326	13410	10794	237468	0	
3	 9	 1	 2	sample129	9837	12921	11822	265224	0	
3	 9	 1	 3	sample129	10285	13369	12078	246720	0	
3	 9	 1	 4	sample129	9117	11943	10280	220428	0	
3	 9	 1	 5	sample129	7582	10408	8482	197820	0	
3	 9	 1	 6	control	-192.29	2634	-255.99	113040	0	
3	 9	 2	 1	sample130	868	3694	772	113040	0	
3	 9	 2	 2	sample130	945	3771	772	113040	0	
3	 9	 2	 3	sample130	1337	4163	1542	127170	0	
3	 9	 2	 4	sample130	244	3070	514	113040	0	
3	 9	 2	 5	sample130	546	3116	514	102800	0	
3	 9	 2	 6	control	970	3540	1028	102800	0	
3	 9	 3	 1	sample131	938	3508	770	102800	0	
3	 9	 3	 2	sample131	1421	3991	1542	43690	0	
3	 9	 3	 3	sample131	629	3199	514	102800	0	
3	 9	 3	 4	sample131	430	3000	256	102800	0	
3	 9	 3	 5	sample131	-655.89	1914	-513.99	102800	0	
3	 9	 3	 6	control	-572.39	1998	-513.99	102800	0	
3	 9	 4	 1	sample132	1744	4056	1542	171088	0	
3	 9	 4	 2	sample132	868	3180	772	92480	0	
3	 9	 4	 3	sample132	1716	4028	1800	120224	0	
3	 9	 4	 4	sample132	380	2692	514	92480	0	
3	 9	 4	 5	sample132	341	2653	258	92480	0	
3	 9	 4	 6	control	457	2769	514	92480	0	
3	 10	 1	 1	sample133	3465	6035	3598	192750	0	
3	 10	 1	 2	sample133	3484	5798	2826	219830	0	
3	 10	 1	 3	sample133	2322	4636	2056	182806	0	
3	 10	 1	 4	sample133	1668	3724	1542	92520	0	
3	 10	 1	 5	sample133	1572	3372	1542	91800	0	
3	 10	 1	 6	control	-20.82	2035	-255.99	74016	0	
3	 10	 2	 1	sample134	1785	4099	1798	129584	0	
3	 10	 2	 2	sample134	2151	4465	2056	106444	0	
3	 10	 2	 3	sample134	1126	3440	1542	120328	0	
3	 10	 2	 4	sample134	489	2545	258	82240	0	
3	 10	 2	 5	sample134	763	2563	770	61200	0	
3	 10	 2	 6	control	728	2528	514	64800	0	
3	 10	 3	 1	sample135	7032	9346	7196	145782	0	
3	 10	 3	 2	sample135	7209	9523	6682	168922	0	
3	 10	 3	 3	sample135	6348	8662	5910	108758	0	
3	 10	 3	 4	sample135	5062	7118	4884	127472	0	
3	 10	 3	 5	sample135	4075	6131	3598	182984	0	
3	 10	 3	 6	control	-468.49	1588	-255.99	82240	0	
3	 10	 4	 1	sample136	1915	3971	2056	104856	0	
3	 10	 4	 2	sample136	1928	3984	1800	82240	0	
3	 10	 4	 3	sample136	1163	3219	1028	82240	0	
3	 10	 4	 4	sample136	760	2816	772	88408	0	
3	 10	 4	 5	sample136	429	2485	514	74016	0	
3	 10	 4	 6	control	93.4	2149	0	74016	0	
3	 11	 1	 1	sample137	11507	13821	13619	178178	0	
3	 11	 1	 2	sample137	10537	13107	13363	221020	0	
3	 11	 1	 3	sample137	10844	13414	12849	210740	0	
3	 11	 1	 4	sample137	10811	13125	12336	168922	0	
3	 11	 1	 5	sample137	9398	11712	10536	161980	0	
3	 11	 1	 6	control	360	2416	258	82240	0	
3	 11	 2	 1	sample138	9345	11401	10024	148032	0	
3	 11	 2	 2	sample138	9101	11415	10536	166608	0	
3	 11	 2	 3	sample138	9081	11137	10538	172704	0	
3	 11	 2	 4	sample138	7632	9946	8480	185120	0	
3	 11	 2	 5	sample138	7127	9183	6940	160368	0	
3	 11	 2	 6	control	1573	3629	1542	51400	0	
3	 11	 3	 1	sample139	1297	3353	1286	92520	0	
3	 11	 3	 2	sample139	1758	3814	1800	166536	0	
3	 11	 3	 3	sample139	1744	3800	1542	104856	0	
3	 11	 3	 4	sample139	1094	3150	1028	96632	0	
3	 11	 3	 5	sample139	103	2159	0	82240	0	
3	 11	 3	 6	control	-121.49	1935	-255.99	82240	0	
3	 11	 4	 1	sample140	8456	10512	10024	164480	0	
3	 11	 4	 2	sample140	6776	8832	7196	158312	0	
3	 11	 4	 3	sample140	5968	8282	5396	166608	0	
3	 11	 4	 4	sample140	4712	6768	4370	154200	0	
3	 11	 4	 5	sample140	3633	5689	3342	152144	0	
3	 11	 4	 6	control	720	2776	772	82240	0	
3	 12	 1	 1	sample141	9820	12390	10794	259570	0	
3	 12	 1	 2	sample141	10234	13062	11822	243208	0	
3	 12	 1	 3	sample141	9659	12487	10794	246036	0	
3	 12	 1	 4	sample141	8070	10640	7710	192750	0	
3	 12	 1	 5	sample141	6811	9125	6938	205946	0	
3	 12	 1	 6	control	44.5	1845	0	72000	0	
3	 12	 2	 1	sample142	6650	8964	7196	224458	0	
3	 12	 2	 2	sample142	8148	10976	9766	223412	0	
3	 12	 2	 3	sample142	7825	10653	8994	288456	0	
3	 12	 2	 4	sample142	7326	9896	8224	239010	0	
3	 12	 2	 5	sample142	6741	9055	6938	168922	0	
3	 12	 2	 6	control	958	3014	1028	82240	0	
3	 12	 3	 1	sample143	2264	4578	2056	148096	0	
3	 12	 3	 2	sample143	2343	4913	2314	179900	0	
3	 12	 3	 3	sample143	1761	4331	1542	120790	0	
3	 12	 3	 4	sample143	1377	3691	1284	108758	0	
3	 12	 3	 5	sample143	58.4	2114	0	82240	0	
3	 12	 3	 6	control	-842.24	958	-771.99	72000	0	
3	 12	 4	 1	sample144	1950	4264	1798	168922	0	
3	 12	 4	 2	sample144	1907	4477	1800	123360	0	
3	 12	 4	 3	sample144	97	2667	0	102800	0	
3	 12	 4	 4	sample144	661	2975	514	92560	0	
3	 12	 4	 5	sample144	39.1	2095	0	82240	0	
3	 12	 4	 6	control	418	2474	514	82240	0	
4	 1	 1	 1	sample145	9547	13915	10794	358176	0	
4	 1	 1	 2	sample145	9580	13948	11566	349440	0	
4	 1	 1	 3	sample145	9770	13624	11308	289050	0	
4	 1	 1	 4	sample145	8199	11797	9508	269850	0	
4	 1	 1	 5	sample145	6945	10543	6938	287840	0	
4	 1	 1	 6	control	-0.49	3084	0	123360	0	
4	 1	 2	 1	sample146	4779	9147	4884	301392	0	
4	 1	 2	 2	sample146	4830	9198	5140	336336	0	
4	 1	 2	 3	sample146	6279	10133	6168	439356	0	
4	 1	 2	 4	sample146	5302	8900	5396	352604	0	
4	 1	 2	 5	sample146	4886	8226	5140	317300	0	
4	 1	 2	 6	control	951	4035	1028	61680	0	
4	 1	 3	 1	sample147	1476	5844	1542	218400	0	
4	 1	 3	 2	sample147	1961	6073	1798	201488	0	
4	 1	 3	 3	sample147	970	4568	770	143920	0	
4	 1	 3	 4	sample147	463	3803	514	133600	0	
4	 1	 3	 5	sample147	167	3251	256	123360	0	
4	 1	 3	 6	control	-745.79	2338	-771.99	123360	0	
4	 1	 4	 1	sample148	-250.14	3604	-255.99	154160	0	
4	 1	 4	 2	sample148	-687.99	2910	-513.99	143920	0	
4	 1	 4	 3	sample148	-347.39	2737	256	123360	0	
4	 1	 4	 4	sample148	0.5	2827	258	113040	0	
4	 1	 4	 5	sample148	-500.59	2325	-513.99	113040	0	
4	 1	 4	 6	control	116	2942	0	113040	0	
4	 2	 1	 1	sample149	2184	5012	2056	197960	0	
4	 2	 1	 2	sample149	1988	4816	2056	214928	0	
4	 2	 1	 3	sample149	1477	4305	1542	135744	0	
4	 2	 1	 4	sample149	1184	3754	1286	136210	0	
4	 2	 1	 5	sample149	791	3361	772	102800	0	
4	 2	 1	 6	control	77.5	2648	0	102800	0	
4	 2	 2	 1	sample150	1985	4813	2056	144228	0	
4	 2	 2	 2	sample150	1629	4457	1798	141400	0	
4	 2	 2	 3	sample150	1305	4133	1284	138572	0	
4	 2	 2	 4	sample150	1003	3573	1028	131070	0	
4	 2	 2	 5	sample150	367	2937	258	102800	0	
4	 2	 2	 6	control	1175	3489	1028	92560	0	
4	 2	 3	 1	sample151	5260	8088	6168	192304	0	
4	 2	 3	 2	sample151	6069	8639	5912	179900	0	
4	 2	 3	 3	sample151	4679	6993	4626	155038	0	
4	 2	 3	 4	sample151	2848	5162	2826	164294	0	
4	 2	 3	 5	sample151	2344	4400	2056	156256	0	
4	 2	 3	 6	control	-108.84	1947	-255.99	82240	0	
4	 2	 4	 1	sample152	8645	11215	10280	120790	0	
4	 2	 4	 2	sample152	5607	7921	6168	166608	0	
4	 2	 4	 3	sample152	4725	6781	4884	160368	0	
4	 2	 4	 4	sample152	4302	6102	4368	153000	0	
4	 2	 4	 5	sample152	3142	4942	3084	149400	0	
4	 2	 4	 6	control	508	2050	514	61680	0	
4	 3	 1	 1	sample153	2210	5808	2312	251860	0	
4	 3	 1	 2	sample153	3168	6766	2826	284242	0	
4	 3	 1	 3	sample153	2345	5943	2056	143920	0	
4	 3	 1	 4	sample153	1823	5421	1798	151116	0	
4	 3	 1	 5	sample153	1730	5328	1798	147518	0	
4	 3	 1	 6	control	-76.69	3777	0	154160	0	
4	 3	 2	 1	sample154	1173	4513	1286	160320	0	
4	 3	 2	 2	sample154	1437	4777	1286	283900	0	
4	 3	 2	 3	sample154	1896	5236	1800	133600	0	
4	 3	 2	 4	sample154	1221	4561	1028	146960	0	
4	 3	 2	 5	sample154	700	4298	770	143920	0	
4	 3	 2	 6	control	1653	5251	1798	82754	0	
4	 3	 3	 1	sample155	1503	4587	1542	123360	0	
4	 3	 3	 2	sample155	1269	4353	1284	157284	0	
4	 3	 3	 3	sample155	1100	4184	1028	154200	0	
4	 3	 3	 4	sample155	584	3668	514	123360	0	
4	 3	 3	 5	sample155	110	3450	0	133600	0	
4	 3	 3	 6	control	6.9	3347	0	133600	0	
4	 3	 4	 1	sample156	9606	12176	11308	169620	0	
4	 3	 4	 2	sample156	7990	10560	10022	195320	0	
4	 3	 4	 3	sample156	7275	9845	7966	190180	0	
4	 3	 4	 4	sample156	5080	7650	4112	244150	0	
4	 3	 4	 5	sample156	4514	7084	4368	190180	0	
4	 3	 4	 6	control	2076	4388	1542	60112	0	
4	 4	 1	 1	sample157	1917	5515	1798	179900	0	
4	 4	 1	 2	sample157	2346	5944	2312	190694	0	
4	 4	 1	 3	sample157	1763	5361	1542	183498	0	
4	 4	 1	 4	sample157	1561	5159	1542	46774	0	
4	 4	 1	 5	sample157	1085	4683	1028	161910	0	
4	 4	 1	 6	control	-6.74	3591	0	143920	0	
4	 4	 2	 1	sample158	7278	10876	7710	280644	0	
4	 4	 2	 2	sample158	6492	10090	5910	273448	0	
4	 4	 2	 3	sample158	7437	11291	7710	296758	0	
4	 4	 2	 4	sample158	6763	10361	7196	273448	0	
4	 4	 2	 5	sample158	5494	9092	5910	266252	0	
4	 4	 2	 6	control	1315	4913	1284	89950	0	
4	 4	 3	 1	sample159	8155	11495	9252	260520	0	
4	 4	 3	 2	sample159	8232	11572	9252	217100	0	
4	 4	 3	 3	sample159	8159	11499	8224	210420	0	
4	 4	 3	 4	sample159	6298	9896	6424	233870	0	
4	 4	 3	 5	sample159	5523	8863	5398	280560	0	
4	 4	 3	 6	control	-180.49	3418	-257.99	143920	0	
4	 4	 4	 1	sample160	1310	3366	1028	82240	0	
4	 4	 4	 2	sample160	314	2370	256	82240	0	
4	 4	 4	 3	sample160	154	2210	256	82240	0	
4	 4	 4	 4	sample160	-12.34	2300	0	92480	0	
4	 4	 4	 5	sample160	360	2672	258	92480	0	
4	 4	 4	 6	control	918	3488	770	102800	0	
4	 5	 1	 1	sample161	1766	4336	1542	102800	0	
4	 5	 1	 2	sample161	2817	5643	2828	141300	0	
4	 5	 1	 3	sample161	2524	5350	2570	141300	0	
4	 5	 1	 4	sample161	1041	3867	1028	113040	0	
4	 5	 1	 5	sample161	804	3630	772	113040	0	
4	 5	 1	 6	control	-160.14	2666	0	113040	0	
4	 5	 2	 1	sample162	8147	11231	8480	240552	0	
4	 5	 2	 2	sample162	8390	11474	9252	237468	0	
4	 5	 2	 3	sample162	8144	10970	9252	243036	0	
4	 5	 2	 4	sample162	6356	9182	6168	313686	0	
4	 5	 2	 5	sample162	6609	9435	5912	248688	0	
4	 5	 2	 6	control	844	3928	770	107940	0	
4	 5	 3	 1	sample163	9183	12009	9510	231732	0	
4	 5	 3	 2	sample163	8938	11764	9766	203472	0	
4	 5	 3	 3	sample163	7186	10012	7196	206298	0	
4	 5	 3	 4	sample163	6735	9561	7196	178038	0	
4	 5	 3	 5	sample163	5613	8439	6168	279774	0	
4	 5	 3	 6	control	-603.39	2223	-769.99	113040	0	
4	 5	 4	 1	sample164	10108	11650	11564	124902	0	
4	 5	 4	 2	sample164	7692	9490	7968	124062	0	
4	 5	 4	 3	sample164	6129	7927	5912	188790	0	
4	 5	 4	 4	sample164	5268	7066	4626	178002	0	
4	 5	 4	 5	sample164	4461	6259	4112	170810	0	
4	 5	 4	 6	control	674	2730	770	82240	0	
4	 6	 1	 1	sample165	2407	5235	2312	130088	0	
4	 6	 1	 2	sample165	2953	5781	2570	240380	0	
4	 6	 1	 3	sample165	2318	5146	2312	144228	0	
4	 6	 1	 4	sample165	1413	4241	1284	141400	0	
4	 6	 1	 5	sample165	976	3804	1028	113120	0	
4	 6	 1	 6	control	-224.49	2860	-255.99	123360	0	
4	 6	 2	 1	sample166	8366	11194	8738	209272	0	
4	 6	 2	 2	sample166	8328	11412	8482	222048	0	
4	 6	 2	 3	sample166	7911	10995	8996	265224	0	
4	 6	 2	 4	sample166	6832	9660	6682	265832	0	
4	 6	 2	 5	sample166	5769	8597	5140	220584	0	
4	 6	 2	 6	control	912	3740	1028	113120	0	
4	 6	 3	 1	sample167	1599	4169	1542	174760	0	
4	 6	 3	 2	sample167	1183	4011	1284	149884	0	
4	 6	 3	 3	sample167	1708	4278	1542	123360	0	
4	 6	 3	 4	sample167	598	3168	772	102800	0	
4	 6	 3	 5	sample167	71	2641	0	102800	0	
4	 6	 3	 6	control	-449.24	2121	-513.99	102800	0	
4	 6	 4	 1	sample168	8435	10235	8480	154800	0	
4	 6	 4	 2	sample168	6373	8173	6938	144000	0	
4	 6	 4	 3	sample168	5659	7459	4882	183600	0	
4	 6	 4	 4	sample168	5085	7141	4370	189152	0	
4	 6	 4	 5	sample168	3850	5906	2828	191208	0	
4	 6	 4	 6	control	782	3096	770	53222	0	
4	 7	 1	 1	sample169	8824	11136	9766	173400	0	
4	 7	 1	 2	sample169	10329	12899	11822	200460	0	
4	 7	 1	 3	sample169	9279	11849	11308	215880	0	
4	 7	 1	 4	sample169	8084	10396	8996	182648	0	
4	 7	 1	 5	sample169	7613	9925	7710	164152	0	
4	 7	 1	 6	control	232	2544	258	92480	0	
4	 7	 2	 1	sample170	1644	3956	1800	175712	0	
4	 7	 2	 2	sample170	2472	4784	2570	157216	0	
4	 7	 2	 3	sample170	2056	4368	2056	189584	0	
4	 7	 2	 4	sample170	1599	3911	1800	115600	0	
4	 7	 2	 5	sample170	855	3167	772	113288	0	
4	 7	 2	 6	control	1469	3525	1542	65792	0	
4	 7	 3	 1	sample171	1618	3674	1798	90464	0	
4	 7	 3	 2	sample171	1758	3814	1798	78128	0	
4	 7	 3	 3	sample171	1349	3405	1284	82240	0	
4	 7	 3	 4	sample171	674	2730	514	82240	0	
4	 7	 3	 5	sample171	70.2	2126	0	82240	0	
4	 7	 3	 6	control	-180.49	1876	-257.99	82240	0	
4	 7	 4	 1	sample172	6295	8093	6940	120466	0	
4	 7	 4	 2	sample172	4197	5995	4626	120466	0	
4	 7	 4	 3	sample172	4996	6794	4370	131254	0	
4	 7	 4	 4	sample172	4576	6374	4370	136648	0	
4	 7	 4	 5	sample172	2636	4434	2570	106082	0	
4	 7	 4	 6	control	315	2113	258	71920	0	
4	 8	 1	 1	sample173	7537	9851	8994	196690	0	
4	 8	 1	 2	sample173	8860	11174	10536	199004	0	
4	 8	 1	 3	sample173	7776	10090	9252	178178	0	
4	 8	 1	 4	sample173	7263	9319	8224	158312	0	
4	 8	 1	 5	sample173	7167	9223	8224	143920	0	
4	 8	 1	 6	control	102	1902	0	72000	0	
4	 8	 2	 1	sample174	1855	3911	1800	94576	0	
4	 8	 2	 2	sample174	2039	4095	2056	121304	0	
4	 8	 2	 3	sample174	958	3014	1028	82240	0	
4	 8	 2	 4	sample174	867	2923	772	94576	0	
4	 8	 2	 5	sample174	571	2371	514	72000	0	
4	 8	 2	 6	control	1087	2887	1028	46800	0	
4	 8	 3	 1	sample175	6904	8960	7196	164480	0	
4	 8	 3	 2	sample175	6448	8248	7196	118800	0	
4	 8	 3	 3	sample175	6589	8389	6424	109800	0	
4	 8	 3	 4	sample175	4719	6519	4626	113400	0	
4	 8	 3	 5	sample175	3658	5458	3598	145800	0	
4	 8	 3	 6	control	-444.09	1356	-257.99	72000	0	
4	 8	 4	 1	sample176	984	2526	1028	61680	0	
4	 8	 4	 2	sample176	444	1986	514	61680	0	
4	 8	 4	 3	sample176	181	1723	258	61680	0	
4	 8	 4	 4	sample176	335	1877	258	61680	0	
4	 8	 4	 5	sample176	96.9	1639	0	61680	0	
4	 8	 4	 6	control	418	1960	514	61680	0	
4	 9	 1	 1	sample177	2113	4427	1798	185120	0	
4	 9	 1	 2	sample177	2189	4503	2056	192062	0	
4	 9	 1	 3	sample177	1561	3875	1542	208260	0	
4	 9	 1	 4	sample177	841	3155	770	92560	0	
4	 9	 1	 5	sample177	808	3122	770	94874	0	
4	 9	 1	 6	control	154	2468	256	92560	0	
4	 9	 2	 1	sample178	1423	3737	1542	120328	0	
4	 9	 2	 2	sample178	2004	4318	2056	104130	0	
4	 9	 2	 3	sample178	1650	3964	1542	104130	0	
4	 9	 2	 4	sample178	1077	3391	1028	108758	0	
4	 9	 2	 5	sample178	668	2982	514	92560	0	
4	 9	 2	 6	control	1385	3699	1542	41652	0	
4	 9	 3	 1	sample179	1111	3425	1284	113386	0	
4	 9	 3	 2	sample179	2139	4453	2056	164294	0	
4	 9	 3	 3	sample179	814	3128	770	108758	0	
4	 9	 3	 4	sample179	590	2904	514	92560	0	
4	 9	 3	 5	sample179	89.4	2403	256	92560	0	
4	 9	 3	 6	control	5.85	2320	0	92560	0	
4	 9	 4	 1	sample180	7786	10100	8480	164294	0	
4	 9	 4	 2	sample180	7206	9520	8738	173550	0	
4	 9	 4	 3	sample180	6409	8465	7196	162424	0	
4	 9	 4	 4	sample180	7754	9810	8482	143920	0	
4	 9	 4	 5	sample180	5454	7510	5398	178872	0	
4	 9	 4	 6	control	470	2526	514	82240	0	
4	 10	 1	 1	sample181	9211	12039	10280	200788	0	
4	 10	 1	 2	sample181	10978	13806	12591	200788	0	
4	 10	 1	 3	sample181	10489	13317	12078	183820	0	
4	 10	 1	 4	sample181	8360	11188	9252	186648	0	
4	 10	 1	 5	sample181	7422	9992	7454	167050	0	
4	 10	 1	 6	control	71.3	2641	0	102800	0	
4	 10	 2	 1	sample182	9097	11925	10794	155540	0	
4	 10	 2	 2	sample182	8180	11008	9508	183820	0	
4	 10	 2	 3	sample182	8310	11138	9766	209272	0	
4	 10	 2	 4	sample182	8227	11055	9766	203616	0	
4	 10	 2	 5	sample182	7792	10362	7710	169620	0	
4	 10	 2	 6	control	1465	4035	1542	102800	0	
4	 10	 3	 1	sample183	11478	14306	12849	144228	0	
4	 10	 3	 2	sample183	7798	10626	8994	164024	0	
4	 10	 3	 3	sample183	9129	11957	9508	172508	0	
4	 10	 3	 4	sample183	7740	10568	8224	166852	0	
4	 10	 3	 5	sample183	6608	9178	7196	187610	0	
4	 10	 3	 6	control	-282.19	2288	-255.99	102800	0	
4	 10	 4	 1	sample184	9504	11818	10794	143468	0	
4	 10	 4	 2	sample184	5214	7270	5140	143920	0	
4	 10	 4	 3	sample184	7358	9414	7196	150088	0	
4	 10	 4	 4	sample184	7966	10280	8224	136526	0	
4	 10	 4	 5	sample184	5621	7677	5654	111024	0	
4	 10	 4	 6	control	399	2455	258	82240	0	
4	 11	 1	 1	sample185	2740	5310	2828	105370	0	
4	 11	 1	 2	sample185	3192	5762	3342	128500	0	
4	 11	 1	 3	sample185	3079	5649	3084	131070	0	
4	 11	 1	 4	sample185	1405	4233	1284	138572	0	
4	 11	 1	 5	sample185	874	3444	772	102800	0	
4	 11	 1	 6	control	-70.09	2500	0	102800	0	
4	 11	 2	 1	sample186	9325	12153	10794	186648	0	
4	 11	 2	 2	sample186	10223	13051	12336	180992	0	
4	 11	 2	 3	sample186	9024	11852	11050	220584	0	
4	 11	 2	 4	sample186	8599	11427	9508	220584	0	
4	 11	 2	 5	sample186	7809	10379	8738	174760	0	
4	 11	 2	 6	control	1570	4140	1542	71960	0	
4	 11	 3	 1	sample187	8371	11199	10022	206444	0	
4	 11	 3	 2	sample187	8850	11678	10280	200788	0	
4	 11	 3	 3	sample187	7818	10902	8738	212796	0	
4	 11	 3	 4	sample187	7191	10019	8480	175336	0	
4	 11	 3	 5	sample187	6528	9098	6940	192750	0	
4	 11	 3	 6	control	-128.94	2185	0	92560	0	
4	 11	 4	 1	sample188	8254	10568	10022	155038	0	
4	 11	 4	 2	sample188	7786	10356	7710	167050	0	
4	 11	 4	 3	sample188	6711	9281	6940	164480	0	
4	 11	 4	 4	sample188	5128	7442	4882	159666	0	
4	 11	 4	 5	sample188	4619	6675	4370	145976	0	
4	 11	 4	 6	control	788	2844	1028	32896	0	
4	 12	 1	 1	sample189	6645	10757	6424	316624	0	
4	 12	 1	 2	sample189	7789	11901	8738	304288	0	
4	 12	 1	 3	sample189	5628	9740	6168	328960	0	
4	 12	 1	 4	sample189	4671	8525	4884	177284	0	
4	 12	 1	 5	sample189	3096	6950	3084	181138	0	
4	 12	 1	 6	control	-120.82	3733	-255.99	138744	0	
4	 12	 2	 1	sample190	1706	5818	1798	193264	0	
4	 12	 2	 2	sample190	2203	6315	2312	193264	0	
4	 12	 2	 3	sample190	1192	5304	1284	217936	0	
4	 12	 2	 4	sample190	180	4034	258	154160	0	
4	 12	 2	 5	sample190	385	3983	514	143920	0	
4	 12	 2	 6	control	335	3933	256	129528	0	
4	 12	 3	 1	sample191	3665	8033	4112	270816	0	
4	 12	 3	 2	sample191	3256	7368	3084	386528	0	
4	 12	 3	 3	sample191	3998	8110	3598	308400	0	
4	 12	 3	 4	sample191	4520	8632	5396	279616	0	
4	 12	 3	 5	sample191	3003	6601	2826	183498	0	
4	 12	 3	 6	control	-1985.1	1613	-2055.99	129528	0	
4	 12	 4	 1	sample192	2355	5953	2570	151116	0	
4	 12	 4	 2	sample192	285	3883	256	129528	0	
4	 12	 4	 3	sample192	-36.27	3562	0	129528	0	
4	 12	 4	 4	sample192	-791.88	2548	-1027.99	120240	0	
4	 12	 4	 5	sample192	-520.6	2819	-513.99	120240	0	
4	 12	 4	 6	control	-1671.09	1413	-1799.99	123360	0	
