MicroVigene	 Version	 2501
Culture	en-US
9/30/2006 1:56:07 PM
Roi Row	 4	 Roi Col	 12	 Main Row	 4	 Main Col	 6	 Sub Row	 1	 Sub Col	 1
Main Row	 Main Col	 Sub Row	 Sub Col	  GeneID	mean_net	 mean_total	 median_net	 vol_bkg	 vol_dust	 
1	 1	 1	 1	sample1	392	1676	258	51360	0	
1	 1	 1	 2	sample1	76.7	1619	0	61680	0	
1	 1	 1	 3	sample1	282	1824	256	61680	0	
1	 1	 1	 4	sample1	327	1869	256	61680	0	
1	 1	 1	 5	sample1	219	2017	258	71920	0	
1	 1	 1	 6	control	45.4	1843	0	71920	0	
1	 1	 2	 1	sample2	1096	2380	1028	59064	0	
1	 1	 2	 2	sample2	1082	2624	1028	80184	0	
1	 1	 2	 3	sample2	812	2354	770	77100	0	
1	 1	 2	 4	sample2	592	2134	514	75558	0	
1	 1	 2	 5	sample2	52	1850	0	71920	0	
1	 1	 2	 6	control	1572	3370	1542	142042	0	
1	 1	 3	 1	sample3	1449	2733	1286	56496	0	
1	 1	 3	 2	sample3	947	2489	770	53970	0	
1	 1	 3	 3	sample3	1022	2564	1028	77100	0	
1	 1	 3	 4	sample3	752	2294	770	64764	0	
1	 1	 3	 5	sample3	192	1734	256	61680	0	
1	 1	 3	 6	control	-231.99	1310	-257.99	61680	0	
1	 1	 4	 1	sample4	1366	2650	1542	61632	0	
1	 1	 4	 2	sample4	552	2094	514	61680	0	
1	 1	 4	 3	sample4	295	1837	256	61680	0	
1	 1	 4	 4	sample4	212	1754	256	61680	0	
1	 1	 4	 5	sample4	-18.69	1779	0	71920	0	
1	 1	 4	 6	control	772	2570	772	44950	0	
1	 2	 1	 1	sample5	2191	3733	2314	61680	0	
1	 2	 1	 2	sample5	1394	3194	1542	84600	0	
1	 2	 1	 3	sample5	620	2420	514	82800	0	
1	 2	 1	 4	sample5	321	2121	256	72000	0	
1	 2	 1	 5	sample5	571	2371	514	72000	0	
1	 2	 1	 6	control	186	1986	256	72000	0	
1	 2	 2	 1	sample6	1656	3198	1800	104856	0	
1	 2	 2	 2	sample6	1022	2564	1028	64764	0	
1	 2	 2	 3	sample6	212	2012	0	72000	0	
1	 2	 2	 4	sample6	335	1877	258	61680	0	
1	 2	 2	 5	sample6	19.7	1562	0	61680	0	
1	 2	 2	 6	control	1542	3342	1542	37800	0	
1	 2	 3	 1	sample7	1902	3444	1800	77100	0	
1	 2	 3	 2	sample7	1231	2773	1028	72474	0	
1	 2	 3	 3	sample7	867	2409	772	78642	0	
1	 2	 3	 4	sample7	605	2147	514	57054	0	
1	 2	 3	 5	sample7	-25.29	1517	0	61680	0	
1	 2	 3	 6	control	123	1665	0	61680	0	
1	 2	 4	 1	sample8	1531	3073	1542	67848	0	
1	 2	 4	 2	sample8	675	2217	772	61680	0	
1	 2	 4	 3	sample8	494	2294	514	72000	0	
1	 2	 4	 4	sample8	276	2076	256	72000	0	
1	 2	 4	 5	sample8	205	2005	256	72000	0	
1	 2	 4	 6	control	584	2384	514	72000	0	
1	 3	 1	 1	sample9	1650	3192	1798	80184	0	
1	 3	 1	 2	sample9	937	2735	1028	86304	0	
1	 3	 1	 3	sample9	970	2512	1028	61680	0	
1	 3	 1	 4	sample9	966	2508	1028	38550	0	
1	 3	 1	 5	sample9	546	2088	514	61680	0	
1	 3	 1	 6	control	154	1696	256	61680	0	
1	 3	 2	 1	sample10	1192	2734	1028	72474	0	
1	 3	 2	 2	sample10	1284	2826	1284	61680	0	
1	 3	 2	 3	sample10	758	2300	770	61680	0	
1	 3	 2	 4	sample10	340	1882	256	61680	0	
1	 3	 2	 5	sample10	211	1753	256	61680	0	
1	 3	 2	 6	control	1624	3166	1542	86352	0	
1	 3	 3	 1	sample11	1642	2926	1542	73188	0	
1	 3	 3	 2	sample11	1839	3123	2056	59064	0	
1	 3	 3	 3	sample11	1304	2588	1286	52644	0	
1	 3	 3	 4	sample11	996	2280	1028	20544	0	
1	 3	 3	 5	sample11	386	1670	258	51360	0	
1	 3	 3	 6	control	32.7	1317	0	51360	0	
1	 3	 4	 1	sample12	2179	3721	2312	77100	0	
1	 3	 4	 2	sample12	1767	3309	1542	50886	0	
1	 3	 4	 3	sample12	1180	2722	1028	75558	0	
1	 3	 4	 4	sample12	657	1941	772	46224	0	
1	 3	 4	 5	sample12	436	1720	514	46224	0	
1	 3	 4	 6	control	561	2103	514	75558	0	
1	 4	 1	 1	sample13	2862	4918	2828	92520	0	
1	 4	 1	 2	sample13	2502	4558	2570	100744	0	
1	 4	 1	 3	sample13	1697	3497	1542	86400	0	
1	 4	 1	 4	sample13	729	2529	770	88200	0	
1	 4	 1	 5	sample13	749	2549	770	86400	0	
1	 4	 1	 6	control	147	1947	256	72000	0	
1	 4	 2	 1	sample14	1974	3774	1798	34200	0	
1	 4	 2	 2	sample14	876	2676	770	91800	0	
1	 4	 2	 3	sample14	527	2069	514	61680	0	
1	 4	 2	 4	sample14	502	2044	514	61680	0	
1	 4	 2	 5	sample14	502	2044	514	61680	0	
1	 4	 2	 6	control	2213	4013	2056	55800	0	
1	 4	 3	 1	sample15	1180	2722	1028	67848	0	
1	 4	 3	 2	sample15	450	1992	514	61680	0	
1	 4	 3	 3	sample15	405	1947	258	61680	0	
1	 4	 3	 4	sample15	341	1883	258	61680	0	
1	 4	 3	 5	sample15	-160.09	1382	-255.99	61680	0	
1	 4	 3	 6	control	200	1742	258	61680	0	
1	 4	 4	 1	sample16	1167	2967	1028	172800	0	
1	 4	 4	 2	sample16	571	2371	514	81000	0	
1	 4	 4	 3	sample16	730	2530	770	91800	0	
1	 4	 4	 4	sample16	398	2198	256	72000	0	
1	 4	 4	 5	sample16	282	2082	256	72000	0	
1	 4	 4	 6	control	792	2592	770	21600	0	
1	 5	 1	 1	sample17	2033	3575	2056	69390	0	
1	 5	 1	 2	sample17	1423	2965	1284	77100	0	
1	 5	 1	 3	sample17	785	2327	770	80184	0	
1	 5	 1	 4	sample17	716	2258	770	80184	0	
1	 5	 1	 5	sample17	385	1927	256	61680	0	
1	 5	 1	 6	control	-206.04	1336	-257.99	61680	0	
1	 5	 2	 1	sample18	1027	2569	770	78642	0	
1	 5	 2	 2	sample18	1245	2529	1286	65484	0	
1	 5	 2	 3	sample18	746	2030	772	51360	0	
1	 5	 2	 4	sample18	425	1709	514	51360	0	
1	 5	 2	 5	sample18	142	1426	0	51360	0	
1	 5	 2	 6	control	1306	2848	1284	132612	0	
1	 5	 3	 1	sample19	1823	3107	2056	97584	0	
1	 5	 3	 2	sample19	1255	2539	1286	65484	0	
1	 5	 3	 3	sample19	1014	2298	1028	66768	0	
1	 5	 3	 4	sample19	739	2023	772	61632	0	
1	 5	 3	 5	sample19	90.5	1375	0	51360	0	
1	 5	 3	 6	control	-95.94	1188	0	51360	0	
1	 5	 4	 1	sample20	1260	2802	1284	80184	0	
1	 5	 4	 2	sample20	435	1977	514	55512	0	
1	 5	 4	 3	sample20	509	2051	514	80184	0	
1	 5	 4	 4	sample20	292	1834	256	55512	0	
1	 5	 4	 5	sample20	1285	2827	514	55512	0	
1	 5	 4	 6	control	114	1656	0	55512	0	
1	 6	 1	 1	sample21	1638	3438	1542	95400	0	
1	 6	 1	 2	sample21	1698	3498	1798	82800	0	
1	 6	 1	 3	sample21	917	2459	772	81726	0	
1	 6	 1	 4	sample21	567	2109	514	75558	0	
1	 6	 1	 5	sample21	392	1934	258	61680	0	
1	 6	 1	 6	control	282	1568	256	51440	0	
1	 6	 2	 1	sample22	1439	3239	1284	122400	0	
1	 6	 2	 2	sample22	2676	4476	2056	126000	0	
1	 6	 2	 3	sample22	1860	3402	1800	117192	0	
1	 6	 2	 4	sample22	1562	2848	1542	63014	0	
1	 6	 2	 5	sample22	760	2046	770	64300	0	
1	 6	 2	 6	control	1440	2726	1542	91306	0	
1	 6	 3	 1	sample23	617	2159	514	61680	0	
1	 6	 3	 2	sample23	-57.29	1485	0	61680	0	
1	 6	 3	 3	sample23	213	1755	258	61680	0	
1	 6	 3	 4	sample23	174	1716	258	61680	0	
1	 6	 3	 5	sample23	-57.39	1485	0	61680	0	
1	 6	 3	 6	control	160	1446	256	51440	0	
1	 6	 4	 1	sample24	1468	3268	1542	88200	0	
1	 6	 4	 2	sample24	1097	2639	1028	75558	0	
1	 6	 4	 3	sample24	887	2429	772	75558	0	
1	 6	 4	 4	sample24	283	1825	258	61680	0	
1	 6	 4	 5	sample24	264	1806	258	61680	0	
1	 6	 4	 6	control	489	2031	514	61680	0	
1	 7	 1	 1	sample25	2908	4450	2826	72474	0	
1	 7	 1	 2	sample25	2339	3881	2312	74016	0	
1	 7	 1	 3	sample25	1250	2792	1284	80184	0	
1	 7	 1	 4	sample25	719	2261	770	61680	0	
1	 7	 1	 5	sample25	992	2534	1028	78642	0	
1	 7	 1	 6	control	31.6	1574	0	61680	0	
1	 7	 2	 1	sample26	2121	3663	1798	72474	0	
1	 7	 2	 2	sample26	1398	2940	1284	80184	0	
1	 7	 2	 3	sample26	724	2266	770	77100	0	
1	 7	 2	 4	sample26	759	2043	772	51360	0	
1	 7	 2	 5	sample26	327	1869	256	61680	0	
1	 7	 2	 6	control	1493	3035	1542	98688	0	
1	 7	 3	 1	sample27	469	2011	514	61680	0	
1	 7	 3	 2	sample27	398	1940	256	61680	0	
1	 7	 3	 3	sample27	160	1702	256	61680	0	
1	 7	 3	 4	sample27	-0.49	1542	0	61680	0	
1	 7	 3	 5	sample27	90.6	1375	258	51360	0	
1	 7	 3	 6	control	161	1445	258	51360	0	
1	 7	 4	 1	sample28	148	1946	258	71920	0	
1	 7	 4	 2	sample28	269	1811	256	61680	0	
1	 7	 4	 3	sample28	417	1959	514	61680	0	
1	 7	 4	 4	sample28	359	1901	256	61680	0	
1	 7	 4	 5	sample28	301	1843	256	61680	0	
1	 7	 4	 6	control	501	2043	514	61680	0	
1	 8	 1	 1	sample29	3201	4743	3340	107940	0	
1	 8	 1	 2	sample29	3938	5480	3598	118734	0	
1	 8	 1	 3	sample29	1901	3699	2056	136648	0	
1	 8	 1	 4	sample29	1239	3037	1286	79112	0	
1	 8	 1	 5	sample29	1098	2640	1284	61680	0	
1	 8	 1	 6	control	205	1747	256	61680	0	
1	 8	 2	 1	sample30	1410	2952	1542	69390	0	
1	 8	 2	 2	sample30	1274	2816	1284	75558	0	
1	 8	 2	 3	sample30	552	2094	514	61680	0	
1	 8	 2	 4	sample30	385	1927	514	61680	0	
1	 8	 2	 5	sample30	391	1933	256	61680	0	
1	 8	 2	 6	control	1691	3233	1798	92520	0	
1	 8	 3	 1	sample31	1511	3053	1542	89436	0	
1	 8	 3	 2	sample31	1047	2589	1028	61680	0	
1	 8	 3	 3	sample31	860	2402	770	61680	0	
1	 8	 3	 4	sample31	680	2222	770	61680	0	
1	 8	 3	 5	sample31	289	1831	256	61680	0	
1	 8	 3	 6	control	76.7	1619	0	61680	0	
1	 8	 4	 1	sample32	1767	3565	1542	84506	0	
1	 8	 4	 2	sample32	829	2627	772	64728	0	
1	 8	 4	 3	sample32	1041	2583	1028	60138	0	
1	 8	 4	 4	sample32	606	2148	514	55512	0	
1	 8	 4	 5	sample32	350	2148	258	64728	0	
1	 8	 4	 6	control	842	2384	770	55512	0	
1	 9	 1	 1	sample33	1819	3361	1798	75558	0	
1	 9	 1	 2	sample33	1290	2832	1284	72474	0	
1	 9	 1	 3	sample33	815	2357	770	61680	0	
1	 9	 1	 4	sample33	547	2345	514	71920	0	
1	 9	 1	 5	sample33	449	1991	514	61680	0	
1	 9	 1	 6	control	129	1927	0	71920	0	
1	 9	 2	 1	sample34	1623	2907	1542	65484	0	
1	 9	 2	 2	sample34	1832	3374	1798	70932	0	
1	 9	 2	 3	sample34	1180	2722	1028	75558	0	
1	 9	 2	 4	sample34	725	2267	770	61680	0	
1	 9	 2	 5	sample34	747	2289	770	50886	0	
1	 9	 2	 6	control	2069	3611	2056	118734	0	
1	 9	 3	 1	sample35	1603	2887	1542	65484	0	
1	 9	 3	 2	sample35	672	2214	514	72474	0	
1	 9	 3	 3	sample35	827	2111	772	59064	0	
1	 9	 3	 4	sample35	443	1985	514	61680	0	
1	 9	 3	 5	sample35	237	1779	256	61680	0	
1	 9	 3	 6	control	141	1683	0	61680	0	
1	 9	 4	 1	sample36	1890	3432	1798	90978	0	
1	 9	 4	 2	sample36	1064	2606	1028	64764	0	
1	 9	 4	 3	sample36	1250	2792	1284	69390	0	
1	 9	 4	 4	sample36	757	2299	770	57054	0	
1	 9	 4	 5	sample36	597	2139	514	61680	0	
1	 9	 4	 6	control	367	2165	258	71920	0	
1	 10	 1	 1	sample37	2129	3927	2056	95294	0	
1	 10	 1	 2	sample37	2077	3619	2056	75558	0	
1	 10	 1	 3	sample37	1291	2833	1284	61680	0	
1	 10	 1	 4	sample37	957	2499	1028	67848	0	
1	 10	 1	 5	sample37	578	2120	514	61680	0	
1	 10	 1	 6	control	135	1677	0	61680	0	
1	 10	 2	 1	sample38	1559	3101	1542	69390	0	
1	 10	 2	 2	sample38	1278	2820	1284	61680	0	
1	 10	 2	 3	sample38	884	2426	770	80184	0	
1	 10	 2	 4	sample38	726	2010	514	51360	0	
1	 10	 2	 5	sample38	321	1863	256	61680	0	
1	 10	 2	 6	control	1984	3268	2056	73188	0	
1	 10	 3	 1	sample39	4292	5834	4368	109482	0	
1	 10	 3	 2	sample39	2267	3809	2056	69390	0	
1	 10	 3	 3	sample39	1410	2952	1542	75558	0	
1	 10	 3	 4	sample39	778	2062	772	51360	0	
1	 10	 3	 5	sample39	212	1754	256	61680	0	
1	 10	 3	 6	control	38.1	1580	0	61680	0	
1	 10	 4	 1	sample40	1279	2821	1284	70932	0	
1	 10	 4	 2	sample40	1109	2651	1028	58596	0	
1	 10	 4	 3	sample40	976	2518	1028	61680	0	
1	 10	 4	 4	sample40	411	1953	256	61680	0	
1	 10	 4	 5	sample40	449	1991	514	61680	0	
1	 10	 4	 6	control	745	2287	514	61680	0	
1	 11	 1	 1	sample41	1386	2928	1284	74016	0	
1	 11	 1	 2	sample41	1040	2582	1028	61680	0	
1	 11	 1	 3	sample41	915	2457	770	74016	0	
1	 11	 1	 4	sample41	751	2293	770	61680	0	
1	 11	 1	 5	sample41	425	2223	514	71920	0	
1	 11	 1	 6	control	436	1978	514	61680	0	
1	 11	 2	 1	sample42	1761	3045	1800	68052	0	
1	 11	 2	 2	sample42	1066	2608	1028	81726	0	
1	 11	 2	 3	sample42	755	2297	770	75558	0	
1	 11	 2	 4	sample42	648	2190	514	64764	0	
1	 11	 2	 5	sample42	417	1959	514	61680	0	
1	 11	 2	 6	control	1888	3430	1798	123360	0	
1	 11	 3	 1	sample43	2341	3883	2312	97146	0	
1	 11	 3	 2	sample43	2312	3854	2056	81726	0	
1	 11	 3	 3	sample43	1477	3019	1284	80184	0	
1	 11	 3	 4	sample43	854	2396	770	75558	0	
1	 11	 3	 5	sample43	770	2312	514	32382	0	
1	 11	 3	 6	control	277	1561	258	51360	0	
1	 11	 4	 1	sample44	1685	3227	1542	77100	0	
1	 11	 4	 2	sample44	912	2454	1028	61680	0	
1	 11	 4	 3	sample44	642	2184	514	61680	0	
1	 11	 4	 4	sample44	488	2030	514	61680	0	
1	 11	 4	 5	sample44	717	2259	770	37008	0	
1	 11	 4	 6	control	1413	2955	1284	61680	0	
1	 12	 1	 1	sample45	2187	3985	2314	116870	0	
1	 12	 1	 2	sample45	1984	3782	2056	70122	0	
1	 12	 1	 3	sample45	1537	3335	1542	77314	0	
1	 12	 1	 4	sample45	764	2820	770	82240	0	
1	 12	 1	 5	sample45	449	2505	514	82240	0	
1	 12	 1	 6	control	243	2555	258	83232	0	
1	 12	 2	 1	sample46	680	2478	772	80910	0	
1	 12	 2	 2	sample46	994	2792	1028	66526	0	
1	 12	 2	 3	sample46	643	2441	514	79112	0	
1	 12	 2	 4	sample46	546	2344	514	73718	0	
1	 12	 2	 5	sample46	465	2263	514	46748	0	
1	 12	 2	 6	control	2046	4102	2056	57568	0	
1	 12	 3	 1	sample47	1640	3182	1798	72474	0	
1	 12	 3	 2	sample47	1195	2737	1284	61680	0	
1	 12	 3	 3	sample47	1301	2843	1284	72474	0	
1	 12	 3	 4	sample47	725	2267	770	52428	0	
1	 12	 3	 5	sample47	404	1946	514	61680	0	
1	 12	 3	 6	control	129	1927	258	64728	0	
1	 12	 4	 1	sample48	2044	3586	2056	66306	0	
1	 12	 4	 2	sample48	1010	2552	1028	67848	0	
1	 12	 4	 3	sample48	1224	2766	1028	58596	0	
1	 12	 4	 4	sample48	835	2377	1028	24672	0	
1	 12	 4	 5	sample48	336	2134	258	64728	0	
1	 12	 4	 6	control	2021	3819	2056	52142	0	
2	 1	 1	 1	sample49	1519	2803	1542	125832	0	
2	 1	 1	 2	sample49	700	2242	514	61680	0	
2	 1	 1	 3	sample49	353	1895	256	61680	0	
2	 1	 1	 4	sample49	373	2171	258	71920	0	
2	 1	 1	 5	sample49	359	2415	514	82240	0	
2	 1	 1	 6	control	57.3	2113	0	82240	0	
2	 1	 2	 1	sample50	2000	3284	2056	110424	0	
2	 1	 2	 2	sample50	2530	4072	2312	141864	0	
2	 1	 2	 3	sample50	1779	3577	1800	160022	0	
2	 1	 2	 4	sample50	1642	3698	1798	104856	0	
2	 1	 2	 5	sample50	899	2955	770	90464	0	
2	 1	 2	 6	control	1475	3787	1542	106352	0	
2	 1	 3	 1	sample51	1190	2474	1028	79608	0	
2	 1	 3	 2	sample51	353	1895	256	61680	0	
2	 1	 3	 3	sample51	572	2370	514	71920	0	
2	 1	 3	 4	sample51	301	2357	256	82240	0	
2	 1	 3	 5	sample51	-308.84	1747	-257.99	82240	0	
2	 1	 3	 6	control	-221.93	1834	-257.99	74016	0	
2	 1	 4	 1	sample52	1387	2671	1286	68052	0	
2	 1	 4	 2	sample52	347	1889	256	52428	0	
2	 1	 4	 3	sample52	-59.93	1738	-255.99	61132	0	
2	 1	 4	 4	sample52	287	2343	256	69904	0	
2	 1	 4	 5	sample52	370	2426	514	69904	0	
2	 1	 4	 6	control	860	2916	770	82240	0	
2	 2	 1	 1	sample53	1472	2756	1286	51360	0	
2	 2	 1	 2	sample53	624	1908	772	51360	0	
2	 2	 1	 3	sample53	372	1914	256	61680	0	
2	 2	 1	 4	sample53	142	1940	258	71920	0	
2	 2	 1	 5	sample53	373	2171	258	71920	0	
2	 2	 1	 6	control	380	2178	258	71920	0	
2	 2	 2	 1	sample54	1730	3272	1542	75558	0	
2	 2	 2	 2	sample54	1565	3107	1542	66306	0	
2	 2	 2	 3	sample54	925	2467	1028	61680	0	
2	 2	 2	 4	sample54	450	2248	514	71920	0	
2	 2	 2	 5	sample54	508	2306	514	71920	0	
2	 2	 2	 6	control	1393	3449	1028	92520	0	
2	 2	 3	 1	sample55	2822	4106	2828	62916	0	
2	 2	 3	 2	sample55	2524	4066	2570	87894	0	
2	 2	 3	 3	sample55	1007	2549	1028	78642	0	
2	 2	 3	 4	sample55	494	2036	514	61680	0	
2	 2	 3	 5	sample55	45.4	1843	0	71920	0	
2	 2	 3	 6	control	-115.09	1683	-255.99	71920	0	
2	 2	 4	 1	sample56	2613	3897	2570	78324	0	
2	 2	 4	 2	sample56	2104	3388	2056	62916	0	
2	 2	 4	 3	sample56	1044	2328	1028	65484	0	
2	 2	 4	 4	sample56	412	1696	514	51360	0	
2	 2	 4	 5	sample56	392	1934	514	61680	0	
2	 2	 4	 6	control	1053	2595	1028	61680	0	
2	 3	 1	 1	sample57	2772	4570	2828	75516	0	
2	 3	 1	 2	sample57	1834	3376	1798	66306	0	
2	 3	 1	 3	sample57	1203	2745	1284	58596	0	
2	 3	 1	 4	sample57	1185	2469	1028	65484	0	
2	 3	 1	 5	sample57	849	2133	772	51360	0	
2	 3	 1	 6	control	386	1670	514	51360	0	
2	 3	 2	 1	sample58	1446	3244	1542	86304	0	
2	 3	 2	 2	sample58	1551	3093	1284	81726	0	
2	 3	 2	 3	sample58	1071	2613	1028	72474	0	
2	 3	 2	 4	sample58	816	2358	770	61680	0	
2	 3	 2	 5	sample58	391	1933	256	61680	0	
2	 3	 2	 6	control	2776	4060	3084	109140	0	
2	 3	 3	 1	sample59	3098	4896	3084	140244	0	
2	 3	 3	 2	sample59	3260	4802	3340	118734	0	
2	 3	 3	 3	sample59	2050	3592	2056	74016	0	
2	 3	 3	 4	sample59	1506	3048	1542	77100	0	
2	 3	 3	 5	sample59	963	2505	1028	80184	0	
2	 3	 3	 6	control	-51.89	1490	0	61680	0	
2	 3	 4	 1	sample60	2074	3616	2056	64764	0	
2	 3	 4	 2	sample60	893	2435	770	70932	0	
2	 3	 4	 3	sample60	578	2120	514	61680	0	
2	 3	 4	 4	sample60	308	1850	256	61680	0	
2	 3	 4	 5	sample60	334	1876	256	61680	0	
2	 3	 4	 6	control	423	1965	256	61680	0	
2	 4	 1	 1	sample61	2123	3923	2056	82800	0	
2	 4	 1	 2	sample61	1755	3555	1798	84600	0	
2	 4	 1	 3	sample61	1234	3034	1284	73800	0	
2	 4	 1	 4	sample61	1152	2694	1028	38550	0	
2	 4	 1	 5	sample61	534	2076	514	61680	0	
2	 4	 1	 6	control	110	1652	0	61680	0	
2	 4	 2	 1	sample62	1304	3104	1284	72000	0	
2	 4	 2	 2	sample62	1183	2983	1028	59400	0	
2	 4	 2	 3	sample62	636	2436	514	72000	0	
2	 4	 2	 4	sample62	525	2325	514	39600	0	
2	 4	 2	 5	sample62	237	2037	256	72000	0	
2	 4	 2	 6	control	2585	4127	2828	83268	0	
2	 4	 3	 1	sample63	1856	3656	1798	72000	0	
2	 4	 3	 2	sample63	2614	4414	2570	72000	0	
2	 4	 3	 3	sample63	1159	2959	1028	84600	0	
2	 4	 3	 4	sample63	832	2632	770	82800	0	
2	 4	 3	 5	sample63	314	2114	256	72000	0	
2	 4	 3	 6	control	174	1716	258	61680	0	
2	 4	 4	 1	sample64	475	2275	514	72000	0	
2	 4	 4	 2	sample64	725	2525	770	72000	0	
2	 4	 4	 3	sample64	584	2384	514	72000	0	
2	 4	 4	 4	sample64	173	1973	256	72000	0	
2	 4	 4	 5	sample64	502	2302	514	41400	0	
2	 4	 4	 6	control	231	2031	256	72000	0	
2	 5	 1	 1	sample65	3015	4299	2828	95016	0	
2	 5	 1	 2	sample65	2653	3937	2314	100152	0	
2	 5	 1	 3	sample65	2265	3549	2314	68052	0	
2	 5	 1	 4	sample65	1183	2467	1028	51360	0	
2	 5	 1	 5	sample65	552	2094	514	61680	0	
2	 5	 1	 6	control	154	1696	256	61680	0	
2	 5	 2	 1	sample66	1079	2621	1028	77100	0	
2	 5	 2	 2	sample66	1188	2472	1028	64200	0	
2	 5	 2	 3	sample66	334	1876	256	61680	0	
2	 5	 2	 4	sample66	495	1779	514	51360	0	
2	 5	 2	 5	sample66	-45.54	1496	0	61680	0	
2	 5	 2	 6	control	1871	3413	2056	49344	0	
2	 5	 3	 1	sample67	1818	3360	1798	103314	0	
2	 5	 3	 2	sample67	1290	2574	1286	66768	0	
2	 5	 3	 3	sample67	539	2081	514	61680	0	
2	 5	 3	 4	sample67	552	2094	514	61680	0	
2	 5	 3	 5	sample67	-186.69	1355	-257.99	61680	0	
2	 5	 3	 6	control	-122.59	1419	-257.99	61680	0	
2	 5	 4	 1	sample68	2429	3713	2314	51360	0	
2	 5	 4	 2	sample68	1102	2644	1028	69390	0	
2	 5	 4	 3	sample68	2024	3566	1798	75558	0	
2	 5	 4	 4	sample68	661	2203	514	61680	0	
2	 5	 4	 5	sample68	501	2043	514	61680	0	
2	 5	 4	 6	control	468	2010	256	61680	0	
2	 6	 1	 1	sample69	2028	3570	2056	101772	0	
2	 6	 1	 2	sample69	1330	2872	1284	78642	0	
2	 6	 1	 3	sample69	2184	3726	1284	55512	0	
2	 6	 1	 4	sample69	826	2368	770	78642	0	
2	 6	 1	 5	sample69	636	2178	514	61680	0	
2	 6	 1	 6	control	115	1657	0	61680	0	
2	 6	 2	 1	sample70	1003	2545	1028	81726	0	
2	 6	 2	 2	sample70	526	2068	514	61680	0	
2	 6	 2	 3	sample70	-64.89	1477	-257.99	61680	0	
2	 6	 2	 4	sample70	128	1670	0	61680	0	
2	 6	 2	 5	sample70	-295.99	1246	-257.99	61680	0	
2	 6	 2	 6	control	1357	2899	1284	114108	0	
2	 6	 3	 1	sample71	578	2120	514	55512	0	
2	 6	 3	 2	sample71	328	2126	258	71920	0	
2	 6	 3	 3	sample71	372	1914	256	61680	0	
2	 6	 3	 4	sample71	-108.74	1689	-255.99	71920	0	
2	 6	 3	 5	sample71	-257.49	1285	-257.99	61680	0	
2	 6	 3	 6	control	-96.79	1445	0	61680	0	
2	 6	 4	 1	sample72	3342	5140	2570	73718	0	
2	 6	 4	 2	sample72	1034	2832	1028	75516	0	
2	 6	 4	 3	sample72	766	2564	772	89900	0	
2	 6	 4	 4	sample72	559	2101	514	61680	0	
2	 6	 4	 5	sample72	552	2094	514	61680	0	
2	 6	 4	 6	control	629	2171	514	61680	0	
2	 7	 1	 1	sample73	1827	3627	1798	81000	0	
2	 7	 1	 2	sample73	1410	3210	1284	70200	0	
2	 7	 1	 3	sample73	687	2487	770	72000	0	
2	 7	 1	 4	sample73	537	2337	514	79200	0	
2	 7	 1	 5	sample73	218	2018	256	72000	0	
2	 7	 1	 6	control	302	1844	258	61680	0	
2	 7	 2	 1	sample74	2227	4027	1542	86400	0	
2	 7	 2	 2	sample74	1121	2921	1028	79200	0	
2	 7	 2	 3	sample74	192	1992	256	64800	0	
2	 7	 2	 4	sample74	564	2106	772	55512	0	
2	 7	 2	 5	sample74	522	2064	514	55512	0	
2	 7	 2	 6	control	1965	3765	2056	86400	0	
2	 7	 3	 1	sample75	196	1996	256	61200	0	
2	 7	 3	 2	sample75	186	1986	256	72000	0	
2	 7	 3	 3	sample75	335	1877	258	61680	0	
2	 7	 3	 4	sample75	128	1928	0	72000	0	
2	 7	 3	 5	sample75	219	1761	258	61680	0	
2	 7	 3	 6	control	-6.89	1793	0	72000	0	
2	 7	 4	 1	sample76	2013	3813	2056	75600	0	
2	 7	 4	 2	sample76	1214	3014	1284	72000	0	
2	 7	 4	 3	sample76	729	2529	770	77400	0	
2	 7	 4	 4	sample76	522	2064	258	55512	0	
2	 7	 4	 5	sample76	393	1935	258	55512	0	
2	 7	 4	 6	control	564	2106	514	40092	0	
2	 8	 1	 1	sample77	2417	4215	2314	129456	0	
2	 8	 1	 2	sample77	2330	4128	2056	138446	0	
2	 8	 1	 3	sample77	1339	3137	1286	86304	0	
2	 8	 1	 4	sample77	789	2587	772	80910	0	
2	 8	 1	 5	sample77	629	2171	514	61680	0	
2	 8	 1	 6	control	250	1792	256	61680	0	
2	 8	 2	 1	sample78	806	2862	770	104856	0	
2	 8	 2	 2	sample78	347	2145	514	71920	0	
2	 8	 2	 3	sample78	45.6	1844	0	71920	0	
2	 8	 2	 4	sample78	116	1914	258	71920	0	
2	 8	 2	 5	sample78	219	2017	258	71920	0	
2	 8	 2	 6	control	1396	3194	1286	116870	0	
2	 8	 3	 1	sample79	2089	4145	1798	158312	0	
2	 8	 3	 2	sample79	1752	3808	1542	102800	0	
2	 8	 3	 3	sample79	1436	3234	1542	82708	0	
2	 8	 3	 4	sample79	841	2897	770	82240	0	
2	 8	 3	 5	sample79	205	2261	256	82240	0	
2	 8	 3	 6	control	193	1991	258	71920	0	
2	 8	 4	 1	sample80	1489	3545	1542	100744	0	
2	 8	 4	 2	sample80	599	2655	514	92520	0	
2	 8	 4	 3	sample80	470	2526	514	84296	0	
2	 8	 4	 4	sample80	652	2450	514	73718	0	
2	 8	 4	 5	sample80	378	2434	256	39064	0	
2	 8	 4	 6	control	820	2618	772	37758	0	
2	 9	 1	 1	sample81	1560	3102	1542	67848	0	
2	 9	 1	 2	sample81	1194	2736	1028	69390	0	
2	 9	 1	 3	sample81	858	2400	772	104856	0	
2	 9	 1	 4	sample81	538	2080	514	67848	0	
2	 9	 1	 5	sample81	559	1845	514	51440	0	
2	 9	 1	 6	control	154	1440	256	51440	0	
2	 9	 2	 1	sample82	1378	2920	1286	111024	0	
2	 9	 2	 2	sample82	1760	3302	1800	100230	0	
2	 9	 2	 3	sample82	1319	2861	1286	117192	0	
2	 9	 2	 4	sample82	1113	2399	1028	54012	0	
2	 9	 2	 5	sample82	752	2038	770	52726	0	
2	 9	 2	 6	control	1561	2847	1542	69444	0	
2	 9	 3	 1	sample83	1673	3215	1800	87894	0	
2	 9	 3	 2	sample83	1178	2720	1028	111024	0	
2	 9	 3	 3	sample83	1156	2442	1284	54012	0	
2	 9	 3	 4	sample83	737	2023	770	39866	0	
2	 9	 3	 5	sample83	458	1744	514	47582	0	
2	 9	 3	 6	control	-32.54	1253	0	51440	0	
2	 9	 4	 1	sample84	1643	3185	1542	114108	0	
2	 9	 4	 2	sample84	1044	2586	1028	52428	0	
2	 9	 4	 3	sample84	472	2014	514	75558	0	
2	 9	 4	 4	sample84	213	1755	258	61680	0	
2	 9	 4	 5	sample84	245	1787	258	61680	0	
2	 9	 4	 6	control	424	1710	514	51440	0	
2	 10	 1	 1	sample85	1227	3797	1284	115650	0	
2	 10	 1	 2	sample85	1280	3592	1286	108664	0	
2	 10	 1	 3	sample85	857	3169	1028	83232	0	
2	 10	 1	 4	sample85	495	2807	514	92480	0	
2	 10	 1	 5	sample85	463	2775	514	57800	0	
2	 10	 1	 6	control	265	2577	258	83232	0	
2	 10	 2	 1	sample86	1417	3729	1286	108664	0	
2	 10	 2	 2	sample86	971	3283	772	92480	0	
2	 10	 2	 3	sample86	579	2891	514	83232	0	
2	 10	 2	 4	sample86	386	2698	514	83232	0	
2	 10	 2	 5	sample86	372	2684	258	83232	0	
2	 10	 2	 6	control	1247	3559	1286	92480	0	
2	 10	 3	 1	sample87	1016	3586	1028	118220	0	
2	 10	 3	 2	sample87	630	3200	256	84810	0	
2	 10	 3	 3	sample87	634	2946	514	104040	0	
2	 10	 3	 4	sample87	315	2627	258	83232	0	
2	 10	 3	 5	sample87	22	2334	0	83232	0	
2	 10	 3	 6	control	45.9	2358	0	78608	0	
2	 10	 4	 1	sample88	953	3523	770	79670	0	
2	 10	 4	 2	sample88	619	3189	514	56540	0	
2	 10	 4	 3	sample88	309	2621	258	92480	0	
2	 10	 4	 4	sample88	669	2981	514	34680	0	
2	 10	 4	 5	sample88	64.7	2377	258	92480	0	
2	 10	 4	 6	control	250	2562	258	83232	0	
2	 11	 1	 1	sample89	2094	3892	2056	86304	0	
2	 11	 1	 2	sample89	1357	3413	1284	94576	0	
2	 11	 1	 3	sample89	1121	3177	1284	90464	0	
2	 11	 1	 4	sample89	691	2747	770	92520	0	
2	 11	 1	 5	sample89	754	2552	772	26970	0	
2	 11	 1	 6	control	308	1850	256	61680	0	
2	 11	 2	 1	sample90	1339	3137	1286	95294	0	
2	 11	 2	 2	sample90	1280	3078	1286	86304	0	
2	 11	 2	 3	sample90	907	2705	1028	71920	0	
2	 11	 2	 4	sample90	440	2496	514	86352	0	
2	 11	 2	 5	sample90	624	2422	514	71920	0	
2	 11	 2	 6	control	1272	3070	1028	167214	0	
2	 11	 3	 1	sample91	2251	4049	2314	88102	0	
2	 11	 3	 2	sample91	1161	3217	1284	98688	0	
2	 11	 3	 3	sample91	851	2907	770	98688	0	
2	 11	 3	 4	sample91	2013	4069	1542	86352	0	
2	 11	 3	 5	sample91	315	2113	258	71920	0	
2	 11	 3	 6	control	19.8	1818	0	71920	0	
2	 11	 4	 1	sample92	1379	3177	1286	84506	0	
2	 11	 4	 2	sample92	851	2649	772	75516	0	
2	 11	 4	 3	sample92	874	2672	1028	71920	0	
2	 11	 4	 4	sample92	605	2403	772	61132	0	
2	 11	 4	 5	sample92	626	2424	514	41354	0	
2	 11	 4	 6	control	1080	2878	1028	62930	0	
2	 12	 1	 1	sample93	1142	2428	1028	60442	0	
2	 12	 1	 2	sample93	1124	2410	1028	72016	0	
2	 12	 1	 3	sample93	1131	2417	1028	60442	0	
2	 12	 1	 4	sample93	805	2091	770	47582	0	
2	 12	 1	 5	sample93	650	1936	514	57870	0	
2	 12	 1	 6	control	431	1973	514	61680	0	
2	 12	 2	 1	sample94	1099	2641	1028	61680	0	
2	 12	 2	 2	sample94	1088	2630	1028	106398	0	
2	 12	 2	 3	sample94	1844	3130	1798	21862	0	
2	 12	 2	 4	sample94	976	2518	1028	67848	0	
2	 12	 2	 5	sample94	730	2272	514	67848	0	
2	 12	 2	 6	control	2520	4320	2570	55800	0	
2	 12	 3	 1	sample95	2131	3673	1800	95604	0	
2	 12	 3	 2	sample95	1339	2881	1542	74016	0	
2	 12	 3	 3	sample95	1214	2756	1286	72474	0	
2	 12	 3	 4	sample95	849	2391	772	66306	0	
2	 12	 3	 5	sample95	341	1883	258	61680	0	
2	 12	 3	 6	control	193	1735	258	61680	0	
2	 12	 4	 1	sample96	2086	3628	2056	92520	0	
2	 12	 4	 2	sample96	1354	2896	1542	63222	0	
2	 12	 4	 3	sample96	1179	2721	1286	63222	0	
2	 12	 4	 4	sample96	859	2401	772	67848	0	
2	 12	 4	 5	sample96	557	2099	514	64764	0	
2	 12	 4	 6	control	2127	3927	2056	32400	0	
3	 1	 1	 1	sample97	1784	3068	1542	107856	0	
3	 1	 1	 2	sample97	1518	2802	1542	68052	0	
3	 1	 1	 3	sample97	791	2333	514	77100	0	
3	 1	 1	 4	sample97	587	2129	514	75558	0	
3	 1	 1	 5	sample97	652	2194	770	40092	0	
3	 1	 1	 6	control	51.9	1850	0	71920	0	
3	 1	 2	 1	sample98	2078	3362	2056	92448	0	
3	 1	 2	 2	sample98	1431	2715	1286	68052	0	
3	 1	 2	 3	sample98	476	1760	514	51360	0	
3	 1	 2	 4	sample98	71.2	1355	0	51360	0	
3	 1	 2	 5	sample98	6.9	1291	0	51360	0	
3	 1	 2	 6	control	745	2287	770	61680	0	
3	 1	 3	 1	sample99	1302	2330	1284	45232	0	
3	 1	 3	 2	sample99	335	1619	258	51360	0	
3	 1	 3	 3	sample99	431	1715	258	51360	0	
3	 1	 3	 4	sample99	857	2141	772	61632	0	
3	 1	 3	 5	sample99	-140.79	1143	0	51360	0	
3	 1	 3	 6	control	-77.44	1465	0	61680	0	
3	 1	 4	 1	sample100	1655	2683	1542	88408	0	
3	 1	 4	 2	sample100	937	2221	1028	61632	0	
3	 1	 4	 3	sample100	489	1773	514	51360	0	
3	 1	 4	 4	sample100	64.9	1349	0	51360	0	
3	 1	 4	 5	sample100	533	1817	514	52644	0	
3	 1	 4	 6	control	734	2276	770	64764	0	
3	 2	 1	 1	sample101	1178	2976	1028	89900	0	
3	 2	 1	 2	sample101	141	2197	0	82240	0	
3	 2	 1	 3	sample101	212	2268	0	82240	0	
3	 2	 1	 4	sample101	366	2422	256	82240	0	
3	 2	 1	 5	sample101	135	2447	0	92480	0	
3	 2	 1	 6	control	13.3	2325	0	92480	0	
3	 2	 2	 1	sample102	-166.54	1631	-255.99	71920	0	
3	 2	 2	 2	sample102	-288.64	1509	-255.99	71920	0	
3	 2	 2	 3	sample102	-783.34	1015	-769.99	71920	0	
3	 2	 2	 4	sample102	-320.94	1477	-513.99	71920	0	
3	 2	 2	 5	sample102	-103.34	1953	0	82240	0	
3	 2	 2	 6	control	1805	3861	1798	162424	0	
3	 2	 3	 1	sample103	2225	4023	2570	145638	0	
3	 2	 3	 2	sample103	1450	3248	1542	134850	0	
3	 2	 3	 3	sample103	1217	3015	1286	120466	0	
3	 2	 3	 4	sample103	1013	2811	1028	91698	0	
3	 2	 3	 5	sample103	541	2339	514	88102	0	
3	 2	 3	 6	control	-89.39	1709	0	71920	0	
3	 2	 4	 1	sample104	1501	3043	1284	148032	0	
3	 2	 4	 2	sample104	1259	2801	1284	78642	0	
3	 2	 4	 3	sample104	1076	2618	1028	81726	0	
3	 2	 4	 4	sample104	327	1869	256	61680	0	
3	 2	 4	 5	sample104	481	2023	514	61680	0	
3	 2	 4	 6	control	816	2358	770	78642	0	
3	 3	 1	 1	sample105	1847	3903	1800	166536	0	
3	 3	 1	 2	sample105	1373	3429	1286	102800	0	
3	 3	 1	 3	sample105	1120	2920	1028	95400	0	
3	 3	 1	 4	sample105	750	2550	770	90000	0	
3	 3	 1	 5	sample105	645	2445	514	91800	0	
3	 3	 1	 6	control	-134.54	1921	0	82240	0	
3	 3	 2	 1	sample106	1770	3570	1284	165600	0	
3	 3	 2	 2	sample106	1376	3176	1028	162000	0	
3	 3	 2	 3	sample106	776	2576	770	86400	0	
3	 3	 2	 4	sample106	269	2069	256	72000	0	
3	 3	 2	 5	sample106	276	2076	256	72000	0	
3	 3	 2	 6	control	1746	3546	1798	158400	0	
3	 3	 3	 1	sample107	1707	3249	1542	77100	0	
3	 3	 3	 2	sample107	1324	2866	1286	72474	0	
3	 3	 3	 3	sample107	514	2056	514	61680	0	
3	 3	 3	 4	sample107	610	2152	514	78642	0	
3	 3	 3	 5	sample107	-153.64	1388	-255.99	61680	0	
3	 3	 3	 6	control	-167.69	1632	-257.99	72000	0	
3	 3	 4	 1	sample108	1932	3474	1800	140322	0	
3	 3	 4	 2	sample108	1034	2576	1028	78642	0	
3	 3	 4	 3	sample108	895	2437	772	80184	0	
3	 3	 4	 4	sample108	444	1986	258	50886	0	
3	 3	 4	 5	sample108	258	1800	258	61680	0	
3	 3	 4	 6	control	522	2064	514	50886	0	
3	 4	 1	 1	sample109	1755	3811	1800	154200	0	
3	 4	 1	 2	sample109	2624	4680	2314	178872	0	
3	 4	 1	 3	sample109	2036	4092	2056	100744	0	
3	 4	 1	 4	sample109	917	2973	772	108968	0	
3	 4	 1	 5	sample109	770	2570	770	72000	0	
3	 4	 1	 6	control	218	2018	256	72000	0	
3	 4	 2	 1	sample110	2006	3806	2312	131400	0	
3	 4	 2	 2	sample110	1434	3490	1286	145976	0	
3	 4	 2	 3	sample110	1213	3013	1284	90000	0	
3	 4	 2	 4	sample110	709	2509	770	90000	0	
3	 4	 2	 5	sample110	391	2191	256	72000	0	
3	 4	 2	 6	control	1757	3557	1542	154800	0	
3	 4	 3	 1	sample111	1783	3583	1798	153000	0	
3	 4	 3	 2	sample111	2071	3871	2312	115200	0	
3	 4	 3	 3	sample111	1225	3025	1028	93600	0	
3	 4	 3	 4	sample111	949	2749	1028	82800	0	
3	 4	 3	 5	sample111	237	2037	256	72000	0	
3	 4	 3	 6	control	-77.49	1723	0	72000	0	
3	 4	 4	 1	sample112	722	2264	514	55512	0	
3	 4	 4	 2	sample112	1145	2687	1028	81726	0	
3	 4	 4	 3	sample112	977	2519	1028	77100	0	
3	 4	 4	 4	sample112	457	1999	514	61680	0	
3	 4	 4	 5	sample112	179	1979	256	72000	0	
3	 4	 4	 6	control	604	2146	514	61680	0	
3	 5	 1	 1	sample113	1586	3642	1542	158312	0	
3	 5	 1	 2	sample113	1394	3450	1028	199432	0	
3	 5	 1	 3	sample113	953	3009	1028	104856	0	
3	 5	 1	 4	sample113	868	2924	772	82240	0	
3	 5	 1	 5	sample113	521	2577	514	82240	0	
3	 5	 1	 6	control	142	2198	258	82240	0	
3	 5	 2	 1	sample114	1370	3426	1286	106912	0	
3	 5	 2	 2	sample114	1328	3128	1284	84600	0	
3	 5	 2	 3	sample114	525	2581	514	104856	0	
3	 5	 2	 4	sample114	77.5	2134	0	82240	0	
3	 5	 2	 5	sample114	-288.54	1767	-255.99	82240	0	
3	 5	 2	 6	control	1439	3495	1286	158312	0	
3	 5	 3	 1	sample115	1108	2908	1028	86400	0	
3	 5	 3	 2	sample115	199	1999	256	72000	0	
3	 5	 3	 3	sample115	455	2255	514	79200	0	
3	 5	 3	 4	sample115	276	2076	256	72000	0	
3	 5	 3	 5	sample115	-217.99	1838	-255.99	82240	0	
3	 5	 3	 6	control	-481.34	1575	-513.99	82240	0	
3	 5	 4	 1	sample116	206	1748	514	61680	0	
3	 5	 4	 2	sample116	346	2146	256	72000	0	
3	 5	 4	 3	sample116	398	2198	514	72000	0	
3	 5	 4	 4	sample116	613	2413	514	32400	0	
3	 5	 4	 5	sample116	440	2240	514	37800	0	
3	 5	 4	 6	control	807	2863	772	88408	0	
3	 6	 1	 1	sample117	1901	3957	1542	143920	0	
3	 6	 1	 2	sample117	1733	3789	1542	137752	0	
3	 6	 1	 3	sample117	1137	2935	1028	93496	0	
3	 6	 1	 4	sample117	497	2553	514	98688	0	
3	 6	 1	 5	sample117	698	2496	772	75516	0	
3	 6	 1	 6	control	180	1978	0	71920	0	
3	 6	 2	 1	sample118	553	2351	514	71920	0	
3	 6	 2	 2	sample118	232	2030	258	71920	0	
3	 6	 2	 3	sample118	-423.49	1375	-255.99	71920	0	
3	 6	 2	 4	sample118	64.5	1863	0	71920	0	
3	 6	 2	 5	sample118	71.1	1869	0	71920	0	
3	 6	 2	 6	control	1430	3228	1542	115072	0	
3	 6	 3	 1	sample119	1568	3366	1542	71920	0	
3	 6	 3	 2	sample119	796	2594	772	77314	0	
3	 6	 3	 3	sample119	508	2306	514	71920	0	
3	 6	 3	 4	sample119	386	2184	258	71920	0	
3	 6	 3	 5	sample119	51.8	1850	0	71920	0	
3	 6	 3	 6	control	-127.99	1670	0	71920	0	
3	 6	 4	 1	sample120	1201	2999	1286	104284	0	
3	 6	 4	 2	sample120	765	2563	772	66526	0	
3	 6	 4	 3	sample120	380	2178	258	71920	0	
3	 6	 4	 4	sample120	180	1978	0	71920	0	
3	 6	 4	 5	sample120	649	2191	770	29298	0	
3	 6	 4	 6	control	474	2272	514	68324	0	
3	 7	 1	 1	sample121	1902	3444	2056	107940	0	
3	 7	 1	 2	sample121	1621	3163	1542	126444	0	
3	 7	 1	 3	sample121	1141	2683	1286	74016	0	
3	 7	 1	 4	sample121	536	2078	514	74016	0	
3	 7	 1	 5	sample121	526	2068	514	69390	0	
3	 7	 1	 6	control	193	1735	258	61680	0	
3	 7	 2	 1	sample122	1178	2720	1286	77100	0	
3	 7	 2	 2	sample122	836	2122	770	65586	0	
3	 7	 2	 3	sample122	327	1613	256	51440	0	
3	 7	 2	 4	sample122	218	1504	256	51440	0	
3	 7	 2	 5	sample122	295	1581	256	51440	0	
3	 7	 2	 6	control	2141	3427	2312	38580	0	
3	 7	 3	 1	sample123	1408	2694	1284	99022	0	
3	 7	 3	 2	sample123	1027	2313	1028	99022	0	
3	 7	 3	 3	sample123	688	1974	770	64300	0	
3	 7	 3	 4	sample123	212	1498	256	51440	0	
3	 7	 3	 5	sample123	-135.44	1151	-257.99	51440	0	
3	 7	 3	 6	control	-186.79	1099	-257.99	51440	0	
3	 7	 4	 1	sample124	2589	3875	2312	50154	0	
3	 7	 4	 2	sample124	952	2238	770	122170	0	
3	 7	 4	 3	sample124	877	2163	770	68158	0	
3	 7	 4	 4	sample124	514	1542	514	41120	0	
3	 7	 4	 5	sample124	271	1557	256	45010	0	
3	 7	 4	 6	control	410	1696	256	60442	0	
3	 8	 1	 1	sample125	4000	6314	4368	122642	0	
3	 8	 1	 2	sample125	3430	5744	3084	185120	0	
3	 8	 1	 3	sample125	2447	4503	2570	106912	0	
3	 8	 1	 4	sample125	1363	3419	1542	82240	0	
3	 8	 1	 5	sample125	1048	3104	1028	82240	0	
3	 8	 1	 6	control	-82.99	1973	0	82240	0	
3	 8	 2	 1	sample126	2794	4850	3084	125416	0	
3	 8	 2	 2	sample126	2632	4688	2828	137752	0	
3	 8	 2	 3	sample126	1983	4039	2056	100744	0	
3	 8	 2	 4	sample126	1084	3140	1028	94576	0	
3	 8	 2	 5	sample126	733	2789	772	82240	0	
3	 8	 2	 6	control	2017	3817	2056	131400	0	
3	 8	 3	 1	sample127	1689	3489	1798	72000	0	
3	 8	 3	 2	sample127	276	2076	256	72000	0	
3	 8	 3	 3	sample127	385	2185	256	72000	0	
3	 8	 3	 4	sample127	424	2224	514	72000	0	
3	 8	 3	 5	sample127	340	2140	256	72000	0	
3	 8	 3	 6	control	-128.89	1671	0	72000	0	
3	 8	 4	 1	sample128	1610	3410	1542	61200	0	
3	 8	 4	 2	sample128	494	2294	514	72000	0	
3	 8	 4	 3	sample128	707	2249	772	61680	0	
3	 8	 4	 4	sample128	301	2101	256	72000	0	
3	 8	 4	 5	sample128	572	2114	514	61680	0	
3	 8	 4	 6	control	778	2320	772	61680	0	
3	 9	 1	 1	sample129	1443	3499	1286	170648	0	
3	 9	 1	 2	sample129	1158	3214	1028	199432	0	
3	 9	 1	 3	sample129	849	2905	772	102800	0	
3	 9	 1	 4	sample129	539	2339	514	72000	0	
3	 9	 1	 5	sample129	411	2211	256	72000	0	
3	 9	 1	 6	control	173	1973	0	72000	0	
3	 9	 2	 1	sample130	2036	3836	2056	117000	0	
3	 9	 2	 2	sample130	2131	3931	2056	117000	0	
3	 9	 2	 3	sample130	1481	3281	1284	144000	0	
3	 9	 2	 4	sample130	546	2346	514	72000	0	
3	 9	 2	 5	sample130	680	2480	770	72000	0	
3	 9	 2	 6	control	1298	3098	1284	136800	0	
3	 9	 3	 1	sample131	611	2411	770	66600	0	
3	 9	 3	 2	sample131	77.8	1620	258	61680	0	
3	 9	 3	 3	sample131	102	1902	0	72000	0	
3	 9	 3	 4	sample131	237	2037	256	72000	0	
3	 9	 3	 5	sample131	-70.14	1472	0	61680	0	
3	 9	 3	 6	control	96.7	1639	0	61680	0	
3	 9	 4	 1	sample132	2632	4432	2312	140400	0	
3	 9	 4	 2	sample132	1568	3110	1286	78642	0	
3	 9	 4	 3	sample132	1247	2789	1286	61680	0	
3	 9	 4	 4	sample132	611	2153	514	61680	0	
3	 9	 4	 5	sample132	527	2069	514	61680	0	
3	 9	 4	 6	control	587	2129	514	70932	0	
3	 10	 1	 1	sample133	3797	5853	3340	137752	0	
3	 10	 1	 2	sample133	3711	5767	3854	106912	0	
3	 10	 1	 3	sample133	1956	3754	1800	91698	0	
3	 10	 1	 4	sample133	1383	2925	1542	80184	0	
3	 10	 1	 5	sample133	1003	2545	1284	64764	0	
3	 10	 1	 6	control	212	1754	256	61680	0	
3	 10	 2	 1	sample134	2185	3983	2056	75516	0	
3	 10	 2	 2	sample134	1513	3311	1542	93496	0	
3	 10	 2	 3	sample134	624	2422	514	71920	0	
3	 10	 2	 4	sample134	513	2055	514	61680	0	
3	 10	 2	 5	sample134	571	2113	514	61680	0	
3	 10	 2	 6	control	1596	3138	1798	117192	0	
3	 10	 3	 1	sample135	1608	3406	1800	70122	0	
3	 10	 3	 2	sample135	1323	3121	1286	61132	0	
3	 10	 3	 3	sample135	578	2120	514	55512	0	
3	 10	 3	 4	sample135	378	1920	256	55512	0	
3	 10	 3	 5	sample135	129	1413	258	46224	0	
3	 10	 3	 6	control	50.6	1335	0	46224	0	
3	 10	 4	 1	sample136	2204	4002	2314	84506	0	
3	 10	 4	 2	sample136	1445	3243	1286	95294	0	
3	 10	 4	 3	sample136	1049	2591	1028	55512	0	
3	 10	 4	 4	sample136	471	2013	514	55512	0	
3	 10	 4	 5	sample136	356	1898	256	55512	0	
3	 10	 4	 6	control	663	2205	514	55512	0	
3	 11	 1	 1	sample137	1804	3090	2056	110596	0	
3	 11	 1	 2	sample137	1411	2697	1542	68158	0	
3	 11	 1	 3	sample137	1199	2485	1284	57870	0	
3	 11	 1	 4	sample137	886	2172	770	51440	0	
3	 11	 1	 5	sample137	713	1999	770	51440	0	
3	 11	 1	 6	control	404	1690	256	51440	0	
3	 11	 2	 1	sample138	1178	2464	1284	59156	0	
3	 11	 2	 2	sample138	1393	2679	1284	57870	0	
3	 11	 2	 3	sample138	891	2177	770	63014	0	
3	 11	 2	 4	sample138	571	1857	514	51440	0	
3	 11	 2	 5	sample138	539	1825	514	51440	0	
3	 11	 2	 6	control	1888	3174	2056	84876	0	
3	 11	 3	 1	sample139	1114	2142	1028	37008	0	
3	 11	 3	 2	sample139	1111	2139	1028	51400	0	
3	 11	 3	 3	sample139	508	1536	514	41120	0	
3	 11	 3	 4	sample139	488	1774	514	51440	0	
3	 11	 3	 5	sample139	180	1466	256	51440	0	
3	 11	 3	 6	control	250	1536	256	51440	0	
3	 11	 4	 1	sample140	952	2238	770	43724	0	
3	 11	 4	 2	sample140	468	1754	514	51440	0	
3	 11	 4	 3	sample140	456	1742	514	51440	0	
3	 11	 4	 4	sample140	430	1716	514	47582	0	
3	 11	 4	 5	sample140	569	1855	514	18004	0	
3	 11	 4	 6	control	1215	2501	1284	47582	0	
3	 12	 1	 1	sample141	1917	3973	1800	98688	0	
3	 12	 1	 2	sample141	1334	3390	1286	86352	0	
3	 12	 1	 3	sample141	669	2983	514	111072	0	
3	 12	 1	 4	sample141	489	2803	514	97188	0	
3	 12	 1	 5	sample141	148	2462	0	92560	0	
3	 12	 1	 6	control	360	2416	258	82240	0	
3	 12	 2	 1	sample142	2631	4687	2570	104856	0	
3	 12	 2	 2	sample142	2056	4370	2056	101816	0	
3	 12	 2	 3	sample142	1134	3448	1284	106444	0	
3	 12	 2	 4	sample142	911	3225	770	97188	0	
3	 12	 2	 5	sample142	610	2924	514	92560	0	
3	 12	 2	 6	control	2242	4556	2312	76362	0	
3	 12	 3	 1	sample143	2702	4758	2570	96632	0	
3	 12	 3	 2	sample143	1612	3926	1798	118014	0	
3	 12	 3	 3	sample143	1384	3698	1284	83304	0	
3	 12	 3	 4	sample143	985	3041	1028	84296	0	
3	 12	 3	 5	sample143	322	2378	258	74016	0	
3	 12	 3	 6	control	-92.55	1963	0	74016	0	
3	 12	 4	 1	sample144	1489	3289	1542	79200	0	
3	 12	 4	 2	sample144	476	2276	256	61200	0	
3	 12	 4	 3	sample144	13.8	1814	0	64800	0	
3	 12	 4	 4	sample144	620	2676	514	90464	0	
3	 12	 4	 5	sample144	464	2264	514	64800	0	
3	 12	 4	 6	control	836	2892	772	74016	0	
4	 1	 1	 1	sample145	1877	4447	2056	136210	0	
4	 1	 1	 2	sample145	1087	3657	1028	136210	0	
4	 1	 1	 3	sample145	938	3252	770	92560	0	
4	 1	 1	 4	sample145	464	3034	514	105370	0	
4	 1	 1	 5	sample145	713	3027	770	113386	0	
4	 1	 1	 6	control	-13.44	2301	0	92560	0	
4	 1	 2	 1	sample146	39.1	2609	0	102800	0	
4	 1	 2	 2	sample146	501	2815	514	92560	0	
4	 1	 2	 3	sample146	-212.49	2102	-257.99	92560	0	
4	 1	 2	 4	sample146	-392.34	1922	-513.99	92560	0	
4	 1	 2	 5	sample146	-540.29	1774	-513.99	92560	0	
4	 1	 2	 6	control	1305	3619	1284	173550	0	
4	 1	 3	 1	sample147	1416	3986	1286	187610	0	
4	 1	 3	 2	sample147	1252	3822	1286	118220	0	
4	 1	 3	 3	sample147	893	3207	770	101816	0	
4	 1	 3	 4	sample147	475	2789	514	92560	0	
4	 1	 3	 5	sample147	-32.69	2281	0	92560	0	
4	 1	 3	 6	control	-533.64	1780	-513.99	92560	0	
4	 1	 4	 1	sample148	2107	4421	2056	173550	0	
4	 1	 4	 2	sample148	507	2821	514	92560	0	
4	 1	 4	 3	sample148	-64.79	2249	0	92560	0	
4	 1	 4	 4	sample148	-90.34	2224	-257.99	92560	0	
4	 1	 4	 5	sample148	-424.54	1889	-513.99	92560	0	
4	 1	 4	 6	control	359	2673	256	92560	0	
4	 2	 1	 1	sample149	1073	2359	1028	79732	0	
4	 2	 1	 2	sample149	736	2022	770	66872	0	
4	 2	 1	 3	sample149	597	1883	514	63014	0	
4	 2	 1	 4	sample149	385	1671	514	51440	0	
4	 2	 1	 5	sample149	672	1958	770	16718	0	
4	 2	 1	 6	control	95.9	1382	0	51440	0	
4	 2	 2	 1	sample150	1611	2897	1542	100308	0	
4	 2	 2	 2	sample150	1175	2461	1028	102880	0	
4	 2	 2	 3	sample150	828	2114	770	51440	0	
4	 2	 2	 4	sample150	474	1760	514	50154	0	
4	 2	 2	 5	sample150	295	1581	256	51440	0	
4	 2	 2	 6	control	1813	3099	1798	68158	0	
4	 2	 3	 1	sample151	871	2157	770	59156	0	
4	 2	 3	 2	sample151	895	2181	770	42438	0	
4	 2	 3	 3	sample151	302	1588	256	51440	0	
4	 2	 3	 4	sample151	379	1665	256	51440	0	
4	 2	 3	 5	sample151	89.6	1376	0	51440	0	
4	 2	 3	 6	control	-44.49	1498	0	61680	0	
4	 2	 4	 1	sample152	1360	2646	1028	52726	0	
4	 2	 4	 2	sample152	608	1894	514	52726	0	
4	 2	 4	 3	sample152	567	1853	514	30864	0	
4	 2	 4	 4	sample152	250	1536	256	51440	0	
4	 2	 4	 5	sample152	95.9	1382	0	51440	0	
4	 2	 4	 6	control	539	1825	514	51440	0	
4	 3	 1	 1	sample153	2701	4499	2828	116870	0	
4	 3	 1	 2	sample153	2833	4631	2828	86304	0	
4	 3	 1	 3	sample153	1939	3737	1800	86304	0	
4	 3	 1	 4	sample153	1446	3244	1542	86304	0	
4	 3	 1	 5	sample153	894	2692	772	71920	0	
4	 3	 1	 6	control	-44.54	1753	0	71920	0	
4	 3	 2	 1	sample154	1391	3189	1286	79112	0	
4	 3	 2	 2	sample154	1555	3353	1542	75516	0	
4	 3	 2	 3	sample154	1153	2951	1028	55738	0	
4	 3	 2	 4	sample154	508	2306	514	71920	0	
4	 3	 2	 5	sample154	372	2428	514	82240	0	
4	 3	 2	 6	control	2808	4864	2826	197376	0	
4	 3	 3	 1	sample155	690	2488	772	68324	0	
4	 3	 3	 2	sample155	367	2165	258	71920	0	
4	 3	 3	 3	sample155	-185.84	1612	-255.99	71920	0	
4	 3	 3	 4	sample155	476	2274	514	71920	0	
4	 3	 3	 5	sample155	-154.84	1901	-257.99	82240	0	
4	 3	 3	 6	control	-167.44	1889	0	82240	0	
4	 3	 4	 1	sample156	1106	2648	1028	70932	0	
4	 3	 4	 2	sample156	482	2280	514	71920	0	
4	 3	 4	 3	sample156	-25.04	1773	0	71920	0	
4	 3	 4	 4	sample156	-76.59	1721	0	71920	0	
4	 3	 4	 5	sample156	6.95	1805	0	71920	0	
4	 3	 4	 6	control	720	2518	772	71920	0	
4	 4	 1	 1	sample157	906	2706	770	68400	0	
4	 4	 1	 2	sample157	178	1978	256	64800	0	
4	 4	 1	 3	sample157	235	2035	256	64800	0	
4	 4	 1	 4	sample157	547	2347	514	82800	0	
4	 4	 1	 5	sample157	356	2156	256	64800	0	
4	 4	 1	 6	control	56.6	1857	0	64800	0	
4	 4	 2	 1	sample158	1166	2966	1028	90000	0	
4	 4	 2	 2	sample158	1111	2911	1028	66600	0	
4	 4	 2	 3	sample158	314	2114	256	72000	0	
4	 4	 2	 4	sample158	231	2031	256	72000	0	
4	 4	 2	 5	sample158	199	1999	256	72000	0	
4	 4	 2	 6	control	1510	3310	1284	88200	0	
4	 4	 3	 1	sample159	1919	3719	2056	88200	0	
4	 4	 3	 2	sample159	836	2636	770	77400	0	
4	 4	 3	 3	sample159	449	2249	514	72000	0	
4	 4	 3	 4	sample159	366	2166	256	72000	0	
4	 4	 3	 5	sample159	76.7	1877	0	72000	0	
4	 4	 3	 6	control	37.9	1838	0	72000	0	
4	 4	 4	 1	sample160	1774	3316	1542	46260	0	
4	 4	 4	 2	sample160	372	1914	258	55512	0	
4	 4	 4	 3	sample160	-6.6	1535	0	55512	0	
4	 4	 4	 4	sample160	-156.55	1385	0	55512	0	
4	 4	 4	 5	sample160	243	1785	258	55512	0	
4	 4	 4	 6	control	814	2356	772	55512	0	
4	 5	 1	 1	sample161	2220	4276	2314	152144	0	
4	 5	 1	 2	sample161	1523	3579	1542	166536	0	
4	 5	 1	 3	sample161	1285	3341	1286	104856	0	
4	 5	 1	 4	sample161	805	2861	772	94576	0	
4	 5	 1	 5	sample161	399	2455	514	82240	0	
4	 5	 1	 6	control	-128.19	1928	0	82240	0	
4	 5	 2	 1	sample162	1572	3372	1542	108000	0	
4	 5	 2	 2	sample162	1198	2998	1284	127800	0	
4	 5	 2	 3	sample162	828	2628	514	72000	0	
4	 5	 2	 4	sample162	122	1922	0	72000	0	
4	 5	 2	 5	sample162	-198.69	1857	-255.99	82240	0	
4	 5	 2	 6	control	1293	3349	1286	148032	0	
4	 5	 3	 1	sample163	2021	4077	2056	162424	0	
4	 5	 3	 2	sample163	1465	3265	1542	84600	0	
4	 5	 3	 3	sample163	1082	2882	1028	93600	0	
4	 5	 3	 4	sample163	734	2534	770	90000	0	
4	 5	 3	 5	sample163	18.8	1819	0	72000	0	
4	 5	 3	 6	control	-462.04	1594	-513.99	82240	0	
4	 5	 4	 1	sample164	1597	3139	1542	72474	0	
4	 5	 4	 2	sample164	784	2326	772	61680	0	
4	 5	 4	 3	sample164	290	1832	258	61680	0	
4	 5	 4	 4	sample164	232	1774	258	61680	0	
4	 5	 4	 5	sample164	335	1877	258	61680	0	
4	 5	 4	 6	control	934	2476	772	46260	0	
4	 6	 1	 1	sample165	1663	4233	1542	125930	0	
4	 6	 1	 2	sample165	1122	3950	1028	130088	0	
4	 6	 1	 3	sample165	748	3318	772	56540	0	
4	 6	 1	 4	sample165	457	3027	514	102800	0	
4	 6	 1	 5	sample165	226	2796	258	102800	0	
4	 6	 1	 6	control	-230.79	2339	-255.99	102800	0	
4	 6	 2	 1	sample166	1559	4129	1542	120790	0	
4	 6	 2	 2	sample166	1164	3734	1286	97660	0	
4	 6	 2	 3	sample166	632	3202	514	95090	0	
4	 6	 2	 4	sample166	51.9	2622	0	102800	0	
4	 6	 2	 5	sample166	-115.04	2455	0	102800	0	
4	 6	 2	 6	control	1409	3723	1542	148096	0	
4	 6	 3	 1	sample167	1258	3828	1286	192750	0	
4	 6	 3	 2	sample167	989	3559	1028	118220	0	
4	 6	 3	 3	sample167	850	3164	770	104130	0	
4	 6	 3	 4	sample167	604	2918	514	118014	0	
4	 6	 3	 5	sample167	-71.14	2243	0	92560	0	
4	 6	 3	 6	control	-109.79	2204	-257.99	92560	0	
4	 6	 4	 1	sample168	1598	3654	1542	152144	0	
4	 6	 4	 2	sample168	993	3049	1028	88408	0	
4	 6	 4	 3	sample168	219	2275	258	82240	0	
4	 6	 4	 4	sample168	52	2108	0	82240	0	
4	 6	 4	 5	sample168	142	2198	258	82240	0	
4	 6	 4	 6	control	859	2915	772	84296	0	
4	 7	 1	 1	sample169	1543	3341	1286	79112	0	
4	 7	 1	 2	sample169	1674	3472	1542	77314	0	
4	 7	 1	 3	sample169	890	2688	772	89900	0	
4	 7	 1	 4	sample169	335	2133	258	71920	0	
4	 7	 1	 5	sample169	148	1946	258	71920	0	
4	 7	 1	 6	control	-147.39	1651	-255.99	71920	0	
4	 7	 2	 1	sample170	2124	3666	2056	104856	0	
4	 7	 2	 2	sample170	1840	3638	1800	115072	0	
4	 7	 2	 3	sample170	1346	2888	1284	77100	0	
4	 7	 2	 4	sample170	912	2454	770	75558	0	
4	 7	 2	 5	sample170	443	1985	514	61680	0	
4	 7	 2	 6	control	1966	3508	1798	61680	0	
4	 7	 3	 1	sample171	1297	3095	1286	80910	0	
4	 7	 3	 2	sample171	1301	2843	1284	70932	0	
4	 7	 3	 3	sample171	765	2307	770	67848	0	
4	 7	 3	 4	sample171	533	2075	514	61680	0	
4	 7	 3	 5	sample171	31.7	1574	0	61680	0	
4	 7	 3	 6	control	-38.99	1503	0	61680	0	
4	 7	 4	 1	sample172	1239	2781	1284	61680	0	
4	 7	 4	 2	sample172	475	2017	514	61680	0	
4	 7	 4	 3	sample172	160	1702	256	61680	0	
4	 7	 4	 4	sample172	179	1721	256	61680	0	
4	 7	 4	 5	sample172	245	1529	258	51360	0	
4	 7	 4	 6	control	581	2123	514	35466	0	
4	 8	 1	 1	sample173	1367	3423	1542	156256	0	
4	 8	 1	 2	sample173	938	2994	772	168592	0	
4	 8	 1	 3	sample173	816	2616	770	72000	0	
4	 8	 1	 4	sample173	544	2600	514	71960	0	
4	 8	 1	 5	sample173	557	2613	514	86352	0	
4	 8	 1	 6	control	186	1986	256	72000	0	
4	 8	 2	 1	sample174	1714	3514	1798	115200	0	
4	 8	 2	 2	sample174	1290	3090	1284	86400	0	
4	 8	 2	 3	sample174	565	2365	514	72000	0	
4	 8	 2	 4	sample174	531	2331	514	77400	0	
4	 8	 2	 5	sample174	413	2469	514	67848	0	
4	 8	 2	 6	control	1589	3389	1542	126000	0	
4	 8	 3	 1	sample175	1263	3063	1284	126000	0	
4	 8	 3	 2	sample175	750	2550	770	90000	0	
4	 8	 3	 3	sample175	424	2224	514	72000	0	
4	 8	 3	 4	sample175	231	2031	256	72000	0	
4	 8	 3	 5	sample175	-90.39	1710	0	72000	0	
4	 8	 3	 6	control	-154.69	1645	-257.99	72000	0	
4	 8	 4	 1	sample176	742	2284	772	66306	0	
4	 8	 4	 2	sample176	450	1992	514	61680	0	
4	 8	 4	 3	sample176	-115.09	1427	-255.99	61680	0	
4	 8	 4	 4	sample176	296	1838	258	61680	0	
4	 8	 4	 5	sample176	392	1934	258	61680	0	
4	 8	 4	 6	control	695	2495	770	30600	0	
4	 9	 1	 1	sample177	1952	3494	2056	103314	0	
4	 9	 1	 2	sample177	1029	2827	1028	125860	0	
4	 9	 1	 3	sample177	1052	2594	1028	81726	0	
4	 9	 1	 4	sample177	689	2231	770	63222	0	
4	 9	 1	 5	sample177	491	2033	514	69390	0	
4	 9	 1	 6	control	57.4	1599	0	61680	0	
4	 9	 2	 1	sample178	1729	3271	1798	97146	0	
4	 9	 2	 2	sample178	1655	3197	1542	90978	0	
4	 9	 2	 3	sample178	1174	2716	1028	78642	0	
4	 9	 2	 4	sample178	710	2252	770	78642	0	
4	 9	 2	 5	sample178	173	1715	256	61680	0	
4	 9	 2	 6	control	1463	3005	1542	95604	0	
4	 9	 3	 1	sample179	1388	2930	1542	111024	0	
4	 9	 3	 2	sample179	1318	3116	1286	71920	0	
4	 9	 3	 3	sample179	1162	2704	1284	61680	0	
4	 9	 3	 4	sample179	882	2424	1028	70932	0	
4	 9	 3	 5	sample179	263	1805	256	61680	0	
4	 9	 3	 6	control	-276.79	1265	-257.99	61680	0	
4	 9	 4	 1	sample180	1011	2553	1028	74016	0	
4	 9	 4	 2	sample180	879	2163	772	55212	0	
4	 9	 4	 3	sample180	-19.79	1522	0	61680	0	
4	 9	 4	 4	sample180	289	1831	256	61680	0	
4	 9	 4	 5	sample180	346	1888	256	61680	0	
4	 9	 4	 6	control	915	2199	1028	55212	0	
4	 10	 1	 1	sample181	1567	3109	1284	63222	0	
4	 10	 1	 2	sample181	1930	3472	1798	66306	0	
4	 10	 1	 3	sample181	1169	2711	1028	61680	0	
4	 10	 1	 4	sample181	832	2374	770	70932	0	
4	 10	 1	 5	sample181	482	2024	514	74016	0	
4	 10	 1	 6	control	38.3	1580	0	61680	0	
4	 10	 2	 1	sample182	1008	2550	1028	60138	0	
4	 10	 2	 2	sample182	1034	2318	1028	60348	0	
4	 10	 2	 3	sample182	619	2161	514	67848	0	
4	 10	 2	 4	sample182	568	2110	514	72474	0	
4	 10	 2	 5	sample182	526	2068	514	61680	0	
4	 10	 2	 6	control	1882	3424	1798	57054	0	
4	 10	 3	 1	sample183	1606	3148	1284	61680	0	
4	 10	 3	 2	sample183	1153	2695	1028	66306	0	
4	 10	 3	 3	sample183	992	2534	1028	66306	0	
4	 10	 3	 4	sample183	1003	2287	1028	25680	0	
4	 10	 3	 5	sample183	354	1638	258	51360	0	
4	 10	 3	 6	control	193	1477	258	51360	0	
4	 10	 4	 1	sample184	1220	2504	1028	60348	0	
4	 10	 4	 2	sample184	720	2004	772	51360	0	
4	 10	 4	 3	sample184	376	1918	256	23130	0	
4	 10	 4	 4	sample184	579	1863	514	25680	0	
4	 10	 4	 5	sample184	360	1644	258	51360	0	
4	 10	 4	 6	control	526	2068	514	61680	0	
4	 11	 1	 1	sample185	2180	4236	2312	135696	0	
4	 11	 1	 2	sample185	2031	4087	2056	106912	0	
4	 11	 1	 3	sample185	1591	3647	1542	106912	0	
4	 11	 1	 4	sample185	1009	3065	1028	84296	0	
4	 11	 1	 5	sample185	606	2662	514	96632	0	
4	 11	 1	 6	control	-77.54	1978	0	82240	0	
4	 11	 2	 1	sample186	1924	3980	1798	92520	0	
4	 11	 2	 2	sample186	1431	3487	1542	133640	0	
4	 11	 2	 3	sample186	1029	2827	1028	71920	0	
4	 11	 2	 4	sample186	759	2557	772	71920	0	
4	 11	 2	 5	sample186	322	2120	258	71920	0	
4	 11	 2	 6	control	1433	2975	1542	90978	0	
4	 11	 3	 1	sample187	1355	3411	1284	141864	0	
4	 11	 3	 2	sample187	1002	3058	1028	104856	0	
4	 11	 3	 3	sample187	1252	3050	1286	82708	0	
4	 11	 3	 4	sample187	811	2609	772	80910	0	
4	 11	 3	 5	sample187	391	1933	256	61680	0	
4	 11	 3	 6	control	-185.84	1098	-255.99	51360	0	
4	 11	 4	 1	sample188	1896	3694	2056	28768	0	
4	 11	 4	 2	sample188	1400	3198	1286	32364	0	
4	 11	 4	 3	sample188	630	2428	514	71920	0	
4	 11	 4	 4	sample188	277	2075	258	71920	0	
4	 11	 4	 5	sample188	462	2004	514	61680	0	
4	 11	 4	 6	control	816	2358	770	61680	0	
4	 12	 1	 1	sample189	675	2987	772	92480	0	
4	 12	 1	 2	sample189	579	2891	772	92480	0	
4	 12	 1	 3	sample189	534	2846	514	92480	0	
4	 12	 1	 4	sample189	76.6	2647	0	102800	0	
4	 12	 1	 5	sample189	141	2711	256	102800	0	
4	 12	 1	 6	control	174	3000	0	113040	0	
4	 12	 2	 1	sample190	1757	3813	1798	88408	0	
4	 12	 2	 2	sample190	1105	3161	1028	82240	0	
4	 12	 2	 3	sample190	321	2377	256	82240	0	
4	 12	 2	 4	sample190	405	2717	258	92480	0	
4	 12	 2	 5	sample190	386	2698	514	92480	0	
4	 12	 2	 6	control	732	3302	770	102800	0	
4	 12	 3	 1	sample191	5.95	1548	0	61680	0	
4	 12	 3	 2	sample191	141	1683	256	61680	0	
4	 12	 3	 3	sample191	141	1683	0	61680	0	
4	 12	 3	 4	sample191	-70.19	1728	0	71920	0	
4	 12	 3	 5	sample191	0.65	1799	0	71920	0	
4	 12	 3	 6	control	71.2	2383	0	92480	0	
4	 12	 4	 1	sample192	1376	3174	1286	61132	0	
4	 12	 4	 2	sample192	584	2126	514	61680	0	
4	 12	 4	 3	sample192	411	1953	514	61680	0	
4	 12	 4	 4	sample192	469	2011	514	61680	0	
4	 12	 4	 5	sample192	322	2120	258	71920	0	
4	 12	 4	 6	control	976	3288	772	78608	0	
