MicroVigene	 Version	 2501
Culture	en-US
9/27/2006 3:49:41 PM
Roi Row	 4	 Roi Col	 12	 Main Row	 4	 Main Col	 6	 Sub Row	 1	 Sub Col	 1
Main Row	 Main Col	 Sub Row	 Sub Col	  GeneID	mean_net	 mean_total	 median_net	 vol_bkg	 vol_dust	 
1	 1	 1	 1	sample1	714	2512	514	71920	0	
1	 1	 1	 2	sample1	964	2762	772	71920	0	
1	 1	 1	 3	sample1	321	2377	256	82240	0	
1	 1	 1	 4	sample1	456	2512	514	82240	0	
1	 1	 1	 5	sample1	405	2717	258	92480	0	
1	 1	 1	 6	control	335	2647	258	92480	0	
1	 1	 2	 1	sample2	347	1889	256	61680	0	
1	 1	 2	 2	sample2	952	2494	770	67848	0	
1	 1	 2	 3	sample2	676	2218	514	70932	0	
1	 1	 2	 4	sample2	444	2242	258	71920	0	
1	 1	 2	 5	sample2	488	2544	514	82240	0	
1	 1	 2	 6	control	883	2939	1028	98688	0	
1	 1	 3	 1	sample3	962	2246	772	84744	0	
1	 1	 3	 2	sample3	1095	2379	1028	59064	0	
1	 1	 3	 3	sample3	861	2145	772	55212	0	
1	 1	 3	 4	sample3	705	2247	514	60138	0	
1	 1	 3	 5	sample3	437	1979	256	61680	0	
1	 1	 3	 6	control	-134.34	1664	-255.99	71920	0	
1	 1	 4	 1	sample4	1185	2213	1028	58596	0	
1	 1	 4	 2	sample4	1152	2436	1028	34668	0	
1	 1	 4	 3	sample4	469	1753	514	51360	0	
1	 1	 4	 4	sample4	656	1940	514	51360	0	
1	 1	 4	 5	sample4	346	1888	256	66306	0	
1	 1	 4	 6	control	858	2400	514	63222	0	
1	 2	 1	 1	sample5	1347	3659	1286	115600	0	
1	 2	 1	 2	sample5	1099	3411	1028	108664	0	
1	 2	 1	 3	sample5	927	3239	772	110976	0	
1	 2	 1	 4	sample5	471	3041	514	123360	0	
1	 2	 1	 5	sample5	456	3026	514	102800	0	
1	 2	 1	 6	control	417	2987	514	102800	0	
1	 2	 2	 1	sample6	1261	3317	1284	67848	0	
1	 2	 2	 2	sample6	1151	3207	1028	47288	0	
1	 2	 2	 3	sample6	972	3028	770	104856	0	
1	 2	 2	 4	sample6	747	2803	770	90464	0	
1	 2	 2	 5	sample6	502	2814	258	92480	0	
1	 2	 2	 6	control	988	3558	770	66820	0	
1	 2	 3	 1	sample7	678	2476	772	158224	0	
1	 2	 3	 2	sample7	962	2760	772	48546	0	
1	 2	 3	 3	sample7	765	2563	772	71920	0	
1	 2	 3	 4	sample7	507	2563	514	82240	0	
1	 2	 3	 5	sample7	539	2595	256	82240	0	
1	 2	 3	 6	control	296	2608	258	92480	0	
1	 2	 4	 1	sample8	1113	2655	1028	69390	0	
1	 2	 4	 2	sample8	560	2358	514	61132	0	
1	 2	 4	 3	sample8	669	2467	514	53940	0	
1	 2	 4	 4	sample8	540	2338	514	71920	0	
1	 2	 4	 5	sample8	588	2644	514	49344	0	
1	 2	 4	 6	control	1220	3276	1028	49344	0	
1	 3	 1	 1	sample9	1070	3384	1028	155038	0	
1	 3	 1	 2	sample9	1220	3790	1028	110510	0	
1	 3	 1	 3	sample9	770	3598	770	135744	0	
1	 3	 1	 4	sample9	830	3400	772	113080	0	
1	 3	 1	 5	sample9	948	3518	1028	41120	0	
1	 3	 1	 6	control	823	3393	772	102800	0	
1	 3	 2	 1	sample10	844	2900	772	94576	0	
1	 3	 2	 2	sample10	654	3224	514	123360	0	
1	 3	 2	 3	sample10	728	3042	770	111072	0	
1	 3	 2	 4	sample10	700	2756	514	96632	0	
1	 3	 2	 5	sample10	636	2436	514	72000	0	
1	 3	 2	 6	control	1173	3487	1028	53222	0	
1	 3	 3	 1	sample11	816	2872	772	82240	0	
1	 3	 3	 2	sample11	693	3007	770	92560	0	
1	 3	 3	 3	sample11	574	2630	514	80184	0	
1	 3	 3	 4	sample11	534	2076	514	61680	0	
1	 3	 3	 5	sample11	558	1844	514	51440	0	
1	 3	 3	 6	control	405	1947	258	61680	0	
1	 3	 4	 1	sample12	1360	3416	1286	63736	0	
1	 3	 4	 2	sample12	729	2785	772	86352	0	
1	 3	 4	 3	sample12	711	2253	772	52428	0	
1	 3	 4	 4	sample12	436	1722	514	51440	0	
1	 3	 4	 5	sample12	600	1628	772	18504	0	
1	 3	 4	 6	control	482	1510	514	41120	0	
1	 4	 1	 1	sample13	991	3561	1028	107940	0	
1	 4	 1	 2	sample13	974	3544	770	110510	0	
1	 4	 1	 3	sample13	951	3263	1028	92480	0	
1	 4	 1	 4	sample13	772	3084	772	55488	0	
1	 4	 1	 5	sample13	899	2955	1028	32896	0	
1	 4	 1	 6	control	650	2706	514	65792	0	
1	 4	 2	 1	sample14	878	2934	1028	98688	0	
1	 4	 2	 2	sample14	1114	2912	1028	70122	0	
1	 4	 2	 3	sample14	1009	2807	1028	46748	0	
1	 4	 2	 4	sample14	870	2668	772	46748	0	
1	 4	 2	 5	sample14	598	2396	514	61132	0	
1	 4	 2	 6	control	636	2434	772	61132	0	
1	 4	 3	 1	sample15	710	2766	770	78128	0	
1	 4	 3	 2	sample15	466	2264	258	66526	0	
1	 4	 3	 3	sample15	539	2081	514	61680	0	
1	 4	 3	 4	sample15	314	1856	256	61680	0	
1	 4	 3	 5	sample15	490	2032	256	50886	0	
1	 4	 3	 6	control	515	1799	514	51360	0	
1	 4	 4	 1	sample16	702	2244	514	46260	0	
1	 4	 4	 2	sample16	616	2414	514	68324	0	
1	 4	 4	 3	sample16	295	1837	256	61680	0	
1	 4	 4	 4	sample16	540	1824	514	51360	0	
1	 4	 4	 5	sample16	495	1779	514	51360	0	
1	 4	 4	 6	control	553	2095	514	40092	0	
1	 5	 1	 1	sample17	891	3975	770	151116	0	
1	 5	 1	 2	sample17	747	3573	772	118692	0	
1	 5	 1	 3	sample17	598	3424	514	121518	0	
1	 5	 1	 4	sample17	560	3386	514	113040	0	
1	 5	 1	 5	sample17	328	3154	258	113040	0	
1	 5	 1	 6	control	277	3103	258	113040	0	
1	 5	 2	 1	sample18	592	3162	514	125930	0	
1	 5	 2	 2	sample18	513	3083	514	107940	0	
1	 5	 2	 3	sample18	617	2929	514	92480	0	
1	 5	 2	 4	sample18	527	2839	514	46240	0	
1	 5	 2	 5	sample18	386	2698	258	92480	0	
1	 5	 2	 6	control	515	2827	772	46240	0	
1	 5	 3	 1	sample19	1029	3341	1028	189584	0	
1	 5	 3	 2	sample19	678	2990	514	108664	0	
1	 5	 3	 3	sample19	2328	4640	1286	120224	0	
1	 5	 3	 4	sample19	573	2629	514	80184	0	
1	 5	 3	 5	sample19	456	2512	256	82240	0	
1	 5	 3	 6	control	147	2203	256	82240	0	
1	 5	 4	 1	sample20	430	3000	514	102800	0	
1	 5	 4	 2	sample20	367	2679	258	92480	0	
1	 5	 4	 3	sample20	393	2705	258	92480	0	
1	 5	 4	 4	sample20	469	2525	256	82240	0	
1	 5	 4	 5	sample20	366	2422	256	82240	0	
1	 5	 4	 6	control	302	2358	256	82240	0	
1	 6	 1	 1	sample21	611	2923	514	73984	0	
1	 6	 1	 2	sample21	693	3005	772	83232	0	
1	 6	 1	 3	sample21	329	2641	258	83232	0	
1	 6	 1	 4	sample21	225	2537	258	92480	0	
1	 6	 1	 5	sample21	219	2531	258	92480	0	
1	 6	 1	 6	control	359	2415	256	82240	0	
1	 6	 2	 1	sample22	955	2753	1028	37758	0	
1	 6	 2	 2	sample22	586	2384	514	77314	0	
1	 6	 2	 3	sample22	675	2473	514	71920	0	
1	 6	 2	 4	sample22	470	2268	514	52142	0	
1	 6	 2	 5	sample22	187	1985	0	71920	0	
1	 6	 2	 6	control	425	2223	258	71920	0	
1	 6	 3	 1	sample23	443	1985	514	61680	0	
1	 6	 3	 2	sample23	378	1920	256	61680	0	
1	 6	 3	 3	sample23	308	1850	256	61680	0	
1	 6	 3	 4	sample23	147	1689	256	61680	0	
1	 6	 3	 5	sample23	205	1747	256	61680	0	
1	 6	 3	 6	control	179	1721	0	61680	0	
1	 6	 4	 1	sample24	543	2085	514	40092	0	
1	 6	 4	 2	sample24	314	1856	256	61680	0	
1	 6	 4	 3	sample24	586	1870	514	46224	0	
1	 6	 4	 4	sample24	283	1567	258	51360	0	
1	 6	 4	 5	sample24	347	1631	258	29532	0	
1	 6	 4	 6	control	283	1567	258	51360	0	
1	 7	 1	 1	sample25	861	3689	770	144228	0	
1	 7	 1	 2	sample25	984	3812	770	166852	0	
1	 7	 1	 3	sample25	544	3372	514	144228	0	
1	 7	 1	 4	sample25	456	3284	256	113120	0	
1	 7	 1	 5	sample25	913	3741	770	50904	0	
1	 7	 1	 6	control	885	3713	770	50904	0	
1	 7	 2	 1	sample26	618	2932	514	97188	0	
1	 7	 2	 2	sample26	668	2982	514	92560	0	
1	 7	 2	 3	sample26	385	2699	514	50908	0	
1	 7	 2	 4	sample26	404	2718	256	92560	0	
1	 7	 2	 5	sample26	428	2742	256	111072	0	
1	 7	 2	 6	control	607	2921	514	101816	0	
1	 7	 3	 1	sample27	334	2390	258	82240	0	
1	 7	 3	 2	sample27	771	2827	772	41120	0	
1	 7	 3	 3	sample27	258	2314	258	82240	0	
1	 7	 3	 4	sample27	219	2275	258	82240	0	
1	 7	 3	 5	sample27	71.2	2127	0	82240	0	
1	 7	 3	 6	control	251	2307	258	82240	0	
1	 7	 4	 1	sample28	437	2493	514	82240	0	
1	 7	 4	 2	sample28	226	2282	258	82240	0	
1	 7	 4	 3	sample28	-127.89	1928	-255.99	82240	0	
1	 7	 4	 4	sample28	-166.54	1889	0	82240	0	
1	 7	 4	 5	sample28	84.1	2140	0	82240	0	
1	 7	 4	 6	control	219	2275	258	82240	0	
1	 8	 1	 1	sample29	800	3370	770	89950	0	
1	 8	 1	 2	sample29	1102	3672	1028	79670	0	
1	 8	 1	 3	sample29	1009	3579	770	69390	0	
1	 8	 1	 4	sample29	398	2968	256	102800	0	
1	 8	 1	 5	sample29	611	2923	514	92480	0	
1	 8	 1	 6	control	609	2921	514	69360	0	
1	 8	 2	 1	sample30	527	2839	514	92480	0	
1	 8	 2	 2	sample30	779	2835	514	63736	0	
1	 8	 2	 3	sample30	502	2814	258	48552	0	
1	 8	 2	 4	sample30	481	2537	256	82240	0	
1	 8	 2	 5	sample30	481	2537	256	82240	0	
1	 8	 2	 6	control	989	3045	1028	55512	0	
1	 8	 3	 1	sample31	962	2760	772	48546	0	
1	 8	 3	 2	sample31	821	2619	514	46748	0	
1	 8	 3	 3	sample31	617	2415	514	53940	0	
1	 8	 3	 4	sample31	335	2133	258	71920	0	
1	 8	 3	 5	sample31	290	2088	258	71920	0	
1	 8	 3	 6	control	508	2306	258	71920	0	
1	 8	 4	 1	sample32	833	2631	772	44950	0	
1	 8	 4	 2	sample32	463	2261	258	80910	0	
1	 8	 4	 3	sample32	429	2227	514	70122	0	
1	 8	 4	 4	sample32	475	2017	256	61680	0	
1	 8	 4	 5	sample32	475	2017	256	61680	0	
1	 8	 4	 6	control	481	2023	256	61680	0	
1	 9	 1	 1	sample33	816	2872	772	82240	0	
1	 9	 1	 2	sample33	849	2905	772	82240	0	
1	 9	 1	 3	sample33	604	2660	514	82240	0	
1	 9	 1	 4	sample33	637	2693	514	82240	0	
1	 9	 1	 5	sample33	540	2596	258	82240	0	
1	 9	 1	 6	control	534	2590	258	82240	0	
1	 9	 2	 1	sample34	795	2595	770	55800	0	
1	 9	 2	 2	sample34	744	2544	514	88200	0	
1	 9	 2	 3	sample34	1259	2801	1286	29298	0	
1	 9	 2	 4	sample34	1122	2664	1028	33924	0	
1	 9	 2	 5	sample34	481	2281	256	72000	0	
1	 9	 2	 6	control	1162	2962	1028	37800	0	
1	 9	 3	 1	sample35	716	2258	514	78642	0	
1	 9	 3	 2	sample35	597	2139	514	72474	0	
1	 9	 3	 3	sample35	550	2092	514	55512	0	
1	 9	 3	 4	sample35	392	1934	258	61680	0	
1	 9	 3	 5	sample35	533	1819	514	51440	0	
1	 9	 3	 6	control	238	1780	0	61680	0	
1	 9	 4	 1	sample36	942	2228	1028	27006	0	
1	 9	 4	 2	sample36	566	2108	514	30840	0	
1	 9	 4	 3	sample36	661	1947	514	51440	0	
1	 9	 4	 4	sample36	629	1915	514	51440	0	
1	 9	 4	 5	sample36	819	2105	770	27006	0	
1	 9	 4	 6	control	614	1900	514	52726	0	
1	 10	 1	 1	sample37	739	2795	514	82240	0	
1	 10	 1	 2	sample37	912	2968	772	86352	0	
1	 10	 1	 3	sample37	656	2712	514	82240	0	
1	 10	 1	 4	sample37	630	2686	258	82240	0	
1	 10	 1	 5	sample37	560	2616	258	82240	0	
1	 10	 1	 6	control	624	2680	258	82240	0	
1	 10	 2	 1	sample38	629	2429	256	72000	0	
1	 10	 2	 2	sample38	544	2344	256	75600	0	
1	 10	 2	 3	sample38	999	2541	772	40092	0	
1	 10	 2	 4	sample38	867	2667	514	28800	0	
1	 10	 2	 5	sample38	520	2320	256	72000	0	
1	 10	 2	 6	control	678	2478	514	45000	0	
1	 10	 3	 1	sample39	1084	2626	772	57054	0	
1	 10	 3	 2	sample39	1314	2856	1028	27756	0	
1	 10	 3	 3	sample39	592	2134	514	61680	0	
1	 10	 3	 4	sample39	315	1857	258	61680	0	
1	 10	 3	 5	sample39	777	2063	514	51440	0	
1	 10	 3	 6	control	405	1947	0	61680	0	
1	 10	 4	 1	sample40	758	2044	514	51440	0	
1	 10	 4	 2	sample40	450	1992	258	61680	0	
1	 10	 4	 3	sample40	1191	2733	514	29298	0	
1	 10	 4	 4	sample40	918	2460	772	32382	0	
1	 10	 4	 5	sample40	1285	2571	1028	23148	0	
1	 10	 4	 6	control	693	1979	514	51440	0	
1	 11	 1	 1	sample41	1582	4152	1028	48830	0	
1	 11	 1	 2	sample41	1184	3754	770	46260	0	
1	 11	 1	 3	sample41	1124	3694	770	61680	0	
1	 11	 1	 4	sample41	771	3341	514	56540	0	
1	 11	 1	 5	sample41	1095	3665	770	48830	0	
1	 11	 1	 6	control	905	3475	770	59110	0	
1	 11	 2	 1	sample42	958	3014	770	90464	0	
1	 11	 2	 2	sample42	944	3000	770	63736	0	
1	 11	 2	 3	sample42	732	2788	514	82240	0	
1	 11	 2	 4	sample42	1272	3328	770	43176	0	
1	 11	 2	 5	sample42	836	3148	514	55488	0	
1	 11	 2	 6	control	1457	3769	1286	41616	0	
1	 11	 3	 1	sample43	789	2587	514	77314	0	
1	 11	 3	 2	sample43	694	2492	514	71920	0	
1	 11	 3	 3	sample43	559	2357	258	71920	0	
1	 11	 3	 4	sample43	803	2601	514	59334	0	
1	 11	 3	 5	sample43	809	2865	514	41120	0	
1	 11	 3	 6	control	1401	3457	1284	45232	0	
1	 11	 4	 1	sample44	1140	2682	1028	84810	0	
1	 11	 4	 2	sample44	787	2585	772	91698	0	
1	 11	 4	 3	sample44	742	2540	514	79112	0	
1	 11	 4	 4	sample44	508	2306	258	71920	0	
1	 11	 4	 5	sample44	547	2345	258	71920	0	
1	 11	 4	 6	control	704	2502	514	82708	0	
1	 12	 1	 1	sample45	707	3019	514	83232	0	
1	 12	 1	 2	sample45	736	3048	514	99416	0	
1	 12	 1	 3	sample45	432	3002	256	105370	0	
1	 12	 1	 4	sample45	770	3340	770	56540	0	
1	 12	 1	 5	sample45	494	3064	256	102800	0	
1	 12	 1	 6	control	475	3559	256	123360	0	
1	 12	 2	 1	sample46	579	2377	514	71920	0	
1	 12	 2	 2	sample46	654	2710	514	45232	0	
1	 12	 2	 3	sample46	587	2643	256	43176	0	
1	 12	 2	 4	sample46	513	2569	256	55512	0	
1	 12	 2	 5	sample46	360	2672	258	92480	0	
1	 12	 2	 6	control	488	3314	514	110214	0	
1	 12	 3	 1	sample47	938	2480	770	40092	0	
1	 12	 3	 2	sample47	729	2271	514	47802	0	
1	 12	 3	 3	sample47	647	2445	514	52142	0	
1	 12	 3	 4	sample47	893	2691	514	34162	0	
1	 12	 3	 5	sample47	347	2403	256	82240	0	
1	 12	 3	 6	control	813	3125	772	57800	0	
1	 12	 4	 1	sample48	761	2303	514	41634	0	
1	 12	 4	 2	sample48	361	1903	256	75558	0	
1	 12	 4	 3	sample48	269	1811	256	61680	0	
1	 12	 4	 4	sample48	264	2062	258	71920	0	
1	 12	 4	 5	sample48	425	2223	258	71920	0	
1	 12	 4	 6	control	489	2801	258	92480	0	
2	 1	 1	 1	sample49	1379	2921	1028	29298	0	
2	 1	 1	 2	sample49	873	2415	770	61680	0	
2	 1	 1	 3	sample49	359	2157	258	86304	0	
2	 1	 1	 4	sample49	814	2612	772	43152	0	
2	 1	 1	 5	sample49	754	2552	772	26970	0	
2	 1	 1	 6	control	497	2295	514	26970	0	
2	 1	 2	 1	sample50	890	2432	770	43176	0	
2	 1	 2	 2	sample50	1325	2867	1284	29298	0	
2	 1	 2	 3	sample50	665	2463	514	82708	0	
2	 1	 2	 4	sample50	838	2380	770	64764	0	
2	 1	 2	 5	sample50	411	2209	258	84506	0	
2	 1	 2	 6	control	801	2599	772	79112	0	
2	 1	 3	 1	sample51	806	2348	770	33924	0	
2	 1	 3	 2	sample51	1034	2576	1028	61680	0	
2	 1	 3	 3	sample51	543	2085	514	67848	0	
2	 1	 3	 4	sample51	783	2325	770	32382	0	
2	 1	 3	 5	sample51	581	2123	514	29298	0	
2	 1	 3	 6	control	758	2556	772	34162	0	
2	 1	 4	 1	sample52	824	2366	770	66306	0	
2	 1	 4	 2	sample52	751	2293	770	61680	0	
2	 1	 4	 3	sample52	301	1843	256	61680	0	
2	 1	 4	 4	sample52	1095	2637	1028	29298	0	
2	 1	 4	 5	sample52	569	2111	514	35466	0	
2	 1	 4	 6	control	971	2769	772	32364	0	
2	 2	 1	 1	sample53	578	2120	514	61680	0	
2	 2	 1	 2	sample53	584	2126	514	61680	0	
2	 2	 1	 3	sample53	616	2158	514	61680	0	
2	 2	 1	 4	sample53	646	2188	514	57054	0	
2	 2	 1	 5	sample53	245	2043	258	71920	0	
2	 2	 1	 6	control	501	2299	514	34162	0	
2	 2	 2	 1	sample54	781	2323	770	72474	0	
2	 2	 2	 2	sample54	931	2473	1028	61680	0	
2	 2	 2	 3	sample54	633	2175	514	63222	0	
2	 2	 2	 4	sample54	449	1991	514	61680	0	
2	 2	 2	 5	sample54	264	2062	258	71920	0	
2	 2	 2	 6	control	993	2791	1028	64728	0	
2	 2	 3	 1	sample55	822	2364	770	61680	0	
2	 2	 3	 2	sample55	946	2488	770	63222	0	
2	 2	 3	 3	sample55	430	1972	514	61680	0	
2	 2	 3	 4	sample55	552	2094	514	61680	0	
2	 2	 3	 5	sample55	816	2358	770	26214	0	
2	 2	 3	 6	control	392	1934	514	61680	0	
2	 2	 4	 1	sample56	1102	2386	1028	80892	0	
2	 2	 4	 2	sample56	777	2061	772	55212	0	
2	 2	 4	 3	sample56	444	1728	514	51360	0	
2	 2	 4	 4	sample56	476	1760	514	51360	0	
2	 2	 4	 5	sample56	437	1979	256	41634	0	
2	 2	 4	 6	control	915	2457	770	24672	0	
2	 3	 1	 1	sample57	1860	4174	1798	212888	0	
2	 3	 1	 2	sample57	1744	3800	1800	143920	0	
2	 3	 1	 3	sample57	1793	3593	1798	79200	0	
2	 3	 1	 4	sample57	729	2529	770	88200	0	
2	 3	 1	 5	sample57	783	2325	772	67848	0	
2	 3	 1	 6	control	354	1896	258	61680	0	
2	 3	 2	 1	sample58	668	2982	514	92560	0	
2	 3	 2	 2	sample58	629	2685	514	92520	0	
2	 3	 2	 3	sample58	571	2371	514	72000	0	
2	 3	 2	 4	sample58	657	2199	772	55512	0	
2	 3	 2	 5	sample58	431	1973	258	61680	0	
2	 3	 2	 6	control	791	2333	772	60138	0	
2	 3	 3	 1	sample59	1548	3604	1542	96632	0	
2	 3	 3	 2	sample59	1144	2944	1028	158400	0	
2	 3	 3	 3	sample59	848	2390	772	72474	0	
2	 3	 3	 4	sample59	600	2142	514	55512	0	
2	 3	 3	 5	sample59	354	1896	258	61680	0	
2	 3	 3	 6	control	180	1722	258	61680	0	
2	 3	 4	 1	sample60	885	2685	770	64800	0	
2	 3	 4	 2	sample60	637	2179	514	61680	0	
2	 3	 4	 3	sample60	450	1992	514	61680	0	
2	 3	 4	 4	sample60	740	2026	770	21862	0	
2	 3	 4	 5	sample60	335	1877	258	61680	0	
2	 3	 4	 6	control	710	2252	772	38550	0	
2	 4	 1	 1	sample61	938	2480	772	78642	0	
2	 4	 1	 2	sample61	800	2342	772	111024	0	
2	 4	 1	 3	sample61	798	2598	770	34200	0	
2	 4	 1	 4	sample61	449	2249	514	72000	0	
2	 4	 1	 5	sample61	727	2783	772	82240	0	
2	 4	 1	 6	control	514	2828	514	43966	0	
2	 4	 2	 1	sample62	656	2198	514	61680	0	
2	 4	 2	 2	sample62	587	2387	514	37800	0	
2	 4	 2	 3	sample62	607	2149	514	55512	0	
2	 4	 2	 4	sample62	216	2016	256	57600	0	
2	 4	 2	 5	sample62	-6.04	2050	0	82240	0	
2	 4	 2	 6	control	934	3248	1028	76362	0	
2	 4	 3	 1	sample63	726	2268	514	69390	0	
2	 4	 3	 2	sample63	1058	2600	772	40092	0	
2	 4	 3	 3	sample63	579	2121	514	49344	0	
2	 4	 3	 4	sample63	179	1979	256	72000	0	
2	 4	 3	 5	sample63	357	2413	514	37008	0	
2	 4	 3	 6	control	549	2863	514	50908	0	
2	 4	 4	 1	sample64	238	1780	0	61680	0	
2	 4	 4	 2	sample64	238	1780	258	61680	0	
2	 4	 4	 3	sample64	335	1877	258	61680	0	
2	 4	 4	 4	sample64	431	1973	258	61680	0	
2	 4	 4	 5	sample64	585	2385	514	32400	0	
2	 4	 4	 6	control	501	2815	514	92560	0	
2	 5	 1	 1	sample65	1003	2801	772	71920	0	
2	 5	 1	 2	sample65	986	2784	772	75516	0	
2	 5	 1	 3	sample65	720	2518	772	71920	0	
2	 5	 1	 4	sample65	404	1946	514	61680	0	
2	 5	 1	 5	sample65	308	1850	256	61680	0	
2	 5	 1	 6	control	276	1818	256	61680	0	
2	 5	 2	 1	sample66	270	2326	0	82240	0	
2	 5	 2	 2	sample66	1555	3611	1542	82240	0	
2	 5	 2	 3	sample66	649	2447	514	71920	0	
2	 5	 2	 4	sample66	610	2152	514	61680	0	
2	 5	 2	 5	sample66	494	2036	256	61680	0	
2	 5	 2	 6	control	623	2165	514	61680	0	
2	 5	 3	 1	sample67	1395	3451	1284	28784	0	
2	 5	 3	 2	sample67	1227	3283	1028	82240	0	
2	 5	 3	 3	sample67	693	2749	514	82240	0	
2	 5	 3	 4	sample67	772	2570	772	71920	0	
2	 5	 3	 5	sample67	597	2139	256	61680	0	
2	 5	 3	 6	control	314	1856	256	61680	0	
2	 5	 4	 1	sample68	1295	3351	1284	195320	0	
2	 5	 4	 2	sample68	873	2929	770	82240	0	
2	 5	 4	 3	sample68	1034	3346	772	108664	0	
2	 5	 4	 4	sample68	1090	3146	1028	92520	0	
2	 5	 4	 5	sample68	604	2146	256	61680	0	
2	 5	 4	 6	control	623	2165	256	61680	0	
2	 6	 1	 1	sample69	1118	2660	1028	26214	0	
2	 6	 1	 2	sample69	785	2327	770	52428	0	
2	 6	 1	 3	sample69	676	1960	772	55212	0	
2	 6	 1	 4	sample69	843	2127	772	32100	0	
2	 6	 1	 5	sample69	465	1749	258	46224	0	
2	 6	 1	 6	control	309	1593	258	51360	0	
2	 6	 2	 1	sample70	856	2398	770	27756	0	
2	 6	 2	 2	sample70	685	2227	514	46260	0	
2	 6	 2	 3	sample70	705	1989	772	34668	0	
2	 6	 2	 4	sample70	495	1779	258	51360	0	
2	 6	 2	 5	sample70	412	1696	258	51360	0	
2	 6	 2	 6	control	827	2111	772	29532	0	
2	 6	 3	 1	sample71	437	1979	514	67848	0	
2	 6	 3	 2	sample71	670	1954	772	55212	0	
2	 6	 3	 3	sample71	752	2036	772	34668	0	
2	 6	 3	 4	sample71	585	1869	514	51360	0	
2	 6	 3	 5	sample71	378	1662	514	43656	0	
2	 6	 3	 6	control	468	1752	258	42372	0	
2	 6	 4	 1	sample72	1117	2659	1028	111024	0	
2	 6	 4	 2	sample72	984	2268	1028	29532	0	
2	 6	 4	 3	sample72	894	2178	772	26964	0	
2	 6	 4	 4	sample72	864	2148	772	32100	0	
2	 6	 4	 5	sample72	502	1786	258	51360	0	
2	 6	 4	 6	control	537	1821	258	43656	0	
2	 7	 1	 1	sample73	730	2272	514	66306	0	
2	 7	 1	 2	sample73	553	2095	514	61680	0	
2	 7	 1	 3	sample73	410	1952	258	64764	0	
2	 7	 1	 4	sample73	351	1893	258	72474	0	
2	 7	 1	 5	sample73	331	1873	258	64764	0	
2	 7	 1	 6	control	212	1754	0	61680	0	
2	 7	 2	 1	sample74	607	2149	514	77100	0	
2	 7	 2	 2	sample74	755	2297	772	72474	0	
2	 7	 2	 3	sample74	502	2044	258	61680	0	
2	 7	 2	 4	sample74	675	2217	514	49344	0	
2	 7	 2	 5	sample74	887	2429	514	30840	0	
2	 7	 2	 6	control	964	2506	772	43176	0	
2	 7	 3	 1	sample75	682	2224	514	61680	0	
2	 7	 3	 2	sample75	418	1960	258	61680	0	
2	 7	 3	 3	sample75	741	2283	514	38550	0	
2	 7	 3	 4	sample75	264	1806	0	61680	0	
2	 7	 3	 5	sample75	193	1735	0	61680	0	
2	 7	 3	 6	control	539	1825	256	51440	0	
2	 7	 4	 1	sample76	1537	2823	1542	82304	0	
2	 7	 4	 2	sample76	807	2349	772	78642	0	
2	 7	 4	 3	sample76	589	2131	514	80184	0	
2	 7	 4	 4	sample76	417	1959	258	57054	0	
2	 7	 4	 5	sample76	482	2024	258	61680	0	
2	 7	 4	 6	control	557	2099	514	46260	0	
2	 8	 1	 1	sample77	724	2780	772	100744	0	
2	 8	 1	 2	sample77	868	2668	770	165600	0	
2	 8	 1	 3	sample77	740	2540	770	75600	0	
2	 8	 1	 4	sample77	353	2153	256	72000	0	
2	 8	 1	 5	sample77	337	2137	256	86400	0	
2	 8	 1	 6	control	237	2037	256	72000	0	
2	 8	 2	 1	sample78	406	2462	258	78128	0	
2	 8	 2	 2	sample78	251	2307	258	82240	0	
2	 8	 2	 3	sample78	359	2159	256	72000	0	
2	 8	 2	 4	sample78	205	2005	256	72000	0	
2	 8	 2	 5	sample78	289	2089	256	72000	0	
2	 8	 2	 6	control	819	2619	770	57600	0	
2	 8	 3	 1	sample79	821	2877	772	96632	0	
2	 8	 3	 2	sample79	536	2592	514	98688	0	
2	 8	 3	 3	sample79	559	2359	514	81000	0	
2	 8	 3	 4	sample79	340	2140	256	72000	0	
2	 8	 3	 5	sample79	299	2099	256	64800	0	
2	 8	 3	 6	control	167	1967	256	72000	0	
2	 8	 4	 1	sample80	429	2485	258	92520	0	
2	 8	 4	 2	sample80	441	2497	258	71960	0	
2	 8	 4	 3	sample80	514	2314	514	54000	0	
2	 8	 4	 4	sample80	621	2421	514	43200	0	
2	 8	 4	 5	sample80	231	2031	256	72000	0	
2	 8	 4	 6	control	417	2217	256	72000	0	
2	 9	 1	 1	sample81	831	2631	514	30600	0	
2	 9	 1	 2	sample81	535	2335	514	64800	0	
2	 9	 1	 3	sample81	627	2169	514	63222	0	
2	 9	 1	 4	sample81	308	2108	256	72000	0	
2	 9	 1	 5	sample81	440	2240	256	75600	0	
2	 9	 1	 6	control	357	2157	256	41400	0	
2	 9	 2	 1	sample82	782	2582	770	39600	0	
2	 9	 2	 2	sample82	558	2358	514	82800	0	
2	 9	 2	 3	sample82	906	2706	770	34200	0	
2	 9	 2	 4	sample82	411	2211	256	72000	0	
2	 9	 2	 5	sample82	348	2148	256	81000	0	
2	 9	 2	 6	control	956	2756	1028	45000	0	
2	 9	 3	 1	sample83	679	2479	514	75600	0	
2	 9	 3	 2	sample83	829	2629	770	39600	0	
2	 9	 3	 3	sample83	398	2198	256	88200	0	
2	 9	 3	 4	sample83	417	2217	514	72000	0	
2	 9	 3	 5	sample83	167	1967	0	72000	0	
2	 9	 3	 6	control	246	2046	256	43200	0	
2	 9	 4	 1	sample84	456	2256	256	72000	0	
2	 9	 4	 2	sample84	391	2191	256	72000	0	
2	 9	 4	 3	sample84	237	2037	256	72000	0	
2	 9	 4	 4	sample84	147	1947	0	72000	0	
2	 9	 4	 5	sample84	457	1999	514	61680	0	
2	 9	 4	 6	control	624	2166	514	61680	0	
2	 10	 1	 1	sample85	918	2718	770	72000	0	
2	 10	 1	 2	sample85	944	2744	514	72000	0	
2	 10	 1	 3	sample85	751	2551	514	72000	0	
2	 10	 1	 4	sample85	604	2404	256	72000	0	
2	 10	 1	 5	sample85	690	2490	514	86400	0	
2	 10	 1	 6	control	783	2583	514	72000	0	
2	 10	 2	 1	sample86	947	2747	770	63000	0	
2	 10	 2	 2	sample86	675	2475	514	77400	0	
2	 10	 2	 3	sample86	1151	2693	772	32382	0	
2	 10	 2	 4	sample86	494	2294	256	72000	0	
2	 10	 2	 5	sample86	1105	2905	770	36000	0	
2	 10	 2	 6	control	1089	2889	1028	75600	0	
2	 10	 3	 1	sample87	1028	2828	1028	37800	0	
2	 10	 3	 2	sample87	585	2385	256	77400	0	
2	 10	 3	 3	sample87	347	2147	256	72000	0	
2	 10	 3	 4	sample87	385	2185	0	72000	0	
2	 10	 3	 5	sample87	513	2313	256	72000	0	
2	 10	 3	 6	control	1582	3382	1028	57600	0	
2	 10	 4	 1	sample88	957	2757	770	39600	0	
2	 10	 4	 2	sample88	391	2191	256	72000	0	
2	 10	 4	 3	sample88	489	2031	514	61680	0	
2	 10	 4	 4	sample88	411	2211	256	72000	0	
2	 10	 4	 5	sample88	737	2537	514	41400	0	
2	 10	 4	 6	control	1081	2881	770	43200	0	
2	 11	 1	 1	sample89	1079	2621	1028	84810	0	
2	 11	 1	 2	sample89	942	2484	770	74016	0	
2	 11	 1	 3	sample89	662	2204	770	69390	0	
2	 11	 1	 4	sample89	656	2198	514	69390	0	
2	 11	 1	 5	sample89	376	2174	258	89900	0	
2	 11	 1	 6	control	346	1888	256	61680	0	
2	 11	 2	 1	sample90	651	2193	514	66306	0	
2	 11	 2	 2	sample90	571	2113	514	61680	0	
2	 11	 2	 3	sample90	359	1901	514	61680	0	
2	 11	 2	 4	sample90	835	2377	514	61680	0	
2	 11	 2	 5	sample90	346	1888	256	61680	0	
2	 11	 2	 6	control	751	2293	770	61680	0	
2	 11	 3	 1	sample91	847	2389	770	57054	0	
2	 11	 3	 2	sample91	660	2202	514	75558	0	
2	 11	 3	 3	sample91	483	2025	514	77100	0	
2	 11	 3	 4	sample91	486	2028	514	72474	0	
2	 11	 3	 5	sample91	327	1869	256	61680	0	
2	 11	 3	 6	control	256	1798	256	61680	0	
2	 11	 4	 1	sample92	2744	4286	2056	90978	0	
2	 11	 4	 2	sample92	404	1946	514	61680	0	
2	 11	 4	 3	sample92	327	1869	256	61680	0	
2	 11	 4	 4	sample92	346	1888	256	61680	0	
2	 11	 4	 5	sample92	359	1901	256	61680	0	
2	 11	 4	 6	control	354	2152	258	71920	0	
2	 12	 1	 1	sample93	360	1644	258	57780	0	
2	 12	 1	 2	sample93	296	1580	258	51360	0	
2	 12	 1	 3	sample93	424	1708	514	51360	0	
2	 12	 1	 4	sample93	334	1876	256	61680	0	
2	 12	 1	 5	sample93	232	2030	258	71920	0	
2	 12	 1	 6	control	245	2557	258	92480	0	
2	 12	 2	 1	sample94	200	1484	258	51360	0	
2	 12	 2	 2	sample94	360	1644	258	51360	0	
2	 12	 2	 3	sample94	547	1831	514	51360	0	
2	 12	 2	 4	sample94	346	1888	256	61680	0	
2	 12	 2	 5	sample94	206	2004	258	71920	0	
2	 12	 2	 6	control	431	2743	514	92480	0	
2	 12	 3	 1	sample95	718	2002	772	30816	0	
2	 12	 3	 2	sample95	423	1707	514	57780	0	
2	 12	 3	 3	sample95	342	1884	514	64764	0	
2	 12	 3	 4	sample95	391	1933	256	61680	0	
2	 12	 3	 5	sample95	315	2113	258	71920	0	
2	 12	 3	 6	control	168	2480	258	92480	0	
2	 12	 4	 1	sample96	771	2055	772	37236	0	
2	 12	 4	 2	sample96	739	2023	514	20544	0	
2	 12	 4	 3	sample96	348	1890	256	64764	0	
2	 12	 4	 4	sample96	213	2011	258	71920	0	
2	 12	 4	 5	sample96	367	2165	514	71920	0	
2	 12	 4	 6	control	495	2807	514	92480	0	
3	 1	 1	 1	sample97	482	2538	514	82240	0	
3	 1	 1	 2	sample97	533	2333	514	72000	0	
3	 1	 1	 3	sample97	173	1973	0	72000	0	
3	 1	 1	 4	sample97	527	2069	514	61680	0	
3	 1	 1	 5	sample97	477	2019	514	53970	0	
3	 1	 1	 6	control	205	2005	256	72000	0	
3	 1	 2	 1	sample98	1065	2865	1028	122400	0	
3	 1	 2	 2	sample98	926	2726	770	136800	0	
3	 1	 2	 3	sample98	309	1851	258	61680	0	
3	 1	 2	 4	sample98	492	2034	514	53970	0	
3	 1	 2	 5	sample98	431	1973	514	61680	0	
3	 1	 2	 6	control	1002	2544	1028	106398	0	
3	 1	 3	 1	sample99	936	2736	1028	50400	0	
3	 1	 3	 2	sample99	685	2485	770	27000	0	
3	 1	 3	 3	sample99	997	2283	1028	21862	0	
3	 1	 3	 4	sample99	842	2384	772	33924	0	
3	 1	 3	 5	sample99	476	2018	258	61680	0	
3	 1	 3	 6	control	123	1665	0	61680	0	
3	 1	 4	 1	sample100	443	2243	514	72000	0	
3	 1	 4	 2	sample100	463	2005	258	61680	0	
3	 1	 4	 3	sample100	671	1957	514	23148	0	
3	 1	 4	 4	sample100	295	1581	256	51440	0	
3	 1	 4	 5	sample100	572	1858	514	28292	0	
3	 1	 4	 6	control	251	1793	258	61680	0	
3	 2	 1	 1	sample101	661	2461	514	72000	0	
3	 2	 1	 2	sample101	798	2598	514	68400	0	
3	 2	 1	 3	sample101	513	2313	514	72000	0	
3	 2	 1	 4	sample101	674	2474	514	72000	0	
3	 2	 1	 5	sample101	592	2648	514	61680	0	
3	 2	 1	 6	control	155	2211	0	82240	0	
3	 2	 2	 1	sample102	391	2191	256	72000	0	
3	 2	 2	 2	sample102	449	2249	256	72000	0	
3	 2	 2	 3	sample102	321	2121	256	72000	0	
3	 2	 2	 4	sample102	556	2356	514	32400	0	
3	 2	 2	 5	sample102	301	2101	256	72000	0	
3	 2	 2	 6	control	592	2648	772	82240	0	
3	 2	 3	 1	sample103	1697	3239	1800	77100	0	
3	 2	 3	 2	sample103	1621	3163	1800	70932	0	
3	 2	 3	 3	sample103	1191	2733	1028	75558	0	
3	 2	 3	 4	sample103	1076	2618	1028	75558	0	
3	 2	 3	 5	sample103	668	2468	770	36000	0	
3	 2	 3	 6	control	411	2211	514	72000	0	
3	 2	 4	 1	sample104	836	2378	772	61680	0	
3	 2	 4	 2	sample104	877	2419	772	26214	0	
3	 2	 4	 3	sample104	386	1928	514	61680	0	
3	 2	 4	 4	sample104	380	1922	258	61680	0	
3	 2	 4	 5	sample104	425	1967	258	61680	0	
3	 2	 4	 6	control	469	2269	514	72000	0	
3	 3	 1	 1	sample105	547	2603	514	82240	0	
3	 3	 1	 2	sample105	546	2346	514	72000	0	
3	 3	 1	 3	sample105	586	2386	514	70200	0	
3	 3	 1	 4	sample105	411	2211	256	72000	0	
3	 3	 1	 5	sample105	264	2064	256	64800	0	
3	 3	 1	 6	control	521	2063	514	61680	0	
3	 3	 2	 1	sample106	994	3050	772	76072	0	
3	 3	 2	 2	sample106	1008	2808	1028	72000	0	
3	 3	 2	 3	sample106	508	2308	514	88200	0	
3	 3	 2	 4	sample106	598	2140	514	61680	0	
3	 3	 2	 5	sample106	627	2169	514	63222	0	
3	 3	 2	 6	control	1055	2855	1028	34200	0	
3	 3	 3	 1	sample107	489	2545	258	82240	0	
3	 3	 3	 2	sample107	745	2545	770	72000	0	
3	 3	 3	 3	sample107	605	2147	514	61680	0	
3	 3	 3	 4	sample107	521	2063	514	61680	0	
3	 3	 3	 5	sample107	638	2180	772	35466	0	
3	 3	 3	 6	control	232	1774	0	61680	0	
3	 3	 4	 1	sample108	463	2519	514	82240	0	
3	 3	 4	 2	sample108	417	2217	256	72000	0	
3	 3	 4	 3	sample108	382	2182	256	66600	0	
3	 3	 4	 4	sample108	438	1980	258	61680	0	
3	 3	 4	 5	sample108	547	2089	258	61680	0	
3	 3	 4	 6	control	515	2057	514	61680	0	
3	 4	 1	 1	sample109	1028	2828	770	48600	0	
3	 4	 1	 2	sample109	920	2720	1028	90000	0	
3	 4	 1	 3	sample109	807	2607	770	63000	0	
3	 4	 1	 4	sample109	609	2409	514	82800	0	
3	 4	 1	 5	sample109	646	2446	514	55800	0	
3	 4	 1	 6	control	322	2378	258	82240	0	
3	 4	 2	 1	sample110	789	2589	770	75600	0	
3	 4	 2	 2	sample110	746	2546	770	75600	0	
3	 4	 2	 3	sample110	497	2297	514	84600	0	
3	 4	 2	 4	sample110	347	2147	256	72000	0	
3	 4	 2	 5	sample110	565	2365	514	63000	0	
3	 4	 2	 6	control	676	2476	514	82800	0	
3	 4	 3	 1	sample111	710	2510	514	183600	0	
3	 4	 3	 2	sample111	1023	2823	1028	106200	0	
3	 4	 3	 3	sample111	803	2603	770	72000	0	
3	 4	 3	 4	sample111	1145	2687	1028	33924	0	
3	 4	 3	 5	sample111	643	2185	772	61680	0	
3	 4	 3	 6	control	525	2325	514	39600	0	
3	 4	 4	 1	sample112	778	2320	772	61680	0	
3	 4	 4	 2	sample112	884	2426	772	63222	0	
3	 4	 4	 3	sample112	624	2166	514	61680	0	
3	 4	 4	 4	sample112	147	1947	256	72000	0	
3	 4	 4	 5	sample112	482	2024	258	61680	0	
3	 4	 4	 6	control	231	2031	256	72000	0	
3	 5	 1	 1	sample113	999	2541	1028	81726	0	
3	 5	 1	 2	sample113	1136	2678	1028	66306	0	
3	 5	 1	 3	sample113	797	2339	772	61680	0	
3	 5	 1	 4	sample113	713	2255	514	33924	0	
3	 5	 1	 5	sample113	390	1932	258	57054	0	
3	 5	 1	 6	control	277	1819	0	61680	0	
3	 5	 2	 1	sample114	1165	2707	772	26214	0	
3	 5	 2	 2	sample114	698	1984	514	50154	0	
3	 5	 2	 3	sample114	626	2168	514	46260	0	
3	 5	 2	 4	sample114	348	1890	258	61680	0	
3	 5	 2	 5	sample114	883	2169	770	20576	0	
3	 5	 2	 6	control	1284	2570	1028	33436	0	
3	 5	 3	 1	sample115	598	1884	514	63014	0	
3	 5	 3	 2	sample115	552	1838	256	51440	0	
3	 5	 3	 3	sample115	539	1825	256	51440	0	
3	 5	 3	 4	sample115	424	1710	256	51440	0	
3	 5	 3	 5	sample115	514	1800	256	36008	0	
3	 5	 3	 6	control	443	1729	256	51440	0	
3	 5	 4	 1	sample116	674	1960	514	41152	0	
3	 5	 4	 2	sample116	784	2070	514	24434	0	
3	 5	 4	 3	sample116	701	1987	514	28292	0	
3	 5	 4	 4	sample116	481	1767	256	51440	0	
3	 5	 4	 5	sample116	469	1755	256	51440	0	
3	 5	 4	 6	control	409	1951	258	60138	0	
3	 6	 1	 1	sample117	749	2291	514	103314	0	
3	 6	 1	 2	sample117	1002	2544	1028	74016	0	
3	 6	 1	 3	sample117	816	2358	772	61680	0	
3	 6	 1	 4	sample117	573	2115	514	33924	0	
3	 6	 1	 5	sample117	597	1883	514	51440	0	
3	 6	 1	 6	control	533	1819	514	51440	0	
3	 6	 2	 1	sample118	328	1870	258	61680	0	
3	 6	 2	 2	sample118	623	2165	514	58596	0	
3	 6	 2	 3	sample118	488	2030	514	74016	0	
3	 6	 2	 4	sample118	572	2114	514	27756	0	
3	 6	 2	 5	sample118	527	2069	514	32382	0	
3	 6	 2	 6	control	1020	2306	1028	47582	0	
3	 6	 3	 1	sample119	1043	2585	1028	27756	0	
3	 6	 3	 2	sample119	502	2044	514	61680	0	
3	 6	 3	 3	sample119	422	1964	258	72474	0	
3	 6	 3	 4	sample119	393	1935	514	61680	0	
3	 6	 3	 5	sample119	360	1902	258	61680	0	
3	 6	 3	 6	control	264	1806	258	61680	0	
3	 6	 4	 1	sample120	868	2154	770	27006	0	
3	 6	 4	 2	sample120	392	1934	514	61680	0	
3	 6	 4	 3	sample120	418	1960	514	61680	0	
3	 6	 4	 4	sample120	392	1934	258	61680	0	
3	 6	 4	 5	sample120	289	2089	256	72000	0	
3	 6	 4	 6	control	404	2204	256	72000	0	
3	 7	 1	 1	sample121	937	2223	1028	91306	0	
3	 7	 1	 2	sample121	836	2122	770	96450	0	
3	 7	 1	 3	sample121	770	2056	770	59156	0	
3	 7	 1	 4	sample121	238	1780	258	61680	0	
3	 7	 1	 5	sample121	837	2379	514	72474	0	
3	 7	 1	 6	control	123	1665	0	61680	0	
3	 7	 2	 1	sample122	464	2006	514	78642	0	
3	 7	 2	 2	sample122	413	1955	258	74016	0	
3	 7	 2	 3	sample122	301	1843	258	37008	0	
3	 7	 2	 4	sample122	252	1794	258	74016	0	
3	 7	 2	 5	sample122	232	1774	258	61680	0	
3	 7	 2	 6	control	553	2095	514	61680	0	
3	 7	 3	 1	sample123	837	2379	772	84810	0	
3	 7	 3	 2	sample123	834	2376	772	63222	0	
3	 7	 3	 3	sample123	341	1883	258	61680	0	
3	 7	 3	 4	sample123	322	1864	258	61680	0	
3	 7	 3	 5	sample123	264	1806	258	61680	0	
3	 7	 3	 6	control	308	1594	256	51440	0	
3	 7	 4	 1	sample124	1009	3065	772	82240	0	
3	 7	 4	 2	sample124	1981	3781	2056	93600	0	
3	 7	 4	 3	sample124	537	2337	256	79200	0	
3	 7	 4	 4	sample124	1040	2582	1028	33924	0	
3	 7	 4	 5	sample124	341	1883	258	61680	0	
3	 7	 4	 6	control	519	1805	514	63014	0	
3	 8	 1	 1	sample125	1227	3283	1286	117192	0	
3	 8	 1	 2	sample125	1079	2879	1028	160200	0	
3	 8	 1	 3	sample125	832	2632	770	82800	0	
3	 8	 1	 4	sample125	524	2324	514	84600	0	
3	 8	 1	 5	sample125	362	2162	256	70200	0	
3	 8	 1	 6	control	698	2240	772	32382	0	
3	 8	 2	 1	sample126	1083	3139	1028	78128	0	
3	 8	 2	 2	sample126	1434	3234	1542	86400	0	
3	 8	 2	 3	sample126	888	2688	770	86400	0	
3	 8	 2	 4	sample126	492	2292	514	84600	0	
3	 8	 2	 5	sample126	329	2129	256	70200	0	
3	 8	 2	 6	control	558	2358	514	115200	0	
3	 8	 3	 1	sample127	1395	3195	1284	91800	0	
3	 8	 3	 2	sample127	1090	2890	1028	81000	0	
3	 8	 3	 3	sample127	651	2451	514	77400	0	
3	 8	 3	 4	sample127	462	2262	514	81000	0	
3	 8	 3	 5	sample127	356	2156	256	88200	0	
3	 8	 3	 6	control	38.1	1838	0	72000	0	
3	 8	 4	 1	sample128	743	2543	770	100800	0	
3	 8	 4	 2	sample128	461	2261	514	61200	0	
3	 8	 4	 3	sample128	507	2307	514	75600	0	
3	 8	 4	 4	sample128	269	2069	256	72000	0	
3	 8	 4	 5	sample128	464	2264	514	37800	0	
3	 8	 4	 6	control	772	2314	772	38550	0	
3	 9	 1	 1	sample129	732	2274	514	61680	0	
3	 9	 1	 2	sample129	839	2381	770	52428	0	
3	 9	 1	 3	sample129	911	2453	770	33924	0	
3	 9	 1	 4	sample129	560	2102	514	67848	0	
3	 9	 1	 5	sample129	404	1946	256	61680	0	
3	 9	 1	 6	control	862	2146	772	25680	0	
3	 9	 2	 1	sample130	1041	2583	1028	58596	0	
3	 9	 2	 2	sample130	1268	2810	1284	49344	0	
3	 9	 2	 3	sample130	971	2255	772	62916	0	
3	 9	 2	 4	sample130	697	1981	514	57780	0	
3	 9	 2	 5	sample130	506	2048	256	53970	0	
3	 9	 2	 6	control	802	2086	772	53928	0	
3	 9	 3	 1	sample131	468	2010	256	69390	0	
3	 9	 3	 2	sample131	801	2085	514	56496	0	
3	 9	 3	 3	sample131	643	1927	514	51360	0	
3	 9	 3	 4	sample131	692	1976	514	37236	0	
3	 9	 3	 5	sample131	429	1713	258	46224	0	
3	 9	 3	 6	control	251	1535	258	51360	0	
3	 9	 4	 1	sample132	1126	2668	770	52428	0	
3	 9	 4	 2	sample132	761	2303	514	41634	0	
3	 9	 4	 3	sample132	572	1856	514	51360	0	
3	 9	 4	 4	sample132	457	1741	258	51360	0	
3	 9	 4	 5	sample132	463	1747	258	51360	0	
3	 9	 4	 6	control	581	1865	514	39804	0	
3	 10	 1	 1	sample133	1447	2731	1286	65484	0	
3	 10	 1	 2	sample133	1243	2527	1028	84744	0	
3	 10	 1	 3	sample133	1080	2364	1028	57780	0	
3	 10	 1	 4	sample133	707	1991	514	51360	0	
3	 10	 1	 5	sample133	577	1861	514	62916	0	
3	 10	 1	 6	control	399	1683	258	51360	0	
3	 10	 2	 1	sample134	1006	2290	772	74472	0	
3	 10	 2	 2	sample134	824	2108	772	62916	0	
3	 10	 2	 3	sample134	1359	2643	1286	26964	0	
3	 10	 2	 4	sample134	737	2021	514	47508	0	
3	 10	 2	 5	sample134	547	1831	258	51360	0	
3	 10	 2	 6	control	759	2043	514	51360	0	
3	 10	 3	 1	sample135	994	2278	772	57780	0	
3	 10	 3	 2	sample135	855	2139	772	62916	0	
3	 10	 3	 3	sample135	582	1866	258	59064	0	
3	 10	 3	 4	sample135	480	1764	258	57780	0	
3	 10	 3	 5	sample135	373	1657	258	51360	0	
3	 10	 3	 6	control	733	2017	514	25680	0	
3	 10	 4	 1	sample136	880	2164	772	57780	0	
3	 10	 4	 2	sample136	655	1939	514	56496	0	
3	 10	 4	 3	sample136	554	1838	258	59064	0	
3	 10	 4	 4	sample136	1119	2403	1028	21828	0	
3	 10	 4	 5	sample136	1252	2536	1028	29532	0	
3	 10	 4	 6	control	1070	2354	772	32100	0	
3	 11	 1	 1	sample137	1143	3199	1028	115136	0	
3	 11	 1	 2	sample137	957	3013	1028	102800	0	
3	 11	 1	 3	sample137	739	2795	772	98688	0	
3	 11	 1	 4	sample137	274	2588	256	104130	0	
3	 11	 1	 5	sample137	362	2676	256	101816	0	
3	 11	 1	 6	control	263	2577	256	92560	0	
3	 11	 2	 1	sample138	827	2883	772	104856	0	
3	 11	 2	 2	sample138	1034	3090	1028	96632	0	
3	 11	 2	 3	sample138	984	3040	772	129528	0	
3	 11	 2	 4	sample138	514	2570	514	88408	0	
3	 11	 2	 5	sample138	366	2680	256	92560	0	
3	 11	 2	 6	control	359	2673	256	92560	0	
3	 11	 3	 1	sample139	3154	5210	1028	45232	0	
3	 11	 3	 2	sample139	934	2990	772	39064	0	
3	 11	 3	 3	sample139	682	2738	514	47288	0	
3	 11	 3	 4	sample139	508	2564	514	82240	0	
3	 11	 3	 5	sample139	134	2448	256	92560	0	
3	 11	 3	 6	control	83	2397	0	92560	0	
3	 11	 4	 1	sample140	579	2635	514	82240	0	
3	 11	 4	 2	sample140	425	2481	258	82240	0	
3	 11	 4	 3	sample140	347	2403	258	82240	0	
3	 11	 4	 4	sample140	389	2445	514	92520	0	
3	 11	 4	 5	sample140	167	2481	0	92560	0	
3	 11	 4	 6	control	257	2571	256	92560	0	
3	 12	 1	 1	sample141	378	1920	514	72474	0	
3	 12	 1	 2	sample141	418	1960	258	61680	0	
3	 12	 1	 3	sample141	237	2037	256	72000	0	
3	 12	 1	 4	sample141	308	2108	256	72000	0	
3	 12	 1	 5	sample141	354	2410	258	82240	0	
3	 12	 1	 6	control	431	3001	514	102800	0	
3	 12	 2	 1	sample142	1028	2314	1028	37294	0	
3	 12	 2	 2	sample142	579	2121	514	67848	0	
3	 12	 2	 3	sample142	179	1979	0	72000	0	
3	 12	 2	 4	sample142	635	2435	770	34200	0	
3	 12	 2	 5	sample142	612	2668	514	43176	0	
3	 12	 2	 6	control	609	3179	514	105370	0	
3	 12	 3	 1	sample143	495	2037	514	61680	0	
3	 12	 3	 2	sample143	459	2001	258	70932	0	
3	 12	 3	 3	sample143	554	2096	514	60138	0	
3	 12	 3	 4	sample143	411	2211	256	72000	0	
3	 12	 3	 5	sample143	135	2191	0	82240	0	
3	 12	 3	 6	control	232	2802	258	102800	0	
3	 12	 4	 1	sample144	1800	3342	1028	87894	0	
3	 12	 4	 2	sample144	508	2050	514	58596	0	
3	 12	 4	 3	sample144	521	2063	514	61680	0	
3	 12	 4	 4	sample144	366	2166	514	72000	0	
3	 12	 4	 5	sample144	302	2358	258	82240	0	
3	 12	 4	 6	control	457	3027	514	102800	0	
4	 1	 1	 1	sample145	347	2403	256	82240	0	
4	 1	 1	 2	sample145	398	2454	256	82240	0	
4	 1	 1	 3	sample145	251	2049	258	71920	0	
4	 1	 1	 4	sample145	334	1876	256	61680	0	
4	 1	 1	 5	sample145	282	1824	256	61680	0	
4	 1	 1	 6	control	166	1708	256	61680	0	
4	 1	 2	 1	sample146	367	2679	258	92480	0	
4	 1	 2	 2	sample146	754	3066	514	138720	0	
4	 1	 2	 3	sample146	937	2735	772	55738	0	
4	 1	 2	 4	sample146	386	2184	258	71920	0	
4	 1	 2	 5	sample146	180	1978	0	71920	0	
4	 1	 2	 6	control	444	2242	514	71920	0	
4	 1	 3	 1	sample147	530	3100	514	118220	0	
4	 1	 3	 2	sample147	340	2910	256	102800	0	
4	 1	 3	 3	sample147	123	2435	0	92480	0	
4	 1	 3	 4	sample147	500	2556	514	76072	0	
4	 1	 3	 5	sample147	334	2390	256	82240	0	
4	 1	 3	 6	control	257	2313	256	82240	0	
4	 1	 4	 1	sample148	1460	4286	1286	79128	0	
4	 1	 4	 2	sample148	1112	3938	1028	129996	0	
4	 1	 4	 3	sample148	1270	3582	1286	113288	0	
4	 1	 4	 4	sample148	386	2698	258	92480	0	
4	 1	 4	 5	sample148	245	2557	258	92480	0	
4	 1	 4	 6	control	502	2814	258	92480	0	
4	 2	 1	 1	sample149	790	1818	770	26728	0	
4	 2	 1	 2	sample149	277	1561	258	51360	0	
4	 2	 1	 3	sample149	328	1612	258	51360	0	
4	 2	 1	 4	sample149	341	1625	258	51360	0	
4	 2	 1	 5	sample149	264	1548	258	51360	0	
4	 2	 1	 6	control	95.9	1638	0	61680	0	
4	 2	 2	 1	sample150	542	1826	514	47508	0	
4	 2	 2	 2	sample150	783	2067	772	28248	0	
4	 2	 2	 3	sample150	631	1915	514	53928	0	
4	 2	 2	 4	sample150	854	2138	772	32100	0	
4	 2	 2	 5	sample150	417	1959	256	49344	0	
4	 2	 2	 6	control	521	2063	514	107940	0	
4	 2	 3	 1	sample151	651	2193	514	46260	0	
4	 2	 3	 2	sample151	449	1991	256	61680	0	
4	 2	 3	 3	sample151	785	2327	770	27756	0	
4	 2	 3	 4	sample151	468	2010	514	61680	0	
4	 2	 3	 5	sample151	348	2146	258	61132	0	
4	 2	 3	 6	control	335	2133	258	71920	0	
4	 2	 4	 1	sample152	554	2352	514	70122	0	
4	 2	 4	 2	sample152	507	2305	258	61132	0	
4	 2	 4	 3	sample152	97	1895	0	71920	0	
4	 2	 4	 4	sample152	258	2056	258	71920	0	
4	 2	 4	 5	sample152	386	2184	514	28768	0	
4	 2	 4	 6	control	335	2133	258	71920	0	
4	 3	 1	 1	sample153	637	2179	514	86352	0	
4	 3	 1	 2	sample153	663	2205	514	92520	0	
4	 3	 1	 3	sample153	604	1888	514	59064	0	
4	 3	 1	 4	sample153	532	1816	514	55212	0	
4	 3	 1	 5	sample153	366	1650	258	57780	0	
4	 3	 1	 6	control	161	1445	258	51360	0	
4	 3	 2	 1	sample154	526	2068	514	64764	0	
4	 3	 2	 2	sample154	590	2132	514	67848	0	
4	 3	 2	 3	sample154	346	1888	256	61680	0	
4	 3	 2	 4	sample154	351	1893	256	75558	0	
4	 3	 2	 5	sample154	231	1773	256	61680	0	
4	 3	 2	 6	control	893	2435	770	90978	0	
4	 3	 3	 1	sample155	417	2473	514	82240	0	
4	 3	 3	 2	sample155	335	2133	258	71920	0	
4	 3	 3	 3	sample155	405	2203	258	71920	0	
4	 3	 3	 4	sample155	551	2349	514	37758	0	
4	 3	 3	 5	sample155	283	2081	258	71920	0	
4	 3	 3	 6	control	290	2088	258	71920	0	
4	 3	 4	 1	sample156	1002	3058	1028	84296	0	
4	 3	 4	 2	sample156	553	2865	772	92480	0	
4	 3	 4	 3	sample156	386	2698	514	32368	0	
4	 3	 4	 4	sample156	123	2435	0	92480	0	
4	 3	 4	 5	sample156	372	2428	256	82240	0	
4	 3	 4	 6	control	199	2255	256	82240	0	
4	 4	 1	 1	sample157	935	2219	772	42372	0	
4	 4	 1	 2	sample157	677	1961	514	62916	0	
4	 4	 1	 3	sample157	218	1760	256	61680	0	
4	 4	 1	 4	sample157	688	1972	514	55212	0	
4	 4	 1	 5	sample157	256	1798	256	61680	0	
4	 4	 1	 6	control	359	1901	256	61680	0	
4	 4	 2	 1	sample158	500	2298	258	62930	0	
4	 4	 2	 2	sample158	790	2332	770	61680	0	
4	 4	 2	 3	sample158	565	2107	514	61680	0	
4	 4	 2	 4	sample158	561	2103	514	41634	0	
4	 4	 2	 5	sample158	506	2048	514	49344	0	
4	 4	 2	 6	control	447	2245	258	75516	0	
4	 4	 3	 1	sample159	793	2849	770	166536	0	
4	 4	 3	 2	sample159	1296	3094	1028	44950	0	
4	 4	 3	 3	sample159	1239	3037	1028	39556	0	
4	 4	 3	 4	sample159	711	2509	514	84506	0	
4	 4	 3	 5	sample159	677	2475	514	68324	0	
4	 4	 3	 6	control	380	2178	258	71920	0	
4	 4	 4	 1	sample160	976	3032	770	41120	0	
4	 4	 4	 2	sample160	781	2837	770	49344	0	
4	 4	 4	 3	sample160	424	2480	256	82240	0	
4	 4	 4	 4	sample160	912	2968	514	41120	0	
4	 4	 4	 5	sample160	746	2802	514	43176	0	
4	 4	 4	 6	control	327	2383	256	82240	0	
4	 5	 1	 1	sample161	845	2131	1028	57870	0	
4	 5	 1	 2	sample161	706	1992	770	61728	0	
4	 5	 1	 3	sample161	942	2228	1028	23148	0	
4	 5	 1	 4	sample161	742	2284	772	67848	0	
4	 5	 1	 5	sample161	489	2031	514	61680	0	
4	 5	 1	 6	control	225	1767	258	61680	0	
4	 5	 2	 1	sample162	1021	2563	1028	107940	0	
4	 5	 2	 2	sample162	1314	2856	1286	27756	0	
4	 5	 2	 3	sample162	1205	2747	1028	69390	0	
4	 5	 2	 4	sample162	361	2161	256	88200	0	
4	 5	 2	 5	sample162	725	2267	772	33924	0	
4	 5	 2	 6	control	696	2496	770	55800	0	
4	 5	 3	 1	sample163	761	2561	770	93600	0	
4	 5	 3	 2	sample163	573	2373	514	77400	0	
4	 5	 3	 3	sample163	1076	2876	770	95400	0	
4	 5	 3	 4	sample163	629	2429	514	52200	0	
4	 5	 3	 5	sample163	385	2185	256	72000	0	
4	 5	 3	 6	control	231	2031	256	72000	0	
4	 5	 4	 1	sample164	1156	2956	1284	72000	0	
4	 5	 4	 2	sample164	704	2504	514	55800	0	
4	 5	 4	 3	sample164	475	2275	514	72000	0	
4	 5	 4	 4	sample164	231	2031	256	72000	0	
4	 5	 4	 5	sample164	276	2076	256	72000	0	
4	 5	 4	 6	control	346	2146	256	72000	0	
4	 6	 1	 1	sample165	476	2274	514	71920	0	
4	 6	 1	 2	sample165	386	2184	258	71920	0	
4	 6	 1	 3	sample165	341	2139	514	71920	0	
4	 6	 1	 4	sample165	309	2107	258	71920	0	
4	 6	 1	 5	sample165	311	2109	258	77314	0	
4	 6	 1	 6	control	193	1991	258	71920	0	
4	 6	 2	 1	sample166	853	2909	770	57568	0	
4	 6	 2	 2	sample166	669	2467	772	71920	0	
4	 6	 2	 3	sample166	1126	2924	1028	37758	0	
4	 6	 2	 4	sample166	514	2312	514	71920	0	
4	 6	 2	 5	sample166	392	2190	258	71920	0	
4	 6	 2	 6	control	670	2468	514	68324	0	
4	 6	 3	 1	sample167	636	2692	514	82240	0	
4	 6	 3	 2	sample167	822	2878	770	82240	0	
4	 6	 3	 3	sample167	1052	3108	1028	43176	0	
4	 6	 3	 4	sample167	626	2682	514	84296	0	
4	 6	 3	 5	sample167	269	2325	256	82240	0	
4	 6	 3	 6	control	432	2488	514	39064	0	
4	 6	 4	 1	sample168	482	2280	258	71920	0	
4	 6	 4	 2	sample168	232	2030	258	71920	0	
4	 6	 4	 3	sample168	245	2043	258	71920	0	
4	 6	 4	 4	sample168	322	2120	258	71920	0	
4	 6	 4	 5	sample168	492	2290	514	41354	0	
4	 6	 4	 6	control	225	2023	258	71920	0	
4	 7	 1	 1	sample169	872	2670	1028	91698	0	
4	 7	 1	 2	sample169	786	2584	772	156426	0	
4	 7	 1	 3	sample169	967	2509	1028	78642	0	
4	 7	 1	 4	sample169	577	2375	514	73718	0	
4	 7	 1	 5	sample169	616	2158	514	61680	0	
4	 7	 1	 6	control	411	1953	256	61680	0	
4	 7	 2	 1	sample170	836	2634	772	86304	0	
4	 7	 2	 2	sample170	836	2634	772	71920	0	
4	 7	 2	 3	sample170	620	2418	514	70122	0	
4	 7	 2	 4	sample170	441	2239	514	75516	0	
4	 7	 2	 5	sample170	283	2081	258	71920	0	
4	 7	 2	 6	control	456	2254	514	79112	0	
4	 7	 3	 1	sample171	617	2415	514	80910	0	
4	 7	 3	 2	sample171	553	2351	514	71920	0	
4	 7	 3	 3	sample171	487	2285	514	82708	0	
4	 7	 3	 4	sample171	308	2364	256	71960	0	
4	 7	 3	 5	sample171	444	2242	514	71920	0	
4	 7	 3	 6	control	400	2198	514	80910	0	
4	 7	 4	 1	sample172	565	2107	514	61680	0	
4	 7	 4	 2	sample172	289	1831	256	61680	0	
4	 7	 4	 3	sample172	366	1908	256	61680	0	
4	 7	 4	 4	sample172	548	2090	514	23130	0	
4	 7	 4	 5	sample172	245	2043	258	71920	0	
4	 7	 4	 6	control	263	2061	258	84506	0	
4	 8	 1	 1	sample173	1636	3692	1800	158312	0	
4	 8	 1	 2	sample173	1573	3629	1286	154200	0	
4	 8	 1	 3	sample173	1210	3010	1284	149400	0	
4	 8	 1	 4	sample173	1207	3007	1284	144000	0	
4	 8	 1	 5	sample173	770	2570	770	149400	0	
4	 8	 1	 6	control	141	1941	0	72000	0	
4	 8	 2	 1	sample174	750	2806	772	98688	0	
4	 8	 2	 2	sample174	719	2775	772	80184	0	
4	 8	 2	 3	sample174	129	2185	0	82240	0	
4	 8	 2	 4	sample174	103	2159	258	82240	0	
4	 8	 2	 5	sample174	353	2153	514	72000	0	
4	 8	 2	 6	control	807	2607	770	75600	0	
4	 8	 3	 1	sample175	835	3149	770	46280	0	
4	 8	 3	 2	sample175	405	2719	256	104130	0	
4	 8	 3	 3	sample175	521	2577	514	82240	0	
4	 8	 3	 4	sample175	341	2397	258	82240	0	
4	 8	 3	 5	sample175	251	2307	258	82240	0	
4	 8	 3	 6	control	290	2346	258	82240	0	
4	 8	 4	 1	sample176	489	2545	514	82240	0	
4	 8	 4	 2	sample176	386	2442	258	82240	0	
4	 8	 4	 3	sample176	193	2249	258	82240	0	
4	 8	 4	 4	sample176	341	2397	258	82240	0	
4	 8	 4	 5	sample176	515	2571	514	43176	0	
4	 8	 4	 6	control	296	2352	258	82240	0	
4	 9	 1	 1	sample177	534	2076	514	75558	0	
4	 9	 1	 2	sample177	406	1948	256	74016	0	
4	 9	 1	 3	sample177	327	1869	256	61680	0	
4	 9	 1	 4	sample177	507	1791	514	46224	0	
4	 9	 1	 5	sample177	304	1588	258	64200	0	
4	 9	 1	 6	control	290	1574	258	51360	0	
4	 9	 2	 1	sample178	590	2132	514	72474	0	
4	 9	 2	 2	sample178	514	2056	514	61680	0	
4	 9	 2	 3	sample178	377	1919	256	78642	0	
4	 9	 2	 4	sample178	451	1993	256	69390	0	
4	 9	 2	 5	sample178	295	1837	256	41634	0	
4	 9	 2	 6	control	907	2449	770	26214	0	
4	 9	 3	 1	sample179	611	2409	514	86304	0	
4	 9	 3	 2	sample179	677	2475	772	34162	0	
4	 9	 3	 3	sample179	416	2214	258	84506	0	
4	 9	 3	 4	sample179	251	2049	258	71920	0	
4	 9	 3	 5	sample179	103	1901	0	71920	0	
4	 9	 3	 6	control	135	1933	258	71920	0	
4	 9	 4	 1	sample180	626	2424	514	82708	0	
4	 9	 4	 2	sample180	531	2329	514	84506	0	
4	 9	 4	 3	sample180	251	2049	258	71920	0	
4	 9	 4	 4	sample180	326	2124	258	26970	0	
4	 9	 4	 5	sample180	148	1946	258	71920	0	
4	 9	 4	 6	control	264	2062	258	71920	0	
4	 10	 1	 1	sample181	825	2109	772	61632	0	
4	 10	 1	 2	sample181	903	2187	772	57780	0	
4	 10	 1	 3	sample181	694	1978	772	55212	0	
4	 10	 1	 4	sample181	621	1905	514	59064	0	
4	 10	 1	 5	sample181	443	1985	514	44718	0	
4	 10	 1	 6	control	399	1683	514	51360	0	
4	 10	 2	 1	sample182	1034	2576	1028	66306	0	
4	 10	 2	 2	sample182	1236	2778	1028	32382	0	
4	 10	 2	 3	sample182	930	2472	770	57054	0	
4	 10	 2	 4	sample182	588	2130	514	69390	0	
4	 10	 2	 5	sample182	571	2113	514	69390	0	
4	 10	 2	 6	control	579	2121	514	60138	0	
4	 10	 3	 1	sample183	842	2640	772	71920	0	
4	 10	 3	 2	sample183	656	2454	514	88102	0	
4	 10	 3	 3	sample183	585	2383	514	71920	0	
4	 10	 3	 4	sample183	457	2255	258	71920	0	
4	 10	 3	 5	sample183	1376	3174	1028	71920	0	
4	 10	 3	 6	control	322	2120	258	71920	0	
4	 10	 4	 1	sample184	637	2435	514	37758	0	
4	 10	 4	 2	sample184	660	2458	514	41354	0	
4	 10	 4	 3	sample184	480	2278	258	80910	0	
4	 10	 4	 4	sample184	399	2197	258	71920	0	
4	 10	 4	 5	sample184	598	2396	514	71920	0	
4	 10	 4	 6	control	167	2223	0	82240	0	
4	 11	 1	 1	sample185	863	2149	770	32150	0	
4	 11	 1	 2	sample185	564	1850	514	46296	0	
4	 11	 1	 3	sample185	527	1813	514	24434	0	
4	 11	 1	 4	sample185	446	1732	256	48868	0	
4	 11	 1	 5	sample185	469	1755	256	51440	0	
4	 11	 1	 6	control	649	1935	770	21862	0	
4	 11	 2	 1	sample186	677	1963	770	60442	0	
4	 11	 2	 2	sample186	604	2146	514	61680	0	
4	 11	 2	 3	sample186	600	2142	514	46260	0	
4	 11	 2	 4	sample186	322	1864	258	61680	0	
4	 11	 2	 5	sample186	283	1825	258	61680	0	
4	 11	 2	 6	control	557	2099	514	46260	0	
4	 11	 3	 1	sample187	1040	2582	1028	106398	0	
4	 11	 3	 2	sample187	739	2539	770	73800	0	
4	 11	 3	 3	sample187	697	2497	514	75600	0	
4	 11	 3	 4	sample187	385	2185	256	68400	0	
4	 11	 3	 5	sample187	269	2069	256	72000	0	
4	 11	 3	 6	control	269	2069	256	72000	0	
4	 11	 4	 1	sample188	359	2159	256	72000	0	
4	 11	 4	 2	sample188	635	2435	514	34200	0	
4	 11	 4	 3	sample188	362	2162	256	70200	0	
4	 11	 4	 4	sample188	406	2206	514	34200	0	
4	 11	 4	 5	sample188	225	2025	0	72000	0	
4	 11	 4	 6	control	477	2277	514	50400	0	
4	 12	 1	 1	sample189	583	1867	514	43656	0	
4	 12	 1	 2	sample189	500	1784	514	44940	0	
4	 12	 1	 3	sample189	341	1625	258	51360	0	
4	 12	 1	 4	sample189	463	2005	256	55512	0	
4	 12	 1	 5	sample189	354	2152	258	71920	0	
4	 12	 1	 6	control	501	2557	256	82240	0	
4	 12	 2	 1	sample190	862	2146	772	43656	0	
4	 12	 2	 2	sample190	513	2055	514	38550	0	
4	 12	 2	 3	sample190	659	2201	514	35466	0	
4	 12	 2	 4	sample190	274	2072	258	57536	0	
4	 12	 2	 5	sample190	303	2101	258	71920	0	
4	 12	 2	 6	control	386	2698	258	92480	0	
4	 12	 3	 1	sample191	469	2011	256	61680	0	
4	 12	 3	 2	sample191	539	2081	256	61680	0	
4	 12	 3	 3	sample191	970	2768	772	39556	0	
4	 12	 3	 4	sample191	900	2698	514	32364	0	
4	 12	 3	 5	sample191	263	2319	256	82240	0	
4	 12	 3	 6	control	852	3164	514	36992	0	
4	 12	 4	 1	sample192	263	1805	256	61680	0	
4	 12	 4	 2	sample192	359	1901	256	61680	0	
4	 12	 4	 3	sample192	514	2312	514	39556	0	
4	 12	 4	 4	sample192	381	2179	258	52142	0	
4	 12	 4	 5	sample192	342	2398	256	37008	0	
4	 12	 4	 6	control	283	2595	258	92480	0	
