MicroVigene	 Version	 2501
Culture	en-US
9/27/2006 4:06:04 PM
Roi Row	 4	 Roi Col	 12	 Main Row	 4	 Main Col	 6	 Sub Row	 1	 Sub Col	 1
Main Row	 Main Col	 Sub Row	 Sub Col	  GeneID	mean_net	 mean_total	 median_net	 vol_bkg	 vol_dust	 
1	 1	 1	 1	sample1	1386	3186	1284	77400	0	
1	 1	 1	 2	sample1	1300	3100	1284	30600	0	
1	 1	 1	 3	sample1	891	2691	770	57600	0	
1	 1	 1	 4	sample1	713	2513	514	64800	0	
1	 1	 1	 5	sample1	308	2108	256	72000	0	
1	 1	 1	 6	control	175	1975	0	39600	0	
1	 1	 2	 1	sample2	2098	3898	2312	140400	0	
1	 1	 2	 2	sample2	1249	3049	1284	129600	0	
1	 1	 2	 3	sample2	1087	2887	1028	162000	0	
1	 1	 2	 4	sample2	913	2455	772	44718	0	
1	 1	 2	 5	sample2	416	1958	258	52428	0	
1	 1	 2	 6	control	508	2050	514	58596	0	
1	 1	 3	 1	sample3	1960	3760	1798	91800	0	
1	 1	 3	 2	sample3	2101	3643	2056	80184	0	
1	 1	 3	 3	sample3	1103	2903	1028	158400	0	
1	 1	 3	 4	sample3	1478	3020	1542	49344	0	
1	 1	 3	 5	sample3	650	1936	514	41152	0	
1	 1	 3	 6	control	82.7	1369	0	43724	0	
1	 1	 4	 1	sample4	2235	4035	2312	126000	0	
1	 1	 4	 2	sample4	1282	2824	1286	98688	0	
1	 1	 4	 3	sample4	1160	2702	1028	120276	0	
1	 1	 4	 4	sample4	1169	2711	1286	50886	0	
1	 1	 4	 5	sample4	555	2097	514	58596	0	
1	 1	 4	 6	control	528	2070	514	60138	0	
1	 2	 1	 1	sample5	1290	3090	1284	79200	0	
1	 2	 1	 2	sample5	1375	3431	1286	88408	0	
1	 2	 1	 3	sample5	995	2795	770	84600	0	
1	 2	 1	 4	sample5	425	2481	514	41120	0	
1	 2	 1	 5	sample5	-82.52	1973	0	69904	0	
1	 2	 1	 6	control	96.8	2153	0	82240	0	
1	 2	 2	 1	sample6	1381	3181	1284	167400	0	
1	 2	 2	 2	sample6	1229	3029	1028	91800	0	
1	 2	 2	 3	sample6	649	2449	514	64800	0	
1	 2	 2	 4	sample6	1033	2833	1028	77400	0	
1	 2	 2	 5	sample6	128	1928	256	72000	0	
1	 2	 2	 6	control	1028	2828	1028	73800	0	
1	 2	 3	 1	sample7	1095	2895	1028	82800	0	
1	 2	 3	 2	sample7	1518	3318	1542	176400	0	
1	 2	 3	 3	sample7	1151	2951	1028	135000	0	
1	 2	 3	 4	sample7	1062	2604	1028	70932	0	
1	 2	 3	 5	sample7	1110	2652	1028	29298	0	
1	 2	 3	 6	control	433	1975	258	58596	0	
1	 2	 4	 1	sample8	1040	2840	1028	72000	0	
1	 2	 4	 2	sample8	1394	3194	1284	72000	0	
1	 2	 4	 3	sample8	1536	3078	1542	132612	0	
1	 2	 4	 4	sample8	885	2427	772	66306	0	
1	 2	 4	 5	sample8	900	2442	772	43176	0	
1	 2	 4	 6	control	1211	2753	1028	37008	0	
1	 3	 1	 1	sample9	2390	3932	2570	140322	0	
1	 3	 1	 2	sample9	2602	4144	2828	101772	0	
1	 3	 1	 3	sample9	1499	3299	1284	131400	0	
1	 3	 1	 4	sample9	1817	3617	2056	77400	0	
1	 3	 1	 5	sample9	1024	2824	1028	120600	0	
1	 3	 1	 6	control	335	1877	258	61680	0	
1	 3	 2	 1	sample10	2555	4097	2314	101772	0	
1	 3	 2	 2	sample10	2245	4045	2312	136800	0	
1	 3	 2	 3	sample10	2147	3689	2314	104856	0	
1	 3	 2	 4	sample10	1093	2635	1028	74016	0	
1	 3	 2	 5	sample10	983	2525	1028	78642	0	
1	 3	 2	 6	control	1761	3303	1800	83268	0	
1	 3	 3	 1	sample11	3235	4777	3342	107940	0	
1	 3	 3	 2	sample11	1622	3164	1542	138780	0	
1	 3	 3	 3	sample11	1840	3382	1800	97146	0	
1	 3	 3	 4	sample11	1521	3063	1542	37008	0	
1	 3	 3	 5	sample11	861	2403	772	35466	0	
1	 3	 3	 6	control	449	1735	256	51440	0	
1	 3	 4	 1	sample12	2616	3902	2312	86162	0	
1	 3	 4	 2	sample12	2229	3771	2056	98688	0	
1	 3	 4	 3	sample12	1213	2755	1028	98688	0	
1	 3	 4	 4	sample12	1214	2756	1028	94062	0	
1	 3	 4	 5	sample12	1116	2658	1028	90978	0	
1	 3	 4	 6	control	1233	2519	1028	51440	0	
1	 4	 1	 1	sample13	5326	8152	5398	282600	0	
1	 4	 1	 2	sample13	3493	6319	3084	124344	0	
1	 4	 1	 3	sample13	3695	6265	3598	190180	0	
1	 4	 1	 4	sample13	1601	4171	1542	167050	0	
1	 4	 1	 5	sample13	1670	3982	1800	247384	0	
1	 4	 1	 6	control	392	2704	258	92480	0	
1	 4	 2	 1	sample14	3092	5918	2828	285426	0	
1	 4	 2	 2	sample14	2457	5283	2570	237384	0	
1	 4	 2	 3	sample14	1991	4561	1798	102800	0	
1	 4	 2	 4	sample14	1795	4107	1800	258944	0	
1	 4	 2	 5	sample14	1339	3651	1286	166464	0	
1	 4	 2	 6	control	2229	4285	2312	133640	0	
1	 4	 3	 1	sample15	1754	4324	1798	133640	0	
1	 4	 3	 2	sample15	1908	4220	1800	87856	0	
1	 4	 3	 3	sample15	1685	3997	1542	191896	0	
1	 4	 3	 4	sample15	1453	3765	1286	205768	0	
1	 4	 3	 5	sample15	1085	3141	1028	82240	0	
1	 4	 3	 6	control	353	2409	256	82240	0	
1	 4	 4	 1	sample16	2583	4895	2828	194208	0	
1	 4	 4	 2	sample16	2283	4595	2314	117912	0	
1	 4	 4	 3	sample16	1535	3847	1542	166464	0	
1	 4	 4	 4	sample16	1641	3697	1542	100744	0	
1	 4	 4	 5	sample16	1033	3089	1028	96632	0	
1	 4	 4	 6	control	1406	3462	1284	121304	0	
1	 5	 1	 1	sample17	4171	5713	4626	174246	0	
1	 5	 1	 2	sample17	3238	5036	3598	147436	0	
1	 5	 1	 3	sample17	1931	3729	2056	133052	0	
1	 5	 1	 4	sample17	1882	3424	2056	75558	0	
1	 5	 1	 5	sample17	1369	2653	1286	51360	0	
1	 5	 1	 6	control	108	1392	0	46224	0	
1	 5	 2	 1	sample18	1995	3793	1800	158224	0	
1	 5	 2	 2	sample18	3424	5222	3342	95294	0	
1	 5	 2	 3	sample18	2276	4074	2314	170810	0	
1	 5	 2	 4	sample18	1718	3260	1542	24672	0	
1	 5	 2	 5	sample18	1145	2429	1028	56496	0	
1	 5	 2	 6	control	2401	3429	2312	32896	0	
1	 5	 3	 1	sample19	3259	5057	3084	95294	0	
1	 5	 3	 2	sample19	2401	4713	2314	115600	0	
1	 5	 3	 3	sample19	2824	4366	3084	134154	0	
1	 5	 3	 4	sample19	2353	3637	2570	101436	0	
1	 5	 3	 5	sample19	1530	2558	1542	45232	0	
1	 5	 3	 6	control	479	1249	514	27720	0	
1	 5	 4	 1	sample20	3285	4569	3084	110424	0	
1	 5	 4	 2	sample20	2382	3666	2314	77040	0	
1	 5	 4	 3	sample20	1580	2864	1800	132252	0	
1	 5	 4	 4	sample20	1348	2632	1286	47508	0	
1	 5	 4	 5	sample20	1090	2118	1028	42148	0	
1	 5	 4	 6	control	1445	2215	1542	28490	0	
1	 6	 1	 1	sample21	1621	3677	1542	213824	0	
1	 6	 1	 2	sample21	2455	4767	2056	117912	0	
1	 6	 1	 3	sample21	1819	3875	1798	154200	0	
1	 6	 1	 4	sample21	1370	3426	1284	74016	0	
1	 6	 1	 5	sample21	1006	2804	1028	62930	0	
1	 6	 1	 6	control	250	2048	258	64728	0	
1	 6	 2	 1	sample22	1512	3568	1542	106912	0	
1	 6	 2	 2	sample22	2228	4284	2312	187096	0	
1	 6	 2	 3	sample22	2849	4647	3084	149234	0	
1	 6	 2	 4	sample22	1636	3434	1542	39556	0	
1	 6	 2	 5	sample22	1970	3512	1798	60138	0	
1	 6	 2	 6	control	1960	3502	2056	66306	0	
1	 6	 3	 1	sample23	1491	3289	1542	71920	0	
1	 6	 3	 2	sample23	444	2242	514	71920	0	
1	 6	 3	 3	sample23	1387	3185	1286	95294	0	
1	 6	 3	 4	sample23	1249	2791	1284	78642	0	
1	 6	 3	 5	sample23	656	2198	514	58596	0	
1	 6	 3	 6	control	450	1734	258	46224	0	
1	 6	 4	 1	sample24	3460	5002	3854	115650	0	
1	 6	 4	 2	sample24	2138	3936	2056	79112	0	
1	 6	 4	 3	sample24	1643	3185	1542	81726	0	
1	 6	 4	 4	sample24	952	2494	1028	78642	0	
1	 6	 4	 5	sample24	891	2433	770	26214	0	
1	 6	 4	 6	control	1881	3165	1800	48792	0	
1	 7	 1	 1	sample25	2194	4506	1800	293624	0	
1	 7	 1	 2	sample25	4044	6356	3856	182648	0	
1	 7	 1	 3	sample25	2894	5206	3084	161840	0	
1	 7	 1	 4	sample25	1640	3696	1542	96632	0	
1	 7	 1	 5	sample25	1636	3434	1542	93496	0	
1	 7	 1	 6	control	193	1991	0	64728	0	
1	 7	 2	 1	sample26	2933	5503	3084	136210	0	
1	 7	 2	 2	sample26	2752	4808	3084	176816	0	
1	 7	 2	 3	sample26	1613	3411	1542	197780	0	
1	 7	 2	 4	sample26	1866	3664	1800	89900	0	
1	 7	 2	 5	sample26	1309	3107	1286	77314	0	
1	 7	 2	 6	control	2297	4095	2056	55738	0	
1	 7	 3	 1	sample27	668	2724	514	82240	0	
1	 7	 3	 2	sample27	977	2775	1028	71920	0	
1	 7	 3	 3	sample27	849	2647	772	71920	0	
1	 7	 3	 4	sample27	649	2191	770	55512	0	
1	 7	 3	 5	sample27	431	2229	514	61132	0	
1	 7	 3	 6	control	306	1848	256	55512	0	
1	 7	 4	 1	sample28	2360	3902	2570	117192	0	
1	 7	 4	 2	sample28	1302	2844	1284	111024	0	
1	 7	 4	 3	sample28	1171	2713	1028	77100	0	
1	 7	 4	 4	sample28	1083	2625	1028	78642	0	
1	 7	 4	 5	sample28	893	2435	770	61680	0	
1	 7	 4	 6	control	1153	2695	1284	75558	0	
1	 8	 1	 1	sample29	4146	6202	3856	187096	0	
1	 8	 1	 2	sample29	3324	5380	3084	150088	0	
1	 8	 1	 3	sample29	2730	4530	3084	138600	0	
1	 8	 1	 4	sample29	1430	3230	1542	136800	0	
1	 8	 1	 5	sample29	922	2722	1028	171000	0	
1	 8	 1	 6	control	341	1883	258	61680	0	
1	 8	 2	 1	sample30	2093	4149	1800	158312	0	
1	 8	 2	 2	sample30	2742	4798	2828	154200	0	
1	 8	 2	 3	sample30	2625	4425	2826	140400	0	
1	 8	 2	 4	sample30	1657	3457	1798	144000	0	
1	 8	 2	 5	sample30	1366	2908	1542	118734	0	
1	 8	 2	 6	control	2168	3710	2056	81726	0	
1	 8	 3	 1	sample31	3754	5810	4112	203544	0	
1	 8	 3	 2	sample31	2416	4730	2056	178178	0	
1	 8	 3	 3	sample31	1587	3643	1800	191208	0	
1	 8	 3	 4	sample31	1606	3406	1542	72000	0	
1	 8	 3	 5	sample31	970	2512	1028	74016	0	
1	 8	 3	 6	control	219	1761	258	61680	0	
1	 8	 4	 1	sample32	4331	6131	4112	111600	0	
1	 8	 4	 2	sample32	2579	4635	2570	125416	0	
1	 8	 4	 3	sample32	2404	4204	2570	145800	0	
1	 8	 4	 4	sample32	2136	3936	2056	120600	0	
1	 8	 4	 5	sample32	1215	3015	1284	126000	0	
1	 8	 4	 6	control	1325	3125	1284	126000	0	
1	 9	 1	 1	sample33	3866	5408	3342	144948	0	
1	 9	 1	 2	sample33	3036	4578	3084	114108	0	
1	 9	 1	 3	sample33	1285	2827	1286	124902	0	
1	 9	 1	 4	sample33	1559	3101	1800	94062	0	
1	 9	 1	 5	sample33	994	2536	1028	171162	0	
1	 9	 1	 6	control	425	1967	258	61680	0	
1	 9	 2	 1	sample34	3155	4441	2570	119598	0	
1	 9	 2	 2	sample34	3559	5101	3856	129528	0	
1	 9	 2	 3	sample34	3234	4776	3342	129528	0	
1	 9	 2	 4	sample34	2781	4067	2826	101594	0	
1	 9	 2	 5	sample34	1867	3153	2056	106738	0	
1	 9	 2	 6	control	2580	4122	2570	166536	0	
1	 9	 3	 1	sample35	2535	4077	2570	178872	0	
1	 9	 3	 2	sample35	1421	2963	1542	61680	0	
1	 9	 3	 3	sample35	1759	3301	1800	106398	0	
1	 9	 3	 4	sample35	822	2364	772	101772	0	
1	 9	 3	 5	sample35	1180	2466	1284	47582	0	
1	 9	 3	 6	control	386	1928	258	61680	0	
1	 9	 4	 1	sample36	1979	3521	2056	61680	0	
1	 9	 4	 2	sample36	1791	3591	1284	174600	0	
1	 9	 4	 3	sample36	2444	4244	2570	158400	0	
1	 9	 4	 4	sample36	2290	3832	2056	135696	0	
1	 9	 4	 5	sample36	1774	3316	1800	109482	0	
1	 9	 4	 6	control	1321	3121	1284	126000	0	
1	 10	 1	 1	sample37	4950	6750	4882	165600	0	
1	 10	 1	 2	sample37	4336	5878	4884	106398	0	
1	 10	 1	 3	sample37	2391	3933	2056	123360	0	
1	 10	 1	 4	sample37	1883	3425	2056	118734	0	
1	 10	 1	 5	sample37	1424	2966	1286	160368	0	
1	 10	 1	 6	control	476	2018	514	61680	0	
1	 10	 2	 1	sample38	1599	3399	1542	72000	0	
1	 10	 2	 2	sample38	3459	5259	3084	144000	0	
1	 10	 2	 3	sample38	2758	4558	3084	154800	0	
1	 10	 2	 4	sample38	2176	3718	2056	132612	0	
1	 10	 2	 5	sample38	2053	3595	2056	117192	0	
1	 10	 2	 6	control	2205	4005	2312	133200	0	
1	 10	 3	 1	sample39	5424	7480	4370	197376	0	
1	 10	 3	 2	sample39	4500	6556	4370	141864	0	
1	 10	 3	 3	sample39	2875	4931	2570	166536	0	
1	 10	 3	 4	sample39	1331	3131	1284	138600	0	
1	 10	 3	 5	sample39	1247	3047	1284	122400	0	
1	 10	 3	 6	control	359	2159	256	72000	0	
1	 10	 4	 1	sample40	3554	5354	3084	190800	0	
1	 10	 4	 2	sample40	2565	4621	2570	102800	0	
1	 10	 4	 3	sample40	3149	5205	3598	154200	0	
1	 10	 4	 4	sample40	2069	4125	1800	84296	0	
1	 10	 4	 5	sample40	1499	3299	1284	99000	0	
1	 10	 4	 6	control	2081	4137	2056	148032	0	
1	 11	 1	 1	sample41	3163	4705	2828	228216	0	
1	 11	 1	 2	sample41	4235	5777	4370	61680	0	
1	 11	 1	 3	sample41	2346	3888	2314	61680	0	
1	 11	 1	 4	sample41	2369	3911	2570	78642	0	
1	 11	 1	 5	sample41	1977	3263	2056	66872	0	
1	 11	 1	 6	control	332	1618	256	43724	0	
1	 11	 2	 1	sample42	4263	6577	4626	203632	0	
1	 11	 2	 2	sample42	3537	5851	3854	196690	0	
1	 11	 2	 3	sample42	877	2933	772	69904	0	
1	 11	 2	 4	sample42	3725	5267	3856	81726	0	
1	 11	 2	 5	sample42	3093	4379	3084	66872	0	
1	 11	 2	 6	control	3499	4785	3598	50154	0	
1	 11	 3	 1	sample43	5589	7903	4882	210574	0	
1	 11	 3	 2	sample43	4311	7139	4626	203616	0	
1	 11	 3	 3	sample43	3081	5395	2826	201318	0	
1	 11	 3	 4	sample43	2420	4220	2312	86400	0	
1	 11	 3	 5	sample43	2598	4140	2570	43176	0	
1	 11	 3	 6	control	182	1724	258	52428	0	
1	 11	 4	 1	sample44	4758	6814	5140	156256	0	
1	 11	 4	 2	sample44	3750	6320	3342	187610	0	
1	 11	 4	 3	sample44	3479	5793	3340	90246	0	
1	 11	 4	 4	sample44	3267	5323	3342	106912	0	
1	 11	 4	 5	sample44	2486	4286	2570	82800	0	
1	 11	 4	 6	control	3229	4771	3084	63222	0	
1	 12	 1	 1	sample45	4997	6795	5398	89900	0	
1	 12	 1	 2	sample45	3633	5175	4112	101772	0	
1	 12	 1	 3	sample45	2796	4080	3084	93732	0	
1	 12	 1	 4	sample45	2047	3589	2312	90978	0	
1	 12	 1	 5	sample45	1333	2875	1284	106398	0	
1	 12	 1	 6	control	238	2036	0	71920	0	
1	 12	 2	 1	sample46	2425	4223	2314	66526	0	
1	 12	 2	 2	sample46	3112	4910	3084	170810	0	
1	 12	 2	 3	sample46	3307	4591	3598	95016	0	
1	 12	 2	 4	sample46	2712	3996	2828	62916	0	
1	 12	 2	 5	sample46	1346	2888	1284	90978	0	
1	 12	 2	 6	control	2742	4284	2826	94062	0	
1	 12	 3	 1	sample47	4637	6693	4626	143920	0	
1	 12	 3	 2	sample47	3778	5576	3856	131254	0	
1	 12	 3	 3	sample47	3197	4739	3598	90978	0	
1	 12	 3	 4	sample47	1794	3336	2056	81726	0	
1	 12	 3	 5	sample47	1109	2651	1028	87894	0	
1	 12	 3	 6	control	417	1959	256	61680	0	
1	 12	 4	 1	sample48	5135	7191	4368	129528	0	
1	 12	 4	 2	sample48	3901	5957	3854	160368	0	
1	 12	 4	 3	sample48	4695	6493	4884	122264	0	
1	 12	 4	 4	sample48	2887	4685	2828	140244	0	
1	 12	 4	 5	sample48	1985	3527	2056	95604	0	
1	 12	 4	 6	control	3270	4812	3598	89436	0	
2	 1	 1	 1	sample49	4576	7402	4626	257166	0	
2	 1	 1	 2	sample49	3713	6797	3598	252888	0	
2	 1	 1	 3	sample49	3686	6770	3854	249804	0	
2	 1	 1	 4	sample49	3164	5990	3084	200646	0	
2	 1	 1	 5	sample49	1894	4464	1798	269850	0	
2	 1	 1	 6	control	482	3052	514	102800	0	
2	 1	 2	 1	sample50	3318	7430	3340	189152	0	
2	 1	 2	 2	sample50	4941	9053	5396	287840	0	
2	 1	 2	 3	sample50	3229	7083	2828	474042	0	
2	 1	 2	 4	sample50	2992	6332	2828	287240	0	
2	 1	 2	 5	sample50	2351	5435	2312	289896	0	
2	 1	 2	 6	control	3197	6023	3598	226080	0	
2	 1	 3	 1	sample51	31.6	3630	0	143920	0	
2	 1	 3	 2	sample51	662	4516	258	154160	0	
2	 1	 3	 3	sample51	2070	5668	2056	190694	0	
2	 1	 3	 4	sample51	2554	5638	2826	259056	0	
2	 1	 3	 5	sample51	1686	4770	1798	203544	0	
2	 1	 3	 6	control	231	3315	256	123360	0	
2	 1	 4	 1	sample52	5010	7836	5140	200646	0	
2	 1	 4	 2	sample52	3739	6823	3854	212796	0	
2	 1	 4	 3	sample52	2354	5438	2570	342324	0	
2	 1	 4	 4	sample52	2135	5219	2056	259056	0	
2	 1	 4	 5	sample52	893	3977	1028	123360	0	
2	 1	 4	 6	control	1792	4876	1542	234384	0	
2	 2	 1	 1	sample53	3913	5455	4112	137238	0	
2	 2	 1	 2	sample53	2984	4784	3084	135000	0	
2	 2	 1	 3	sample53	2688	4488	2826	120600	0	
2	 2	 1	 4	sample53	1950	3750	2056	131400	0	
2	 2	 1	 5	sample53	1708	3508	1798	133200	0	
2	 2	 1	 6	control	289	2089	256	72000	0	
2	 2	 2	 1	sample54	6422	8478	5654	137752	0	
2	 2	 2	 2	sample54	5483	8053	5912	161910	0	
2	 2	 2	 3	sample54	3540	5854	3598	175864	0	
2	 2	 2	 4	sample54	2926	5240	3084	155038	0	
2	 2	 2	 5	sample54	2491	4547	2828	152144	0	
2	 2	 2	 6	control	2162	3962	2056	117000	0	
2	 2	 3	 1	sample55	7209	9523	6938	180492	0	
2	 2	 3	 2	sample55	6327	9155	6682	223412	0	
2	 2	 3	 3	sample55	4815	7643	5140	226240	0	
2	 2	 3	 4	sample55	2951	5521	3084	213310	0	
2	 2	 3	 5	sample55	1698	4012	1542	94874	0	
2	 2	 3	 6	control	110	2166	0	82240	0	
2	 2	 4	 1	sample56	3633	5689	3342	123360	0	
2	 2	 4	 2	sample56	5083	7397	5140	157352	0	
2	 2	 4	 3	sample56	4112	6682	3598	244150	0	
2	 2	 4	 4	sample56	2084	4654	2056	167050	0	
2	 2	 4	 5	sample56	1606	3920	1542	129584	0	
2	 2	 4	 6	control	1414	3470	1286	82240	0	
2	 3	 1	 1	sample57	6909	8707	6682	165416	0	
2	 3	 1	 2	sample57	5406	7462	5654	160368	0	
2	 3	 1	 3	sample57	4784	6840	5396	156256	0	
2	 3	 1	 4	sample57	3787	5585	3856	134850	0	
2	 3	 1	 5	sample57	3347	4631	3856	110424	0	
2	 3	 1	 6	control	200	1484	258	51360	0	
2	 3	 2	 1	sample58	2671	4983	2570	117912	0	
2	 3	 2	 2	sample58	4176	7260	3854	160368	0	
2	 3	 2	 3	sample58	2917	5487	3084	241580	0	
2	 3	 2	 4	sample58	3063	5375	3084	138720	0	
2	 3	 2	 5	sample58	2109	3651	2312	141864	0	
2	 3	 2	 6	control	3298	4840	3854	111024	0	
2	 3	 3	 1	sample59	4997	7053	4626	273448	0	
2	 3	 3	 2	sample59	5049	8389	5398	290580	0	
2	 3	 3	 3	sample59	4101	6927	4112	243036	0	
2	 3	 3	 4	sample59	3610	5922	3598	198832	0	
2	 3	 3	 5	sample59	2430	4228	2314	138446	0	
2	 3	 3	 6	control	366	1908	256	61680	0	
2	 3	 4	 1	sample60	2155	4467	2056	97104	0	
2	 3	 4	 2	sample60	3757	6327	3340	161910	0	
2	 3	 4	 3	sample60	2797	5367	2826	221020	0	
2	 3	 4	 4	sample60	2537	4593	2570	148032	0	
2	 3	 4	 5	sample60	1028	3084	1028	82240	0	
2	 3	 4	 6	control	2068	3866	1800	116870	0	
2	 4	 1	 1	sample61	5181	6723	4884	138780	0	
2	 4	 1	 2	sample61	4483	6025	4370	107940	0	
2	 4	 1	 3	sample61	2619	4419	2826	129600	0	
2	 4	 1	 4	sample61	2317	3859	2314	118734	0	
2	 4	 1	 5	sample61	1714	3256	1800	124902	0	
2	 4	 1	 6	control	970	2256	1028	23148	0	
2	 4	 2	 1	sample62	3985	5785	4368	135000	0	
2	 4	 2	 2	sample62	3415	5471	3856	129528	0	
2	 4	 2	 3	sample62	2272	4328	2314	154200	0	
2	 4	 2	 4	sample62	2524	4324	2826	133200	0	
2	 4	 2	 5	sample62	1463	3263	1542	82800	0	
2	 4	 2	 6	control	2084	3626	2056	100230	0	
2	 4	 3	 1	sample63	5338	7394	5398	176816	0	
2	 4	 3	 2	sample63	3858	6172	4112	180492	0	
2	 4	 3	 3	sample63	3224	5280	3084	162424	0	
2	 4	 3	 4	sample63	2183	4239	2314	154200	0	
2	 4	 3	 5	sample63	1179	2979	1028	61200	0	
2	 4	 3	 6	control	314	2114	256	72000	0	
2	 4	 4	 1	sample64	3750	5806	4370	135696	0	
2	 4	 4	 2	sample64	2769	5083	3084	145782	0	
2	 4	 4	 3	sample64	1957	4271	2056	150410	0	
2	 4	 4	 4	sample64	1445	3501	1542	102800	0	
2	 4	 4	 5	sample64	707	2763	514	82240	0	
2	 4	 4	 6	control	963	2763	1028	43200	0	
2	 5	 1	 1	sample65	5821	7621	5396	149400	0	
2	 5	 1	 2	sample65	3909	5709	3598	136800	0	
2	 5	 1	 3	sample65	2968	4768	2570	147600	0	
2	 5	 1	 4	sample65	2212	3754	2314	97146	0	
2	 5	 1	 5	sample65	1716	3002	1798	96450	0	
2	 5	 1	 6	control	179	1465	256	51440	0	
2	 5	 2	 1	sample66	4785	7099	4882	115700	0	
2	 5	 2	 2	sample66	3203	5773	3342	172190	0	
2	 5	 2	 3	sample66	2258	4572	2312	219830	0	
2	 5	 2	 4	sample66	2235	4035	2570	149400	0	
2	 5	 2	 5	sample66	1231	3031	1284	147600	0	
2	 5	 2	 6	control	2567	4109	2570	103314	0	
2	 5	 3	 1	sample67	4169	6739	4626	128500	0	
2	 5	 3	 2	sample67	3079	6163	3342	286812	0	
2	 5	 3	 3	sample67	3304	5874	3342	174760	0	
2	 5	 3	 4	sample67	2241	4555	2312	173550	0	
2	 5	 3	 5	sample67	1363	3163	1284	88200	0	
2	 5	 3	 6	control	173	1973	256	72000	0	
2	 5	 4	 1	sample68	5300	7870	4884	53970	0	
2	 5	 4	 2	sample68	3130	5958	3084	93324	0	
2	 5	 4	 3	sample68	3850	6678	3854	149884	0	
2	 5	 4	 4	sample68	3726	6040	3340	83304	0	
2	 5	 4	 5	sample68	1350	3406	1542	82240	0	
2	 5	 4	 6	control	925	2725	770	72000	0	
2	 6	 1	 1	sample69	4761	6303	4884	138780	0	
2	 6	 1	 2	sample69	2960	4760	3340	176400	0	
2	 6	 1	 3	sample69	3608	5150	3598	120276	0	
2	 6	 1	 4	sample69	2604	4146	2828	117192	0	
2	 6	 1	 5	sample69	3148	4434	3084	46296	0	
2	 6	 1	 6	control	578	1864	514	46296	0	
2	 6	 2	 1	sample70	2924	4980	3084	180928	0	
2	 6	 2	 2	sample70	2656	4970	2570	164294	0	
2	 6	 2	 3	sample70	2155	4211	2056	106912	0	
2	 6	 2	 4	sample70	2222	4022	2312	91800	0	
2	 6	 2	 5	sample70	1985	3785	1798	72000	0	
2	 6	 2	 6	control	3266	4808	3084	67848	0	
2	 6	 3	 1	sample71	2294	4350	2314	108968	0	
2	 6	 3	 2	sample71	1415	3729	1284	122642	0	
2	 6	 3	 3	sample71	1829	3885	1800	108968	0	
2	 6	 3	 4	sample71	1686	3742	1542	102800	0	
2	 6	 3	 5	sample71	1020	2820	1028	57600	0	
2	 6	 3	 6	control	628	2170	514	52428	0	
2	 6	 4	 1	sample72	2810	4866	2314	209712	0	
2	 6	 4	 2	sample72	2858	5172	2826	150410	0	
2	 6	 4	 3	sample72	2970	5284	2826	199004	0	
2	 6	 4	 4	sample72	2238	4294	2056	160368	0	
2	 6	 4	 5	sample72	1453	3253	1284	52200	0	
2	 6	 4	 6	control	1056	2856	1028	64800	0	
2	 7	 1	 1	sample73	1892	3692	1798	93600	0	
2	 7	 1	 2	sample73	3569	5369	3340	147600	0	
2	 7	 1	 3	sample73	2834	4376	2828	118734	0	
2	 7	 1	 4	sample73	2149	3435	2056	56584	0	
2	 7	 1	 5	sample73	1842	3128	2056	68158	0	
2	 7	 1	 6	control	499	1785	514	46296	0	
2	 7	 2	 1	sample74	4452	6508	4370	154200	0	
2	 7	 2	 2	sample74	4378	6434	4884	123360	0	
2	 7	 2	 3	sample74	2001	3801	2056	93600	0	
2	 7	 2	 4	sample74	2586	4128	2570	124902	0	
2	 7	 2	 5	sample74	2584	4126	2314	60138	0	
2	 7	 2	 6	control	3615	5157	4112	74016	0	
2	 7	 3	 1	sample75	950	2750	1028	72000	0	
2	 7	 3	 2	sample75	1363	3419	1286	41120	0	
2	 7	 3	 3	sample75	2200	4000	2056	86400	0	
2	 7	 3	 4	sample75	1337	3137	1284	61200	0	
2	 7	 3	 5	sample75	1061	2603	1028	74016	0	
2	 7	 3	 6	control	457	1999	514	55512	0	
2	 7	 4	 1	sample76	6028	8084	6168	127472	0	
2	 7	 4	 2	sample76	3901	5957	3856	137752	0	
2	 7	 4	 3	sample76	3140	5196	3084	172704	0	
2	 7	 4	 4	sample76	2515	4571	2314	143920	0	
2	 7	 4	 5	sample76	2218	4018	2056	34200	0	
2	 7	 4	 6	control	1285	3085	1028	72000	0	
2	 8	 1	 1	sample77	5260	6802	4626	151116	0	
2	 8	 1	 2	sample77	4522	6064	4882	134154	0	
2	 8	 1	 3	sample77	3208	4492	3598	96300	0	
2	 8	 1	 4	sample77	1661	2945	1800	86028	0	
2	 8	 1	 5	sample77	1746	3030	1800	110424	0	
2	 8	 1	 6	control	270	1554	258	51360	0	
2	 8	 2	 1	sample78	3276	5074	3598	127658	0	
2	 8	 2	 2	sample78	2634	4432	2828	145638	0	
2	 8	 2	 3	sample78	2523	4065	2826	118734	0	
2	 8	 2	 4	sample78	1953	3495	2056	123360	0	
2	 8	 2	 5	sample78	1607	3149	1798	114108	0	
2	 8	 2	 6	control	3180	4722	3340	86352	0	
2	 8	 3	 1	sample79	4691	6747	4882	176816	0	
2	 8	 3	 2	sample79	4211	6523	4884	191896	0	
2	 8	 3	 3	sample79	3787	5843	4626	133640	0	
2	 8	 3	 4	sample79	2646	4444	2570	147436	0	
2	 8	 3	 5	sample79	1178	2720	1028	70932	0	
2	 8	 3	 6	control	398	1940	256	61680	0	
2	 8	 4	 1	sample80	4142	6198	3854	170648	0	
2	 8	 4	 2	sample80	2952	5008	2826	156256	0	
2	 8	 4	 3	sample80	2680	4736	2570	172704	0	
2	 8	 4	 4	sample80	2019	4075	2056	71960	0	
2	 8	 4	 5	sample80	842	2640	772	71920	0	
2	 8	 4	 6	control	2145	3943	2056	57536	0	
2	 9	 1	 1	sample81	4231	6029	4626	136648	0	
2	 9	 1	 2	sample81	2686	4742	2312	135696	0	
2	 9	 1	 3	sample81	2819	4617	3342	111476	0	
2	 9	 1	 4	sample81	2103	3645	2312	141864	0	
2	 9	 1	 5	sample81	1639	3181	1798	101772	0	
2	 9	 1	 6	control	71.2	1869	0	71920	0	
2	 9	 2	 1	sample82	5637	7949	5398	136408	0	
2	 9	 2	 2	sample82	4666	7236	4368	195320	0	
2	 9	 2	 3	sample82	4447	6759	4884	129472	0	
2	 9	 2	 4	sample82	2608	4406	2570	111476	0	
2	 9	 2	 5	sample82	1928	3726	1800	111476	0	
2	 9	 2	 6	control	2609	4407	2828	95294	0	
2	 9	 3	 1	sample83	2988	5558	2826	131070	0	
2	 9	 3	 2	sample83	4944	7770	5140	166734	0	
2	 9	 3	 3	sample83	3615	5927	4112	145656	0	
2	 9	 3	 4	sample83	1880	3936	2056	168592	0	
2	 9	 3	 5	sample83	1222	3278	1028	92520	0	
2	 9	 3	 6	control	399	2197	514	71920	0	
2	 9	 4	 1	sample84	1870	4182	1800	210392	0	
2	 9	 4	 2	sample84	3271	5841	3340	151630	0	
2	 9	 4	 3	sample84	2416	4728	2314	161840	0	
2	 9	 4	 4	sample84	2750	5062	2570	145656	0	
2	 9	 4	 5	sample84	1665	3721	1798	98688	0	
2	 9	 4	 6	control	1661	3717	1542	119248	0	
2	 10	 1	 1	sample85	2540	4854	2312	120328	0	
2	 10	 1	 2	sample85	3824	6138	3084	173550	0	
2	 10	 1	 3	sample85	3421	5221	3598	126000	0	
2	 10	 1	 4	sample85	2345	4145	2312	86400	0	
2	 10	 1	 5	sample85	1581	3381	1542	81000	0	
2	 10	 1	 6	control	279	2079	256	61200	0	
2	 10	 2	 1	sample86	3550	5864	3340	175864	0	
2	 10	 2	 2	sample86	2632	5202	2570	172190	0	
2	 10	 2	 3	sample86	2970	5026	2828	152144	0	
2	 10	 2	 4	sample86	2912	4712	2826	81000	0	
2	 10	 2	 5	sample86	1670	3470	2056	75600	0	
2	 10	 2	 6	control	3103	4903	3084	72000	0	
2	 10	 3	 1	sample87	5640	8210	5912	185040	0	
2	 10	 3	 2	sample87	4067	6895	3854	212100	0	
2	 10	 3	 3	sample87	2867	5951	2828	160368	0	
2	 10	 3	 4	sample87	3319	5375	3342	71960	0	
2	 10	 3	 5	sample87	1278	3078	1284	73800	0	
2	 10	 3	 6	control	337	2137	256	57600	0	
2	 10	 4	 1	sample88	2194	4508	2056	305448	0	
2	 10	 4	 2	sample88	2147	4717	2056	182470	0	
2	 10	 4	 3	sample88	2699	5269	2570	123360	0	
2	 10	 4	 4	sample88	2802	4858	2828	41120	0	
2	 10	 4	 5	sample88	643	2699	514	82240	0	
2	 10	 4	 6	control	1549	3605	1542	82240	0	
2	 11	 1	 1	sample89	5453	7253	6168	196200	0	
2	 11	 1	 2	sample89	4627	6683	4884	162424	0	
2	 11	 1	 3	sample89	3793	5593	4368	144000	0	
2	 11	 1	 4	sample89	3839	5381	4112	74016	0	
2	 11	 1	 5	sample89	3223	4765	3342	77100	0	
2	 11	 1	 6	control	431	1717	514	43724	0	
2	 11	 2	 1	sample90	861	3945	772	123360	0	
2	 11	 2	 2	sample90	2003	5601	1542	190694	0	
2	 11	 2	 3	sample90	3883	5939	3856	170648	0	
2	 11	 2	 4	sample90	2873	4673	3340	79200	0	
2	 11	 2	 5	sample90	2438	3980	2314	50886	0	
2	 11	 2	 6	control	4737	6279	4884	78642	0	
2	 11	 3	 1	sample91	5666	8750	5912	135696	0	
2	 11	 3	 2	sample91	4545	7887	4882	170442	0	
2	 11	 3	 3	sample91	3644	5958	3598	115700	0	
2	 11	 3	 4	sample91	4273	6329	4112	65792	0	
2	 11	 3	 5	sample91	2050	3592	2056	61680	0	
2	 11	 3	 6	control	234	1776	258	49344	0	
2	 11	 4	 1	sample92	4277	6333	4112	108968	0	
2	 11	 4	 2	sample92	2756	5326	2570	64250	0	
2	 11	 4	 3	sample92	1665	3721	1542	86352	0	
2	 11	 4	 4	sample92	2442	3984	2570	43176	0	
2	 11	 4	 5	sample92	849	2391	772	61680	0	
2	 11	 4	 6	control	3149	4435	3084	60442	0	
2	 12	 1	 1	sample93	3950	6006	4370	162424	0	
2	 12	 1	 2	sample93	2889	4945	3342	189152	0	
2	 12	 1	 3	sample93	3212	5012	3598	129600	0	
2	 12	 1	 4	sample93	2991	4791	3340	95400	0	
2	 12	 1	 5	sample93	1877	3677	2056	129600	0	
2	 12	 1	 6	control	404	2718	514	92560	0	
2	 12	 2	 1	sample94	4717	7031	4112	161980	0	
2	 12	 2	 2	sample94	5285	7599	5396	122642	0	
2	 12	 2	 3	sample94	4627	6683	5398	133640	0	
2	 12	 2	 4	sample94	3630	5686	3856	117192	0	
2	 12	 2	 5	sample94	2534	4590	2828	131584	0	
2	 12	 2	 6	control	4783	7097	5654	124956	0	
2	 12	 3	 1	sample95	5308	7622	4626	187434	0	
2	 12	 3	 2	sample95	5016	7330	5396	124956	0	
2	 12	 3	 3	sample95	5185	7241	5654	106912	0	
2	 12	 3	 4	sample95	3180	5236	3598	160368	0	
2	 12	 3	 5	sample95	1370	3426	1286	125416	0	
2	 12	 3	 6	control	669	2725	772	82240	0	
2	 12	 4	 1	sample96	6387	8443	7196	111024	0	
2	 12	 4	 2	sample96	4976	7032	5912	108968	0	
2	 12	 4	 3	sample96	3919	5719	4368	108000	0	
2	 12	 4	 4	sample96	3038	4838	3340	100800	0	
2	 12	 4	 5	sample96	2382	4182	2570	93600	0	
2	 12	 4	 6	control	4108	6164	4370	113080	0	
3	 1	 1	 1	sample97	7327	10411	7710	234384	0	
3	 1	 1	 2	sample97	5340	8938	5910	277046	0	
3	 1	 1	 3	sample97	4954	8038	5396	222048	0	
3	 1	 1	 4	sample97	4440	7010	4626	192750	0	
3	 1	 1	 5	sample97	2875	5445	3084	218450	0	
3	 1	 1	 6	control	224	2794	256	102800	0	
3	 1	 2	 1	sample98	5754	9094	5654	190380	0	
3	 1	 2	 2	sample98	5429	8769	5654	243820	0	
3	 1	 2	 3	sample98	1394	3964	1542	102800	0	
3	 1	 2	 4	sample98	3277	5847	3598	218450	0	
3	 1	 2	 5	sample98	2692	5004	2570	122536	0	
3	 1	 2	 6	control	3195	5765	3340	195320	0	
3	 1	 3	 1	sample99	4245	6815	4368	251860	0	
3	 1	 3	 2	sample99	4140	6710	4368	233870	0	
3	 1	 3	 3	sample99	4233	6545	4112	182648	0	
3	 1	 3	 4	sample99	4419	6731	4884	180336	0	
3	 1	 3	 5	sample99	2548	4860	2570	184960	0	
3	 1	 3	 6	control	251	2563	258	92480	0	
3	 1	 4	 1	sample100	3272	5070	2828	106082	0	
3	 1	 4	 2	sample100	3190	4988	3342	149234	0	
3	 1	 4	 3	sample100	2786	4584	3084	154628	0	
3	 1	 4	 4	sample100	1907	3705	1800	77314	0	
3	 1	 4	 5	sample100	1742	3540	1800	71920	0	
3	 1	 4	 6	control	2083	3881	2314	140244	0	
3	 2	 1	 1	sample101	4245	6559	4112	231400	0	
3	 2	 1	 2	sample101	3140	6224	3342	302232	0	
3	 2	 1	 3	sample101	3351	6179	3340	141400	0	
3	 2	 1	 4	sample101	2320	4890	2314	102800	0	
3	 2	 1	 5	sample101	2630	4944	2570	118014	0	
3	 2	 1	 6	control	44.9	2359	0	78676	0	
3	 2	 2	 1	sample102	3351	5665	3340	118014	0	
3	 2	 2	 2	sample102	2354	6210	2570	188944	0	
3	 2	 2	 3	sample102	1510	4594	1542	144948	0	
3	 2	 2	 4	sample102	1752	4580	1798	141400	0	
3	 2	 2	 5	sample102	1738	4308	1800	107940	0	
3	 2	 2	 6	control	4754	7068	4882	106444	0	
3	 2	 3	 1	sample103	7448	9504	7710	197376	0	
3	 2	 3	 2	sample103	4839	9209	5396	231610	0	
3	 2	 3	 3	sample103	5359	8443	6168	246720	0	
3	 2	 3	 4	sample103	5977	8547	6426	131070	0	
3	 2	 3	 5	sample103	5454	7768	5910	92560	0	
3	 2	 3	 6	control	432	2488	514	57568	0	
3	 2	 4	 1	sample104	6945	9001	7454	96632	0	
3	 2	 4	 2	sample104	4630	6944	5140	143468	0	
3	 2	 4	 3	sample104	3631	5687	3856	145976	0	
3	 2	 4	 4	sample104	2743	4543	2570	82800	0	
3	 2	 4	 5	sample104	1826	3626	1798	50400	0	
3	 2	 4	 6	control	2075	3875	2056	72000	0	
3	 3	 1	 1	sample105	5986	8042	5654	156256	0	
3	 3	 1	 2	sample105	4794	7364	5140	185040	0	
3	 3	 1	 3	sample105	4359	6929	4626	123360	0	
3	 3	 1	 4	sample105	3608	5922	3340	113386	0	
3	 3	 1	 5	sample105	2436	4492	2314	211768	0	
3	 3	 1	 6	control	560	2616	514	82240	0	
3	 3	 2	 1	sample106	4518	6832	4368	259168	0	
3	 3	 2	 2	sample106	5514	8598	6168	237468	0	
3	 3	 2	 3	sample106	4526	7354	4882	254520	0	
3	 3	 2	 4	sample106	2688	5258	2828	251860	0	
3	 3	 2	 5	sample106	2688	5002	2826	171236	0	
3	 3	 2	 6	control	3779	5835	3598	166536	0	
3	 3	 3	 1	sample107	5802	7858	5654	226160	0	
3	 3	 3	 2	sample107	5142	7970	5140	240380	0	
3	 3	 3	 3	sample107	4236	6806	4112	213310	0	
3	 3	 3	 4	sample107	3655	5969	3854	175864	0	
3	 3	 3	 5	sample107	1522	3836	1542	92560	0	
3	 3	 3	 6	control	354	2410	514	82240	0	
3	 3	 4	 1	sample108	5394	6936	4626	109482	0	
3	 3	 4	 2	sample108	4783	6583	5140	126000	0	
3	 3	 4	 3	sample108	4820	6620	4882	140400	0	
3	 3	 4	 4	sample108	3643	5443	3598	131400	0	
3	 3	 4	 5	sample108	1806	3606	1284	196200	0	
3	 3	 4	 6	control	1928	3470	1542	114108	0	
3	 4	 1	 1	sample109	4825	7139	4112	321646	0	
3	 4	 1	 2	sample109	5487	8829	5910	257334	0	
3	 4	 1	 3	sample109	3312	5882	3342	133640	0	
3	 4	 1	 4	sample109	3699	5755	3598	94576	0	
3	 4	 1	 5	sample109	2008	4064	1800	108968	0	
3	 4	 1	 6	control	530	2072	514	52428	0	
3	 4	 2	 1	sample110	6158	9242	6940	154200	0	
3	 4	 2	 2	sample110	4160	8530	4368	345230	0	
3	 4	 2	 3	sample110	4536	7620	4112	157284	0	
3	 4	 2	 4	sample110	3821	6135	3854	106444	0	
3	 4	 2	 5	sample110	3719	5775	3856	104856	0	
3	 4	 2	 6	control	5078	6878	5140	90000	0	
3	 4	 3	 1	sample111	8894	11464	8738	259570	0	
3	 4	 3	 2	sample111	6567	11193	7710	226674	0	
3	 4	 3	 3	sample111	6844	9672	6938	115948	0	
3	 4	 3	 4	sample111	5990	8304	5654	67106	0	
3	 4	 3	 5	sample111	2771	4827	2828	65792	0	
3	 4	 3	 6	control	489	2289	514	57600	0	
3	 4	 4	 1	sample112	5458	7258	5654	90000	0	
3	 4	 4	 2	sample112	4213	6527	4626	111072	0	
3	 4	 4	 3	sample112	3250	5306	3342	108968	0	
3	 4	 4	 4	sample112	2600	4400	2312	91800	0	
3	 4	 4	 5	sample112	1813	3355	1800	61680	0	
3	 4	 4	 6	control	2330	3872	2056	72474	0	
3	 5	 1	 1	sample113	3681	5737	3598	191208	0	
3	 5	 1	 2	sample113	5657	8227	5398	272420	0	
3	 5	 1	 3	sample113	3700	5756	3598	166536	0	
3	 5	 1	 4	sample113	2876	4676	2570	122400	0	
3	 5	 1	 5	sample113	2382	3924	2314	157284	0	
3	 5	 1	 6	control	494	1780	514	51440	0	
3	 5	 2	 1	sample114	6084	8398	6424	92560	0	
3	 5	 2	 2	sample114	3627	6711	3342	225132	0	
3	 5	 2	 3	sample114	3160	5474	3340	187434	0	
3	 5	 2	 4	sample114	2132	4188	2314	168592	0	
3	 5	 2	 5	sample114	2115	3915	2056	147600	0	
3	 5	 2	 6	control	3988	5530	4112	104856	0	
3	 5	 3	 1	sample115	2783	4839	2570	273448	0	
3	 5	 3	 2	sample115	1677	4247	1286	102800	0	
3	 5	 3	 3	sample115	2743	4799	2828	168592	0	
3	 5	 3	 4	sample115	1413	3213	1284	72000	0	
3	 5	 3	 5	sample115	1492	3292	1542	120600	0	
3	 5	 3	 6	control	508	2050	514	61680	0	
3	 5	 4	 1	sample116	3351	5151	3598	133200	0	
3	 5	 4	 2	sample116	3066	5122	3084	145976	0	
3	 5	 4	 3	sample116	2074	4130	2056	154200	0	
3	 5	 4	 4	sample116	1675	3475	1542	90000	0	
3	 5	 4	 5	sample116	1290	3090	1284	82800	0	
3	 5	 4	 6	control	2085	3885	1798	77400	0	
3	 6	 1	 1	sample117	5692	7490	4884	170810	0	
3	 6	 1	 2	sample117	4834	6890	4882	141864	0	
3	 6	 1	 3	sample117	4011	6067	4368	131584	0	
3	 6	 1	 4	sample117	1885	3941	1798	145976	0	
3	 6	 1	 5	sample117	2216	4014	2314	133052	0	
3	 6	 1	 6	control	425	2223	258	71920	0	
3	 6	 2	 1	sample118	3531	5843	3342	159528	0	
3	 6	 2	 2	sample118	4287	6857	4882	161910	0	
3	 6	 2	 3	sample118	2686	4998	2570	215016	0	
3	 6	 2	 4	sample118	2755	5067	3084	154904	0	
3	 6	 2	 5	sample118	2132	4444	2314	157216	0	
3	 6	 2	 6	control	3357	5413	3340	125416	0	
3	 6	 3	 1	sample119	4901	7213	4370	235824	0	
3	 6	 3	 2	sample119	3694	6520	3598	296730	0	
3	 6	 3	 3	sample119	3446	6016	3598	187610	0	
3	 6	 3	 4	sample119	2361	4931	2056	215880	0	
3	 6	 3	 5	sample119	1557	3869	1542	166464	0	
3	 6	 3	 6	control	681	2737	770	82240	0	
3	 6	 4	 1	sample120	2863	5175	2828	231200	0	
3	 6	 4	 2	sample120	5190	7502	5398	168776	0	
3	 6	 4	 3	sample120	4151	6463	4626	171088	0	
3	 6	 4	 4	sample120	2743	5055	2828	154904	0	
3	 6	 4	 5	sample120	1678	3990	1800	87856	0	
3	 6	 4	 6	control	2002	4314	1800	108664	0	
3	 7	 1	 1	sample121	3773	6343	3342	136210	0	
3	 7	 1	 2	sample121	4704	7274	4626	221020	0	
3	 7	 1	 3	sample121	3820	6134	3598	171236	0	
3	 7	 1	 4	sample121	2404	4460	2570	139808	0	
3	 7	 1	 5	sample121	2642	4184	2828	132612	0	
3	 7	 1	 6	control	225	1767	258	61680	0	
3	 7	 2	 1	sample122	4806	7634	4882	265832	0	
3	 7	 2	 2	sample122	3855	7453	4112	212282	0	
3	 7	 2	 3	sample122	2664	5492	2826	214928	0	
3	 7	 2	 4	sample122	2768	5082	2826	192062	0	
3	 7	 2	 5	sample122	1983	4039	2056	172704	0	
3	 7	 2	 6	control	3356	5156	3340	151200	0	
3	 7	 3	 1	sample123	4103	7187	4112	160368	0	
3	 7	 3	 2	sample123	4661	8517	4626	304624	0	
3	 7	 3	 3	sample123	3515	6599	3598	255972	0	
3	 7	 3	 4	sample123	2448	5018	2570	236440	0	
3	 7	 3	 5	sample123	1984	4040	2056	80184	0	
3	 7	 3	 6	control	245	2301	258	82240	0	
3	 7	 4	 1	sample124	6380	8950	6426	143920	0	
3	 7	 4	 2	sample124	4366	7450	4370	209712	0	
3	 7	 4	 3	sample124	2217	5301	2570	123360	0	
3	 7	 4	 4	sample124	3187	5757	3342	128500	0	
3	 7	 4	 5	sample124	1775	3831	2056	154200	0	
3	 7	 4	 6	control	2093	4149	2056	129528	0	
3	 8	 1	 1	sample125	2842	5926	2828	163452	0	
3	 8	 1	 2	sample125	4042	6612	3342	205600	0	
3	 8	 1	 3	sample125	4196	6252	4112	170648	0	
3	 8	 1	 4	sample125	3217	5273	3342	131584	0	
3	 8	 1	 5	sample125	3251	4793	3598	149574	0	
3	 8	 1	 6	control	315	1857	258	61680	0	
3	 8	 2	 1	sample126	5294	8378	5398	206628	0	
3	 8	 2	 2	sample126	4070	7154	4112	185040	0	
3	 8	 2	 3	sample126	3345	5915	3342	215880	0	
3	 8	 2	 4	sample126	1584	3898	1798	111072	0	
3	 8	 2	 5	sample126	2138	4194	2314	156256	0	
3	 8	 2	 6	control	3777	5833	4370	127472	0	
3	 8	 3	 1	sample127	4790	7618	4626	376124	0	
3	 8	 3	 2	sample127	3897	7495	3856	399378	0	
3	 8	 3	 3	sample127	3905	6989	4112	225132	0	
3	 8	 3	 4	sample127	3457	6027	3342	223590	0	
3	 8	 3	 5	sample127	2884	5198	3084	166608	0	
3	 8	 3	 6	control	361	2417	258	82240	0	
3	 8	 4	 1	sample128	3058	5886	2826	141400	0	
3	 8	 4	 2	sample128	2783	5867	2570	141864	0	
3	 8	 4	 3	sample128	3591	6419	3340	223412	0	
3	 8	 4	 4	sample128	2290	4860	2314	172190	0	
3	 8	 4	 5	sample128	2066	4380	2056	60164	0	
3	 8	 4	 6	control	2145	4459	2056	145782	0	
3	 9	 1	 1	sample129	5019	7075	5140	156256	0	
3	 9	 1	 2	sample129	6742	8542	7710	129600	0	
3	 9	 1	 3	sample129	4936	6478	5398	106398	0	
3	 9	 1	 4	sample129	2834	4120	2826	86162	0	
3	 9	 1	 5	sample129	2549	3835	2826	97736	0	
3	 9	 1	 6	control	314	1600	256	51440	0	
3	 9	 2	 1	sample130	5304	8132	5140	296940	0	
3	 9	 2	 2	sample130	4058	6372	3854	145782	0	
3	 9	 2	 3	sample130	3854	5654	4112	140400	0	
3	 9	 2	 4	sample130	1804	3346	1800	80184	0	
3	 9	 2	 5	sample130	2157	3699	2314	121818	0	
3	 9	 2	 6	control	4088	5630	4370	97146	0	
3	 9	 3	 1	sample131	392	3476	0	123360	0	
3	 9	 3	 2	sample131	385	3213	0	113120	0	
3	 9	 3	 3	sample131	3322	5378	3598	135696	0	
3	 9	 3	 4	sample131	3034	4834	3084	129600	0	
3	 9	 3	 5	sample131	2867	4409	2828	60138	0	
3	 9	 3	 6	control	322	1864	258	61680	0	
3	 9	 4	 1	sample132	6417	9245	5396	98980	0	
3	 9	 4	 2	sample132	5418	8246	5910	67872	0	
3	 9	 4	 3	sample132	4256	6570	4112	238342	0	
3	 9	 4	 4	sample132	2900	4700	2826	144000	0	
3	 9	 4	 5	sample132	1960	3502	2056	61680	0	
3	 9	 4	 6	control	2562	4104	2314	94062	0	
3	 10	 1	 1	sample133	4633	7717	4370	348492	0	
3	 10	 1	 2	sample133	6751	9321	7196	210740	0	
3	 10	 1	 3	sample133	4798	6854	4626	148032	0	
3	 10	 1	 4	sample133	3576	5632	4112	141864	0	
3	 10	 1	 5	sample133	3433	5233	3340	64800	0	
3	 10	 1	 6	control	507	2049	514	55512	0	
3	 10	 2	 1	sample134	3966	7564	3856	316624	0	
3	 10	 2	 2	sample134	4531	7615	4884	191208	0	
3	 10	 2	 3	sample134	2095	4665	2056	102800	0	
3	 10	 2	 4	sample134	2522	4836	2312	199004	0	
3	 10	 2	 5	sample134	3912	5712	4112	72000	0	
3	 10	 2	 6	control	4746	6546	4882	57600	0	
3	 10	 3	 1	sample135	3389	7245	3340	204368	0	
3	 10	 3	 2	sample135	4028	7112	4112	252888	0	
3	 10	 3	 3	sample135	3599	6169	3856	210740	0	
3	 10	 3	 4	sample135	3081	5137	3084	145976	0	
3	 10	 3	 5	sample135	2035	3835	2056	66600	0	
3	 10	 3	 6	control	544	2344	514	61200	0	
3	 10	 4	 1	sample136	3908	6736	2826	260176	0	
3	 10	 4	 2	sample136	2971	5541	2314	249290	0	
3	 10	 4	 3	sample136	3565	5879	3854	92560	0	
3	 10	 4	 4	sample136	2637	4437	2570	144000	0	
3	 10	 4	 5	sample136	1857	3657	2056	55800	0	
3	 10	 4	 6	control	3854	5654	3598	66600	0	
3	 11	 1	 1	sample137	4611	7181	4112	264710	0	
3	 11	 1	 2	sample137	4587	6899	5398	210392	0	
3	 11	 1	 3	sample137	4071	5869	4112	186992	0	
3	 11	 1	 4	sample137	3695	5237	3598	97146	0	
3	 11	 1	 5	sample137	2831	4115	3084	110424	0	
3	 11	 1	 6	control	425	1709	514	51360	0	
3	 11	 2	 1	sample138	4716	7286	4626	182470	0	
3	 11	 2	 2	sample138	5101	7671	5910	187610	0	
3	 11	 2	 3	sample138	4868	6666	5398	151032	0	
3	 11	 2	 4	sample138	3822	5364	4112	121818	0	
3	 11	 2	 5	sample138	2638	4180	2826	121818	0	
3	 11	 2	 6	control	3495	5037	3598	107940	0	
3	 11	 3	 1	sample139	2480	5306	2570	144126	0	
3	 11	 3	 2	sample139	3749	6061	3856	173400	0	
3	 11	 3	 3	sample139	4155	5953	4626	129456	0	
3	 11	 3	 4	sample139	2606	4148	2826	118734	0	
3	 11	 3	 5	sample139	2564	3848	2570	96300	0	
3	 11	 3	 6	control	450	1992	514	24672	0	
3	 11	 4	 1	sample140	2869	4925	2570	261112	0	
3	 11	 4	 2	sample140	3716	5772	3598	106912	0	
3	 11	 4	 3	sample140	3279	4821	3084	168078	0	
3	 11	 4	 4	sample140	2041	3325	2056	84744	0	
3	 11	 4	 5	sample140	1465	2749	1542	51360	0	
3	 11	 4	 6	control	3218	4502	3342	93732	0	
3	 12	 1	 1	sample141	6469	8267	6426	201376	0	
3	 12	 1	 2	sample141	6047	7589	6682	127986	0	
3	 12	 1	 3	sample141	4531	5815	4626	93732	0	
3	 12	 1	 4	sample141	3784	5068	4370	106572	0	
3	 12	 1	 5	sample141	2842	4126	3084	114276	0	
3	 12	 1	 6	control	566	1850	514	51360	0	
3	 12	 2	 1	sample142	5433	8259	5140	310860	0	
3	 12	 2	 2	sample142	6649	8961	7196	159528	0	
3	 12	 2	 3	sample142	6326	7868	7196	124902	0	
3	 12	 2	 4	sample142	4414	5956	4368	166536	0	
3	 12	 2	 5	sample142	3854	5396	4368	124902	0	
3	 12	 2	 6	control	4844	6128	5140	84744	0	
3	 12	 3	 1	sample143	4812	7638	4884	262818	0	
3	 12	 3	 2	sample143	6325	8895	7196	205600	0	
3	 12	 3	 3	sample143	5117	6915	5912	138446	0	
3	 12	 3	 4	sample143	4329	6127	4884	124062	0	
3	 12	 3	 5	sample143	2129	3671	2312	107940	0	
3	 12	 3	 6	control	527	1811	514	51360	0	
3	 12	 4	 1	sample144	5263	7575	5654	145656	0	
3	 12	 4	 2	sample144	4759	7071	5398	147968	0	
3	 12	 4	 3	sample144	2976	4774	2570	174406	0	
3	 12	 4	 4	sample144	3047	4589	3084	129528	0	
3	 12	 4	 5	sample144	2711	3995	3084	82176	0	
3	 12	 4	 6	control	3396	4680	3856	97584	0	
4	 1	 1	 1	sample145	5664	7720	5140	164480	0	
4	 1	 1	 2	sample145	3378	5692	3598	175864	0	
4	 1	 1	 3	sample145	2102	4416	1798	180492	0	
4	 1	 1	 4	sample145	1528	3842	1542	85618	0	
4	 1	 1	 5	sample145	1278	3592	1284	92560	0	
4	 1	 1	 6	control	273	2587	256	74048	0	
4	 1	 2	 1	sample146	1623	3679	1542	248776	0	
4	 1	 2	 2	sample146	2242	4556	2570	175864	0	
4	 1	 2	 3	sample146	2025	4339	2056	118014	0	
4	 1	 2	 4	sample146	1554	3868	1542	92560	0	
4	 1	 2	 5	sample146	867	3181	1028	92560	0	
4	 1	 2	 6	control	2704	5018	2826	97188	0	
4	 1	 3	 1	sample147	3450	5250	3084	144000	0	
4	 1	 3	 2	sample147	2009	4323	2312	231400	0	
4	 1	 3	 3	sample147	2127	4183	2314	164480	0	
4	 1	 3	 4	sample147	1483	3539	1542	61680	0	
4	 1	 3	 5	sample147	696	2752	772	69904	0	
4	 1	 3	 6	control	241	2555	256	78676	0	
4	 1	 4	 1	sample148	2407	3949	2314	72474	0	
4	 1	 4	 2	sample148	1784	3326	1800	101772	0	
4	 1	 4	 3	sample148	1211	3267	1286	92520	0	
4	 1	 4	 4	sample148	1641	3441	1542	64800	0	
4	 1	 4	 5	sample148	980	3036	1028	76072	0	
4	 1	 4	 6	control	1465	3521	1542	88408	0	
4	 2	 1	 1	sample149	3743	5799	3854	156256	0	
4	 2	 1	 2	sample149	2216	4528	2314	208080	0	
4	 2	 1	 3	sample149	1946	4258	1800	178024	0	
4	 2	 1	 4	sample149	1525	3837	1542	168776	0	
4	 2	 1	 5	sample149	1206	3518	1286	90168	0	
4	 2	 1	 6	control	290	2602	258	92480	0	
4	 2	 2	 1	sample150	4958	7014	5140	174760	0	
4	 2	 2	 2	sample150	3900	6470	4112	172190	0	
4	 2	 2	 3	sample150	2748	5060	2828	157216	0	
4	 2	 2	 4	sample150	2155	4211	2312	174760	0	
4	 2	 2	 5	sample150	1355	3667	1542	161840	0	
4	 2	 2	 6	control	2068	4124	2056	172704	0	
4	 2	 3	 1	sample151	976	3032	770	82240	0	
4	 2	 3	 2	sample151	1628	3940	1542	117912	0	
4	 2	 3	 3	sample151	1469	3525	1542	94576	0	
4	 2	 3	 4	sample151	1328	3384	1284	84296	0	
4	 2	 3	 5	sample151	636	2692	514	82240	0	
4	 2	 3	 6	control	456	2512	514	82240	0	
4	 2	 4	 1	sample152	3763	5305	3598	95604	0	
4	 2	 4	 2	sample152	2385	3927	2312	131070	0	
4	 2	 4	 3	sample152	1654	3196	1542	112566	0	
4	 2	 4	 4	sample152	1330	3128	1286	71920	0	
4	 2	 4	 5	sample152	1118	2660	1028	61680	0	
4	 2	 4	 6	control	1487	3029	1542	101772	0	
4	 3	 1	 1	sample153	3361	6187	3342	113040	0	
4	 3	 1	 2	sample153	5955	9553	6168	248262	0	
4	 3	 1	 3	sample153	4404	7488	4882	243636	0	
4	 3	 1	 4	sample153	2696	5266	2826	187610	0	
4	 3	 1	 5	sample153	2036	4606	2056	133640	0	
4	 3	 1	 6	control	321	2891	256	92520	0	
4	 3	 2	 1	sample154	3980	6550	3340	221020	0	
4	 3	 2	 2	sample154	4283	7109	4626	166734	0	
4	 3	 2	 3	sample154	2078	4648	2056	210740	0	
4	 3	 2	 4	sample154	2313	4625	2314	92480	0	
4	 3	 2	 5	sample154	1683	3995	1542	71672	0	
4	 3	 2	 6	control	3196	5508	3342	171088	0	
4	 3	 3	 1	sample155	2168	4480	2056	154904	0	
4	 3	 3	 2	sample155	1789	4615	1800	138474	0	
4	 3	 3	 3	sample155	1659	4229	1542	123360	0	
4	 3	 3	 4	sample155	1774	4086	1800	92480	0	
4	 3	 3	 5	sample155	951	3263	1028	76296	0	
4	 3	 3	 6	control	231	2287	256	82240	0	
4	 3	 4	 1	sample156	2711	4509	2570	257114	0	
4	 3	 4	 2	sample156	2836	4634	2828	109678	0	
4	 3	 4	 3	sample156	2420	4218	2314	138446	0	
4	 3	 4	 4	sample156	2150	3948	2314	133052	0	
4	 3	 4	 5	sample156	1744	3542	1542	82708	0	
4	 3	 4	 6	control	1754	3552	1800	30566	0	
4	 4	 1	 1	sample157	4238	7322	4626	262140	0	
4	 4	 1	 2	sample157	3593	7191	3598	212282	0	
4	 4	 1	 3	sample157	3085	6425	3084	160320	0	
4	 4	 1	 4	sample157	2748	5832	3340	191208	0	
4	 4	 1	 5	sample157	2640	5466	2570	115866	0	
4	 4	 1	 6	control	358	3184	258	101736	0	
4	 4	 2	 1	sample158	2851	5935	2826	160368	0	
4	 4	 2	 2	sample158	3316	7684	3084	222768	0	
4	 4	 2	 3	sample158	2673	5757	2570	144948	0	
4	 4	 2	 4	sample158	2882	5708	3084	186516	0	
4	 4	 2	 5	sample158	1722	4548	1542	113040	0	
4	 4	 2	 6	control	3009	5835	3342	124344	0	
4	 4	 3	 1	sample159	4656	7226	3598	328960	0	
4	 4	 3	 2	sample159	4871	7955	5140	283728	0	
4	 4	 3	 3	sample159	3859	6685	3856	194994	0	
4	 4	 3	 4	sample159	3023	5593	2826	195320	0	
4	 4	 3	 5	sample159	1914	4484	2056	102800	0	
4	 4	 3	 6	control	430	3000	256	87380	0	
4	 4	 4	 1	sample160	3471	5527	3340	150088	0	
4	 4	 4	 2	sample160	2782	5094	2828	39304	0	
4	 4	 4	 3	sample160	2341	4397	2312	131584	0	
4	 4	 4	 4	sample160	2246	4302	2312	102800	0	
4	 4	 4	 5	sample160	1594	3650	1542	69904	0	
4	 4	 4	 6	control	2452	4508	2312	49344	0	
4	 5	 1	 1	sample161	6465	10319	6426	327590	0	
4	 5	 1	 2	sample161	4757	9383	5140	370080	0	
4	 5	 1	 3	sample161	4477	8845	4626	209664	0	
4	 5	 1	 4	sample161	3498	7610	3340	180928	0	
4	 5	 1	 5	sample161	2885	6483	2826	190694	0	
4	 5	 1	 6	control	321	3919	256	143920	0	
4	 5	 2	 1	sample162	4968	8566	4882	291438	0	
4	 5	 2	 2	sample162	4728	9610	4626	395442	0	
4	 5	 2	 3	sample162	3755	7867	4112	361856	0	
4	 5	 2	 4	sample162	4465	8063	4882	190694	0	
4	 5	 2	 5	sample162	3507	7105	3340	172704	0	
4	 5	 2	 6	control	3375	6715	3856	207080	0	
4	 5	 3	 1	sample163	5590	8930	4626	414160	0	
4	 5	 3	 2	sample163	4293	8405	4368	378304	0	
4	 5	 3	 3	sample163	3286	7140	3342	285196	0	
4	 5	 3	 4	sample163	2948	6288	3084	277220	0	
4	 5	 3	 5	sample163	1884	4968	1798	120276	0	
4	 5	 3	 6	control	321	3405	256	123360	0	
4	 5	 4	 1	sample164	5535	8105	5396	156770	0	
4	 5	 4	 2	sample164	3554	6124	3340	182470	0	
4	 5	 4	 3	sample164	3704	6016	3856	215016	0	
4	 5	 4	 4	sample164	3247	5559	3342	189584	0	
4	 5	 4	 5	sample164	1997	4567	1798	179900	0	
4	 5	 4	 6	control	1982	4552	1798	125930	0	
4	 6	 1	 1	sample165	5912	8738	5654	313686	0	
4	 6	 1	 2	sample165	4661	8259	5140	284242	0	
4	 6	 1	 3	sample165	3454	6794	3342	160320	0	
4	 6	 1	 4	sample165	3137	6221	3084	148032	0	
4	 6	 1	 5	sample165	2237	4807	2312	113080	0	
4	 6	 1	 6	control	321	2891	256	92520	0	
4	 6	 2	 1	sample166	5383	7953	5140	239010	0	
4	 6	 2	 2	sample166	4604	8202	4626	298634	0	
4	 6	 2	 3	sample166	4316	7400	4626	259056	0	
4	 6	 2	 4	sample166	2905	5475	2826	262140	0	
4	 6	 2	 5	sample166	2628	4940	2828	92480	0	
4	 6	 2	 6	control	4300	6612	4112	110976	0	
4	 6	 3	 1	sample167	5821	8391	5910	228730	0	
4	 6	 3	 2	sample167	4092	7176	4112	243636	0	
4	 6	 3	 3	sample167	2901	5471	2826	221020	0	
4	 6	 3	 4	sample167	1950	4262	1800	55488	0	
4	 6	 3	 5	sample167	1284	3340	1284	100744	0	
4	 6	 3	 6	control	428	2484	256	74016	0	
4	 6	 4	 1	sample168	4358	5900	4112	117192	0	
4	 6	 4	 2	sample168	3246	5044	3342	125860	0	
4	 6	 4	 3	sample168	3559	5357	3598	152830	0	
4	 6	 4	 4	sample168	2341	4139	2314	152830	0	
4	 6	 4	 5	sample168	1714	3512	1800	70122	0	
4	 6	 4	 6	control	2175	3973	1800	70122	0	
4	 7	 1	 1	sample169	6572	10170	6682	431760	0	
4	 7	 1	 2	sample169	7018	10872	7968	289050	0	
4	 7	 1	 3	sample169	6193	9533	6940	247160	0	
4	 7	 1	 4	sample169	4229	7313	4368	222048	0	
4	 7	 1	 5	sample169	2308	5134	2314	138474	0	
4	 7	 1	 6	control	257	2827	256	92520	0	
4	 7	 2	 1	sample170	4159	7243	3598	314568	0	
4	 7	 2	 2	sample170	4695	8035	4626	227120	0	
4	 7	 2	 3	sample170	3744	6314	3598	131070	0	
4	 7	 2	 4	sample170	3432	5744	3342	221952	0	
4	 7	 2	 5	sample170	3369	5681	3342	85544	0	
4	 7	 2	 6	control	3285	5597	3856	157216	0	
4	 7	 3	 1	sample171	4479	7049	4368	233870	0	
4	 7	 3	 2	sample171	4288	6858	4368	205600	0	
4	 7	 3	 3	sample171	2155	4467	2314	157216	0	
4	 7	 3	 4	sample171	1575	3631	1542	94576	0	
4	 7	 3	 5	sample171	1047	3103	1028	53456	0	
4	 7	 3	 6	control	356	2412	256	74016	0	
4	 7	 4	 1	sample172	1945	4001	2056	180928	0	
4	 7	 4	 2	sample172	2923	4721	2828	208568	0	
4	 7	 4	 3	sample172	2100	3898	2056	136648	0	
4	 7	 4	 4	sample172	1694	3492	1800	100688	0	
4	 7	 4	 5	sample172	1029	2827	1028	71920	0	
4	 7	 4	 6	control	2057	3855	2056	55738	0	
4	 8	 1	 1	sample173	3258	9426	3084	326904	0	
4	 8	 1	 2	sample173	5810	11206	5912	232028	0	
4	 8	 1	 3	sample173	5773	9371	5910	208684	0	
4	 8	 1	 4	sample173	5803	9143	6682	237140	0	
4	 8	 1	 5	sample173	4813	7897	4882	286812	0	
4	 8	 1	 6	control	617	3443	514	113040	0	
4	 8	 2	 1	sample174	3880	7992	3598	546896	0	
4	 8	 2	 2	sample174	3532	7900	3598	441168	0	
4	 8	 2	 3	sample174	3216	6300	3340	203544	0	
4	 8	 2	 4	sample174	2927	5753	3084	226080	0	
4	 8	 2	 5	sample174	2251	4821	2570	215880	0	
4	 8	 2	 6	control	3208	5778	3340	169620	0	
4	 8	 3	 1	sample175	2227	5311	2056	129528	0	
4	 8	 3	 2	sample175	3288	6628	3084	273880	0	
4	 8	 3	 3	sample175	3171	5741	3340	167050	0	
4	 8	 3	 4	sample175	1753	4065	1800	141032	0	
4	 8	 3	 5	sample175	1126	3438	1028	97104	0	
4	 8	 3	 6	control	469	2525	514	82240	0	
4	 8	 4	 1	sample176	4054	6110	4112	92520	0	
4	 8	 4	 2	sample176	3419	5475	3340	121304	0	
4	 8	 4	 3	sample176	1973	4029	2056	185040	0	
4	 8	 4	 4	sample176	1726	3782	1798	145976	0	
4	 8	 4	 5	sample176	1433	3231	1542	71920	0	
4	 8	 4	 6	control	1782	3580	1542	107880	0	
4	 9	 1	 1	sample177	4995	8593	4882	295036	0	
4	 9	 1	 2	sample177	4399	7997	4626	298634	0	
4	 9	 1	 3	sample177	3267	6607	3084	263860	0	
4	 9	 1	 4	sample177	2641	5725	2826	265224	0	
4	 9	 1	 5	sample177	1733	4559	1800	282600	0	
4	 9	 1	 6	control	231	2801	256	102800	0	
4	 9	 2	 1	sample178	3822	7420	3084	172704	0	
4	 9	 2	 2	sample178	6292	10404	6424	254944	0	
4	 9	 2	 3	sample178	3601	6685	3854	243636	0	
4	 9	 2	 4	sample178	2321	4891	2056	239010	0	
4	 9	 2	 5	sample178	1853	4423	1798	192750	0	
4	 9	 2	 6	control	2570	5140	2570	156770	0	
4	 9	 3	 1	sample179	4890	8230	5140	253840	0	
4	 9	 3	 2	sample179	4029	7627	4368	190694	0	
4	 9	 3	 3	sample179	1747	4831	1798	123360	0	
4	 9	 3	 4	sample179	2831	5401	2826	156770	0	
4	 9	 3	 5	sample179	1367	3679	1286	108664	0	
4	 9	 3	 6	control	83.9	2396	0	92480	0	
4	 9	 4	 1	sample180	3954	6524	3598	280130	0	
4	 9	 4	 2	sample180	3728	6298	4112	182470	0	
4	 9	 4	 3	sample180	2066	4892	2056	149778	0	
4	 9	 4	 4	sample180	2325	4637	2570	152592	0	
4	 9	 4	 5	sample180	1421	3477	1542	201488	0	
4	 9	 4	 6	control	1139	3195	1028	90464	0	
4	 10	 1	 1	sample181	2488	5572	2570	163452	0	
4	 10	 1	 2	sample181	6097	8925	5910	195132	0	
4	 10	 1	 3	sample181	3533	6103	3342	182470	0	
4	 10	 1	 4	sample181	3368	5682	3340	127270	0	
4	 10	 1	 5	sample181	2224	4538	2312	155038	0	
4	 10	 1	 6	control	122	2436	0	92560	0	
4	 10	 2	 1	sample182	3727	7069	3854	337542	0	
4	 10	 2	 2	sample182	4670	7498	5140	180992	0	
4	 10	 2	 3	sample182	4237	6551	4626	175864	0	
4	 10	 2	 4	sample182	3677	5733	4112	154200	0	
4	 10	 2	 5	sample182	2036	4092	2056	180928	0	
4	 10	 2	 6	control	2320	4376	2056	152144	0	
4	 10	 3	 1	sample183	7524	10352	7196	183820	0	
4	 10	 3	 2	sample183	5466	7780	5910	161980	0	
4	 10	 3	 3	sample183	3786	5842	3856	121304	0	
4	 10	 3	 4	sample183	2326	4126	2570	100800	0	
4	 10	 3	 5	sample183	1137	2937	1284	72000	0	
4	 10	 3	 6	control	180	1980	0	72000	0	
4	 10	 4	 1	sample184	4055	6111	3598	145976	0	
4	 10	 4	 2	sample184	2569	4369	2312	106200	0	
4	 10	 4	 3	sample184	2240	3782	2314	97146	0	
4	 10	 4	 4	sample184	1814	3614	1798	61200	0	
4	 10	 4	 5	sample184	1334	2876	1286	57054	0	
4	 10	 4	 6	control	1742	3284	1800	41634	0	
4	 11	 1	 1	sample185	5426	9280	5654	308320	0	
4	 11	 1	 2	sample185	4874	8472	4882	223076	0	
4	 11	 1	 3	sample185	3565	6649	3598	459516	0	
4	 11	 1	 4	sample185	2736	5820	3084	209712	0	
4	 11	 1	 5	sample185	2144	5228	2570	215880	0	
4	 11	 1	 6	control	366	3450	256	123360	0	
4	 11	 2	 1	sample186	5131	8985	3856	319882	0	
4	 11	 2	 2	sample186	5739	9337	6682	259056	0	
4	 11	 2	 3	sample186	3565	6649	3598	246720	0	
4	 11	 2	 4	sample186	3407	6491	3854	203544	0	
4	 11	 2	 5	sample186	1938	5022	2056	222048	0	
4	 11	 2	 6	control	2382	5466	2312	181956	0	
4	 11	 3	 1	sample187	6301	10155	6168	111766	0	
4	 11	 3	 2	sample187	4783	8381	4882	298634	0	
4	 11	 3	 3	sample187	4085	7169	4626	243636	0	
4	 11	 3	 4	sample187	3859	6685	4112	200646	0	
4	 11	 3	 5	sample187	3634	6204	4112	182470	0	
4	 11	 3	 6	control	314	2884	256	102800	0	
4	 11	 4	 1	sample188	1474	4558	1284	117192	0	
4	 11	 4	 2	sample188	3678	6504	3598	110214	0	
4	 11	 4	 3	sample188	2850	5420	3084	113080	0	
4	 11	 4	 4	sample188	1856	4168	2056	147968	0	
4	 11	 4	 5	sample188	984	3296	1028	92480	0	
4	 11	 4	 6	control	1849	4161	1800	143344	0	
4	 12	 1	 1	sample189	2090	5688	2056	187096	0	
4	 12	 1	 2	sample189	3972	7570	3854	172704	0	
4	 12	 1	 3	sample189	2987	6071	3084	138780	0	
4	 12	 1	 4	sample189	1750	4834	1798	129528	0	
4	 12	 1	 5	sample189	1147	4231	1028	138780	0	
4	 12	 1	 6	control	507	3333	514	101736	0	
4	 12	 2	 1	sample190	5707	9305	6168	244664	0	
4	 12	 2	 2	sample190	4108	7448	3856	350700	0	
4	 12	 2	 3	sample190	3555	6639	3340	354660	0	
4	 12	 2	 4	sample190	2788	5614	3084	259992	0	
4	 12	 2	 5	sample190	3297	5867	3598	167050	0	
4	 12	 2	 6	control	2993	5819	3342	197820	0	
4	 12	 3	 1	sample191	1972	5056	1798	123360	0	
4	 12	 3	 2	sample191	2762	5588	2828	189342	0	
4	 12	 3	 3	sample191	2815	5385	2826	118220	0	
4	 12	 3	 4	sample191	1974	4544	2056	203030	0	
4	 12	 3	 5	sample191	1805	4375	1542	210740	0	
4	 12	 3	 6	control	147	2717	0	102800	0	
4	 12	 4	 1	sample192	4022	6334	4112	131784	0	
4	 12	 4	 2	sample192	2371	4683	1800	208080	0	
4	 12	 4	 3	sample192	2390	4446	2312	82240	0	
4	 12	 4	 4	sample192	2090	4146	2056	137752	0	
4	 12	 4	 5	sample192	1181	3493	1286	113288	0	
4	 12	 4	 6	control	1885	4197	2056	83232	0	
