MicroVigene	 Version	 2650
Culture	en-US
8/16/2006 8:38:43 AM
Roi Row	 4	 Roi Col	 12	 Main Row	 4	 Main Col	 6	 Sub Row	 1	 Sub Col	 1
Main Row	 Main Col	 Sub Row	 Sub Col	  GeneID	mean_net	 mean_total	 median_net	 vol_bkg	 vol_dust	 
1	 1	 1	 1	sample1	8992	12076	8996	225132	0	
1	 1	 1	 2	sample1	11480	14564	12850	231300	0	
1	 1	 1	 3	sample1	7910	10738	8480	217756	0	
1	 1	 1	 4	sample1	4836	7664	4626	234724	0	
1	 1	 1	 5	sample1	2488	5316	2570	203616	0	
1	 1	 1	 6	control	861	3431	514	102800	0	
1	 1	 2	 1	sample2	6326	8896	6168	172190	0	
1	 1	 2	 2	sample2	12041	14611	13108	187610	0	
1	 1	 2	 3	sample2	9079	11649	9510	205600	0	
1	 1	 2	 4	sample2	7464	9778	8480	155038	0	
1	 1	 2	 5	sample2	4433	6747	3854	194376	0	
1	 1	 2	 6	control	989	3303	770	92560	0	
1	 1	 3	 1	sample3	5204	7518	2312	55536	0	
1	 1	 3	 2	sample3	906	2962	772	82240	0	
1	 1	 3	 3	sample3	611	2667	514	82240	0	
1	 1	 3	 4	sample3	424	2480	514	82240	0	
1	 1	 3	 5	sample3	996	3052	772	82240	0	
1	 1	 3	 6	control	751	2551	256	72000	0	
1	 1	 4	 1	sample4	1471	3271	1284	72000	0	
1	 1	 4	 2	sample4	1111	2911	770	72000	0	
1	 1	 4	 3	sample4	1060	2860	770	72000	0	
1	 1	 4	 4	sample4	861	2661	514	72000	0	
1	 1	 4	 5	sample4	970	2770	770	72000	0	
1	 1	 4	 6	control	771	2571	514	72000	0	
1	 2	 1	 1	sample5	945	4029	772	123360	0	
1	 2	 1	 2	sample5	1651	4735	1286	58596	0	
1	 2	 1	 3	sample5	649	3733	514	123360	0	
1	 2	 1	 4	sample5	771	3855	514	123360	0	
1	 2	 1	 5	sample5	707	3791	514	123360	0	
1	 2	 1	 6	control	732	3560	514	113120	0	
1	 2	 2	 1	sample6	12432	15260	13106	195132	0	
1	 2	 2	 2	sample6	11512	14340	12078	209272	0	
1	 2	 2	 3	sample6	11090	13918	11822	220584	0	
1	 2	 2	 4	sample6	10340	13168	10794	214928	0	
1	 2	 2	 5	sample6	7522	10350	7966	220584	0	
1	 2	 2	 6	control	1208	3778	1028	102800	0	
1	 2	 3	 1	sample7	913	3483	772	102800	0	
1	 2	 3	 2	sample7	939	3509	772	102800	0	
1	 2	 3	 3	sample7	714	3284	514	102800	0	
1	 2	 3	 4	sample7	720	3290	514	102800	0	
1	 2	 3	 5	sample7	444	3014	258	102800	0	
1	 2	 3	 6	control	450	3020	258	102800	0	
1	 2	 4	 1	sample8	713	3027	514	92560	0	
1	 2	 4	 2	sample8	584	2898	256	92560	0	
1	 2	 4	 3	sample8	584	2898	514	92560	0	
1	 2	 4	 4	sample8	693	3007	514	92560	0	
1	 2	 4	 5	sample8	501	2815	256	92560	0	
1	 2	 4	 6	control	790	3104	770	92560	0	
1	 3	 1	 1	sample9	1072	5442	1028	174800	0	
1	 3	 1	 2	sample9	1387	5757	1284	131100	0	
1	 3	 1	 3	sample9	854	5224	770	174800	0	
1	 3	 1	 4	sample9	880	5250	770	174800	0	
1	 3	 1	 5	sample9	398	4768	256	174800	0	
1	 3	 1	 6	control	559	4929	514	174800	0	
1	 3	 2	 1	sample10	346	4716	256	174800	0	
1	 3	 2	 2	sample10	507	4877	256	174800	0	
1	 3	 2	 3	sample10	611	4723	514	164480	0	
1	 3	 2	 4	sample10	521	4633	514	164480	0	
1	 3	 2	 5	sample10	457	4569	258	164480	0	
1	 3	 2	 6	control	803	5173	770	174800	0	
1	 3	 3	 1	sample11	9160	13272	7710	308400	0	
1	 3	 3	 2	sample11	10739	15109	10794	249090	0	
1	 3	 3	 3	sample11	9086	13198	9510	234384	0	
1	 3	 3	 4	sample11	4458	8570	4112	226160	0	
1	 3	 3	 5	sample11	3394	7506	2570	263168	0	
1	 3	 3	 6	control	335	4447	258	164480	0	
1	 3	 4	 1	sample12	4201	8313	3598	250832	0	
1	 3	 4	 2	sample12	3743	7855	4112	263168	0	
1	 3	 4	 3	sample12	5980	10092	6168	263168	0	
1	 3	 4	 4	sample12	3129	7241	3084	263168	0	
1	 3	 4	 5	sample12	1989	5845	2056	134960	0	
1	 3	 4	 6	control	810	4922	772	164480	0	
1	 4	 1	 1	sample13	944	3514	1028	102800	0	
1	 4	 1	 2	sample13	881	3707	772	113040	0	
1	 4	 1	 3	sample13	585	3411	514	113040	0	
1	 4	 1	 4	sample13	571	3141	514	102800	0	
1	 4	 1	 5	sample13	636	3206	514	102800	0	
1	 4	 1	 6	control	552	3122	514	102800	0	
1	 4	 2	 1	sample14	867	3437	770	102800	0	
1	 4	 2	 2	sample14	777	3347	770	102800	0	
1	 4	 2	 3	sample14	584	3154	514	102800	0	
1	 4	 2	 4	sample14	733	3045	772	92480	0	
1	 4	 2	 5	sample14	494	3064	514	102800	0	
1	 4	 2	 6	control	1016	3328	1028	92480	0	
1	 4	 3	 1	sample15	9449	12019	9252	177330	0	
1	 4	 3	 2	sample15	7250	9820	6938	192750	0	
1	 4	 3	 3	sample15	6550	8862	7196	157216	0	
1	 4	 3	 4	sample15	3610	5922	3342	161840	0	
1	 4	 3	 5	sample15	2173	4485	2056	173400	0	
1	 4	 3	 6	control	392	2704	258	92480	0	
1	 4	 4	 1	sample16	6185	8497	5398	175712	0	
1	 4	 4	 2	sample16	3345	6171	3084	194994	0	
1	 4	 4	 3	sample16	6866	9178	6940	161840	0	
1	 4	 4	 4	sample16	2864	5176	2570	178024	0	
1	 4	 4	 5	sample16	2464	4776	2314	145656	0	
1	 4	 4	 6	control	540	2852	258	92480	0	
1	 5	 1	 1	sample17	6865	9691	6940	223254	0	
1	 5	 1	 2	sample17	7271	10097	7710	234558	0	
1	 5	 1	 3	sample17	4777	7603	4370	245862	0	
1	 5	 1	 4	sample17	3996	6822	4370	211950	0	
1	 5	 1	 5	sample17	1705	4531	1542	245862	0	
1	 5	 1	 6	control	309	3135	258	113040	0	
1	 5	 2	 1	sample18	346	2916	256	102800	0	
1	 5	 2	 2	sample18	682	2994	772	92480	0	
1	 5	 2	 3	sample18	592	2904	514	92480	0	
1	 5	 2	 4	sample18	379	2949	256	102800	0	
1	 5	 2	 5	sample18	379	2949	514	102800	0	
1	 5	 2	 6	control	1040	3610	1028	105370	0	
1	 5	 3	 1	sample19	991	3303	1028	94792	0	
1	 5	 3	 2	sample19	592	2904	514	92480	0	
1	 5	 3	 3	sample19	757	3069	772	83232	0	
1	 5	 3	 4	sample19	785	3097	772	43928	0	
1	 5	 3	 5	sample19	425	2737	514	92480	0	
1	 5	 3	 6	control	231	2801	256	102800	0	
1	 5	 4	 1	sample20	579	2891	772	92480	0	
1	 5	 4	 2	sample20	354	2666	258	92480	0	
1	 5	 4	 3	sample20	405	2717	258	92480	0	
1	 5	 4	 4	sample20	399	2711	258	92480	0	
1	 5	 4	 5	sample20	470	2782	258	92480	0	
1	 5	 4	 6	control	662	2974	514	92480	0	
1	 6	 1	 1	sample21	720	3804	772	123360	0	
1	 6	 1	 2	sample21	726	4068	514	133680	0	
1	 6	 1	 3	sample21	475	3817	514	133680	0	
1	 6	 1	 4	sample21	431	3515	514	123360	0	
1	 6	 1	 5	sample21	469	3553	514	123360	0	
1	 6	 1	 6	control	437	3521	514	123360	0	
1	 6	 2	 1	sample22	5661	8745	5654	228216	0	
1	 6	 2	 2	sample22	10398	13482	10024	243636	0	
1	 6	 2	 3	sample22	9420	12504	10024	231300	0	
1	 6	 2	 4	sample22	6448	9532	5654	243636	0	
1	 6	 2	 5	sample22	5236	8064	4882	203616	0	
1	 6	 2	 6	control	880	3708	770	113120	0	
1	 6	 3	 1	sample23	8396	11224	8738	206444	0	
1	 6	 3	 2	sample23	8886	11970	9252	252888	0	
1	 6	 3	 3	sample23	6145	8973	5654	197960	0	
1	 6	 3	 4	sample23	3583	6411	3598	200788	0	
1	 6	 3	 5	sample23	1934	4504	1542	231300	0	
1	 6	 3	 6	control	322	2892	258	102800	0	
1	 6	 4	 1	sample24	9789	12617	8994	217756	0	
1	 6	 4	 2	sample24	6668	9496	5654	212100	0	
1	 6	 4	 3	sample24	6997	9825	7452	209272	0	
1	 6	 4	 4	sample24	3145	5715	2828	195320	0	
1	 6	 4	 5	sample24	1934	4504	1542	226160	0	
1	 6	 4	 6	control	714	3284	772	102800	0	
1	 7	 1	 1	sample25	887	3713	772	113040	0	
1	 7	 1	 2	sample25	1163	3989	1286	113040	0	
1	 7	 1	 3	sample25	791	3617	772	113040	0	
1	 7	 1	 4	sample25	1002	3572	770	102800	0	
1	 7	 1	 5	sample25	751	3321	770	102800	0	
1	 7	 1	 6	control	412	3238	258	113040	0	
1	 7	 2	 1	sample26	8147	10717	6938	190180	0	
1	 7	 2	 2	sample26	10651	13221	10794	185040	0	
1	 7	 2	 3	sample26	8603	11173	8224	205600	0	
1	 7	 2	 4	sample26	5361	7673	4884	180336	0	
1	 7	 2	 5	sample26	4696	7008	4370	161840	0	
1	 7	 2	 6	control	809	3379	770	102800	0	
1	 7	 3	 1	sample27	437	3007	256	102800	0	
1	 7	 3	 2	sample27	617	2929	514	92480	0	
1	 7	 3	 3	sample27	707	3019	514	92480	0	
1	 7	 3	 4	sample27	669	2981	514	92480	0	
1	 7	 3	 5	sample27	482	2794	514	92480	0	
1	 7	 3	 6	control	579	2891	258	92480	0	
1	 7	 4	 1	sample28	9293	11605	8224	178024	0	
1	 7	 4	 2	sample28	6152	8464	5912	175712	0	
1	 7	 4	 3	sample28	5329	7641	4884	173400	0	
1	 7	 4	 4	sample28	3692	6004	3598	178024	0	
1	 7	 4	 5	sample28	1910	3966	1798	152144	0	
1	 7	 4	 6	control	669	2981	514	92480	0	
1	 8	 1	 1	sample29	12272	15870	11308	291438	0	
1	 8	 1	 2	sample29	16147	19487	17476	273880	0	
1	 8	 1	 3	sample29	12975	16315	13108	240480	0	
1	 8	 1	 4	sample29	8509	11849	7968	253840	0	
1	 8	 1	 5	sample29	5843	8927	5654	234384	0	
1	 8	 1	 6	control	539	3623	514	123360	0	
1	 8	 2	 1	sample30	616	3700	514	123360	0	
1	 8	 2	 2	sample30	552	3636	514	123360	0	
1	 8	 2	 3	sample30	475	3559	256	123360	0	
1	 8	 2	 4	sample30	321	3405	256	123360	0	
1	 8	 2	 5	sample30	431	3257	258	113040	0	
1	 8	 2	 6	control	868	3694	772	113040	0	
1	 8	 3	 1	sample31	9089	11915	10024	178038	0	
1	 8	 3	 2	sample31	9420	12246	8738	186516	0	
1	 8	 3	 3	sample31	4861	7687	4884	192168	0	
1	 8	 3	 4	sample31	2598	5424	2314	211950	0	
1	 8	 3	 5	sample31	2986	5812	2828	220428	0	
1	 8	 3	 6	control	392	3218	258	113040	0	
1	 8	 4	 1	sample32	861	3431	770	102800	0	
1	 8	 4	 2	sample32	751	3321	770	102800	0	
1	 8	 4	 3	sample32	591	3161	514	102800	0	
1	 8	 4	 4	sample32	571	3141	514	102800	0	
1	 8	 4	 5	sample32	584	3154	514	102800	0	
1	 8	 4	 6	control	668	3238	514	102800	0	
1	 9	 1	 1	sample33	1180	3236	1028	65792	0	
1	 9	 1	 2	sample33	951	3007	770	82240	0	
1	 9	 1	 3	sample33	816	2614	772	71920	0	
1	 9	 1	 4	sample33	784	2582	772	71920	0	
1	 9	 1	 5	sample33	688	2486	514	71920	0	
1	 9	 1	 6	control	733	2531	514	71920	0	
1	 9	 2	 1	sample34	611	2409	514	71920	0	
1	 9	 2	 2	sample34	617	2415	514	71920	0	
1	 9	 2	 3	sample34	624	2422	514	71920	0	
1	 9	 2	 4	sample34	803	2345	770	61680	0	
1	 9	 2	 5	sample34	687	2229	514	61680	0	
1	 9	 2	 6	control	719	2261	514	160368	0	
1	 9	 3	 1	sample35	7182	8980	7196	129456	0	
1	 9	 3	 2	sample35	4570	6112	4626	100230	0	
1	 9	 3	 3	sample35	3730	5272	4112	98688	0	
1	 9	 3	 4	sample35	2549	4091	2570	95604	0	
1	 9	 3	 5	sample35	2035	3577	1798	137238	0	
1	 9	 3	 6	control	430	1972	256	61680	0	
1	 9	 4	 1	sample36	745	2287	514	61680	0	
1	 9	 4	 2	sample36	771	2313	514	61680	0	
1	 9	 4	 3	sample36	661	2203	514	61680	0	
1	 9	 4	 4	sample36	533	2075	514	61680	0	
1	 9	 4	 5	sample36	443	1985	256	61680	0	
1	 9	 4	 6	control	636	2178	514	61680	0	
1	 10	 1	 1	sample37	996	3308	772	92480	0	
1	 10	 1	 2	sample37	939	3251	772	92480	0	
1	 10	 1	 3	sample37	682	2994	514	92480	0	
1	 10	 1	 4	sample37	720	3032	514	92480	0	
1	 10	 1	 5	sample37	456	3026	256	102800	0	
1	 10	 1	 6	control	288	2858	256	102800	0	
1	 10	 2	 1	sample38	719	2775	514	82240	0	
1	 10	 2	 2	sample38	481	2537	514	82240	0	
1	 10	 2	 3	sample38	591	2647	514	82240	0	
1	 10	 2	 4	sample38	380	2692	258	92480	0	
1	 10	 2	 5	sample38	335	2647	258	92480	0	
1	 10	 2	 6	control	681	2993	514	92480	0	
1	 10	 3	 1	sample39	968	3024	770	80184	0	
1	 10	 3	 2	sample39	912	2968	770	82240	0	
1	 10	 3	 3	sample39	693	2749	514	82240	0	
1	 10	 3	 4	sample39	584	2640	256	82240	0	
1	 10	 3	 5	sample39	424	2480	256	82240	0	
1	 10	 3	 6	control	303	2615	258	92480	0	
1	 10	 4	 1	sample40	4333	6389	4368	135696	0	
1	 10	 4	 2	sample40	3337	5393	3084	170648	0	
1	 10	 4	 3	sample40	7449	9505	7196	135696	0	
1	 10	 4	 4	sample40	2667	4723	2826	129528	0	
1	 10	 4	 5	sample40	2008	4064	2056	121304	0	
1	 10	 4	 6	control	783	2839	514	82240	0	
1	 11	 1	 1	sample41	1194	3508	1284	78676	0	
1	 11	 1	 2	sample41	842	3412	772	102800	0	
1	 11	 1	 3	sample41	1275	3845	1286	64250	0	
1	 11	 1	 4	sample41	713	3541	770	113120	0	
1	 11	 1	 5	sample41	546	3374	514	113120	0	
1	 11	 1	 6	control	610	3438	514	113120	0	
1	 11	 2	 1	sample42	960	3274	770	43966	0	
1	 11	 2	 2	sample42	1105	3419	1028	46280	0	
1	 11	 2	 3	sample42	880	3194	770	92560	0	
1	 11	 2	 4	sample42	681	2995	514	92560	0	
1	 11	 2	 5	sample42	758	3072	770	92560	0	
1	 11	 2	 6	control	1152	3466	1028	76362	0	
1	 11	 3	 1	sample43	7363	9419	6940	152144	0	
1	 11	 3	 2	sample43	8938	10994	8738	156256	0	
1	 11	 3	 3	sample43	5772	8086	4882	180492	0	
1	 11	 3	 4	sample43	3572	5886	3340	138840	0	
1	 11	 3	 5	sample43	3246	5560	2570	212888	0	
1	 11	 3	 6	control	346	2660	256	92560	0	
1	 11	 4	 1	sample44	1035	3091	1028	82240	0	
1	 11	 4	 2	sample44	1016	3072	1286	82240	0	
1	 11	 4	 3	sample44	1022	3078	772	82240	0	
1	 11	 4	 4	sample44	1330	3386	1286	59624	0	
1	 11	 4	 5	sample44	932	2988	1028	82240	0	
1	 11	 4	 6	control	906	2962	772	82240	0	
1	 12	 1	 1	sample45	8675	11245	9252	169620	0	
1	 12	 1	 2	sample45	9277	12103	10280	180864	0	
1	 12	 1	 3	sample45	6582	9408	6168	180864	0	
1	 12	 1	 4	sample45	4008	6834	4112	194994	0	
1	 12	 1	 5	sample45	2205	5031	2056	180864	0	
1	 12	 1	 6	control	668	3752	514	123360	0	
1	 12	 2	 1	sample46	540	2852	514	92480	0	
1	 12	 2	 2	sample46	881	3193	772	92480	0	
1	 12	 2	 3	sample46	823	3135	772	92480	0	
1	 12	 2	 4	sample46	623	3193	514	102800	0	
1	 12	 2	 5	sample46	526	3096	514	102800	0	
1	 12	 2	 6	control	765	3591	514	113040	0	
1	 12	 3	 1	sample47	8559	10615	9252	121304	0	
1	 12	 3	 2	sample47	6656	8968	7196	136408	0	
1	 12	 3	 3	sample47	6483	8795	6940	134096	0	
1	 12	 3	 4	sample47	2770	5082	2828	145656	0	
1	 12	 3	 5	sample47	2768	5080	2570	150280	0	
1	 12	 3	 6	control	1085	3655	1028	46260	0	
1	 12	 4	 1	sample48	700	2756	514	82240	0	
1	 12	 4	 2	sample48	616	2672	514	82240	0	
1	 12	 4	 3	sample48	758	2814	514	82240	0	
1	 12	 4	 4	sample48	725	2781	514	82240	0	
1	 12	 4	 5	sample48	438	2750	514	92480	0	
1	 12	 4	 6	control	468	3038	256	102800	0	
2	 1	 1	 1	sample49	1060	3888	1028	113120	0	
2	 1	 1	 2	sample49	957	3785	1028	113120	0	
2	 1	 1	 3	sample49	976	3804	1028	113120	0	
2	 1	 1	 4	sample49	928	3756	1028	50904	0	
2	 1	 1	 5	sample49	636	3464	514	113120	0	
2	 1	 1	 6	control	366	3194	256	113120	0	
2	 1	 2	 1	sample50	5881	8965	5654	231300	0	
2	 1	 2	 2	sample50	10133	13217	10538	231300	0	
2	 1	 2	 3	sample50	9903	12987	9252	255972	0	
2	 1	 2	 4	sample50	8777	11605	8994	220584	0	
2	 1	 2	 5	sample50	6777	9605	6424	220584	0	
2	 1	 2	 6	control	822	3650	770	113120	0	
2	 1	 3	 1	sample51	8542	11370	8480	189476	0	
2	 1	 3	 2	sample51	10578	13406	10536	263004	0	
2	 1	 3	 3	sample51	8253	11081	7966	220584	0	
2	 1	 3	 4	sample51	5155	7983	4882	192304	0	
2	 1	 3	 5	sample51	3422	5992	2570	262140	0	
2	 1	 3	 6	control	270	2840	258	102800	0	
2	 1	 4	 1	sample52	10578	13406	11050	229068	0	
2	 1	 4	 2	sample52	8386	10956	7454	208170	0	
2	 1	 4	 3	sample52	6366	8936	6168	200460	0	
2	 1	 4	 4	sample52	3988	6558	3342	190180	0	
2	 1	 4	 5	sample52	2576	5146	2314	123360	0	
2	 1	 4	 6	control	791	3361	772	102800	0	
2	 2	 1	 1	sample53	15404	19002	16448	233870	0	
2	 2	 1	 2	sample53	12778	16376	13878	244664	0	
2	 2	 1	 3	sample53	11165	14763	11308	233870	0	
2	 2	 1	 4	sample53	6825	10423	6682	244664	0	
2	 2	 1	 5	sample53	4505	8103	4368	237468	0	
2	 2	 1	 6	control	488	4086	256	143920	0	
2	 2	 2	 1	sample54	700	4298	514	143920	0	
2	 2	 2	 2	sample54	738	4336	514	143920	0	
2	 2	 2	 3	sample54	546	4144	514	143920	0	
2	 2	 2	 4	sample54	661	4259	514	143920	0	
2	 2	 2	 5	sample54	539	4137	514	143920	0	
2	 2	 2	 6	control	777	4375	770	143920	0	
2	 2	 3	 1	sample55	642	4240	514	143920	0	
2	 2	 3	 2	sample55	616	4214	514	143920	0	
2	 2	 3	 3	sample55	302	3900	256	143920	0	
2	 2	 3	 4	sample55	398	3996	256	143920	0	
2	 2	 3	 5	sample55	269	3867	256	143920	0	
2	 2	 3	 6	control	282	3880	256	143920	0	
2	 2	 4	 1	sample56	8005	11603	7710	241066	0	
2	 2	 4	 2	sample56	8005	11603	7966	241066	0	
2	 2	 4	 3	sample56	6133	9473	5654	220440	0	
2	 2	 4	 4	sample56	4865	8205	4626	233800	0	
2	 2	 4	 5	sample56	2153	5493	2056	133600	0	
2	 2	 4	 6	control	675	4015	514	133600	0	
2	 3	 1	 1	sample57	1111	5223	1028	164480	0	
2	 3	 1	 2	sample57	1195	5307	1284	164480	0	
2	 3	 1	 3	sample57	822	4934	770	164480	0	
2	 3	 1	 4	sample57	648	4760	514	164480	0	
2	 3	 1	 5	sample57	494	4606	514	164480	0	
2	 3	 1	 6	control	514	4626	514	164480	0	
2	 3	 2	 1	sample58	444	4812	258	174720	0	
2	 3	 2	 2	sample58	566	4934	514	174720	0	
2	 3	 2	 3	sample58	642	4754	514	164480	0	
2	 3	 2	 4	sample58	629	4741	514	164480	0	
2	 3	 2	 5	sample58	219	4587	258	174720	0	
2	 3	 2	 6	control	1130	5242	1028	164480	0	
2	 3	 3	 1	sample59	19197	23565	21332	314496	0	
2	 3	 3	 2	sample59	18622	22990	20304	305760	0	
2	 3	 3	 3	sample59	11265	15633	11308	283920	0	
2	 3	 3	 4	sample59	9596	13964	8738	323232	0	
2	 3	 3	 5	sample59	8373	12485	8480	304288	0	
2	 3	 3	 6	control	578	4690	514	164480	0	
2	 3	 4	 1	sample60	546	4658	514	164480	0	
2	 3	 4	 2	sample60	462	4574	514	164480	0	
2	 3	 4	 3	sample60	565	4677	514	164480	0	
2	 3	 4	 4	sample60	462	4574	514	164480	0	
2	 3	 4	 5	sample60	468	4580	514	164480	0	
2	 3	 4	 6	control	783	4895	770	164480	0	
2	 4	 1	 1	sample61	656	3482	772	113040	0	
2	 4	 1	 2	sample61	733	3559	772	113040	0	
2	 4	 1	 3	sample61	585	3411	514	113040	0	
2	 4	 1	 4	sample61	296	3122	258	113040	0	
2	 4	 1	 5	sample61	405	3231	258	113040	0	
2	 4	 1	 6	control	521	3347	514	113040	0	
2	 4	 2	 1	sample62	9381	12207	9766	163908	0	
2	 4	 2	 2	sample62	8209	11035	8482	186516	0	
2	 4	 2	 3	sample62	6686	9512	6682	189342	0	
2	 4	 2	 4	sample62	4756	7326	4626	177330	0	
2	 4	 2	 5	sample62	3141	5711	3084	182470	0	
2	 4	 2	 6	control	1078	3904	1028	73476	0	
2	 4	 3	 1	sample63	10238	13064	11822	169560	0	
2	 4	 3	 2	sample63	11330	14156	10794	172386	0	
2	 4	 3	 3	sample63	6165	8991	5654	189342	0	
2	 4	 3	 4	sample63	5060	7886	5140	172386	0	
2	 4	 3	 5	sample63	3469	6039	2826	185040	0	
2	 4	 3	 6	control	295	2865	256	102800	0	
2	 4	 4	 1	sample64	11537	14107	12336	169620	0	
2	 4	 4	 2	sample64	9017	11587	8994	177330	0	
2	 4	 4	 3	sample64	5966	8536	5910	179900	0	
2	 4	 4	 4	sample64	3304	5874	3084	179900	0	
2	 4	 4	 5	sample64	2159	4729	2056	120790	0	
2	 4	 4	 6	control	468	3038	514	102800	0	
2	 5	 1	 1	sample65	6689	9773	6426	237468	0	
2	 5	 1	 2	sample65	8542	11626	8224	249804	0	
2	 5	 1	 3	sample65	6953	10037	6682	231300	0	
2	 5	 1	 4	sample65	3677	6761	3342	222048	0	
2	 5	 1	 5	sample65	2414	5498	2828	228216	0	
2	 5	 1	 6	control	687	4029	256	133680	0	
2	 5	 2	 1	sample66	6406	9490	5912	206628	0	
2	 5	 2	 2	sample66	7780	10864	6682	228216	0	
2	 5	 2	 3	sample66	6632	9716	5654	222048	0	
2	 5	 2	 4	sample66	4982	8066	5140	225132	0	
2	 5	 2	 5	sample66	3149	6233	2570	271392	0	
2	 5	 2	 6	control	996	4080	772	123360	0	
2	 5	 3	 1	sample67	1091	4175	1028	101772	0	
2	 5	 3	 2	sample67	1098	3926	1028	113120	0	
2	 5	 3	 3	sample67	624	3708	514	123360	0	
2	 5	 3	 4	sample67	611	3695	514	123360	0	
2	 5	 3	 5	sample67	437	3521	258	123360	0	
2	 5	 3	 6	control	572	3656	258	123360	0	
2	 5	 4	 1	sample68	1432	4260	1284	113120	0	
2	 5	 4	 2	sample68	976	3804	770	113120	0	
2	 5	 4	 3	sample68	1053	3881	1028	113120	0	
2	 5	 4	 4	sample68	1098	3926	770	113120	0	
2	 5	 4	 5	sample68	1038	4122	1028	86352	0	
2	 5	 4	 6	control	1396	4480	1286	129528	0	
2	 6	 1	 1	sample69	15228	18826	15162	269850	0	
2	 6	 1	 2	sample69	14125	17979	14136	292904	0	
2	 6	 1	 3	sample69	13461	17059	14134	255458	0	
2	 6	 1	 4	sample69	9168	12508	10024	253840	0	
2	 6	 1	 5	sample69	5996	9336	6168	233800	0	
2	 6	 1	 6	control	482	3822	514	133600	0	
2	 6	 2	 1	sample70	9325	12923	8738	226674	0	
2	 6	 2	 2	sample70	9669	13267	9252	269850	0	
2	 6	 2	 3	sample70	8662	12260	9252	244664	0	
2	 6	 2	 4	sample70	5592	8932	5140	287240	0	
2	 6	 2	 5	sample70	3785	7125	3598	267200	0	
2	 6	 2	 6	control	1233	4317	1284	123360	0	
2	 6	 3	 1	sample71	9353	12951	9508	226674	0	
2	 6	 3	 2	sample71	6660	10258	6424	262654	0	
2	 6	 3	 3	sample71	5692	9032	5912	227120	0	
2	 6	 3	 4	sample71	2919	6259	2828	233800	0	
2	 6	 3	 5	sample71	2698	5782	2570	123360	0	
2	 6	 3	 6	control	404	3488	256	123360	0	
2	 6	 4	 1	sample72	18865	22205	20560	173680	0	
2	 6	 4	 2	sample72	8158	11498	8482	233800	0	
2	 6	 4	 3	sample72	12163	15503	11308	227120	0	
2	 6	 4	 4	sample72	9289	12373	9508	209712	0	
2	 6	 4	 5	sample72	6041	9125	6168	206628	0	
2	 6	 4	 6	control	610	3694	514	123360	0	
2	 7	 1	 1	sample73	759	3585	772	113040	0	
2	 7	 1	 2	sample73	995	3565	770	102800	0	
2	 7	 1	 3	sample73	1339	3909	1284	48830	0	
2	 7	 1	 4	sample73	944	3514	770	102800	0	
2	 7	 1	 5	sample73	636	3206	514	102800	0	
2	 7	 1	 6	control	566	3392	514	113040	0	
2	 7	 2	 1	sample74	6354	8924	5910	197890	0	
2	 7	 2	 2	sample74	9184	11754	8224	177330	0	
2	 7	 2	 3	sample74	8328	10898	8224	182470	0	
2	 7	 2	 4	sample74	6898	9468	6938	179900	0	
2	 7	 2	 5	sample74	3495	6065	3084	174760	0	
2	 7	 2	 6	control	1066	3636	1028	102800	0	
2	 7	 3	 1	sample75	436	3006	256	102800	0	
2	 7	 3	 2	sample75	783	3353	770	102800	0	
2	 7	 3	 3	sample75	2023	4335	1800	175712	0	
2	 7	 3	 4	sample75	1417	3729	1542	104040	0	
2	 7	 3	 5	sample75	1321	3633	1286	117912	0	
2	 7	 3	 6	control	391	2961	256	102800	0	
2	 7	 4	 1	sample76	746	3058	772	92480	0	
2	 7	 4	 2	sample76	592	2904	514	92480	0	
2	 7	 4	 3	sample76	605	2917	514	92480	0	
2	 7	 4	 4	sample76	598	2910	514	92480	0	
2	 7	 4	 5	sample76	360	2672	258	92480	0	
2	 7	 4	 6	control	385	2955	256	102800	0	
2	 8	 1	 1	sample77	11230	14828	10538	269850	0	
2	 8	 1	 2	sample77	14929	18785	15676	289200	0	
2	 8	 1	 3	sample77	10984	14582	10794	273448	0	
2	 8	 1	 4	sample77	5980	9578	6168	284242	0	
2	 8	 1	 5	sample77	3880	7478	3856	230272	0	
2	 8	 1	 6	control	584	3926	514	133680	0	
2	 8	 2	 1	sample78	7944	11542	8482	233870	0	
2	 8	 2	 2	sample78	9037	12635	9766	244664	0	
2	 8	 2	 3	sample78	6634	10232	6426	287840	0	
2	 8	 2	 4	sample78	5000	8598	4884	262654	0	
2	 8	 2	 5	sample78	2923	6265	2312	240624	0	
2	 8	 2	 6	control	758	4100	770	133680	0	
2	 8	 3	 1	sample79	10619	13961	11564	240624	0	
2	 8	 3	 2	sample79	7387	10729	7452	237282	0	
2	 8	 3	 3	sample79	5474	8816	5654	210546	0	
2	 8	 3	 4	sample79	3452	6794	2826	247308	0	
2	 8	 3	 5	sample79	2113	5455	1542	133680	0	
2	 8	 3	 6	control	134	3476	0	133680	0	
2	 8	 4	 1	sample80	417	3759	514	133680	0	
2	 8	 4	 2	sample80	449	3791	256	133680	0	
2	 8	 4	 3	sample80	404	3746	256	133680	0	
2	 8	 4	 4	sample80	346	3688	256	133680	0	
2	 8	 4	 5	sample80	95.8	3438	256	133680	0	
2	 8	 4	 6	control	424	3766	256	133680	0	
2	 9	 1	 1	sample81	9565	11621	9766	150088	0	
2	 9	 1	 2	sample81	7639	9695	7452	135696	0	
2	 9	 1	 3	sample81	6603	8659	6424	141864	0	
2	 9	 1	 4	sample81	3794	5592	3856	113274	0	
2	 9	 1	 5	sample81	2613	4411	2570	107880	0	
2	 9	 1	 6	control	526	2582	256	82240	0	
2	 9	 2	 1	sample82	1138	3194	1028	28784	0	
2	 9	 2	 2	sample82	796	2852	514	82240	0	
2	 9	 2	 3	sample82	1093	2891	1028	71920	0	
2	 9	 2	 4	sample82	1139	3195	1028	47288	0	
2	 9	 2	 5	sample82	610	2666	514	82240	0	
2	 9	 2	 6	control	1067	3123	1028	53456	0	
2	 9	 3	 1	sample83	855	2653	772	71920	0	
2	 9	 3	 2	sample83	836	2634	772	71920	0	
2	 9	 3	 3	sample83	650	2448	514	71920	0	
2	 9	 3	 4	sample83	1083	2881	1028	25172	0	
2	 9	 3	 5	sample83	457	2255	258	71920	0	
2	 9	 3	 6	control	508	2306	514	71920	0	
2	 9	 4	 1	sample84	482	2280	258	71920	0	
2	 9	 4	 2	sample84	527	2325	514	71920	0	
2	 9	 4	 3	sample84	540	2338	514	71920	0	
2	 9	 4	 4	sample84	495	2293	514	71920	0	
2	 9	 4	 5	sample84	450	2248	258	71920	0	
2	 9	 4	 6	control	443	2499	256	82240	0	
2	 10	 1	 1	sample85	2881	5195	2312	43966	0	
2	 10	 1	 2	sample85	2056	4370	1284	64792	0	
2	 10	 1	 3	sample85	1516	3830	770	92560	0	
2	 10	 1	 4	sample85	1291	3605	514	92560	0	
2	 10	 1	 5	sample85	1239	3553	770	92560	0	
2	 10	 1	 6	control	1978	4292	1284	46280	0	
2	 10	 2	 1	sample86	7577	9891	7452	152724	0	
2	 10	 2	 2	sample86	7901	10215	7452	155038	0	
2	 10	 2	 3	sample86	7185	9499	6682	166608	0	
2	 10	 2	 4	sample86	4968	7282	4626	159666	0	
2	 10	 2	 5	sample86	2846	5160	3084	152724	0	
2	 10	 2	 6	control	1304	3618	770	92560	0	
2	 10	 3	 1	sample87	1439	3753	770	92560	0	
2	 10	 3	 2	sample87	1060	3374	514	92560	0	
2	 10	 3	 3	sample87	1085	3399	514	92560	0	
2	 10	 3	 4	sample87	970	3284	514	92560	0	
2	 10	 3	 5	sample87	828	3142	256	92560	0	
2	 10	 3	 6	control	796	3110	256	92560	0	
2	 10	 4	 1	sample88	1079	3393	514	92560	0	
2	 10	 4	 2	sample88	1130	3444	514	92560	0	
2	 10	 4	 3	sample88	770	3084	256	92560	0	
2	 10	 4	 4	sample88	1015	3329	514	92560	0	
2	 10	 4	 5	sample88	803	3117	256	92560	0	
2	 10	 4	 6	control	1002	3316	770	92560	0	
2	 11	 1	 1	sample89	1475	3275	1284	55800	0	
2	 11	 1	 2	sample89	944	2744	1028	72000	0	
2	 11	 1	 3	sample89	649	2705	772	82240	0	
2	 11	 1	 4	sample89	540	2596	514	82240	0	
2	 11	 1	 5	sample89	521	2577	514	82240	0	
2	 11	 1	 6	control	322	2378	258	82240	0	
2	 11	 2	 1	sample90	559	2359	514	72000	0	
2	 11	 2	 2	sample90	693	2493	770	72000	0	
2	 11	 2	 3	sample90	896	2696	770	73800	0	
2	 11	 2	 4	sample90	431	2487	514	82240	0	
2	 11	 2	 5	sample90	636	2436	514	72000	0	
2	 11	 2	 6	control	669	2725	514	82240	0	
2	 11	 3	 1	sample91	732	2532	770	72000	0	
2	 11	 3	 2	sample91	668	2468	770	72000	0	
2	 11	 3	 3	sample91	835	2635	770	72000	0	
2	 11	 3	 4	sample91	303	2359	258	82240	0	
2	 11	 3	 5	sample91	148	2204	0	82240	0	
2	 11	 3	 6	control	482	2538	514	82240	0	
2	 11	 4	 1	sample92	6266	8066	5910	136800	0	
2	 11	 4	 2	sample92	7039	8839	7196	124200	0	
2	 11	 4	 3	sample92	5719	7519	5140	149400	0	
2	 11	 4	 4	sample92	3821	5621	3598	136800	0	
2	 11	 4	 5	sample92	1491	3291	1284	147600	0	
2	 11	 4	 6	control	777	2577	770	72000	0	
2	 12	 1	 1	sample93	9558	11872	10280	131898	0	
2	 12	 1	 2	sample93	8955	11269	8994	136526	0	
2	 12	 1	 3	sample93	6695	9009	7196	131898	0	
2	 12	 1	 4	sample93	3949	6263	3854	138840	0	
2	 12	 1	 5	sample93	2290	4604	2056	157352	0	
2	 12	 1	 6	control	277	2847	258	102800	0	
2	 12	 2	 1	sample94	5815	8129	6168	124956	0	
2	 12	 2	 2	sample94	7879	10193	8480	122642	0	
2	 12	 2	 3	sample94	6337	8907	6426	149060	0	
2	 12	 2	 4	sample94	4752	7066	4626	131898	0	
2	 12	 2	 5	sample94	3648	5962	3340	118014	0	
2	 12	 2	 6	control	974	3544	1028	48830	0	
2	 12	 3	 1	sample95	10085	12399	10536	134212	0	
2	 12	 3	 2	sample95	7205	9519	7196	122642	0	
2	 12	 3	 3	sample95	7668	9982	8224	129584	0	
2	 12	 3	 4	sample95	4381	6695	4368	138840	0	
2	 12	 3	 5	sample95	2317	4631	2312	134212	0	
2	 12	 3	 6	control	283	2853	258	102800	0	
2	 12	 4	 1	sample96	6528	8584	7196	113080	0	
2	 12	 4	 2	sample96	3514	5570	3856	113080	0	
2	 12	 4	 3	sample96	3104	5160	3598	111024	0	
2	 12	 4	 4	sample96	1757	4071	1798	143468	0	
2	 12	 4	 5	sample96	1461	3775	1542	118014	0	
2	 12	 4	 6	control	777	3091	770	92560	0	
3	 1	 1	 1	sample97	11550	15404	12336	323736	0	
3	 1	 1	 2	sample97	14438	18036	15934	280644	0	
3	 1	 1	 3	sample97	9394	12992	10280	291438	0	
3	 1	 1	 4	sample97	7530	11128	7966	298634	0	
3	 1	 1	 5	sample97	4153	7751	3854	309428	0	
3	 1	 1	 6	control	424	4022	514	143920	0	
3	 1	 2	 1	sample98	1401	4999	1542	158312	0	
3	 1	 2	 2	sample98	1330	4670	1286	133600	0	
3	 1	 2	 3	sample98	476	3816	514	133600	0	
3	 1	 2	 4	sample98	810	4150	772	133600	0	
3	 1	 2	 5	sample98	424	4022	514	143920	0	
3	 1	 2	 6	control	764	4362	770	143920	0	
3	 1	 3	 1	sample99	745	4343	770	143920	0	
3	 1	 3	 2	sample99	791	4131	772	133600	0	
3	 1	 3	 3	sample99	9123	12721	4882	129528	0	
3	 1	 3	 4	sample99	508	3848	514	133600	0	
3	 1	 3	 5	sample99	540	3880	514	133600	0	
3	 1	 3	 6	control	147	3745	256	143920	0	
3	 1	 4	 1	sample100	637	3977	514	133600	0	
3	 1	 4	 2	sample100	617	3957	772	133600	0	
3	 1	 4	 3	sample100	341	3681	258	133600	0	
3	 1	 4	 4	sample100	405	3745	258	133600	0	
3	 1	 4	 5	sample100	393	3733	258	133600	0	
3	 1	 4	 6	control	425	3765	258	133600	0	
3	 2	 1	 1	sample101	12593	15933	14136	263860	0	
3	 2	 1	 2	sample101	12481	15821	13878	273880	0	
3	 2	 1	 3	sample101	7892	11232	7454	273880	0	
3	 2	 1	 4	sample101	4950	8290	4884	243820	0	
3	 2	 1	 5	sample101	3435	6775	3598	247160	0	
3	 2	 1	 6	control	245	3585	258	133600	0	
3	 2	 2	 1	sample102	9192	12276	10022	200460	0	
3	 2	 2	 2	sample102	6359	9699	6940	243820	0	
3	 2	 2	 3	sample102	5128	8212	5396	271392	0	
3	 2	 2	 4	sample102	2764	5848	2570	252888	0	
3	 2	 2	 5	sample102	2187	5271	2056	151116	0	
3	 2	 2	 6	control	925	4009	1028	123360	0	
3	 2	 3	 1	sample103	1242	4326	1284	129528	0	
3	 2	 3	 2	sample103	1278	4362	1284	129528	0	
3	 2	 3	 3	sample103	912	3996	770	123360	0	
3	 2	 3	 4	sample103	893	3977	770	123360	0	
3	 2	 3	 5	sample103	578	3662	514	123360	0	
3	 2	 3	 6	control	186	3270	256	123360	0	
3	 2	 4	 1	sample104	8207	11291	7966	240552	0	
3	 2	 4	 2	sample104	7721	10805	7966	215880	0	
3	 2	 4	 3	sample104	5966	9050	5910	243636	0	
3	 2	 4	 4	sample104	2239	5323	2312	225132	0	
3	 2	 4	 5	sample104	1804	4888	1798	151116	0	
3	 2	 4	 6	control	398	3482	514	123360	0	
3	 3	 1	 1	sample105	11100	14184	10538	262140	0	
3	 3	 1	 2	sample105	13243	16327	13364	286812	0	
3	 3	 1	 3	sample105	9823	12907	9766	237468	0	
3	 3	 1	 4	sample105	5577	8661	5398	246720	0	
3	 3	 1	 5	sample105	3909	6993	3856	222048	0	
3	 3	 1	 6	control	489	3573	514	123360	0	
3	 3	 2	 1	sample106	1304	4132	1284	76356	0	
3	 3	 2	 2	sample106	1079	3907	1028	113120	0	
3	 3	 2	 3	sample106	656	3740	772	123360	0	
3	 3	 2	 4	sample106	790	3618	770	113120	0	
3	 3	 2	 5	sample106	687	3515	514	113120	0	
3	 3	 2	 6	control	778	3862	772	123360	0	
3	 3	 3	 1	sample107	539	3367	514	113120	0	
3	 3	 3	 2	sample107	494	3322	514	113120	0	
3	 3	 3	 3	sample107	436	3264	256	113120	0	
3	 3	 3	 4	sample107	494	3322	514	113120	0	
3	 3	 3	 5	sample107	346	3174	256	113120	0	
3	 3	 3	 6	control	398	3226	256	113120	0	
3	 3	 4	 1	sample108	552	3380	514	113120	0	
3	 3	 4	 2	sample108	443	3271	514	113120	0	
3	 3	 4	 3	sample108	411	3239	256	113120	0	
3	 3	 4	 4	sample108	462	3290	256	113120	0	
3	 3	 4	 5	sample108	366	3194	256	113120	0	
3	 3	 4	 6	control	245	3329	258	123360	0	
3	 4	 1	 1	sample109	6341	9939	5654	316624	0	
3	 4	 1	 2	sample109	13152	17008	13106	285344	0	
3	 4	 1	 3	sample109	8165	12021	7196	304624	0	
3	 4	 1	 4	sample109	4366	7964	4370	273448	0	
3	 4	 1	 5	sample109	2992	6590	3084	280644	0	
3	 4	 1	 6	control	424	4022	258	143920	0	
3	 4	 2	 1	sample110	5076	8674	5140	230272	0	
3	 4	 2	 2	sample110	6249	9847	6168	230272	0	
3	 4	 2	 3	sample110	5361	8959	5912	251860	0	
3	 4	 2	 4	sample110	2873	6471	3084	244664	0	
3	 4	 2	 5	sample110	1758	5356	1542	176302	0	
3	 4	 2	 6	control	881	4479	772	143920	0	
3	 4	 3	 1	sample111	984	4582	1028	143920	0	
3	 4	 3	 2	sample111	1016	4614	1028	143920	0	
3	 4	 3	 3	sample111	759	4357	772	143920	0	
3	 4	 3	 4	sample111	791	4389	772	143920	0	
3	 4	 3	 5	sample111	527	4125	514	143920	0	
3	 4	 3	 6	control	386	3984	258	143920	0	
3	 4	 4	 1	sample112	15024	18622	16192	244664	0	
3	 4	 4	 2	sample112	12030	15628	11052	280644	0	
3	 4	 4	 3	sample112	10159	13757	10280	266252	0	
3	 4	 4	 4	sample112	5791	9389	5912	237468	0	
3	 4	 4	 5	sample112	3513	7111	3342	248262	0	
3	 4	 4	 6	control	637	4235	514	143920	0	
3	 5	 1	 1	sample113	796	4138	514	133680	0	
3	 5	 1	 2	sample113	1229	4571	1028	123654	0	
3	 5	 1	 3	sample113	713	4055	514	133680	0	
3	 5	 1	 4	sample113	803	4145	514	133680	0	
3	 5	 1	 5	sample113	674	4016	514	133680	0	
3	 5	 1	 6	control	501	3843	514	133680	0	
3	 5	 2	 1	sample114	9368	12710	9252	220572	0	
3	 5	 2	 2	sample114	11237	14579	12078	243966	0	
3	 5	 2	 3	sample114	8275	11617	7966	250650	0	
3	 5	 2	 4	sample114	4503	7845	4368	267360	0	
3	 5	 2	 5	sample114	3965	7049	3598	231300	0	
3	 5	 2	 6	control	803	4145	770	133680	0	
3	 5	 3	 1	sample115	9804	13146	10022	223914	0	
3	 5	 3	 2	sample115	10073	13415	9508	237282	0	
3	 5	 3	 3	sample115	6697	10039	5910	223914	0	
3	 5	 3	 4	sample115	2683	5767	2314	225132	0	
3	 5	 3	 5	sample115	3175	6259	3342	237468	0	
3	 5	 3	 6	control	547	3631	514	123360	0	
3	 5	 4	 1	sample116	10491	13833	10022	247308	0	
3	 5	 4	 2	sample116	8942	12284	8994	230598	0	
3	 5	 4	 3	sample116	6539	9623	6426	231300	0	
3	 5	 4	 4	sample116	3791	6875	3342	234384	0	
3	 5	 4	 5	sample116	2704	5532	2826	130088	0	
3	 5	 4	 6	control	534	3618	258	123360	0	
3	 6	 1	 1	sample117	9201	12543	8994	237282	0	
3	 6	 1	 2	sample117	13084	16426	12336	230598	0	
3	 6	 1	 3	sample117	8569	11911	7966	233940	0	
3	 6	 1	 4	sample117	4086	7428	3854	237282	0	
3	 6	 1	 5	sample117	3778	6862	3856	203544	0	
3	 6	 1	 6	control	669	3753	514	123360	0	
3	 6	 2	 1	sample118	2884	6226	3084	180468	0	
3	 6	 2	 2	sample118	11081	14423	10280	223914	0	
3	 6	 2	 3	sample118	9501	12843	8994	227256	0	
3	 6	 2	 4	sample118	5673	8757	5140	212796	0	
3	 6	 2	 5	sample118	3631	6715	3856	218964	0	
3	 6	 2	 6	control	1112	4196	1028	123360	0	
3	 6	 3	 1	sample119	9574	12658	10280	197376	0	
3	 6	 3	 2	sample119	9604	12688	10024	185040	0	
3	 6	 3	 3	sample119	5541	8625	4626	209712	0	
3	 6	 3	 4	sample119	2373	5457	2570	200460	0	
3	 6	 3	 5	sample119	2269	5353	2056	215880	0	
3	 6	 3	 6	control	412	3496	258	123360	0	
3	 6	 4	 1	sample120	823	3907	772	123360	0	
3	 6	 4	 2	sample120	694	3778	514	123360	0	
3	 6	 4	 3	sample120	514	3598	514	123360	0	
3	 6	 4	 4	sample120	380	3464	258	123360	0	
3	 6	 4	 5	sample120	726	3554	514	113120	0	
3	 6	 4	 6	control	764	3592	770	113120	0	
3	 7	 1	 1	sample121	881	3193	772	92480	0	
3	 7	 1	 2	sample121	836	3148	772	92480	0	
3	 7	 1	 3	sample121	604	2916	514	92480	0	
3	 7	 1	 4	sample121	656	2968	514	92480	0	
3	 7	 1	 5	sample121	765	3077	514	92480	0	
3	 7	 1	 6	control	759	3071	514	92480	0	
3	 7	 2	 1	sample122	9549	11861	8738	164152	0	
3	 7	 2	 2	sample122	8538	10850	8738	157216	0	
3	 7	 2	 3	sample122	6973	9285	6682	175712	0	
3	 7	 2	 4	sample122	4791	6847	4626	162424	0	
3	 7	 2	 5	sample122	2531	4587	2312	152144	0	
3	 7	 2	 6	control	1111	3167	1028	94576	0	
3	 7	 3	 1	sample123	681	2993	514	92480	0	
3	 7	 3	 2	sample123	706	2762	770	82240	0	
3	 7	 3	 3	sample123	700	2756	514	82240	0	
3	 7	 3	 4	sample123	713	2769	514	82240	0	
3	 7	 3	 5	sample123	623	2679	514	82240	0	
3	 7	 3	 6	control	340	2396	256	82240	0	
3	 7	 4	 1	sample124	1055	3367	772	90168	0	
3	 7	 4	 2	sample124	867	2923	770	82240	0	
3	 7	 4	 3	sample124	783	2839	770	82240	0	
3	 7	 4	 4	sample124	411	2467	514	82240	0	
3	 7	 4	 5	sample124	597	2653	514	82240	0	
3	 7	 4	 6	control	539	2595	514	82240	0	
3	 8	 1	 1	sample125	13398	17254	12850	401024	0	
3	 8	 1	 2	sample125	17969	21825	17732	335472	0	
3	 8	 1	 3	sample125	12883	16739	12592	323904	0	
3	 8	 1	 4	sample125	9824	13680	10280	289200	0	
3	 8	 1	 5	sample125	7195	11051	7452	281488	0	
3	 8	 1	 6	control	501	4357	256	154240	0	
3	 8	 2	 1	sample126	701	4299	514	143920	0	
3	 8	 2	 2	sample126	996	4594	1028	143920	0	
3	 8	 2	 3	sample126	759	4357	772	143920	0	
3	 8	 2	 4	sample126	752	4350	772	143920	0	
3	 8	 2	 5	sample126	637	4235	514	143920	0	
3	 8	 2	 6	control	1183	4781	1286	143920	0	
3	 8	 3	 1	sample127	604	3946	514	133680	0	
3	 8	 3	 2	sample127	700	4042	514	133680	0	
3	 8	 3	 3	sample127	463	4061	514	143920	0	
3	 8	 3	 4	sample127	437	4035	258	143920	0	
3	 8	 3	 5	sample127	418	4016	258	143920	0	
3	 8	 3	 6	control	598	4196	514	143920	0	
3	 8	 4	 1	sample128	648	3990	770	133680	0	
3	 8	 4	 2	sample128	597	3939	514	133680	0	
3	 8	 4	 3	sample128	296	3894	258	143920	0	
3	 8	 4	 4	sample128	405	4003	258	143920	0	
3	 8	 4	 5	sample128	476	4074	514	143920	0	
3	 8	 4	 6	control	810	4408	772	143920	0	
3	 9	 1	 1	sample129	918	3746	770	113120	0	
3	 9	 1	 2	sample129	1047	3875	1028	113120	0	
3	 9	 1	 3	sample129	642	3470	514	113120	0	
3	 9	 1	 4	sample129	791	3361	772	102800	0	
3	 9	 1	 5	sample129	565	3393	514	113120	0	
3	 9	 1	 6	control	726	3554	514	113120	0	
3	 9	 2	 1	sample130	777	3605	770	113120	0	
3	 9	 2	 2	sample130	3675	6503	1542	113120	0	
3	 9	 2	 3	sample130	1021	3849	1028	107464	0	
3	 9	 2	 4	sample130	591	3419	514	113120	0	
3	 9	 2	 5	sample130	700	3528	514	113120	0	
3	 9	 2	 6	control	951	4035	1028	123360	0	
3	 9	 3	 1	sample131	8862	11690	9252	180992	0	
3	 9	 3	 2	sample131	9348	12176	9252	203616	0	
3	 9	 3	 3	sample131	5529	8357	5140	186648	0	
3	 9	 3	 4	sample131	4317	6887	4370	164480	0	
3	 9	 3	 5	sample131	2954	5782	2312	251692	0	
3	 9	 3	 6	control	237	3065	256	113120	0	
3	 9	 4	 1	sample132	8850	11678	7710	231896	0	
3	 9	 4	 2	sample132	6643	9471	6424	206444	0	
3	 9	 4	 3	sample132	9216	12044	8480	206444	0	
3	 9	 4	 4	sample132	3403	5973	2828	213310	0	
3	 9	 4	 5	sample132	2377	5205	2312	203616	0	
3	 9	 4	 6	control	663	3233	514	102800	0	
3	 10	 1	 1	sample133	8254	11852	7968	280644	0	
3	 10	 1	 2	sample133	10097	13695	9510	262654	0	
3	 10	 1	 3	sample133	6151	9749	5912	269850	0	
3	 10	 1	 4	sample133	3465	7063	3598	277046	0	
3	 10	 1	 5	sample133	2981	6323	2826	233940	0	
3	 10	 1	 6	control	584	3926	256	133680	0	
3	 10	 2	 1	sample134	14865	18463	15164	266252	0	
3	 10	 2	 2	sample134	16165	19763	15678	244664	0	
3	 10	 2	 3	sample134	13725	17323	15420	277046	0	
3	 10	 2	 4	sample134	10420	13762	9252	250650	0	
3	 10	 2	 5	sample134	7464	10806	7452	223914	0	
3	 10	 2	 6	control	835	4177	770	133680	0	
3	 10	 3	 1	sample135	790	4132	770	133680	0	
3	 10	 3	 2	sample135	938	4280	770	133680	0	
3	 10	 3	 3	sample135	700	4042	514	133680	0	
3	 10	 3	 4	sample135	758	4100	514	133680	0	
3	 10	 3	 5	sample135	552	3894	514	133680	0	
3	 10	 3	 6	control	308	3650	256	133680	0	
3	 10	 4	 1	sample136	2860	5944	2828	218964	0	
3	 10	 4	 2	sample136	2677	5761	2570	200460	0	
3	 10	 4	 3	sample136	2502	5586	2314	151116	0	
3	 10	 4	 4	sample136	1459	4543	1542	123360	0	
3	 10	 4	 5	sample136	1022	4106	772	123360	0	
3	 10	 4	 6	control	752	3836	514	123360	0	
3	 11	 1	 1	sample137	976	3804	770	113120	0	
3	 11	 1	 2	sample137	1164	3734	1286	102800	0	
3	 11	 1	 3	sample137	655	3483	770	113120	0	
3	 11	 1	 4	sample137	456	3284	256	113120	0	
3	 11	 1	 5	sample137	449	3277	514	113120	0	
3	 11	 1	 6	control	386	2956	258	102800	0	
3	 11	 2	 1	sample138	565	3393	514	113120	0	
3	 11	 2	 2	sample138	565	3393	514	113120	0	
3	 11	 2	 3	sample138	661	3489	514	113120	0	
3	 11	 2	 4	sample138	372	3200	256	113120	0	
3	 11	 2	 5	sample138	334	3162	256	113120	0	
3	 11	 2	 6	control	996	3566	1028	102800	0	
3	 11	 3	 1	sample139	7812	10382	9252	156770	0	
3	 11	 3	 2	sample139	11250	14078	13620	203616	0	
3	 11	 3	 3	sample139	7395	10223	7452	189476	0	
3	 11	 3	 4	sample139	4035	6863	3854	161196	0	
3	 11	 3	 5	sample139	3488	6316	3598	226240	0	
3	 11	 3	 6	control	199	3027	256	113120	0	
3	 11	 4	 1	sample140	662	3232	514	102800	0	
3	 11	 4	 2	sample140	488	3316	514	113120	0	
3	 11	 4	 3	sample140	353	3181	256	113120	0	
3	 11	 4	 4	sample140	179	3007	256	113120	0	
3	 11	 4	 5	sample140	160	2988	256	113120	0	
3	 11	 4	 6	control	584	3412	514	113120	0	
3	 12	 1	 1	sample141	1002	3316	770	92560	0	
3	 12	 1	 2	sample141	770	3084	770	92560	0	
3	 12	 1	 3	sample141	540	3110	514	102800	0	
3	 12	 1	 4	sample141	585	3155	514	102800	0	
3	 12	 1	 5	sample141	328	2898	258	102800	0	
3	 12	 1	 6	control	669	3239	514	102800	0	
3	 12	 2	 1	sample142	783	3097	770	92560	0	
3	 12	 2	 2	sample142	809	3123	770	92560	0	
3	 12	 2	 3	sample142	790	3104	770	92560	0	
3	 12	 2	 4	sample142	296	2866	258	102800	0	
3	 12	 2	 5	sample142	180	2750	258	102800	0	
3	 12	 2	 6	control	849	3419	772	102800	0	
3	 12	 3	 1	sample143	3067	5381	3084	178178	0	
3	 12	 3	 2	sample143	2938	5508	2828	185040	0	
3	 12	 3	 3	sample143	887	3457	772	102800	0	
3	 12	 3	 4	sample143	1292	3862	1286	102800	0	
3	 12	 3	 5	sample143	771	3341	772	102800	0	
3	 12	 3	 6	control	212	3040	256	113120	0	
3	 12	 4	 1	sample144	9956	12526	10024	195320	0	
3	 12	 4	 2	sample144	8798	11368	7710	187610	0	
3	 12	 4	 3	sample144	7433	10003	7454	195320	0	
3	 12	 4	 4	sample144	4339	6909	4112	174760	0	
3	 12	 4	 5	sample144	3152	5722	3084	177330	0	
3	 12	 4	 6	control	513	3341	514	113120	0	
4	 1	 1	 1	sample145	893	3721	770	113120	0	
4	 1	 1	 2	sample145	893	3721	1028	59388	0	
4	 1	 1	 3	sample145	829	3399	772	102800	0	
4	 1	 1	 4	sample145	643	3213	514	102800	0	
4	 1	 1	 5	sample145	463	3033	514	102800	0	
4	 1	 1	 6	control	354	2924	258	102800	0	
4	 1	 2	 1	sample146	423	3251	256	113120	0	
4	 1	 2	 2	sample146	521	3091	514	102800	0	
4	 1	 2	 3	sample146	585	3155	514	102800	0	
4	 1	 2	 4	sample146	360	2930	514	102800	0	
4	 1	 2	 5	sample146	360	2930	258	102800	0	
4	 1	 2	 6	control	714	3284	772	102800	0	
4	 1	 3	 1	sample147	8520	11604	8996	203544	0	
4	 1	 3	 2	sample147	9681	12509	9508	189476	0	
4	 1	 3	 3	sample147	6067	8895	5910	195132	0	
4	 1	 3	 4	sample147	3641	6469	3598	183820	0	
4	 1	 3	 5	sample147	2863	5433	2314	239010	0	
4	 1	 3	 6	control	399	2969	258	102800	0	
4	 1	 4	 1	sample148	6996	10338	6938	270702	0	
4	 1	 4	 2	sample148	8108	11450	9252	223914	0	
4	 1	 4	 3	sample148	9953	13295	11050	247308	0	
4	 1	 4	 4	sample148	8135	11219	9252	212796	0	
4	 1	 4	 5	sample148	5367	8451	5398	206628	0	
4	 1	 4	 6	control	372	3200	256	113120	0	
4	 2	 1	 1	sample149	9842	12156	10794	164294	0	
4	 2	 1	 2	sample149	8638	10952	9252	166608	0	
4	 2	 1	 3	sample149	6387	8443	6940	150088	0	
4	 2	 1	 4	sample149	4231	6287	4112	152144	0	
4	 2	 1	 5	sample149	2075	4131	2056	174760	0	
4	 2	 1	 6	control	341	2397	258	82240	0	
4	 2	 2	 1	sample150	7722	10036	7966	148096	0	
4	 2	 2	 2	sample150	5818	8132	4626	224458	0	
4	 2	 2	 3	sample150	4944	7258	5140	155038	0	
4	 2	 2	 4	sample150	3414	5728	3340	161980	0	
4	 2	 2	 5	sample150	1942	3998	2056	148032	0	
4	 2	 2	 6	control	1301	3357	1286	67848	0	
4	 2	 3	 1	sample151	726	3040	770	92560	0	
4	 2	 3	 2	sample151	616	2930	514	92560	0	
4	 2	 3	 3	sample151	290	2860	258	102800	0	
4	 2	 3	 4	sample151	648	2962	514	92560	0	
4	 2	 3	 5	sample151	385	2699	256	92560	0	
4	 2	 3	 6	control	308	2622	256	92560	0	
4	 2	 4	 1	sample152	662	2718	772	82240	0	
4	 2	 4	 2	sample152	456	2770	256	92560	0	
4	 2	 4	 3	sample152	578	2892	514	92560	0	
4	 2	 4	 4	sample152	674	2988	514	92560	0	
4	 2	 4	 5	sample152	155	2725	258	102800	0	
4	 2	 4	 6	control	462	2776	514	92560	0	
4	 3	 1	 1	sample153	7721	11319	8224	241066	0	
4	 3	 1	 2	sample153	12614	15954	12850	247160	0	
4	 3	 1	 3	sample153	9171	12511	10024	230460	0	
4	 3	 1	 4	sample153	5880	9220	5654	243820	0	
4	 3	 1	 5	sample153	3715	7055	3856	220440	0	
4	 3	 1	 6	control	348	3688	258	133600	0	
4	 3	 2	 1	sample154	7282	10880	6938	244664	0	
4	 3	 2	 2	sample154	10492	14090	10536	251860	0	
4	 3	 2	 3	sample154	9276	12874	10022	226674	0	
4	 3	 2	 4	sample154	5845	9443	5654	241066	0	
4	 3	 2	 5	sample154	3209	6549	3342	213760	0	
4	 3	 2	 6	control	733	4073	772	133600	0	
4	 3	 3	 1	sample155	8524	12378	9510	254364	0	
4	 3	 3	 2	sample155	7342	11196	7196	265926	0	
4	 3	 3	 3	sample155	5423	9021	5140	248262	0	
4	 3	 3	 4	sample155	2941	6539	2826	233870	0	
4	 3	 3	 5	sample155	2790	6130	2570	160320	0	
4	 3	 3	 6	control	115	3713	0	143920	0	
4	 3	 4	 1	sample156	1264	5118	1286	92496	0	
4	 3	 4	 2	sample156	887	4741	1028	154160	0	
4	 3	 4	 3	sample156	624	4478	772	154160	0	
4	 3	 4	 4	sample156	803	4401	770	143920	0	
4	 3	 4	 5	sample156	366	3964	514	143920	0	
4	 3	 4	 6	control	571	4169	514	143920	0	
4	 4	 1	 1	sample157	9981	13835	11308	300612	0	
4	 4	 1	 2	sample157	12232	16086	11566	292904	0	
4	 4	 1	 3	sample157	9056	12910	9252	262072	0	
4	 4	 1	 4	sample157	6641	10495	7196	262072	0	
4	 4	 1	 5	sample157	4341	8195	4112	242802	0	
4	 4	 1	 6	control	508	4362	258	154160	0	
4	 4	 2	 1	sample158	688	4542	514	154160	0	
4	 4	 2	 2	sample158	629	4741	514	164480	0	
4	 4	 2	 3	sample158	436	4548	256	164480	0	
4	 4	 2	 4	sample158	643	4497	514	154160	0	
4	 4	 2	 5	sample158	456	4568	256	164480	0	
4	 4	 2	 6	control	649	4761	514	164480	0	
4	 4	 3	 1	sample159	957	5069	1028	164480	0	
4	 4	 3	 2	sample159	905	5017	770	164480	0	
4	 4	 3	 3	sample159	700	4812	770	164480	0	
4	 4	 3	 4	sample159	571	4683	514	164480	0	
4	 4	 3	 5	sample159	533	4645	514	164480	0	
4	 4	 3	 6	control	366	4478	256	164480	0	
4	 4	 4	 1	sample160	14399	18511	15676	287840	0	
4	 4	 4	 2	sample160	8029	12397	7454	349440	0	
4	 4	 4	 3	sample160	8181	12293	7966	271392	0	
4	 4	 4	 4	sample160	6097	10209	5910	271392	0	
4	 4	 4	 5	sample160	3801	7913	3854	254944	0	
4	 4	 4	 6	control	738	4850	514	164480	0	
4	 5	 1	 1	sample161	9464	11776	10024	194208	0	
4	 5	 1	 2	sample161	10896	13466	11564	205600	0	
4	 5	 1	 3	sample161	8370	10940	8224	197890	0	
4	 5	 1	 4	sample161	5534	7846	5654	182648	0	
4	 5	 1	 5	sample161	3435	5747	3342	152592	0	
4	 5	 1	 6	control	418	2730	514	92480	0	
4	 5	 2	 1	sample162	848	3418	770	102800	0	
4	 5	 2	 2	sample162	905	3475	770	102800	0	
4	 5	 2	 3	sample162	1002	3572	1028	102800	0	
4	 5	 2	 4	sample162	636	3206	514	102800	0	
4	 5	 2	 5	sample162	436	3006	256	102800	0	
4	 5	 2	 6	control	1003	3315	1028	92480	0	
4	 5	 3	 1	sample163	867	3437	770	102800	0	
4	 5	 3	 2	sample163	751	3321	770	102800	0	
4	 5	 3	 3	sample163	1156	3726	1284	41120	0	
4	 5	 3	 4	sample163	463	3289	514	113040	0	
4	 5	 3	 5	sample163	636	3206	514	102800	0	
4	 5	 3	 6	control	520	3090	514	102800	0	
4	 5	 4	 1	sample164	733	3559	772	113040	0	
4	 5	 4	 2	sample164	713	3283	770	102800	0	
4	 5	 4	 3	sample164	547	3373	514	113040	0	
4	 5	 4	 4	sample164	540	3366	514	113040	0	
4	 5	 4	 5	sample164	457	3283	514	113040	0	
4	 5	 4	 6	control	592	3418	514	113040	0	
4	 6	 1	 1	sample165	5328	7126	5398	133052	0	
4	 6	 1	 2	sample165	7248	9046	7196	134850	0	
4	 6	 1	 3	sample165	4536	6334	3598	138446	0	
4	 6	 1	 4	sample165	2673	4471	2570	140244	0	
4	 6	 1	 5	sample165	2128	3926	2056	97092	0	
4	 6	 1	 6	control	399	2197	514	71920	0	
4	 6	 2	 1	sample166	655	2711	514	82240	0	
4	 6	 2	 2	sample166	655	2711	514	82240	0	
4	 6	 2	 3	sample166	552	2608	514	82240	0	
4	 6	 2	 4	sample166	720	2518	772	71920	0	
4	 6	 2	 5	sample166	443	2499	514	82240	0	
4	 6	 2	 6	control	854	2910	770	82240	0	
4	 6	 3	 1	sample167	7560	9872	7196	173400	0	
4	 6	 3	 2	sample167	7882	10194	6682	166464	0	
4	 6	 3	 3	sample167	6536	8592	5910	141864	0	
4	 6	 3	 4	sample167	2646	4702	2312	145976	0	
4	 6	 3	 5	sample167	1689	3745	1284	254944	0	
4	 6	 3	 6	control	558	2614	514	82240	0	
4	 6	 4	 1	sample168	694	3006	772	92480	0	
4	 6	 4	 2	sample168	579	2891	514	92480	0	
4	 6	 4	 3	sample168	431	2743	514	92480	0	
4	 6	 4	 4	sample168	616	2672	514	82240	0	
4	 6	 4	 5	sample168	444	2756	514	92480	0	
4	 6	 4	 6	control	418	2730	258	92480	0	
4	 7	 1	 1	sample169	642	3470	514	113120	0	
4	 7	 1	 2	sample169	1106	3676	1028	102800	0	
4	 7	 1	 3	sample169	642	3470	770	113120	0	
4	 7	 1	 4	sample169	861	3431	772	102800	0	
4	 7	 1	 5	sample169	656	3226	514	102800	0	
4	 7	 1	 6	control	482	3052	514	102800	0	
4	 7	 2	 1	sample170	9664	12492	9766	214928	0	
4	 7	 2	 2	sample170	13394	16478	14906	212796	0	
4	 7	 2	 3	sample170	11134	14218	9766	231300	0	
4	 7	 2	 4	sample170	7480	10564	6682	234384	0	
4	 7	 2	 5	sample170	5129	7957	5396	200788	0	
4	 7	 2	 6	control	950	3778	770	113120	0	
4	 7	 3	 1	sample171	8330	11414	8482	209712	0	
4	 7	 3	 2	sample171	10156	13240	9766	215880	0	
4	 7	 3	 3	sample171	7268	10352	6940	209712	0	
4	 7	 3	 4	sample171	3097	6181	3342	188124	0	
4	 7	 3	 5	sample171	3172	6256	2828	234384	0	
4	 7	 3	 6	control	481	3309	514	113120	0	
4	 7	 4	 1	sample172	470	3554	514	123360	0	
4	 7	 4	 2	sample172	476	3560	514	123360	0	
4	 7	 4	 3	sample172	425	3509	514	123360	0	
4	 7	 4	 4	sample172	186	3528	256	133680	0	
4	 7	 4	 5	sample172	463	3547	514	123360	0	
4	 7	 4	 6	control	572	3656	514	123360	0	
4	 8	 1	 1	sample173	1243	3299	1284	166536	0	
4	 8	 1	 2	sample173	1108	3164	1284	137752	0	
4	 8	 1	 3	sample173	1035	3091	1028	135696	0	
4	 8	 1	 4	sample173	1133	3189	1028	80184	0	
4	 8	 1	 5	sample173	803	2859	770	82240	0	
4	 8	 1	 6	control	514	2570	256	82240	0	
4	 8	 2	 1	sample174	7201	9513	6426	145656	0	
4	 8	 2	 2	sample174	8635	10947	8996	166464	0	
4	 8	 2	 3	sample174	6949	9005	6938	152144	0	
4	 8	 2	 4	sample174	4484	6540	4368	160368	0	
4	 8	 2	 5	sample174	2637	4949	2314	171088	0	
4	 8	 2	 6	control	662	2974	514	92480	0	
4	 8	 3	 1	sample175	701	3013	772	92480	0	
4	 8	 3	 2	sample175	579	2891	514	92480	0	
4	 8	 3	 3	sample175	502	2814	514	92480	0	
4	 8	 3	 4	sample175	348	2660	258	92480	0	
4	 8	 3	 5	sample175	219	2531	258	92480	0	
4	 8	 3	 6	control	270	2582	258	92480	0	
4	 8	 4	 1	sample176	7672	10242	7452	192750	0	
4	 8	 4	 2	sample176	4162	6732	4626	169620	0	
4	 8	 4	 3	sample176	4057	6369	3856	138720	0	
4	 8	 4	 4	sample176	3148	5460	3084	150280	0	
4	 8	 4	 5	sample176	1553	3865	1542	115600	0	
4	 8	 4	 6	control	495	2807	514	92480	0	
4	 9	 1	 1	sample177	10751	13065	11050	182806	0	
4	 9	 1	 2	sample177	10667	12981	10794	168922	0	
4	 9	 1	 3	sample177	8666	10980	8224	173550	0	
4	 9	 1	 4	sample177	5110	7424	5140	161980	0	
4	 9	 1	 5	sample177	2824	4880	2828	154200	0	
4	 9	 1	 6	control	476	2532	514	82240	0	
4	 9	 2	 1	sample178	6854	9424	6940	161910	0	
4	 9	 2	 2	sample178	9557	12127	10024	179900	0	
4	 9	 2	 3	sample178	8494	11064	8738	203030	0	
4	 9	 2	 4	sample178	4859	7173	4368	178178	0	
4	 9	 2	 5	sample178	3034	5090	2828	156256	0	
4	 9	 2	 6	control	688	2744	772	82240	0	
4	 9	 3	 1	sample179	4241	6811	4884	164480	0	
4	 9	 3	 2	sample179	7138	9708	7196	192750	0	
4	 9	 3	 3	sample179	3536	6106	3598	169620	0	
4	 9	 3	 4	sample179	2415	4729	2312	150410	0	
4	 9	 3	 5	sample179	2241	4555	2056	192062	0	
4	 9	 3	 6	control	245	2301	258	82240	0	
4	 9	 4	 1	sample180	694	3264	772	102800	0	
4	 9	 4	 2	sample180	572	3142	514	102800	0	
4	 9	 4	 3	sample180	412	2982	258	102800	0	
4	 9	 4	 4	sample180	193	2763	258	102800	0	
4	 9	 4	 5	sample180	430	2744	514	92560	0	
4	 9	 4	 6	control	436	2750	514	92560	0	
4	 10	 1	 1	sample181	1093	2635	1028	30840	0	
4	 10	 1	 2	sample181	849	2135	770	50154	0	
4	 10	 1	 3	sample181	508	2050	514	61680	0	
4	 10	 1	 4	sample181	460	2002	258	80184	0	
4	 10	 1	 5	sample181	375	1917	258	37008	0	
4	 10	 1	 6	control	219	1761	0	61680	0	
4	 10	 2	 1	sample182	1087	2629	1028	33924	0	
4	 10	 2	 2	sample182	913	2199	1028	57870	0	
4	 10	 2	 3	sample182	983	2525	1028	26214	0	
4	 10	 2	 4	sample182	405	1947	258	61680	0	
4	 10	 2	 5	sample182	450	1992	514	30840	0	
4	 10	 2	 6	control	1050	2336	1028	29578	0	
4	 10	 3	 1	sample183	1080	2622	1028	38550	0	
4	 10	 3	 2	sample183	809	2351	772	52428	0	
4	 10	 3	 3	sample183	822	2364	772	55512	0	
4	 10	 3	 4	sample183	547	2089	514	61680	0	
4	 10	 3	 5	sample183	440	1982	514	58596	0	
4	 10	 3	 6	control	148	1690	0	61680	0	
4	 10	 4	 1	sample184	822	2622	770	45000	0	
4	 10	 4	 2	sample184	394	2194	256	73800	0	
4	 10	 4	 3	sample184	536	2336	514	41400	0	
4	 10	 4	 4	sample184	425	1967	258	61680	0	
4	 10	 4	 5	sample184	345	1887	258	67848	0	
4	 10	 4	 6	control	180	1722	258	61680	0	
4	 11	 1	 1	sample185	11876	14446	12850	185040	0	
4	 11	 1	 2	sample185	12421	14991	13622	179900	0	
4	 11	 1	 3	sample185	9520	12348	10280	197960	0	
4	 11	 1	 4	sample185	5919	8489	5654	167050	0	
4	 11	 1	 5	sample185	3107	5677	2828	174760	0	
4	 11	 1	 6	control	425	2995	258	102800	0	
4	 11	 2	 1	sample186	624	3194	514	102800	0	
4	 11	 2	 2	sample186	630	3200	772	102800	0	
4	 11	 2	 3	sample186	585	3155	514	102800	0	
4	 11	 2	 4	sample186	579	3149	514	102800	0	
4	 11	 2	 5	sample186	495	3065	514	102800	0	
4	 11	 2	 6	control	706	3534	514	113120	0	
4	 11	 3	 1	sample187	643	3213	514	102800	0	
4	 11	 3	 2	sample187	566	3136	514	102800	0	
4	 11	 3	 3	sample187	746	3316	772	102800	0	
4	 11	 3	 4	sample187	566	3136	514	102800	0	
4	 11	 3	 5	sample187	482	3052	258	102800	0	
4	 11	 3	 6	control	335	2905	258	102800	0	
4	 11	 4	 1	sample188	212	2782	0	102800	0	
4	 11	 4	 2	sample188	225	2795	258	102800	0	
4	 11	 4	 3	sample188	245	2815	258	102800	0	
4	 11	 4	 4	sample188	232	2802	0	102800	0	
4	 11	 4	 5	sample188	155	2725	0	102800	0	
4	 11	 4	 6	control	476	3046	514	102800	0	
4	 12	 1	 1	sample189	1034	3348	514	92560	0	
4	 12	 1	 2	sample189	796	3110	514	92560	0	
4	 12	 1	 3	sample189	682	3252	514	102800	0	
4	 12	 1	 4	sample189	598	3168	258	102800	0	
4	 12	 1	 5	sample189	598	3168	514	102800	0	
4	 12	 1	 6	control	764	3592	256	113120	0	
4	 12	 2	 1	sample190	9806	12120	11308	161980	0	
4	 12	 2	 2	sample190	8988	11558	10794	174760	0	
4	 12	 2	 3	sample190	9763	12333	10280	177330	0	
4	 12	 2	 4	sample190	6929	9499	7968	185040	0	
4	 12	 2	 5	sample190	4127	6697	3856	182470	0	
4	 12	 2	 6	control	1515	4343	1028	53732	0	
4	 12	 3	 1	sample191	738	3052	514	92560	0	
4	 12	 3	 2	sample191	1027	3341	770	92560	0	
4	 12	 3	 3	sample191	662	3232	514	102800	0	
4	 12	 3	 4	sample191	643	3213	514	102800	0	
4	 12	 3	 5	sample191	269	3097	0	113120	0	
4	 12	 3	 6	control	372	3200	256	113120	0	
4	 12	 4	 1	sample192	8484	10798	9252	150410	0	
4	 12	 4	 2	sample192	4229	6543	4112	161980	0	
4	 12	 4	 3	sample192	3443	6013	3598	169620	0	
4	 12	 4	 4	sample192	2502	5072	2570	172190	0	
4	 12	 4	 5	sample192	1866	4694	1798	107464	0	
4	 12	 4	 6	control	674	3502	514	113120	0	
