MicroVigene	 Version	 2501
Culture	en-US
9/28/2006 4:44:19 PM
Roi Row	 4	 Roi Col	 12	 Main Row	 4	 Main Col	 6	 Sub Row	 1	 Sub Col	 1
Main Row	 Main Col	 Sub Row	 Sub Col	  GeneID	mean_net	 mean_total	 median_net	 vol_bkg	 vol_dust	 
1	 1	 1	 1	sample1	6443	8757	6938	189748	0	
1	 1	 1	 2	sample1	2892	5462	2570	133640	0	
1	 1	 1	 3	sample1	5260	7316	5398	168592	0	
1	 1	 1	 4	sample1	5987	7529	6682	131070	0	
1	 1	 1	 5	sample1	5013	6813	5140	149400	0	
1	 1	 1	 6	control	186	2500	256	92560	0	
1	 1	 2	 1	sample2	9260	12344	9766	222048	0	
1	 1	 2	 2	sample2	7468	10552	7710	225132	0	
1	 1	 2	 3	sample2	7665	10493	8480	246036	0	
1	 1	 2	 4	sample2	9161	11731	8996	195320	0	
1	 1	 2	 5	sample2	7850	10678	8224	149884	0	
1	 1	 2	 6	control	6935	11305	7452	353970	0	
1	 1	 3	 1	sample3	9656	13512	8994	424160	0	
1	 1	 3	 2	sample3	9756	13354	10794	366996	0	
1	 1	 3	 3	sample3	9966	13822	11822	331616	0	
1	 1	 3	 4	sample3	9295	13407	8738	398864	0	
1	 1	 3	 5	sample3	8744	12600	9766	316192	0	
1	 1	 3	 6	control	-886.19	3226	-769.99	164480	0	
1	 1	 4	 1	sample4	8877	13503	8996	490356	0	
1	 1	 4	 2	sample4	8345	12715	9252	528770	0	
1	 1	 4	 3	sample4	8643	12755	9766	419424	0	
1	 1	 4	 4	sample4	9036	12634	9766	320222	0	
1	 1	 4	 5	sample4	8532	12644	9252	316624	0	
1	 1	 4	 6	control	8021	13161	8224	318680	0	
1	 2	 1	 1	sample5	16343	21227	17217	229548	0	
1	 2	 1	 2	sample5	11205	14033	11822	367640	0	
1	 2	 1	 3	sample5	10588	12902	11564	252226	0	
1	 2	 1	 4	sample5	10267	12323	12336	193264	0	
1	 2	 1	 5	sample5	9445	11501	10794	164480	0	
1	 2	 1	 6	control	116	2686	0	102800	0	
1	 2	 2	 1	sample6	9981	15121	11308	436900	0	
1	 2	 2	 2	sample6	8140	12510	8994	375820	0	
1	 2	 2	 3	sample6	7253	10851	7454	359800	0	
1	 2	 2	 4	sample6	7270	10354	7454	292980	0	
1	 2	 2	 5	sample6	6206	9290	6682	292980	0	
1	 2	 2	 6	control	7500	11356	7710	273776	0	
1	 2	 3	 1	sample7	11234	16632	11308	761118	0	
1	 2	 3	 2	sample7	10906	15532	11566	481104	0	
1	 2	 3	 3	sample7	10662	14774	11308	365968	0	
1	 2	 3	 4	sample7	10122	13720	11822	291438	0	
1	 2	 3	 5	sample7	8137	11221	7968	289896	0	
1	 2	 3	 6	control	-861.49	2481	-1027.99	133680	0	
1	 2	 4	 1	sample8	16032	21944	16961	307424	0	
1	 2	 4	 2	sample8	10222	15106	10794	439560	0	
1	 2	 4	 3	sample8	8858	12456	8738	424564	0	
1	 2	 4	 4	sample8	7602	10686	8482	255972	0	
1	 2	 4	 5	sample8	6213	9297	6940	249804	0	
1	 2	 4	 6	control	3880	7478	3598	190694	0	
1	 3	 1	 1	sample9	10473	13813	9766	320640	0	
1	 3	 1	 2	sample9	9261	12601	8738	307280	0	
1	 3	 1	 3	sample9	10810	14150	12594	223780	0	
1	 3	 1	 4	sample9	10880	13706	12080	194994	0	
1	 3	 1	 5	sample9	9107	11677	10022	169620	0	
1	 3	 1	 6	control	450	3276	514	113040	0	
1	 3	 2	 1	sample10	11583	16209	13620	314568	0	
1	 3	 2	 2	sample10	11136	14990	11822	292904	0	
1	 3	 2	 3	sample10	10900	14498	12078	269850	0	
1	 3	 2	 4	sample10	9356	12954	9766	248262	0	
1	 3	 2	 5	sample10	8362	11960	9252	233870	0	
1	 3	 2	 6	control	8605	12203	10022	223076	0	
1	 3	 3	 1	sample11	9354	13466	10280	267280	0	
1	 3	 3	 2	sample11	10087	13427	9766	217100	0	
1	 3	 3	 3	sample11	8378	11462	9252	209712	0	
1	 3	 3	 4	sample11	6729	9555	6168	172386	0	
1	 3	 3	 5	sample11	4745	7315	4882	154200	0	
1	 3	 3	 6	control	-462.09	2364	-513.99	113040	0	
1	 3	 4	 1	sample12	15810	19922	16190	213824	0	
1	 3	 4	 2	sample12	9404	12744	10024	283900	0	
1	 3	 4	 3	sample12	7755	10581	7968	243036	0	
1	 3	 4	 4	sample12	6000	8570	6424	169620	0	
1	 3	 4	 5	sample12	4373	6943	5140	164480	0	
1	 3	 4	 6	control	5464	8290	5140	163908	0	
1	 4	 1	 1	sample13	17516	21372	16962	169664	0	
1	 4	 1	 2	sample13	11501	14585	11822	345408	0	
1	 4	 1	 3	sample13	11701	14271	13364	244150	0	
1	 4	 1	 4	sample13	10956	13270	11822	201318	0	
1	 4	 1	 5	sample13	9717	12031	10022	182806	0	
1	 4	 1	 6	control	733	2789	514	82240	0	
1	 4	 2	 1	sample14	10759	14615	10022	374032	0	
1	 4	 2	 2	sample14	8937	12535	9766	345408	0	
1	 4	 2	 3	sample14	9267	12609	10280	284070	0	
1	 4	 2	 4	sample14	8263	11347	9510	268308	0	
1	 4	 2	 5	sample14	8084	11168	8738	265224	0	
1	 4	 2	 6	control	8048	11390	7966	230598	0	
1	 4	 3	 1	sample15	8642	12240	9766	298634	0	
1	 4	 3	 2	sample15	7465	10807	7710	267360	0	
1	 4	 3	 3	sample15	6144	9486	6938	260676	0	
1	 4	 3	 4	sample15	5454	8538	5140	237468	0	
1	 4	 3	 5	sample15	4155	7239	4112	111024	0	
1	 4	 3	 6	control	-192.32	3406	-255.99	129528	0	
1	 4	 4	 1	sample16	14674	17758	14650	129528	0	
1	 4	 4	 2	sample16	7858	10942	8482	246720	0	
1	 4	 4	 3	sample16	6156	9240	6426	255972	0	
1	 4	 4	 4	sample16	3860	6944	3856	194292	0	
1	 4	 4	 5	sample16	2653	5995	2570	163758	0	
1	 4	 4	 6	control	3943	7541	3598	190694	0	
1	 5	 1	 1	sample17	11172	13484	12850	187272	0	
1	 5	 1	 2	sample17	7756	9812	8994	182984	0	
1	 5	 1	 3	sample17	6910	8966	7196	148032	0	
1	 5	 1	 4	sample17	7250	9048	7454	138446	0	
1	 5	 1	 5	sample17	5556	7354	5398	140244	0	
1	 5	 1	 6	control	412	2724	514	92480	0	
1	 5	 2	 1	sample18	10949	14803	12080	289050	0	
1	 5	 2	 2	sample18	10566	14164	12336	280644	0	
1	 5	 2	 3	sample18	8723	11807	10280	271392	0	
1	 5	 2	 4	sample18	7316	10142	7968	243036	0	
1	 5	 2	 5	sample18	6970	9282	6940	178024	0	
1	 5	 2	 6	control	7738	10308	8480	185040	0	
1	 5	 3	 1	sample19	9569	13681	8224	419424	0	
1	 5	 3	 2	sample19	9576	13174	10794	345408	0	
1	 5	 3	 3	sample19	9317	12401	10794	302232	0	
1	 5	 3	 4	sample19	9707	12533	11052	220428	0	
1	 5	 3	 5	sample19	7539	9595	7966	195320	0	
1	 5	 3	 6	control	-84.04	1972	-257.99	82240	0	
1	 5	 4	 1	sample20	13264	16090	14392	316512	0	
1	 5	 4	 2	sample20	10697	13009	10024	219640	0	
1	 5	 4	 3	sample20	9631	11687	10794	207656	0	
1	 5	 4	 4	sample20	6132	8444	6426	161840	0	
1	 5	 4	 5	sample20	5734	7790	5910	158312	0	
1	 5	 4	 6	control	3370	5426	3084	106912	0	
1	 6	 1	 1	sample21	10579	13407	11050	339360	0	
1	 6	 1	 2	sample21	10822	13136	11050	273052	0	
1	 6	 1	 3	sample21	10726	12782	11822	185040	0	
1	 6	 1	 4	sample21	9120	10920	10022	158400	0	
1	 6	 1	 5	sample21	7651	9707	7710	160368	0	
1	 6	 1	 6	control	623	2937	770	92560	0	
1	 6	 2	 1	sample22	8919	12261	9508	250650	0	
1	 6	 2	 2	sample22	9569	12397	10022	229068	0	
1	 6	 2	 3	sample22	9066	11636	10280	226160	0	
1	 6	 2	 4	sample22	7343	9913	6940	233870	0	
1	 6	 2	 5	sample22	7155	9469	7452	192062	0	
1	 6	 2	 6	control	7133	9703	7710	177330	0	
1	 6	 3	 1	sample23	5834	8662	5654	229068	0	
1	 6	 3	 2	sample23	5377	7691	5654	120328	0	
1	 6	 3	 3	sample23	6458	8772	7196	175864	0	
1	 6	 3	 4	sample23	5148	7462	5140	203632	0	
1	 6	 3	 5	sample23	4412	6726	4112	122642	0	
1	 6	 3	 6	control	-71.29	2243	0	92560	0	
1	 6	 4	 1	sample24	8271	10841	7968	298120	0	
1	 6	 4	 2	sample24	7641	9697	8224	168592	0	
1	 6	 4	 3	sample24	7018	9074	7196	174760	0	
1	 6	 4	 4	sample24	3143	5199	3084	143920	0	
1	 6	 4	 5	sample24	3230	5286	3084	108968	0	
1	 6	 4	 6	control	3172	5228	2570	102800	0	
1	 7	 1	 1	sample25	11514	14598	11822	345408	0	
1	 7	 1	 2	sample25	10420	13246	11566	296730	0	
1	 7	 1	 3	sample25	11085	13397	12594	196520	0	
1	 7	 1	 4	sample25	9455	11511	8994	166536	0	
1	 7	 1	 5	sample25	8432	10488	9252	162424	0	
1	 7	 1	 6	control	456	2512	514	82240	0	
1	 7	 2	 1	sample26	8187	11527	8738	250500	0	
1	 7	 2	 2	sample26	6219	9303	7196	246720	0	
1	 7	 2	 3	sample26	7939	11023	8224	144948	0	
1	 7	 2	 4	sample26	6676	9502	7196	121518	0	
1	 7	 2	 5	sample26	5870	8696	6168	141300	0	
1	 7	 2	 6	control	6439	9265	6168	214776	0	
1	 7	 3	 1	sample27	6249	8819	5910	282700	0	
1	 7	 3	 2	sample27	8210	10522	8738	198832	0	
1	 7	 3	 3	sample27	9654	11966	10024	94792	0	
1	 7	 3	 4	sample27	6449	8761	6426	101728	0	
1	 7	 3	 5	sample27	3464	5776	3084	92480	0	
1	 7	 3	 6	control	-76.64	2235	-255.99	92480	0	
1	 7	 4	 1	sample28	6684	8740	6424	215880	0	
1	 7	 4	 2	sample28	5662	7718	5396	238496	0	
1	 7	 4	 3	sample28	7795	9851	7452	98688	0	
1	 7	 4	 4	sample28	6020	8076	6168	82240	0	
1	 7	 4	 5	sample28	5472	7784	5654	104040	0	
1	 7	 4	 6	control	6908	9220	6682	113288	0	
1	 8	 1	 1	sample29	9741	12311	10024	280130	0	
1	 8	 1	 2	sample29	9209	11523	10022	249912	0	
1	 8	 1	 3	sample29	8693	11007	8994	187434	0	
1	 8	 1	 4	sample29	7539	9853	7196	178178	0	
1	 8	 1	 5	sample29	6418	8732	7196	175864	0	
1	 8	 1	 6	control	122	2950	256	113120	0	
1	 8	 2	 1	sample30	10047	13645	11052	320222	0	
1	 8	 2	 2	sample30	9795	13393	10280	291438	0	
1	 8	 2	 3	sample30	6949	9777	6168	356328	0	
1	 8	 2	 4	sample30	7850	10678	8994	243208	0	
1	 8	 2	 5	sample30	7819	10647	8480	231896	0	
1	 8	 2	 6	control	7337	10421	7968	203544	0	
1	 8	 3	 1	sample31	8270	11612	8480	260676	0	
1	 8	 3	 2	sample31	8300	11384	8224	231300	0	
1	 8	 3	 3	sample31	6642	9470	6168	203616	0	
1	 8	 3	 4	sample31	4686	7256	3856	187610	0	
1	 8	 3	 5	sample31	3694	6264	3342	208170	0	
1	 8	 3	 6	control	-148.39	2680	-257.99	113120	0	
1	 8	 4	 1	sample32	16694	19522	17476	144228	0	
1	 8	 4	 2	sample32	11711	14025	11564	236028	0	
1	 8	 4	 3	sample32	11279	13593	11308	210574	0	
1	 8	 4	 4	sample32	9873	12187	9766	222144	0	
1	 8	 4	 5	sample32	8147	10203	8482	176816	0	
1	 8	 4	 6	control	7555	9869	7196	92560	0	
1	 9	 1	 1	sample33	10234	13060	10794	265644	0	
1	 9	 1	 2	sample33	8953	11779	9766	271296	0	
1	 9	 1	 3	sample33	7337	9907	7452	210740	0	
1	 9	 1	 4	sample33	7273	9843	7196	221020	0	
1	 9	 1	 5	sample33	6601	9171	6424	197890	0	
1	 9	 1	 6	control	97	2923	0	113040	0	
1	 9	 2	 1	sample34	9661	12487	8738	240210	0	
1	 9	 2	 2	sample34	8424	11508	7710	320736	0	
1	 9	 2	 3	sample34	8897	11723	9766	228906	0	
1	 9	 2	 4	sample34	8142	10968	8482	220428	0	
1	 9	 2	 5	sample34	7471	10041	6938	218450	0	
1	 9	 2	 6	control	5755	8325	5140	195320	0	
1	 9	 3	 1	sample35	7884	10710	7968	217602	0	
1	 9	 3	 2	sample35	6928	9754	7196	194994	0	
1	 9	 3	 3	sample35	5482	8052	5910	169620	0	
1	 9	 3	 4	sample35	3906	6218	3342	164152	0	
1	 9	 3	 5	sample35	2504	4560	2570	104856	0	
1	 9	 3	 6	control	-211.54	2100	-255.99	92480	0	
1	 9	 4	 1	sample36	14994	17820	16192	149778	0	
1	 9	 4	 2	sample36	13669	16239	14906	136210	0	
1	 9	 4	 3	sample36	9651	11707	8994	226160	0	
1	 9	 4	 4	sample36	8708	10506	8738	149234	0	
1	 9	 4	 5	sample36	7772	9056	8738	96300	0	
1	 9	 4	 6	control	4538	5822	4370	100152	0	
1	 10	 1	 1	sample37	10324	13922	11308	359800	0	
1	 10	 1	 2	sample37	9184	12526	10022	367620	0	
1	 10	 1	 3	sample37	9099	12183	10538	252888	0	
1	 10	 1	 4	sample37	7851	10935	7710	259056	0	
1	 10	 1	 5	sample37	6791	9875	7968	240552	0	
1	 10	 1	 6	control	-89.44	2995	-255.99	123360	0	
1	 10	 2	 1	sample38	8479	12077	8482	341810	0	
1	 10	 2	 2	sample38	8182	11780	8738	284242	0	
1	 10	 2	 3	sample38	7835	11177	8480	280728	0	
1	 10	 2	 4	sample38	7078	10162	7196	240552	0	
1	 10	 2	 5	sample38	7905	10989	7968	151116	0	
1	 10	 2	 6	control	6065	9407	6938	233940	0	
1	 10	 3	 1	sample39	12683	15767	13878	123360	0	
1	 10	 3	 2	sample39	10275	13359	11566	277560	0	
1	 10	 3	 3	sample39	10064	12892	11050	263004	0	
1	 10	 3	 4	sample39	7242	10070	6682	186648	0	
1	 10	 3	 5	sample39	6091	8661	5912	195320	0	
1	 10	 3	 6	control	160	2988	0	113120	0	
1	 10	 4	 1	sample40	8207	10263	9252	178872	0	
1	 10	 4	 2	sample40	7582	9638	8482	139808	0	
1	 10	 4	 3	sample40	7748	9804	8482	156256	0	
1	 10	 4	 4	sample40	3743	5799	3856	164480	0	
1	 10	 4	 5	sample40	4142	6198	3856	90464	0	
1	 10	 4	 6	control	4324	6380	3084	289896	0	
1	 11	 1	 1	sample41	8609	11693	10022	265224	0	
1	 11	 1	 2	sample41	5959	8785	5912	274122	0	
1	 11	 1	 3	sample41	7487	10313	8224	217602	0	
1	 11	 1	 4	sample41	6851	9421	7710	203030	0	
1	 11	 1	 5	sample41	6569	8881	6168	203456	0	
1	 11	 1	 6	control	398	2454	256	82240	0	
1	 11	 2	 1	sample42	11497	15351	12336	188846	0	
1	 11	 2	 2	sample42	8195	12049	8738	200408	0	
1	 11	 2	 3	sample42	7523	10607	8224	268308	0	
1	 11	 2	 4	sample42	7951	10521	9508	210740	0	
1	 11	 2	 5	sample42	7938	10250	8738	198832	0	
1	 11	 2	 6	control	7751	9807	7452	152144	0	
1	 11	 3	 1	sample43	8889	11973	9508	286812	0	
1	 11	 3	 2	sample43	9210	12294	9766	249804	0	
1	 11	 3	 3	sample43	7545	10371	7454	214776	0	
1	 11	 3	 4	sample43	8836	11148	8482	115600	0	
1	 11	 3	 5	sample43	5525	7581	5396	164480	0	
1	 11	 3	 6	control	77.7	1876	-255.99	71920	0	
1	 11	 4	 1	sample44	11293	13605	11822	115600	0	
1	 11	 4	 2	sample44	10517	12829	11052	117912	0	
1	 11	 4	 3	sample44	10072	12384	10280	122536	0	
1	 11	 4	 4	sample44	9072	11128	9508	108968	0	
1	 11	 4	 5	sample44	7450	9248	7710	118668	0	
1	 11	 4	 6	control	7383	8925	7710	114108	0	
1	 12	 1	 1	sample45	9022	13392	10022	323380	0	
1	 12	 1	 2	sample45	7267	11379	7968	300176	0	
1	 12	 1	 3	sample45	6678	10534	7452	262208	0	
1	 12	 1	 4	sample45	5539	8881	5910	240624	0	
1	 12	 1	 5	sample45	4006	6834	4112	186648	0	
1	 12	 1	 6	control	218	3046	0	113120	0	
1	 12	 2	 1	sample46	8482	12594	8738	328960	0	
1	 12	 2	 2	sample46	9285	13141	8224	269920	0	
1	 12	 2	 3	sample46	9499	13097	9252	255458	0	
1	 12	 2	 4	sample46	7997	11081	6940	243636	0	
1	 12	 2	 5	sample46	7436	10006	6682	187610	0	
1	 12	 2	 6	control	8733	11047	9508	124956	0	
1	 12	 3	 1	sample47	7110	10966	7452	254496	0	
1	 12	 3	 2	sample47	7726	11324	7710	237468	0	
1	 12	 3	 3	sample47	8638	11722	9510	166536	0	
1	 12	 3	 4	sample47	5447	8017	5398	146490	0	
1	 12	 3	 5	sample47	3778	5834	3598	135696	0	
1	 12	 3	 6	control	314	2114	256	72000	0	
1	 12	 4	 1	sample48	14811	18409	15678	183498	0	
1	 12	 4	 2	sample48	10557	13641	9252	246720	0	
1	 12	 4	 3	sample48	10809	13379	11822	182470	0	
1	 12	 4	 4	sample48	10870	13184	12078	155038	0	
1	 12	 4	 5	sample48	9563	11619	10794	127472	0	
1	 12	 4	 6	control	7137	8679	6940	100230	0	
2	 1	 1	 1	sample49	9330	13442	9508	485216	0	
2	 1	 1	 2	sample49	8700	13068	8738	497952	0	
2	 1	 1	 3	sample49	8671	13039	9510	467376	0	
2	 1	 1	 4	sample49	10370	13968	11822	316624	0	
2	 1	 1	 5	sample49	10070	13410	10280	277220	0	
2	 1	 1	 6	control	-302.44	3296	-513.99	143920	0	
2	 1	 2	 1	sample50	10384	15266	11052	385678	0	
2	 1	 2	 2	sample50	11217	15585	11566	366912	0	
2	 1	 2	 3	sample50	9804	13916	9508	415312	0	
2	 1	 2	 4	sample50	9387	12985	10022	320222	0	
2	 1	 2	 5	sample50	8378	11976	8480	341810	0	
2	 1	 2	 6	control	8320	12688	9252	362544	0	
2	 1	 3	 1	sample51	8335	13217	8996	248982	0	
2	 1	 3	 2	sample51	6042	9896	3856	204262	0	
2	 1	 3	 3	sample51	7993	11333	8224	263860	0	
2	 1	 3	 4	sample51	8481	11821	9252	364060	0	
2	 1	 3	 5	sample51	6262	9602	6168	303940	0	
2	 1	 3	 6	control	-1258.89	3109	-1283.99	174720	0	
2	 1	 4	 1	sample52	6726	10580	6426	412378	0	
2	 1	 4	 2	sample52	7703	11043	8482	357380	0	
2	 1	 4	 3	sample52	7114	9940	7454	262818	0	
2	 1	 4	 4	sample52	6266	9092	6426	291078	0	
2	 1	 4	 5	sample52	5506	8590	5140	231300	0	
2	 1	 4	 6	control	7150	11518	6426	218400	0	
2	 2	 1	 1	sample53	11002	13830	12336	237552	0	
2	 2	 1	 2	sample53	9262	11832	11308	215880	0	
2	 2	 1	 3	sample53	9268	11582	10794	175864	0	
2	 2	 1	 4	sample53	8956	11270	10022	168922	0	
2	 2	 1	 5	sample53	7953	10523	8482	182470	0	
2	 2	 1	 6	control	-128.89	3213	-257.99	133680	0	
2	 2	 2	 1	sample54	12106	16732	13364	346950	0	
2	 2	 2	 2	sample54	12008	15864	15162	308480	0	
2	 2	 2	 3	sample54	11747	15089	14134	267360	0	
2	 2	 2	 4	sample54	11640	14724	13364	243636	0	
2	 2	 2	 5	sample54	10633	14231	12336	280644	0	
2	 2	 2	 6	control	8991	13875	10536	327228	0	
2	 2	 3	 1	sample55	11953	16837	12850	420024	0	
2	 2	 3	 2	sample55	11697	15295	12336	363398	0	
2	 2	 3	 3	sample55	12757	16099	14134	223914	0	
2	 2	 3	 4	sample55	11270	14612	12850	230598	0	
2	 2	 3	 5	sample55	9131	12473	9508	257334	0	
2	 2	 3	 6	control	-1445.14	2667	-1541.99	164480	0	
2	 2	 4	 1	sample56	16466	20836	17731	231610	0	
2	 2	 4	 2	sample56	13872	16700	13878	135744	0	
2	 2	 4	 3	sample56	8800	11114	9766	180492	0	
2	 2	 4	 4	sample56	4523	7093	4626	215880	0	
2	 2	 4	 5	sample56	7425	10509	7196	55512	0	
2	 2	 4	 6	control	3642	7498	3084	154240	0	
2	 3	 1	 1	sample57	14294	19948	16961	571054	0	
2	 3	 1	 2	sample57	13236	17862	14906	476478	0	
2	 3	 1	 3	sample57	14669	18523	16448	308320	0	
2	 3	 1	 4	sample57	12981	16065	14906	271392	0	
2	 3	 1	 5	sample57	12562	15132	12850	218450	0	
2	 3	 1	 6	control	26.2	2852	0	113040	0	
2	 3	 2	 1	sample58	12485	19423	14650	561978	0	
2	 3	 2	 2	sample58	12283	18193	14392	514170	0	
2	 3	 2	 3	sample58	12434	16802	14136	414960	0	
2	 3	 2	 4	sample58	11877	15475	12850	298634	0	
2	 3	 2	 5	sample58	10536	14134	11308	291438	0	
2	 3	 2	 6	control	9614	12954	11308	263860	0	
2	 3	 3	 1	sample59	11520	18202	12336	654836	0	
2	 3	 3	 2	sample59	10925	16065	11564	580820	0	
2	 3	 3	 3	sample59	11620	15732	13620	361856	0	
2	 3	 3	 4	sample59	10271	13611	10794	273880	0	
2	 3	 3	 5	sample59	9173	12257	10536	271392	0	
2	 3	 3	 6	control	-617.39	2467	-513.99	123360	0	
2	 3	 4	 1	sample60	18369	23251	18761	195280	0	
2	 3	 4	 2	sample60	10609	14207	10536	370594	0	
2	 3	 4	 3	sample60	10482	13052	12078	241580	0	
2	 3	 4	 4	sample60	6989	9301	7968	191896	0	
2	 3	 4	 5	sample60	4189	6759	4112	169620	0	
2	 3	 4	 6	control	4125	6951	3342	240210	0	
2	 4	 1	 1	sample61	13038	16892	14906	385400	0	
2	 4	 1	 2	sample61	11451	14791	11052	360720	0	
2	 4	 1	 3	sample61	12484	15568	15934	262140	0	
2	 4	 1	 4	sample61	12216	15042	13878	217602	0	
2	 4	 1	 5	sample61	11146	13716	11822	187610	0	
2	 4	 1	 6	control	354	3180	258	113040	0	
2	 4	 2	 1	sample62	10923	15291	11566	288288	0	
2	 4	 2	 2	sample62	10040	13894	10280	493312	0	
2	 4	 2	 3	sample62	7761	11359	8480	251860	0	
2	 4	 2	 4	sample62	7488	11086	7710	262654	0	
2	 4	 2	 5	sample62	6010	9608	5910	269850	0	
2	 4	 2	 6	control	10513	14367	12336	242802	0	
2	 4	 3	 1	sample63	10026	13624	10280	295036	0	
2	 4	 3	 2	sample63	11124	14722	12336	251860	0	
2	 4	 3	 3	sample63	8178	11776	8994	244664	0	
2	 4	 3	 4	sample63	6575	10173	5396	233870	0	
2	 4	 3	 5	sample63	5419	9273	4884	184992	0	
2	 4	 3	 6	control	-100.49	4012	0	148032	0	
2	 4	 4	 1	sample64	8368	11708	9510	173680	0	
2	 4	 4	 2	sample64	8109	10935	8738	226080	0	
2	 4	 4	 3	sample64	7807	10891	7710	218964	0	
2	 4	 4	 4	sample64	2590	6444	2056	154160	0	
2	 4	 4	 5	sample64	2833	7459	2570	185040	0	
2	 4	 4	 6	control	3605	8487	3084	195280	0	
2	 5	 1	 1	sample65	11533	14361	10022	302596	0	
2	 5	 1	 2	sample65	10627	13455	11308	274316	0	
2	 5	 1	 3	sample65	10766	13336	12336	208170	0	
2	 5	 1	 4	sample65	8624	10938	7710	182806	0	
2	 5	 1	 5	sample65	7511	9825	6424	182806	0	
2	 5	 1	 6	control	527	3097	514	102800	0	
2	 5	 2	 1	sample66	10189	14045	10794	262208	0	
2	 5	 2	 2	sample66	9323	13179	10022	289200	0	
2	 5	 2	 3	sample66	7243	10585	6938	307464	0	
2	 5	 2	 4	sample66	7144	10228	7196	243636	0	
2	 5	 2	 5	sample66	6115	8943	5654	234724	0	
2	 5	 2	 6	control	9413	12241	9508	189476	0	
2	 5	 3	 1	sample67	13834	18460	15678	240552	0	
2	 5	 3	 2	sample67	10270	14126	10536	408736	0	
2	 5	 3	 3	sample67	10335	13677	11308	294096	0	
2	 5	 3	 4	sample67	10825	13909	12594	234384	0	
2	 5	 3	 5	sample67	9614	12184	10280	221020	0	
2	 5	 3	 6	control	-89.49	2481	-255.99	102800	0	
2	 5	 4	 1	sample68	13354	17980	14392	231300	0	
2	 5	 4	 2	sample68	10073	13929	8480	447296	0	
2	 5	 4	 3	sample68	10092	13690	9766	363398	0	
2	 5	 4	 4	sample68	8654	11996	9252	317490	0	
2	 5	 4	 5	sample68	5455	8539	4884	289896	0	
2	 5	 4	 6	control	4992	7820	4626	113120	0	
2	 6	 1	 1	sample69	11677	14761	12336	320736	0	
2	 6	 1	 2	sample69	9791	12875	10538	296064	0	
2	 6	 1	 3	sample69	9892	12462	9252	241580	0	
2	 6	 1	 4	sample69	10026	12082	10280	193264	0	
2	 6	 1	 5	sample69	9897	11953	10024	158312	0	
2	 6	 1	 6	control	1170	3226	1028	82240	0	
2	 6	 2	 1	sample70	10158	12986	9766	197960	0	
2	 6	 2	 2	sample70	7818	10902	7710	259056	0	
2	 6	 2	 3	sample70	7674	10502	7966	226240	0	
2	 6	 2	 4	sample70	7559	10387	7196	226240	0	
2	 6	 2	 5	sample70	6926	9496	6940	195320	0	
2	 6	 2	 6	control	8600	10914	8224	189748	0	
2	 6	 3	 1	sample71	9866	12694	10022	237552	0	
2	 6	 3	 2	sample71	9474	12302	11050	231896	0	
2	 6	 3	 3	sample71	9038	11608	9252	185040	0	
2	 6	 3	 4	sample71	7823	10393	7968	187610	0	
2	 6	 3	 5	sample71	5779	8093	5140	194376	0	
2	 6	 3	 6	control	295	2609	256	92560	0	
2	 6	 4	 1	sample72	18526	21610	19276	107940	0	
2	 6	 4	 2	sample72	10851	13421	10280	259570	0	
2	 6	 4	 3	sample72	8703	11273	7710	277560	0	
2	 6	 4	 4	sample72	6089	8659	5654	249290	0	
2	 6	 4	 5	sample72	6196	8510	5910	229086	0	
2	 6	 4	 6	control	9678	11992	8480	122642	0	
2	 7	 1	 1	sample73	16830	19400	17476	125930	0	
2	 7	 1	 2	sample73	11068	13380	8996	291312	0	
2	 7	 1	 3	sample73	11002	13314	11308	242760	0	
2	 7	 1	 4	sample73	10956	13268	11308	180336	0	
2	 7	 1	 5	sample73	10327	12383	10536	154200	0	
2	 7	 1	 6	control	764	2820	770	82240	0	
2	 7	 2	 1	sample74	10509	13335	11822	200646	0	
2	 7	 2	 2	sample74	10256	12826	11050	197890	0	
2	 7	 2	 3	sample74	8665	11235	9252	208170	0	
2	 7	 2	 4	sample74	8374	10944	9252	192750	0	
2	 7	 2	 5	sample74	6899	9469	6424	200460	0	
2	 7	 2	 6	control	9944	12514	11308	177330	0	
2	 7	 3	 1	sample75	1323	3893	1284	102800	0	
2	 7	 3	 2	sample75	2408	4978	2570	131070	0	
2	 7	 3	 3	sample75	5756	8326	5396	179900	0	
2	 7	 3	 4	sample75	3955	6525	3854	177330	0	
2	 7	 3	 5	sample75	3560	6130	3340	123360	0	
2	 7	 3	 6	control	148	2974	0	113040	0	
2	 7	 4	 1	sample76	15949	18775	17734	149778	0	
2	 7	 4	 2	sample76	14635	17719	16190	181956	0	
2	 7	 4	 3	sample76	10814	13126	9510	247384	0	
2	 7	 4	 4	sample76	8331	10129	8482	156426	0	
2	 7	 4	 5	sample76	9001	11057	8994	82240	0	
2	 7	 4	 6	control	6903	8959	6424	102800	0	
2	 8	 1	 1	sample77	10678	13248	11050	285270	0	
2	 8	 1	 2	sample77	9947	12517	8224	290410	0	
2	 8	 1	 3	sample77	9189	11759	9508	244150	0	
2	 8	 1	 4	sample77	8292	10862	8480	213310	0	
2	 8	 1	 5	sample77	5960	8530	5140	200460	0	
2	 8	 1	 6	control	404	2974	256	102800	0	
2	 8	 2	 1	sample78	10315	13913	10536	262654	0	
2	 8	 2	 2	sample78	8327	11667	9252	260520	0	
2	 8	 2	 3	sample78	7608	10948	8482	277220	0	
2	 8	 2	 4	sample78	6441	9781	6682	273880	0	
2	 8	 2	 5	sample78	5815	9155	5654	257180	0	
2	 8	 2	 6	control	9513	12853	9766	253840	0	
2	 8	 3	 1	sample79	16542	20396	16962	181138	0	
2	 8	 3	 2	sample79	15707	19305	15420	179900	0	
2	 8	 3	 3	sample79	9639	13237	10536	313026	0	
2	 8	 3	 4	sample79	9640	12980	9510	250500	0	
2	 8	 3	 5	sample79	6848	10188	6682	300600	0	
2	 8	 3	 6	control	912	4510	770	143920	0	
2	 8	 4	 1	sample80	18735	21819	19018	160368	0	
2	 8	 4	 2	sample80	17496	21094	18246	179900	0	
2	 8	 4	 3	sample80	13727	16297	14392	210740	0	
2	 8	 4	 4	sample80	7143	9199	6424	269336	0	
2	 8	 4	 5	sample80	6782	9094	6426	215016	0	
2	 8	 4	 6	control	6871	9441	6168	334100	0	
2	 9	 1	 1	sample81	11665	14493	12850	209272	0	
2	 9	 1	 2	sample81	9638	12722	10024	228216	0	
2	 9	 1	 3	sample81	8586	11156	9766	203030	0	
2	 9	 1	 4	sample81	7231	9801	6426	190180	0	
2	 9	 1	 5	sample81	5802	8116	5910	175864	0	
2	 9	 1	 6	control	598	3168	514	102800	0	
2	 9	 2	 1	sample82	12303	15901	14136	251860	0	
2	 9	 2	 2	sample82	12280	16136	14648	285344	0	
2	 9	 2	 3	sample82	11541	14625	13364	225132	0	
2	 9	 2	 4	sample82	11076	13904	12336	200788	0	
2	 9	 2	 5	sample82	9919	12233	10536	166608	0	
2	 9	 2	 6	control	7248	9562	6424	168922	0	
2	 9	 3	 1	sample83	17564	21420	18504	188944	0	
2	 9	 3	 2	sample83	11866	15208	13364	290754	0	
2	 9	 3	 3	sample83	12278	15106	14134	189476	0	
2	 9	 3	 4	sample83	11228	13798	12850	164480	0	
2	 9	 3	 5	sample83	9336	11392	9510	139808	0	
2	 9	 3	 6	control	976	3290	770	92560	0	
2	 9	 4	 1	sample84	19013	21583	20559	133640	0	
2	 9	 4	 2	sample84	17743	20057	17732	111072	0	
2	 9	 4	 3	sample84	11774	13574	11050	165600	0	
2	 9	 4	 4	sample84	7791	9333	7454	148032	0	
2	 9	 4	 5	sample84	6738	8280	7454	106398	0	
2	 9	 4	 6	control	6426	7968	5654	83268	0	
2	 10	 1	 1	sample85	10287	13627	7968	414160	0	
2	 10	 1	 2	sample85	9906	12990	8224	366996	0	
2	 10	 1	 3	sample85	10691	13775	10794	246720	0	
2	 10	 1	 4	sample85	9211	12037	9252	211950	0	
2	 10	 1	 5	sample85	7246	10330	6682	237468	0	
2	 10	 1	 6	control	83	3681	0	143920	0	
2	 10	 2	 1	sample86	9147	12745	9252	266252	0	
2	 10	 2	 2	sample86	8182	11522	8738	240480	0	
2	 10	 2	 3	sample86	7240	10324	6938	249804	0	
2	 10	 2	 4	sample86	6759	9843	6424	234384	0	
2	 10	 2	 5	sample86	5489	8573	5140	163452	0	
2	 10	 2	 6	control	8128	11212	7710	191208	0	
2	 10	 3	 1	sample87	15440	18780	16192	173680	0	
2	 10	 3	 2	sample87	11640	14724	12078	231300	0	
2	 10	 3	 3	sample87	10638	13464	11052	209124	0	
2	 10	 3	 4	sample87	9862	12432	10536	205600	0	
2	 10	 3	 5	sample87	8773	11343	8224	203030	0	
2	 10	 3	 6	control	1407	3977	1542	102800	0	
2	 10	 4	 1	sample88	18994	21306	20046	122536	0	
2	 10	 4	 2	sample88	11983	14295	12594	196520	0	
2	 10	 4	 3	sample88	15359	17415	16448	104856	0	
2	 10	 4	 4	sample88	8295	10351	7452	162424	0	
2	 10	 4	 5	sample88	6549	8347	6682	134850	0	
2	 10	 4	 6	control	5349	7147	4626	161820	0	
2	 11	 1	 1	sample89	12216	17870	13620	537130	0	
2	 11	 1	 2	sample89	10864	16518	12592	497552	0	
2	 11	 1	 3	sample89	10946	16086	12336	503720	0	
2	 11	 1	 4	sample89	11027	15139	11564	365968	0	
2	 11	 1	 5	sample89	11246	14586	13108	327320	0	
2	 11	 1	 6	control	277	3103	258	113040	0	
2	 11	 2	 1	sample90	15458	21112	15676	299662	0	
2	 11	 2	 2	sample90	11639	17293	12850	486244	0	
2	 11	 2	 3	sample90	11054	15936	11822	454026	0	
2	 11	 2	 4	sample90	10162	14530	10538	397488	0	
2	 11	 2	 5	sample90	9124	12464	9766	300600	0	
2	 11	 2	 6	control	10485	13311	10794	194994	0	
2	 11	 3	 1	sample91	17960	22842	18248	253864	0	
2	 11	 3	 2	sample91	12130	17012	14136	468672	0	
2	 11	 3	 3	sample91	11038	15406	11566	406224	0	
2	 11	 3	 4	sample91	10933	14787	10794	350714	0	
2	 11	 3	 5	sample91	8800	11884	8224	302232	0	
2	 11	 3	 6	control	110	2936	0	113040	0	
2	 11	 4	 1	sample92	10157	13241	10794	277560	0	
2	 11	 4	 2	sample92	9025	12109	10022	231300	0	
2	 11	 4	 3	sample92	8905	11731	9252	231732	0	
2	 11	 4	 4	sample92	6302	9128	6682	211950	0	
2	 11	 4	 5	sample92	4678	7248	4626	164480	0	
2	 11	 4	 6	control	7072	9642	6682	272420	0	
2	 12	 1	 1	sample93	10195	13535	11566	210420	0	
2	 12	 1	 2	sample93	8628	11712	9508	209712	0	
2	 12	 1	 3	sample93	8326	10896	9508	154200	0	
2	 12	 1	 4	sample93	6634	8946	7454	147968	0	
2	 12	 1	 5	sample93	6055	7853	6682	106082	0	
2	 12	 1	 6	control	174	1972	258	71920	0	
2	 12	 2	 1	sample94	10108	13448	9252	193720	0	
2	 12	 2	 2	sample94	11178	14518	12850	183700	0	
2	 12	 2	 3	sample94	9479	12305	9510	189342	0	
2	 12	 2	 4	sample94	8034	10604	7452	167050	0	
2	 12	 2	 5	sample94	6678	8990	6168	141032	0	
2	 12	 2	 6	control	9797	11853	10794	150088	0	
2	 12	 3	 1	sample95	10580	13920	10280	200400	0	
2	 12	 3	 2	sample95	9941	13025	10536	194292	0	
2	 12	 3	 3	sample95	10173	12999	11308	169560	0	
2	 12	 3	 4	sample95	7514	9826	7454	127160	0	
2	 12	 3	 5	sample95	5076	7132	5140	133640	0	
2	 12	 3	 6	control	168	1966	258	71920	0	
2	 12	 4	 1	sample96	10365	13191	9252	240210	0	
2	 12	 4	 2	sample96	10984	14068	13364	203544	0	
2	 12	 4	 3	sample96	10562	13132	13620	154200	0	
2	 12	 4	 4	sample96	8730	11042	10024	145656	0	
2	 12	 4	 5	sample96	7654	9710	8738	104856	0	
2	 12	 4	 6	control	9800	11598	10024	97092	0	
3	 1	 1	 1	sample97	13339	16423	14650	249804	0	
3	 1	 1	 2	sample97	10879	13963	13108	280644	0	
3	 1	 1	 3	sample97	10303	13131	12336	246036	0	
3	 1	 1	 4	sample97	10032	12860	11564	229068	0	
3	 1	 1	 5	sample97	8140	10710	7968	203030	0	
3	 1	 1	 6	control	32.6	2603	0	102800	0	
3	 1	 2	 1	sample98	8979	13091	8738	444096	0	
3	 1	 2	 2	sample98	8304	12160	9252	443440	0	
3	 1	 2	 3	sample98	4695	8037	4882	270702	0	
3	 1	 2	 4	sample98	9509	12593	10538	274476	0	
3	 1	 2	 5	sample98	7865	10693	8738	271488	0	
3	 1	 2	 6	control	5623	8707	5912	305316	0	
3	 1	 3	 1	sample99	9043	14183	8996	549980	0	
3	 1	 3	 2	sample99	10723	15349	12336	397836	0	
3	 1	 3	 3	sample99	10412	14268	13106	335472	0	
3	 1	 3	 4	sample99	12161	15503	14134	250650	0	
3	 1	 3	 5	sample99	9218	12560	11050	334200	0	
3	 1	 3	 6	control	-770.44	2828	-769.99	143920	0	
3	 1	 4	 1	sample100	10680	16078	11564	626168	0	
3	 1	 4	 2	sample100	11899	16269	13620	463220	0	
3	 1	 4	 3	sample100	11527	15383	12592	374032	0	
3	 1	 4	 4	sample100	10150	13234	11052	255972	0	
3	 1	 4	 5	sample100	8746	11830	9766	212796	0	
3	 1	 4	 6	control	8109	11965	8480	250640	0	
3	 2	 1	 1	sample101	11761	14587	14392	248688	0	
3	 2	 1	 2	sample101	9407	11977	10794	241580	0	
3	 2	 1	 3	sample101	9160	11216	10280	178872	0	
3	 2	 1	 4	sample101	8699	10755	9252	166536	0	
3	 2	 1	 5	sample101	7765	9821	7966	172704	0	
3	 2	 1	 6	control	309	2621	258	92480	0	
3	 2	 2	 1	sample102	7043	10641	7452	291438	0	
3	 2	 2	 2	sample102	6768	9594	7454	245862	0	
3	 2	 2	 3	sample102	5083	7653	4882	246720	0	
3	 2	 2	 4	sample102	5836	8148	6426	196520	0	
3	 2	 2	 5	sample102	5638	8464	5654	226080	0	
3	 2	 2	 6	control	9256	13110	9766	304466	0	
3	 2	 3	 1	sample103	16481	20593	17218	185040	0	
3	 2	 3	 2	sample103	11097	14437	12080	417500	0	
3	 2	 3	 3	sample103	12205	15031	14392	231732	0	
3	 2	 3	 4	sample103	12333	15159	15164	231732	0	
3	 2	 3	 5	sample103	10945	14285	13108	307280	0	
3	 2	 3	 6	control	-770.49	3084	-769.99	154160	0	
3	 2	 4	 1	sample104	11313	15167	12850	204262	0	
3	 2	 4	 2	sample104	9503	12587	10536	280644	0	
3	 2	 4	 3	sample104	9815	12127	10280	284376	0	
3	 2	 4	 4	sample104	4260	7086	4626	206298	0	
3	 2	 4	 5	sample104	4663	7747	4882	231300	0	
3	 2	 4	 6	control	3849	8217	3342	174720	0	
3	 3	 1	 1	sample105	13080	16422	13878	294096	0	
3	 3	 1	 2	sample105	10314	13142	10536	274316	0	
3	 3	 1	 3	sample105	9050	11364	10280	192062	0	
3	 3	 1	 4	sample105	8901	10957	9252	168592	0	
3	 3	 1	 5	sample105	7875	9675	7452	136800	0	
3	 3	 1	 6	control	706	2506	514	72000	0	
3	 3	 2	 1	sample106	12270	17668	12850	529004	0	
3	 3	 2	 2	sample106	11846	16216	11564	454480	0	
3	 3	 2	 3	sample106	10614	14212	11308	384986	0	
3	 3	 2	 4	sample106	10564	13648	11566	299148	0	
3	 3	 2	 5	sample106	9873	13215	10280	280728	0	
3	 3	 2	 6	control	9465	13063	11566	291438	0	
3	 3	 3	 1	sample107	11628	17026	11564	458830	0	
3	 3	 3	 2	sample107	11780	16150	12336	349600	0	
3	 3	 3	 3	sample107	10407	14005	10794	305830	0	
3	 3	 3	 4	sample107	10124	13208	10794	237468	0	
3	 3	 3	 5	sample107	7961	11045	7710	262140	0	
3	 3	 3	 6	control	-1001.74	2596	-1027.99	143920	0	
3	 3	 4	 1	sample108	16588	21986	18245	215920	0	
3	 3	 4	 2	sample108	10382	13980	8224	500122	0	
3	 3	 4	 3	sample108	10202	12772	9252	326390	0	
3	 3	 4	 4	sample108	8618	10932	9508	219830	0	
3	 3	 4	 5	sample108	7528	9842	8480	180492	0	
3	 3	 4	 6	control	2576	5404	2312	113120	0	
3	 4	 1	 1	sample109	11210	14294	10794	277560	0	
3	 4	 1	 2	sample109	11604	14688	12336	302232	0	
3	 4	 1	 3	sample109	10629	13713	10536	255972	0	
3	 4	 1	 4	sample109	8409	11493	7966	265224	0	
3	 4	 1	 5	sample109	7043	10383	6682	263860	0	
3	 4	 1	 6	control	373	4227	258	154160	0	
3	 4	 2	 1	sample110	11432	15800	11052	353808	0	
3	 4	 2	 2	sample110	10194	14306	10794	333072	0	
3	 4	 2	 3	sample110	8952	12550	10022	323820	0	
3	 4	 2	 4	sample110	7781	11379	7710	309428	0	
3	 4	 2	 5	sample110	7383	10723	6682	293920	0	
3	 4	 2	 6	control	10360	13700	11308	247160	0	
3	 4	 3	 1	sample111	14732	18844	15420	164480	0	
3	 4	 3	 2	sample111	12108	15706	13878	284242	0	
3	 4	 3	 3	sample111	12141	15481	13878	293920	0	
3	 4	 3	 4	sample111	11121	14205	12592	234384	0	
3	 4	 3	 5	sample111	9846	12672	11052	254340	0	
3	 4	 3	 6	control	-115.19	2711	-255.99	113040	0	
3	 4	 4	 1	sample112	7190	10530	5398	374080	0	
3	 4	 4	 2	sample112	8063	10375	6940	268192	0	
3	 4	 4	 3	sample112	9201	11771	9252	249290	0	
3	 4	 4	 4	sample112	4841	7153	4626	194208	0	
3	 4	 4	 5	sample112	4849	7161	5140	187272	0	
3	 4	 4	 6	control	3504	5816	3084	252008	0	
3	 5	 1	 1	sample113	17617	21471	18504	196554	0	
3	 5	 1	 2	sample113	12775	16115	13364	374080	0	
3	 5	 1	 3	sample113	11315	13885	10280	274990	0	
3	 5	 1	 4	sample113	11906	14218	12850	205768	0	
3	 5	 1	 5	sample113	10151	12463	10280	196520	0	
3	 5	 1	 6	control	681	2993	514	92480	0	
3	 5	 2	 1	sample114	11590	14674	12850	222048	0	
3	 5	 2	 2	sample114	9904	12988	11564	240552	0	
3	 5	 2	 3	sample114	8612	11438	8738	223254	0	
3	 5	 2	 4	sample114	7779	10091	6940	189584	0	
3	 5	 2	 5	sample114	6715	9027	6682	182648	0	
3	 5	 2	 6	control	8949	11261	10280	180336	0	
3	 5	 3	 1	sample115	9703	12273	11308	210740	0	
3	 5	 3	 2	sample115	8553	11123	9508	228730	0	
3	 5	 3	 3	sample115	7835	10147	7710	157216	0	
3	 5	 3	 4	sample115	6110	8422	6168	173400	0	
3	 5	 3	 5	sample115	5294	7350	4626	174760	0	
3	 5	 3	 6	control	219	2531	0	92480	0	
3	 5	 4	 1	sample116	5620	7932	5140	307496	0	
3	 5	 4	 2	sample116	7117	9687	7196	226160	0	
3	 5	 4	 3	sample116	7695	10007	7196	196520	0	
3	 5	 4	 4	sample116	3741	6053	3598	187272	0	
3	 5	 4	 5	sample116	3632	5944	3598	122536	0	
3	 5	 4	 6	control	5179	7491	4884	295936	0	
3	 6	 1	 1	sample117	15163	17733	15678	131070	0	
3	 6	 1	 2	sample117	11100	13414	10536	203632	0	
3	 6	 1	 3	sample117	9982	12296	9766	178178	0	
3	 6	 1	 4	sample117	7710	10024	7710	180492	0	
3	 6	 1	 5	sample117	7481	10051	6426	213310	0	
3	 6	 1	 6	control	1252	4080	1284	113120	0	
3	 6	 2	 1	sample118	9087	11401	9252	141154	0	
3	 6	 2	 2	sample118	10196	12766	10794	172190	0	
3	 6	 2	 3	sample118	9017	11587	10024	182470	0	
3	 6	 2	 4	sample118	7497	10067	7454	197890	0	
3	 6	 2	 5	sample118	7416	9986	6940	177330	0	
3	 6	 2	 6	control	11496	14580	12336	194292	0	
3	 6	 3	 1	sample119	15040	17610	15934	123360	0	
3	 6	 3	 2	sample119	11354	13924	12594	174760	0	
3	 6	 3	 3	sample119	9528	12098	10024	179900	0	
3	 6	 3	 4	sample119	8711	11281	9510	169620	0	
3	 6	 3	 5	sample119	6724	9552	6682	186648	0	
3	 6	 3	 6	control	1138	4222	1028	123360	0	
3	 6	 4	 1	sample120	17526	20354	18246	144228	0	
3	 6	 4	 2	sample120	17171	19999	18246	138572	0	
3	 6	 4	 3	sample120	10742	13312	13622	203030	0	
3	 6	 4	 4	sample120	7308	9878	6940	177330	0	
3	 6	 4	 5	sample120	5268	8096	4626	248864	0	
3	 6	 4	 6	control	6285	9369	6168	135696	0	
3	 7	 1	 1	sample121	17890	21488	18246	187096	0	
3	 7	 1	 2	sample121	15295	18893	16962	291438	0	
3	 7	 1	 3	sample121	12856	16454	14906	291438	0	
3	 7	 1	 4	sample121	13945	18057	14134	217936	0	
3	 7	 1	 5	sample121	11032	13858	11822	228906	0	
3	 7	 1	 6	control	526	3610	256	123360	0	
3	 7	 2	 1	sample122	11937	15277	13622	247160	0	
3	 7	 2	 2	sample122	10429	13513	11822	249804	0	
3	 7	 2	 3	sample122	8513	11597	9766	246720	0	
3	 7	 2	 4	sample122	8325	11151	8482	194994	0	
3	 7	 2	 5	sample122	6384	8954	6938	213310	0	
3	 7	 2	 6	control	9714	12540	10538	209124	0	
3	 7	 3	 1	sample123	18625	21965	19275	177020	0	
3	 7	 3	 2	sample123	11518	14858	12080	360720	0	
3	 7	 3	 3	sample123	12005	15089	13878	237468	0	
3	 7	 3	 4	sample123	10397	13481	12336	249804	0	
3	 7	 3	 5	sample123	9455	12281	10024	251514	0	
3	 7	 3	 6	control	212	3296	256	123360	0	
3	 7	 4	 1	sample124	16065	19405	17220	177020	0	
3	 7	 4	 2	sample124	14145	16971	15420	226080	0	
3	 7	 4	 3	sample124	10644	12700	7966	269336	0	
3	 7	 4	 4	sample124	9500	11298	10538	190588	0	
3	 7	 4	 5	sample124	8474	10016	7966	185040	0	
3	 7	 4	 6	control	8230	10542	7710	120224	0	
3	 8	 1	 1	sample125	16942	21568	16704	245178	0	
3	 8	 1	 2	sample125	16730	20842	16962	205600	0	
3	 8	 1	 3	sample125	11572	15426	12850	327590	0	
3	 8	 1	 4	sample125	10761	14359	11308	280644	0	
3	 8	 1	 5	sample125	11925	15523	12078	187096	0	
3	 8	 1	 6	control	444	3784	514	133600	0	
3	 8	 2	 1	sample126	11372	15484	12336	328960	0	
3	 8	 2	 2	sample126	12568	16680	14392	296064	0	
3	 8	 2	 3	sample126	11039	14893	13108	319882	0	
3	 8	 2	 4	sample126	9177	12775	10022	284242	0	
3	 8	 2	 5	sample126	7601	10941	7710	243820	0	
3	 8	 2	 6	control	11174	14258	11822	225132	0	
3	 8	 3	 1	sample127	16454	21080	16448	185040	0	
3	 8	 3	 2	sample127	11264	15890	14134	462600	0	
3	 8	 3	 3	sample127	11578	15690	12850	316624	0	
3	 8	 3	 4	sample127	11013	14611	12078	269850	0	
3	 8	 3	 5	sample127	9542	12882	10024	290580	0	
3	 8	 3	 6	control	-193.14	2891	-257.99	123360	0	
3	 8	 4	 1	sample128	20452	24050	20559	190694	0	
3	 8	 4	 2	sample128	16770	20110	18248	133600	0	
3	 8	 4	 3	sample128	12238	14808	12078	257000	0	
3	 8	 4	 4	sample128	10952	13522	11308	167050	0	
3	 8	 4	 5	sample128	10193	12505	10538	136408	0	
3	 8	 4	 6	control	7017	9329	6940	92480	0	
3	 9	 1	 1	sample129	13236	16834	13106	356202	0	
3	 9	 1	 2	sample129	11845	14929	10794	370080	0	
3	 9	 1	 3	sample129	12363	15447	13878	259056	0	
3	 9	 1	 4	sample129	11673	14243	12850	213310	0	
3	 9	 1	 5	sample129	10444	12756	10794	184960	0	
3	 9	 1	 6	control	874	3186	772	92480	0	
3	 9	 2	 1	sample130	11195	14279	11822	203544	0	
3	 9	 2	 2	sample130	12556	15382	13108	192168	0	
3	 9	 2	 3	sample130	10400	13226	11052	231732	0	
3	 9	 2	 4	sample130	7782	10352	7452	190180	0	
3	 9	 2	 5	sample130	6883	9195	5912	198832	0	
3	 9	 2	 6	control	9419	11731	10280	189584	0	
3	 9	 3	 1	sample131	9825	12651	9766	234558	0	
3	 9	 3	 2	sample131	7244	10070	7710	243036	0	
3	 9	 3	 3	sample131	8832	11402	7966	187610	0	
3	 9	 3	 4	sample131	8534	10846	8738	159528	0	
3	 9	 3	 5	sample131	5351	7407	4882	207656	0	
3	 9	 3	 6	control	791	2589	772	71920	0	
3	 9	 4	 1	sample132	18111	20937	18762	149778	0	
3	 9	 4	 2	sample132	14412	17238	15164	149778	0	
3	 9	 4	 3	sample132	11208	13006	10794	188790	0	
3	 9	 4	 4	sample132	6356	7640	6940	160500	0	
3	 9	 4	 5	sample132	6688	8230	6682	114108	0	
3	 9	 4	 6	control	5145	6687	4882	144948	0	
3	 10	 1	 1	sample133	17306	20904	17220	190694	0	
3	 10	 1	 2	sample133	12668	16010	14134	294096	0	
3	 10	 1	 3	sample133	11325	14409	12080	243636	0	
3	 10	 1	 4	sample133	9944	13028	10024	249804	0	
3	 10	 1	 5	sample133	8075	11159	7968	243636	0	
3	 10	 1	 6	control	661	4003	514	133680	0	
3	 10	 2	 1	sample134	13945	17543	15420	179900	0	
3	 10	 2	 2	sample134	9208	12550	8738	297438	0	
3	 10	 2	 3	sample134	7553	10637	7196	317652	0	
3	 10	 2	 4	sample134	7859	10687	7452	223412	0	
3	 10	 2	 5	sample134	7886	10714	7452	217756	0	
3	 10	 2	 6	control	9658	12486	9252	209272	0	
3	 10	 3	 1	sample135	16866	19950	17990	123360	0	
3	 10	 3	 2	sample135	11939	15023	12850	271392	0	
3	 10	 3	 3	sample135	10033	12861	9766	212100	0	
3	 10	 3	 4	sample135	9971	12541	9510	177330	0	
3	 10	 3	 5	sample135	7951	10265	7452	187434	0	
3	 10	 3	 6	control	257	2827	0	102800	0	
3	 10	 4	 1	sample136	16421	19249	16962	82012	0	
3	 10	 4	 2	sample136	9613	11927	7966	256854	0	
3	 10	 4	 3	sample136	9055	10855	8994	169200	0	
3	 10	 4	 4	sample136	6777	8577	6938	126000	0	
3	 10	 4	 5	sample136	5695	7237	5654	106398	0	
3	 10	 4	 6	control	5838	7894	4884	158312	0	
3	 11	 1	 1	sample137	14102	17958	16448	401024	0	
3	 11	 1	 2	sample137	10380	13978	8738	464142	0	
3	 11	 1	 3	sample137	12971	16569	14392	284242	0	
3	 11	 1	 4	sample137	12059	15401	11822	270702	0	
3	 11	 1	 5	sample137	11294	14378	12594	265224	0	
3	 11	 1	 6	control	579	3663	514	123360	0	
3	 11	 2	 1	sample138	13535	17391	14906	312336	0	
3	 11	 2	 2	sample138	13149	17775	15164	346950	0	
3	 11	 2	 3	sample138	11507	15877	13620	349600	0	
3	 11	 2	 4	sample138	9972	13828	11564	293056	0	
3	 11	 2	 5	sample138	10366	13708	11564	277386	0	
3	 11	 2	 6	control	9828	13170	10794	233940	0	
3	 11	 3	 1	sample139	10524	13866	11822	270702	0	
3	 11	 3	 2	sample139	8949	12547	10280	277046	0	
3	 11	 3	 3	sample139	9259	12601	11050	240624	0	
3	 11	 3	 4	sample139	6387	9215	5396	401576	0	
3	 11	 3	 5	sample139	6026	8596	5654	208170	0	
3	 11	 3	 6	control	-18.74	2551	0	102800	0	
3	 11	 4	 1	sample140	15474	18816	16448	173784	0	
3	 11	 4	 2	sample140	11446	14530	13364	271392	0	
3	 11	 4	 3	sample140	11405	13975	12594	213310	0	
3	 11	 4	 4	sample140	9955	12011	10794	162424	0	
3	 11	 4	 5	sample140	6407	8463	7196	145976	0	
3	 11	 4	 6	control	8043	9843	9508	127800	0	
3	 12	 1	 1	sample141	13440	18066	14650	471852	0	
3	 12	 1	 2	sample141	12035	16147	12850	448208	0	
3	 12	 1	 3	sample141	13733	17331	14650	266252	0	
3	 12	 1	 4	sample141	10791	13875	11052	255972	0	
3	 12	 1	 5	sample141	10139	12709	11822	205600	0	
3	 12	 1	 6	control	290	2346	258	82240	0	
3	 12	 2	 1	sample142	11331	16471	11052	657920	0	
3	 12	 2	 2	sample142	12081	17479	13878	485820	0	
3	 12	 2	 3	sample142	11637	16263	12594	416340	0	
3	 12	 2	 4	sample142	11660	15258	13108	295036	0	
3	 12	 2	 5	sample142	10723	13551	11308	217756	0	
3	 12	 2	 6	control	9430	11744	11564	166608	0	
3	 12	 3	 1	sample143	9835	13947	10024	353632	0	
3	 12	 3	 2	sample143	10885	15255	12078	367080	0	
3	 12	 3	 3	sample143	9782	13638	10536	296912	0	
3	 12	 3	 4	sample143	7885	10969	8482	222048	0	
3	 12	 3	 5	sample143	6055	8369	5910	185120	0	
3	 12	 3	 6	control	45.6	2102	0	82240	0	
3	 12	 4	 1	sample144	8444	12042	8224	399378	0	
3	 12	 4	 2	sample144	9106	12704	10538	302232	0	
3	 12	 4	 3	sample144	7708	10792	8482	283728	0	
3	 12	 4	 4	sample144	8238	10808	8738	195320	0	
3	 12	 4	 5	sample144	6572	8628	6940	158312	0	
3	 12	 4	 6	control	7825	9625	9252	140400	0	
4	 1	 1	 1	sample145	14352	18464	16190	353632	0	
4	 1	 1	 2	sample145	14016	18128	16704	365968	0	
4	 1	 1	 3	sample145	12796	16394	15676	295036	0	
4	 1	 1	 4	sample145	11807	15147	13878	273880	0	
4	 1	 1	 5	sample145	9701	12785	9252	234384	0	
4	 1	 1	 6	control	129	2955	0	113040	0	
4	 1	 2	 1	sample146	9929	15069	10794	354660	0	
4	 1	 2	 2	sample146	8443	13325	8482	258746	0	
4	 1	 2	 3	sample146	7132	10986	6682	369984	0	
4	 1	 2	 4	sample146	8308	11392	9508	280644	0	
4	 1	 2	 5	sample146	8795	11621	9510	245862	0	
4	 1	 2	 6	control	9477	12561	10794	228216	0	
4	 1	 3	 1	sample147	9842	14210	10538	314496	0	
4	 1	 3	 2	sample147	9795	13393	10536	251860	0	
4	 1	 3	 3	sample147	8518	11344	9252	200646	0	
4	 1	 3	 4	sample147	7422	9734	7968	168776	0	
4	 1	 3	 5	sample147	4175	6487	4112	198832	0	
4	 1	 3	 6	control	-206.04	2364	-257.99	102800	0	
4	 1	 4	 1	sample148	6573	9913	6940	133600	0	
4	 1	 4	 2	sample148	5549	8119	4626	221020	0	
4	 1	 4	 3	sample148	3829	5885	2826	82240	0	
4	 1	 4	 4	sample148	5750	7292	5654	131070	0	
4	 1	 4	 5	sample148	5066	6864	5398	142042	0	
4	 1	 4	 6	control	6197	8509	5912	164152	0	
4	 2	 1	 1	sample149	11834	15176	14392	277386	0	
4	 2	 1	 2	sample149	10489	13831	11308	274044	0	
4	 2	 1	 3	sample149	10127	13211	11308	237468	0	
4	 2	 1	 4	sample149	7987	10815	9508	248864	0	
4	 2	 1	 5	sample149	6311	9139	6168	217756	0	
4	 2	 1	 6	control	470	3554	514	123360	0	
4	 2	 2	 1	sample150	12057	15655	14392	287840	0	
4	 2	 2	 2	sample150	11559	14643	13622	243636	0	
4	 2	 2	 3	sample150	9835	12919	11052	252888	0	
4	 2	 2	 4	sample150	8908	11736	10280	226240	0	
4	 2	 2	 5	sample150	6159	9243	5654	240552	0	
4	 2	 2	 6	control	9889	13231	11050	237282	0	
4	 2	 3	 1	sample151	9565	12907	10536	243966	0	
4	 2	 3	 2	sample151	10556	13384	11050	217756	0	
4	 2	 3	 3	sample151	8187	11015	8224	240380	0	
4	 2	 3	 4	sample151	6049	8877	5910	226240	0	
4	 2	 3	 5	sample151	5203	7773	4884	190180	0	
4	 2	 3	 6	control	135	2963	0	113120	0	
4	 2	 4	 1	sample152	11482	14566	11566	323820	0	
4	 2	 4	 2	sample152	11176	14004	12336	226240	0	
4	 2	 4	 3	sample152	10795	13365	11822	223590	0	
4	 2	 4	 4	sample152	9592	12162	10794	215880	0	
4	 2	 4	 5	sample152	8053	10623	8738	200460	0	
4	 2	 4	 6	control	6141	9225	6426	203544	0	
4	 3	 1	 1	sample153	12719	15803	13878	259056	0	
4	 3	 1	 2	sample153	11286	14370	11822	283728	0	
4	 3	 1	 3	sample153	11739	14567	13106	203616	0	
4	 3	 1	 4	sample153	11272	13842	13364	200460	0	
4	 3	 1	 5	sample153	8363	10677	7966	166608	0	
4	 3	 1	 6	control	90.5	2660	0	102800	0	
4	 3	 2	 1	sample154	8607	12205	8738	273448	0	
4	 3	 2	 2	sample154	9657	13255	10280	237468	0	
4	 3	 2	 3	sample154	9094	12178	9766	200460	0	
4	 3	 2	 4	sample154	6771	10113	6682	230598	0	
4	 3	 2	 5	sample154	4990	8332	5140	200520	0	
4	 3	 2	 6	control	11652	15250	13878	233870	0	
4	 3	 3	 1	sample155	8892	12234	10280	227256	0	
4	 3	 3	 2	sample155	7919	11261	8994	237282	0	
4	 3	 3	 3	sample155	6595	9937	7966	237282	0	
4	 3	 3	 4	sample155	6310	9652	6938	217230	0	
4	 3	 3	 5	sample155	3926	7268	3854	227256	0	
4	 3	 3	 6	control	148	3232	0	123360	0	
4	 3	 4	 1	sample156	7807	11149	7196	360936	0	
4	 3	 4	 2	sample156	7499	10841	7196	334200	0	
4	 3	 4	 3	sample156	7979	11321	8994	277386	0	
4	 3	 4	 4	sample156	7506	10590	8482	271392	0	
4	 3	 4	 5	sample156	7094	10178	7710	215880	0	
4	 3	 4	 6	control	7531	10359	8480	138572	0	
4	 4	 1	 1	sample157	9825	12395	11566	215880	0	
4	 4	 1	 2	sample157	9057	11627	9766	203030	0	
4	 4	 1	 3	sample157	8943	11257	9766	173550	0	
4	 4	 1	 4	sample157	8853	10909	10024	148032	0	
4	 4	 1	 5	sample157	7080	9136	7454	158312	0	
4	 4	 1	 6	control	193	2763	258	102800	0	
4	 4	 2	 1	sample158	15435	18777	15420	163758	0	
4	 4	 2	 2	sample158	11025	14367	13106	274044	0	
4	 4	 2	 3	sample158	10990	14074	12080	246720	0	
4	 4	 2	 4	sample158	9113	12455	9508	267360	0	
4	 4	 2	 5	sample158	8114	11198	7710	200460	0	
4	 4	 2	 6	control	9170	12512	8738	230598	0	
4	 4	 3	 1	sample159	10325	13409	8738	286812	0	
4	 4	 3	 2	sample159	10380	13722	12336	247308	0	
4	 4	 3	 3	sample159	9637	12979	12078	260676	0	
4	 4	 3	 4	sample159	9192	12534	10022	243966	0	
4	 4	 3	 5	sample159	7244	10842	7454	269850	0	
4	 4	 3	 6	control	-115.09	3483	-255.99	143920	0	
4	 4	 4	 1	sample160	9929	12499	10794	133640	0	
4	 4	 4	 2	sample160	7843	10671	8738	223412	0	
4	 4	 4	 3	sample160	6123	9207	6940	228216	0	
4	 4	 4	 4	sample160	6876	9960	6940	163452	0	
4	 4	 4	 5	sample160	5407	8749	6168	167100	0	
4	 4	 4	 6	control	6022	9364	5654	123654	0	
4	 5	 1	 1	sample161	12648	15732	14134	283728	0	
4	 5	 1	 2	sample161	9988	12814	8738	285426	0	
4	 5	 1	 3	sample161	10648	13218	11822	218450	0	
4	 5	 1	 4	sample161	10109	12679	11564	205600	0	
4	 5	 1	 5	sample161	7569	9881	7710	180336	0	
4	 5	 1	 6	control	443	2755	258	83232	0	
4	 5	 2	 1	sample162	10856	14454	11308	352604	0	
4	 5	 2	 2	sample162	10941	14539	12592	363398	0	
4	 5	 2	 3	sample162	8825	12165	9510	367400	0	
4	 5	 2	 4	sample162	9101	12185	9766	252888	0	
4	 5	 2	 5	sample162	8220	11304	8994	240552	0	
4	 5	 2	 6	control	12170	15510	13622	66800	0	
4	 5	 3	 1	sample163	17149	21003	17990	196554	0	
4	 5	 3	 2	sample163	11234	14832	11308	341810	0	
4	 5	 3	 3	sample163	11284	14624	12594	280560	0	
4	 5	 3	 4	sample163	9477	12561	9766	274476	0	
4	 5	 3	 5	sample163	8601	11685	8994	255972	0	
4	 5	 3	 6	control	0.5	2827	0	101736	0	
4	 5	 4	 1	sample164	13364	17218	14392	184992	0	
4	 5	 4	 2	sample164	9848	12932	9508	376248	0	
4	 5	 4	 3	sample164	7846	10930	6938	376248	0	
4	 5	 4	 4	sample164	8370	11454	8994	323820	0	
4	 5	 4	 5	sample164	8586	11670	8994	240552	0	
4	 5	 4	 6	control	5863	8947	5654	151116	0	
4	 6	 1	 1	sample165	12007	15347	12850	283900	0	
4	 6	 1	 2	sample165	10492	14090	11050	291438	0	
4	 6	 1	 3	sample165	9513	12853	9510	260520	0	
4	 6	 1	 4	sample165	7908	11248	8482	290580	0	
4	 6	 1	 5	sample165	5828	9426	4882	280644	0	
4	 6	 1	 6	control	199	3797	0	143920	0	
4	 6	 2	 1	sample166	15037	19149	14648	176816	0	
4	 6	 2	 2	sample166	13281	17135	12850	177284	0	
4	 6	 2	 3	sample166	10670	14010	10794	330660	0	
4	 6	 2	 4	sample166	10242	13326	10536	271392	0	
4	 6	 2	 5	sample166	8901	11985	8738	262140	0	
4	 6	 2	 6	control	8940	12024	8994	218964	0	
4	 6	 3	 1	sample167	9444	13298	10024	289050	0	
4	 6	 3	 2	sample167	9813	13153	9766	257180	0	
4	 6	 3	 3	sample167	8051	11135	7710	225132	0	
4	 6	 3	 4	sample167	5709	8535	5912	186516	0	
4	 6	 3	 5	sample167	3955	6781	3342	240210	0	
4	 6	 3	 6	control	83	3167	0	123360	0	
4	 6	 4	 1	sample168	15013	18611	15162	179900	0	
4	 6	 4	 2	sample168	12828	15398	13364	210740	0	
4	 6	 4	 3	sample168	9682	12252	9252	285270	0	
4	 6	 4	 4	sample168	8704	11274	8224	257000	0	
4	 6	 4	 5	sample168	8417	11243	8738	113040	0	
4	 6	 4	 6	control	5261	8345	5396	123360	0	
4	 7	 1	 1	sample169	12957	17583	13622	411714	0	
4	 7	 1	 2	sample169	12595	17479	14906	429792	0	
4	 7	 1	 3	sample169	11521	16147	13364	402462	0	
4	 7	 1	 4	sample169	10057	14169	11308	374192	0	
4	 7	 1	 5	sample169	8364	12476	7454	287840	0	
4	 7	 1	 6	control	759	4871	772	164480	0	
4	 7	 2	 1	sample170	12046	15902	12850	300768	0	
4	 7	 2	 2	sample170	12369	16481	13878	324848	0	
4	 7	 2	 3	sample170	9492	13348	10022	358608	0	
4	 7	 2	 4	sample170	9760	13358	9766	277046	0	
4	 7	 2	 5	sample170	7495	11093	7196	266252	0	
4	 7	 2	 6	control	10502	14100	11566	262654	0	
4	 7	 3	 1	sample171	11138	14994	12592	281488	0	
4	 7	 3	 2	sample171	10286	14142	10794	304624	0	
4	 7	 3	 3	sample171	8228	11826	8224	269850	0	
4	 7	 3	 4	sample171	5849	9191	5654	237282	0	
4	 7	 3	 5	sample171	6444	9786	6682	133680	0	
4	 7	 3	 6	control	513	3855	514	133680	0	
4	 7	 4	 1	sample172	17395	20737	16962	170442	0	
4	 7	 4	 2	sample172	11833	14403	12850	254430	0	
4	 7	 4	 3	sample172	11149	13205	11822	178872	0	
4	 7	 4	 4	sample172	9956	11756	11050	131400	0	
4	 7	 4	 5	sample172	8079	9879	7966	115200	0	
4	 7	 4	 6	control	7910	9710	8738	106200	0	
4	 8	 1	 1	sample173	12961	17331	12592	524400	0	
4	 8	 1	 2	sample173	15929	20555	16962	245178	0	
4	 8	 1	 3	sample173	12267	16123	14134	347040	0	
4	 8	 1	 4	sample173	12139	15737	14136	309428	0	
4	 8	 1	 5	sample173	13534	16876	15676	237282	0	
4	 8	 1	 6	control	128	3470	0	133680	0	
4	 8	 2	 1	sample174	12208	16320	12594	304288	0	
4	 8	 2	 2	sample174	12380	16236	14134	266064	0	
4	 8	 2	 3	sample174	8907	12505	8738	302232	0	
4	 8	 2	 4	sample174	8209	11551	9252	237282	0	
4	 8	 2	 5	sample174	7170	10512	7710	233940	0	
4	 8	 2	 6	control	10994	14078	12594	194292	0	
4	 8	 3	 1	sample175	12469	16067	11566	334614	0	
4	 8	 3	 2	sample175	12068	15666	13622	248262	0	
4	 8	 3	 3	sample175	11643	14985	12592	230598	0	
4	 8	 3	 4	sample175	9151	12235	9510	188124	0	
4	 8	 3	 5	sample175	7514	10342	7710	212100	0	
4	 8	 3	 6	control	-19.79	2808	0	113120	0	
4	 8	 4	 1	sample176	10541	12597	12080	172704	0	
4	 8	 4	 2	sample176	11328	13128	13106	135000	0	
4	 8	 4	 3	sample176	7236	9036	7966	147600	0	
4	 8	 4	 4	sample176	7231	9287	7710	152144	0	
4	 8	 4	 5	sample176	6744	9058	7196	104130	0	
4	 8	 4	 6	control	8114	10428	8738	141154	0	
4	 9	 1	 1	sample177	12425	15767	14392	287412	0	
4	 9	 1	 2	sample177	10525	13609	11566	252888	0	
4	 9	 1	 3	sample177	9404	12488	9510	240552	0	
4	 9	 1	 4	sample177	8429	11257	9252	223412	0	
4	 9	 1	 5	sample177	5934	8504	5398	203030	0	
4	 9	 1	 6	control	449	3277	514	113120	0	
4	 9	 2	 1	sample178	9835	13177	10022	270702	0	
4	 9	 2	 2	sample178	10424	13766	11564	267360	0	
4	 9	 2	 3	sample178	9267	12351	9510	268308	0	
4	 9	 2	 4	sample178	7210	10294	7196	237468	0	
4	 9	 2	 5	sample178	6027	9111	6168	240552	0	
4	 9	 2	 6	control	9702	13044	10794	217230	0	
4	 9	 3	 1	sample179	10975	14059	11822	268308	0	
4	 9	 3	 2	sample179	11249	14333	13108	240552	0	
4	 9	 3	 3	sample179	10956	13784	12850	192304	0	
4	 9	 3	 4	sample179	9397	12225	10022	195132	0	
4	 9	 3	 5	sample179	6516	9086	7196	210740	0	
4	 9	 3	 6	control	-346.39	2738	-255.99	123360	0	
4	 9	 4	 1	sample180	15213	17783	15934	133640	0	
4	 9	 4	 2	sample180	15681	17995	15934	120328	0	
4	 9	 4	 3	sample180	9229	10771	9766	166536	0	
4	 9	 4	 4	sample180	10724	12266	11822	118734	0	
4	 9	 4	 5	sample180	8847	10389	9510	98688	0	
4	 9	 4	 6	control	7689	9489	8480	111600	0	
4	 10	 1	 1	sample181	17581	21693	17732	189152	0	
4	 10	 1	 2	sample181	17800	21654	18504	192700	0	
4	 10	 1	 3	sample181	12764	15590	13878	217602	0	
4	 10	 1	 4	sample181	12186	14756	12336	185040	0	
4	 10	 1	 5	sample181	9721	12033	9510	171088	0	
4	 10	 1	 6	control	327	2897	256	102800	0	
4	 10	 2	 1	sample182	10025	14137	7966	386528	0	
4	 10	 2	 2	sample182	8401	12513	6424	411200	0	
4	 10	 2	 3	sample182	8826	12938	9766	345408	0	
4	 10	 2	 4	sample182	9748	13346	10536	259056	0	
4	 10	 2	 5	sample182	9934	13018	10536	206628	0	
4	 10	 2	 6	control	8040	11124	7966	280644	0	
4	 10	 3	 1	sample183	17387	21241	17990	177284	0	
4	 10	 3	 2	sample183	12364	15962	13878	255458	0	
4	 10	 3	 3	sample183	12007	15605	11564	219478	0	
4	 10	 3	 4	sample183	11157	14497	11822	243820	0	
4	 10	 3	 5	sample183	9040	11866	10024	197820	0	
4	 10	 3	 6	control	399	3225	258	113040	0	
4	 10	 4	 1	sample184	12081	14137	11564	195320	0	
4	 10	 4	 2	sample184	11548	13604	13878	156256	0	
4	 10	 4	 3	sample184	10635	12947	11308	164152	0	
4	 10	 4	 4	sample184	9481	11279	9510	115072	0	
4	 10	 4	 5	sample184	6346	8144	6426	122264	0	
4	 10	 4	 6	control	8224	10280	8224	104856	0	
4	 11	 1	 1	sample185	12587	16185	13622	280644	0	
4	 11	 1	 2	sample185	12459	15801	12850	237282	0	
4	 11	 1	 3	sample185	10788	13872	11308	234384	0	
4	 11	 1	 4	sample185	10037	12865	11050	200788	0	
4	 11	 1	 5	sample185	6782	9096	6424	259168	0	
4	 11	 1	 6	control	263	2577	256	92560	0	
4	 11	 2	 1	sample186	12077	16703	12080	407088	0	
4	 11	 2	 2	sample186	12138	16508	13364	393300	0	
4	 11	 2	 3	sample186	11783	15639	13878	312336	0	
4	 11	 2	 4	sample186	10402	14000	11308	273448	0	
4	 11	 2	 5	sample186	10034	13118	10794	218964	0	
4	 11	 2	 6	control	8142	10970	8994	178164	0	
4	 11	 3	 1	sample187	9832	14202	8224	458850	0	
4	 11	 3	 2	sample187	11579	15691	13622	316624	0	
4	 11	 3	 3	sample187	11118	14716	12594	237468	0	
4	 11	 3	 4	sample187	9532	12616	10794	212796	0	
4	 11	 3	 5	sample187	8763	11333	9252	190180	0	
4	 11	 3	 6	control	38	2352	0	92560	0	
4	 11	 4	 1	sample188	10403	13487	9252	311484	0	
4	 11	 4	 2	sample188	10330	13158	10536	288456	0	
4	 11	 4	 3	sample188	10085	12399	10536	171236	0	
4	 11	 4	 4	sample188	7741	9797	8482	156256	0	
4	 11	 4	 5	sample188	5760	7302	6426	97146	0	
4	 11	 4	 6	control	5944	7486	6426	97146	0	
4	 12	 1	 1	sample189	9260	12858	8994	320222	0	
4	 12	 1	 2	sample189	10465	13805	10794	247160	0	
4	 12	 1	 3	sample189	8263	11089	7710	226080	0	
4	 12	 1	 4	sample189	7239	9551	7454	168776	0	
4	 12	 1	 5	sample189	4727	6525	4626	142042	0	
4	 12	 1	 6	control	277	2075	258	71920	0	
4	 12	 2	 1	sample190	8186	12298	8994	370080	0	
4	 12	 2	 2	sample190	6770	10624	6940	304466	0	
4	 12	 2	 3	sample190	6168	9252	6682	255972	0	
4	 12	 2	 4	sample190	6220	8532	6682	173400	0	
4	 12	 2	 5	sample190	5290	7346	5654	168592	0	
4	 12	 2	 6	control	6599	8397	7454	127658	0	
4	 12	 3	 1	sample191	5676	9274	5654	291438	0	
4	 12	 3	 2	sample191	4835	8175	4370	177020	0	
4	 12	 3	 3	sample191	4617	7443	4370	149778	0	
4	 12	 3	 4	sample191	4654	6966	4626	196520	0	
4	 12	 3	 5	sample191	3702	5500	3856	169012	0	
4	 12	 3	 6	control	148	1946	0	71920	0	
4	 12	 4	 1	sample192	6691	9261	7452	210740	0	
4	 12	 4	 2	sample192	5403	7973	5654	203030	0	
4	 12	 4	 3	sample192	5993	8049	7196	141864	0	
4	 12	 4	 4	sample192	5067	7123	5140	137752	0	
4	 12	 4	 5	sample192	3459	5257	3856	125860	0	
4	 12	 4	 6	control	4317	6115	4626	122264	0	
