MicroVigene	 Version	 2501
Culture	en-US
9/27/2006 3:44:16 PM
Roi Row	 4	 Roi Col	 12	 Main Row	 4	 Main Col	 6	 Sub Row	 1	 Sub Col	 1
Main Row	 Main Col	 Sub Row	 Sub Col	  GeneID	mean_net	 mean_total	 median_net	 vol_bkg	 vol_dust	 
1	 1	 1	 1	sample1	856	3426	770	123360	0	
1	 1	 1	 2	sample1	729	3299	514	128500	0	
1	 1	 1	 3	sample1	656	2968	514	92480	0	
1	 1	 1	 4	sample1	431	2743	258	78608	0	
1	 1	 1	 5	sample1	137	2449	0	78608	0	
1	 1	 1	 6	control	-119.99	2192	-255.99	73984	0	
1	 1	 2	 1	sample2	1317	3629	1286	113288	0	
1	 1	 2	 2	sample2	1297	3353	1284	127472	0	
1	 1	 2	 3	sample2	555	2611	514	102800	0	
1	 1	 2	 4	sample2	490	2288	514	57536	0	
1	 1	 2	 5	sample2	-96.62	1959	0	32896	0	
1	 1	 2	 6	control	244	2300	256	82240	0	
1	 1	 3	 1	sample3	1203	3515	1028	187272	0	
1	 1	 3	 2	sample3	944	3000	770	88408	0	
1	 1	 3	 3	sample3	923	2721	772	39556	0	
1	 1	 3	 4	sample3	245	2043	258	71920	0	
1	 1	 3	 5	sample3	193	1991	258	71920	0	
1	 1	 3	 6	control	-44.49	1754	0	71920	0	
1	 1	 4	 1	sample4	1457	3513	1284	119248	0	
1	 1	 4	 2	sample4	859	2657	772	79112	0	
1	 1	 4	 3	sample4	527	2325	514	71920	0	
1	 1	 4	 4	sample4	148	1946	258	71920	0	
1	 1	 4	 5	sample4	264	2062	0	71920	0	
1	 1	 4	 6	control	482	2280	514	86304	0	
1	 2	 1	 1	sample5	1444	3500	1284	102800	0	
1	 2	 1	 2	sample5	1041	2839	1028	71920	0	
1	 2	 1	 3	sample5	816	2614	772	71920	0	
1	 2	 1	 4	sample5	540	2338	514	71920	0	
1	 2	 1	 5	sample5	444	2242	514	71920	0	
1	 2	 1	 6	control	237	2293	0	82240	0	
1	 2	 2	 1	sample6	1851	3393	1798	67848	0	
1	 2	 2	 2	sample6	792	2334	770	74016	0	
1	 2	 2	 3	sample6	436	1978	256	61680	0	
1	 2	 2	 4	sample6	636	2178	514	61680	0	
1	 2	 2	 5	sample6	404	1946	256	61680	0	
1	 2	 2	 6	control	704	2760	770	71960	0	
1	 2	 3	 1	sample7	1460	3002	1284	112566	0	
1	 2	 3	 2	sample7	798	2340	770	72474	0	
1	 2	 3	 3	sample7	457	1999	514	63222	0	
1	 2	 3	 4	sample7	369	1911	256	63222	0	
1	 2	 3	 5	sample7	340	1882	256	61680	0	
1	 2	 3	 6	control	411	1953	256	61680	0	
1	 2	 4	 1	sample8	868	2410	770	77100	0	
1	 2	 4	 2	sample8	657	2199	514	66306	0	
1	 2	 4	 3	sample8	701	1985	514	51360	0	
1	 2	 4	 4	sample8	450	1734	514	51360	0	
1	 2	 4	 5	sample8	244	1786	0	61680	0	
1	 2	 4	 6	control	537	2079	514	67848	0	
1	 3	 1	 1	sample9	1395	4479	1284	151116	0	
1	 3	 1	 2	sample9	1167	3737	1028	123360	0	
1	 3	 1	 3	sample9	804	3116	772	108664	0	
1	 3	 1	 4	sample9	579	2891	514	92480	0	
1	 3	 1	 5	sample9	405	2717	258	92480	0	
1	 3	 1	 6	control	116	2428	0	92480	0	
1	 3	 2	 1	sample10	809	3379	770	102800	0	
1	 3	 2	 2	sample10	951	3263	1028	92480	0	
1	 3	 2	 3	sample10	846	2902	770	34952	0	
1	 3	 2	 4	sample10	533	2589	514	82240	0	
1	 3	 2	 5	sample10	436	2492	256	82240	0	
1	 3	 2	 6	control	746	3058	514	92480	0	
1	 3	 3	 1	sample11	6030	8086	2570	88408	0	
1	 3	 3	 2	sample11	1419	3475	1542	90464	0	
1	 3	 3	 3	sample11	1056	2854	1028	84506	0	
1	 3	 3	 4	sample11	739	2537	772	71920	0	
1	 3	 3	 5	sample11	424	2222	258	71920	0	
1	 3	 3	 6	control	245	2043	258	71920	0	
1	 3	 4	 1	sample12	1930	3986	1284	92520	0	
1	 3	 4	 2	sample12	687	2743	514	82240	0	
1	 3	 4	 3	sample12	1434	3490	1284	123360	0	
1	 3	 4	 4	sample12	707	2505	772	71920	0	
1	 3	 4	 5	sample12	547	2345	514	71920	0	
1	 3	 4	 6	control	521	2319	514	71920	0	
1	 4	 1	 1	sample13	1940	3482	1800	64764	0	
1	 4	 1	 2	sample13	1533	3333	1542	52200	0	
1	 4	 1	 3	sample13	1195	2737	1286	52428	0	
1	 4	 1	 4	sample13	675	2217	514	61680	0	
1	 4	 1	 5	sample13	790	2332	772	21588	0	
1	 4	 1	 6	control	251	1793	0	61680	0	
1	 4	 2	 1	sample14	651	2193	772	75558	0	
1	 4	 2	 2	sample14	603	1889	514	51440	0	
1	 4	 2	 3	sample14	411	1697	256	51440	0	
1	 4	 2	 4	sample14	64.7	1607	0	61680	0	
1	 4	 2	 5	sample14	155	1697	0	61680	0	
1	 4	 2	 6	control	830	2372	772	47802	0	
1	 4	 3	 1	sample15	727	1755	514	41120	0	
1	 4	 3	 2	sample15	386	1414	258	41120	0	
1	 4	 3	 3	sample15	450	1478	258	41120	0	
1	 4	 3	 4	sample15	495	1523	258	41120	0	
1	 4	 3	 5	sample15	199	1485	256	51440	0	
1	 4	 3	 6	control	276	1562	256	51440	0	
1	 4	 4	 1	sample16	1478	2506	1286	81212	0	
1	 4	 4	 2	sample16	752	2038	770	52726	0	
1	 4	 4	 3	sample16	692	1978	514	59156	0	
1	 4	 4	 4	sample16	508	1536	258	41120	0	
1	 4	 4	 5	sample16	482	1510	514	41120	0	
1	 4	 4	 6	control	263	1549	256	51440	0	
1	 5	 1	 1	sample17	1231	3029	1028	93496	0	
1	 5	 1	 2	sample17	837	2635	772	84506	0	
1	 5	 1	 3	sample17	529	2327	514	64728	0	
1	 5	 1	 4	sample17	570	2368	514	75516	0	
1	 5	 1	 5	sample17	206	2004	258	71920	0	
1	 5	 1	 6	control	-173.99	1882	-257.99	82240	0	
1	 5	 2	 1	sample18	931	2729	772	95294	0	
1	 5	 2	 2	sample18	771	2569	514	88102	0	
1	 5	 2	 3	sample18	498	2296	514	84506	0	
1	 5	 2	 4	sample18	309	2107	258	71920	0	
1	 5	 2	 5	sample18	264	2062	258	71920	0	
1	 5	 2	 6	control	1036	2834	1028	59334	0	
1	 5	 3	 1	sample19	1401	2943	1028	112566	0	
1	 5	 3	 2	sample19	792	2334	770	72474	0	
1	 5	 3	 3	sample19	552	2094	514	61680	0	
1	 5	 3	 4	sample19	614	2156	514	55512	0	
1	 5	 3	 5	sample19	224	1766	256	61680	0	
1	 5	 3	 6	control	179	1721	256	61680	0	
1	 5	 4	 1	sample20	943	2485	770	103314	0	
1	 5	 4	 2	sample20	758	2300	770	60138	0	
1	 5	 4	 3	sample20	430	1972	514	61680	0	
1	 5	 4	 4	sample20	295	1837	256	61680	0	
1	 5	 4	 5	sample20	302	1844	256	61680	0	
1	 5	 4	 6	control	341	2139	258	77314	0	
1	 6	 1	 1	sample21	1154	3468	1028	118014	0	
1	 6	 1	 2	sample21	1047	3361	1028	92560	0	
1	 6	 1	 3	sample21	889	2945	772	94576	0	
1	 6	 1	 4	sample21	474	2788	256	106444	0	
1	 6	 1	 5	sample21	471	2785	514	41652	0	
1	 6	 1	 6	control	192	2506	256	92560	0	
1	 6	 2	 1	sample22	2087	4401	2056	171236	0	
1	 6	 2	 2	sample22	1992	4048	2056	148032	0	
1	 6	 2	 3	sample22	1826	3882	1542	80184	0	
1	 6	 2	 4	sample22	674	2730	772	86352	0	
1	 6	 2	 5	sample22	625	2681	514	71960	0	
1	 6	 2	 6	control	1066	2866	1028	48600	0	
1	 6	 3	 1	sample23	735	2791	514	43176	0	
1	 6	 3	 2	sample23	986	2786	770	55800	0	
1	 6	 3	 3	sample23	359	2159	256	72000	0	
1	 6	 3	 4	sample23	186	1986	256	72000	0	
1	 6	 3	 5	sample23	205	2005	256	72000	0	
1	 6	 3	 6	control	89.4	1889	0	72000	0	
1	 6	 4	 1	sample24	1564	3620	1286	100744	0	
1	 6	 4	 2	sample24	1022	2822	1028	86400	0	
1	 6	 4	 3	sample24	1078	2878	1028	73800	0	
1	 6	 4	 4	sample24	205	2005	256	72000	0	
1	 6	 4	 5	sample24	192	1992	0	72000	0	
1	 6	 4	 6	control	282	2082	256	72000	0	
1	 7	 1	 1	sample25	1190	5044	1028	134890	0	
1	 7	 1	 2	sample25	1203	5057	1286	119474	0	
1	 7	 1	 3	sample25	405	4259	258	154160	0	
1	 7	 1	 4	sample25	439	4293	258	196554	0	
1	 7	 1	 5	sample25	421	4275	258	158014	0	
1	 7	 1	 6	control	271	4125	258	154160	0	
1	 7	 2	 1	sample26	1285	4625	1542	133600	0	
1	 7	 2	 2	sample26	1114	4454	1028	100200	0	
1	 7	 2	 3	sample26	727	4067	514	116900	0	
1	 7	 2	 4	sample26	245	3585	258	133600	0	
1	 7	 2	 5	sample26	475	3559	256	123360	0	
1	 7	 2	 6	control	412	3752	514	133600	0	
1	 7	 3	 1	sample27	173	3257	256	123360	0	
1	 7	 3	 2	sample27	649	3733	514	58596	0	
1	 7	 3	 3	sample27	135	3219	0	123360	0	
1	 7	 3	 4	sample27	206	3032	258	113040	0	
1	 7	 3	 5	sample27	412	3238	514	113040	0	
1	 7	 3	 6	control	456	3540	514	123360	0	
1	 7	 4	 1	sample28	632	3458	514	67824	0	
1	 7	 4	 2	sample28	321	3405	256	123360	0	
1	 7	 4	 3	sample28	25.2	3109	256	123360	0	
1	 7	 4	 4	sample28	-64.54	3019	0	123360	0	
1	 7	 4	 5	sample28	-225.34	2859	0	123360	0	
1	 7	 4	 6	control	83.2	3167	0	123360	0	
1	 8	 1	 1	sample29	2564	4620	2570	104856	0	
1	 8	 1	 2	sample29	1969	4025	2056	145976	0	
1	 8	 1	 3	sample29	1562	3618	1542	102800	0	
1	 8	 1	 4	sample29	913	2969	770	92520	0	
1	 8	 1	 5	sample29	838	2636	772	55738	0	
1	 8	 1	 6	control	450	2248	514	71920	0	
1	 8	 2	 1	sample30	1140	2938	1028	82708	0	
1	 8	 2	 2	sample30	616	2414	514	86304	0	
1	 8	 2	 3	sample30	495	2293	514	71920	0	
1	 8	 2	 4	sample30	321	1863	256	61680	0	
1	 8	 2	 5	sample30	334	1876	256	61680	0	
1	 8	 2	 6	control	546	2088	514	61680	0	
1	 8	 3	 1	sample31	1493	3035	1542	89436	0	
1	 8	 3	 2	sample31	1182	2724	1284	77100	0	
1	 8	 3	 3	sample31	923	2465	770	75558	0	
1	 8	 3	 4	sample31	526	2068	514	61680	0	
1	 8	 3	 5	sample31	321	1863	256	61680	0	
1	 8	 3	 6	control	244	1786	256	61680	0	
1	 8	 4	 1	sample32	1086	2628	1028	94062	0	
1	 8	 4	 2	sample32	726	2268	770	61680	0	
1	 8	 4	 3	sample32	844	2386	770	53970	0	
1	 8	 4	 4	sample32	609	2151	514	66306	0	
1	 8	 4	 5	sample32	359	1901	256	61680	0	
1	 8	 4	 6	control	436	1978	256	61680	0	
1	 9	 1	 1	sample33	862	3176	770	189748	0	
1	 9	 1	 2	sample33	782	3096	770	99502	0	
1	 9	 1	 3	sample33	784	2840	514	82240	0	
1	 9	 1	 4	sample33	1130	3444	1028	46280	0	
1	 9	 1	 5	sample33	353	2667	256	92560	0	
1	 9	 1	 6	control	481	2795	256	92560	0	
1	 9	 2	 1	sample34	1110	2910	1028	45000	0	
1	 9	 2	 2	sample34	1150	2950	1028	72000	0	
1	 9	 2	 3	sample34	1085	2885	1028	32400	0	
1	 9	 2	 4	sample34	642	2442	514	72000	0	
1	 9	 2	 5	sample34	359	2159	256	72000	0	
1	 9	 2	 6	control	700	2500	514	72000	0	
1	 9	 3	 1	sample35	1668	3210	1542	60138	0	
1	 9	 3	 2	sample35	584	2384	256	72000	0	
1	 9	 3	 3	sample35	417	2217	256	72000	0	
1	 9	 3	 4	sample35	481	2281	256	72000	0	
1	 9	 3	 5	sample35	289	2089	0	72000	0	
1	 9	 3	 6	control	257	2057	0	72000	0	
1	 9	 4	 1	sample36	2055	3855	1798	61200	0	
1	 9	 4	 2	sample36	893	2693	770	72000	0	
1	 9	 4	 3	sample36	734	2534	514	88200	0	
1	 9	 4	 4	sample36	379	2179	256	72000	0	
1	 9	 4	 5	sample36	334	2134	256	72000	0	
1	 9	 4	 6	control	746	2546	770	37800	0	
1	 10	 1	 1	sample37	1286	2828	1286	61680	0	
1	 10	 1	 2	sample37	836	2378	772	61680	0	
1	 10	 1	 3	sample37	269	2069	256	72000	0	
1	 10	 1	 4	sample37	346	2146	256	72000	0	
1	 10	 1	 5	sample37	301	2101	0	72000	0	
1	 10	 1	 6	control	179	1979	0	72000	0	
1	 10	 2	 1	sample38	902	2188	770	63014	0	
1	 10	 2	 2	sample38	655	1941	514	51440	0	
1	 10	 2	 3	sample38	245	1787	258	61680	0	
1	 10	 2	 4	sample38	449	1735	256	51440	0	
1	 10	 2	 5	sample38	488	1774	256	51440	0	
1	 10	 2	 6	control	302	1844	0	61680	0	
1	 10	 3	 1	sample39	2321	3607	2312	82304	0	
1	 10	 3	 2	sample39	950	2236	770	55298	0	
1	 10	 3	 3	sample39	1021	2307	770	51440	0	
1	 10	 3	 4	sample39	494	1780	256	51440	0	
1	 10	 3	 5	sample39	385	1671	0	51440	0	
1	 10	 3	 6	control	205	1491	256	51440	0	
1	 10	 4	 1	sample40	2223	3509	1798	25720	0	
1	 10	 4	 2	sample40	713	1999	514	51440	0	
1	 10	 4	 3	sample40	899	2185	770	51440	0	
1	 10	 4	 4	sample40	411	1697	256	51440	0	
1	 10	 4	 5	sample40	347	1633	0	51440	0	
1	 10	 4	 6	control	571	2113	514	27756	0	
1	 11	 1	 1	sample41	668	2724	514	82240	0	
1	 11	 1	 2	sample41	758	2814	514	82240	0	
1	 11	 1	 3	sample41	238	2550	0	92480	0	
1	 11	 1	 4	sample41	648	2704	514	82240	0	
1	 11	 1	 5	sample41	187	2499	258	92480	0	
1	 11	 1	 6	control	245	2557	258	92480	0	
1	 11	 2	 1	sample42	604	2402	514	71920	0	
1	 11	 2	 2	sample42	714	2512	514	71920	0	
1	 11	 2	 3	sample42	560	2358	258	71920	0	
1	 11	 2	 4	sample42	444	2242	258	71920	0	
1	 11	 2	 5	sample42	335	2133	258	71920	0	
1	 11	 2	 6	control	443	2499	514	82240	0	
1	 11	 3	 1	sample43	3025	4823	1800	93496	0	
1	 11	 3	 2	sample43	1327	3125	1286	111476	0	
1	 11	 3	 3	sample43	627	2425	514	86304	0	
1	 11	 3	 4	sample43	758	2300	770	64764	0	
1	 11	 3	 5	sample43	559	2101	514	61680	0	
1	 11	 3	 6	control	315	2113	258	71920	0	
1	 11	 4	 1	sample44	1636	3178	1542	58596	0	
1	 11	 4	 2	sample44	854	2652	772	50344	0	
1	 11	 4	 3	sample44	899	2441	770	52428	0	
1	 11	 4	 4	sample44	930	2472	770	32382	0	
1	 11	 4	 5	sample44	603	2145	514	61680	0	
1	 11	 4	 6	control	507	2305	514	62930	0	
1	 12	 1	 1	sample45	1028	3342	1028	108758	0	
1	 12	 1	 2	sample45	751	3065	770	92560	0	
1	 12	 1	 3	sample45	780	3350	772	74530	0	
1	 12	 1	 4	sample45	559	3387	514	113120	0	
1	 12	 1	 5	sample45	475	3303	256	113120	0	
1	 12	 1	 6	control	205	3547	0	133680	0	
1	 12	 2	 1	sample46	693	2493	514	72000	0	
1	 12	 2	 2	sample46	624	2680	514	82240	0	
1	 12	 2	 3	sample46	463	2519	514	82240	0	
1	 12	 2	 4	sample46	359	2673	256	92560	0	
1	 12	 2	 5	sample46	251	2821	258	102800	0	
1	 12	 2	 6	control	462	3290	256	113120	0	
1	 12	 3	 1	sample47	1165	2965	1028	104400	0	
1	 12	 3	 2	sample47	822	2622	514	72000	0	
1	 12	 3	 3	sample47	732	2532	770	72000	0	
1	 12	 3	 4	sample47	690	2746	514	45232	0	
1	 12	 3	 5	sample47	257	2571	0	92560	0	
1	 12	 3	 6	control	193	2763	258	102800	0	
1	 12	 4	 1	sample48	1171	2713	1028	58596	0	
1	 12	 4	 2	sample48	706	2506	770	72000	0	
1	 12	 4	 3	sample48	597	2397	514	72000	0	
1	 12	 4	 4	sample48	835	2635	770	43200	0	
1	 12	 4	 5	sample48	354	2410	258	82240	0	
1	 12	 4	 6	control	296	2866	258	102800	0	
2	 1	 1	 1	sample49	1234	3034	1284	127800	0	
2	 1	 1	 2	sample49	1425	2967	1542	53970	0	
2	 1	 1	 3	sample49	624	2166	514	61680	0	
2	 1	 1	 4	sample49	919	2461	772	72474	0	
2	 1	 1	 5	sample49	463	2005	258	61680	0	
2	 1	 1	 6	control	57.4	1857	0	72000	0	
2	 1	 2	 1	sample50	2309	4109	2312	124200	0	
2	 1	 2	 2	sample50	2661	4203	2570	123360	0	
2	 1	 2	 3	sample50	1891	3433	2056	138780	0	
2	 1	 2	 4	sample50	1352	2894	1542	149574	0	
2	 1	 2	 5	sample50	1136	2678	1286	66306	0	
2	 1	 2	 6	control	919	2719	1028	68400	0	
2	 1	 3	 1	sample51	1505	3305	1542	140400	0	
2	 1	 3	 2	sample51	868	2410	514	61680	0	
2	 1	 3	 3	sample51	616	1902	514	51440	0	
2	 1	 3	 4	sample51	309	1851	258	61680	0	
2	 1	 3	 5	sample51	515	2057	514	61680	0	
2	 1	 3	 6	control	-0.49	1800	0	72000	0	
2	 1	 4	 1	sample52	1807	3349	1542	109482	0	
2	 1	 4	 2	sample52	997	2539	772	75558	0	
2	 1	 4	 3	sample52	477	2019	514	74016	0	
2	 1	 4	 4	sample52	472	2014	514	75558	0	
2	 1	 4	 5	sample52	437	1979	514	61680	0	
2	 1	 4	 6	control	778	2320	1028	61680	0	
2	 2	 1	 1	sample53	1494	3036	1542	117192	0	
2	 2	 1	 2	sample53	571	2113	514	61680	0	
2	 2	 1	 3	sample53	914	2456	770	66306	0	
2	 2	 1	 4	sample53	822	2364	770	53970	0	
2	 2	 1	 5	sample53	416	1958	256	44718	0	
2	 2	 1	 6	control	135	1677	0	61680	0	
2	 2	 2	 1	sample54	1181	2723	1284	144948	0	
2	 2	 2	 2	sample54	1432	2974	1542	94062	0	
2	 2	 2	 3	sample54	1118	2402	1028	55212	0	
2	 2	 2	 4	sample54	730	2272	770	49344	0	
2	 2	 2	 5	sample54	353	1895	256	61680	0	
2	 2	 2	 6	control	783	2325	770	61680	0	
2	 2	 3	 1	sample55	2353	3895	2056	97146	0	
2	 2	 3	 2	sample55	1580	3122	1542	114108	0	
2	 2	 3	 3	sample55	1113	2397	1028	105288	0	
2	 2	 3	 4	sample55	716	2258	770	50886	0	
2	 2	 3	 5	sample55	521	1805	514	51360	0	
2	 2	 3	 6	control	31.7	1574	0	61680	0	
2	 2	 4	 1	sample56	1904	3446	1284	86352	0	
2	 2	 4	 2	sample56	1245	2787	1284	109482	0	
2	 2	 4	 3	sample56	1019	2303	1028	68052	0	
2	 2	 4	 4	sample56	947	2489	1028	29298	0	
2	 2	 4	 5	sample56	1087	2371	1028	28248	0	
2	 2	 4	 6	control	540	1824	514	51360	0	
2	 3	 1	 1	sample57	1825	3367	1798	135696	0	
2	 3	 1	 2	sample57	1306	2848	1284	131070	0	
2	 3	 1	 3	sample57	1475	2759	1542	59064	0	
2	 3	 1	 4	sample57	687	2229	514	70932	0	
2	 3	 1	 5	sample57	888	2172	772	28248	0	
2	 3	 1	 6	control	257	1541	258	51360	0	
2	 3	 2	 1	sample58	1354	2896	1284	120276	0	
2	 3	 2	 2	sample58	1028	2570	1028	58596	0	
2	 3	 2	 3	sample58	988	2272	1028	56496	0	
2	 3	 2	 4	sample58	327	1869	256	61680	0	
2	 3	 2	 5	sample58	412	1696	258	51360	0	
2	 3	 2	 6	control	1197	2481	1286	44940	0	
2	 3	 3	 1	sample59	3867	5409	3598	98688	0	
2	 3	 3	 2	sample59	2469	4011	2826	126444	0	
2	 3	 3	 3	sample59	1821	3105	1800	105288	0	
2	 3	 3	 4	sample59	1044	2586	1028	70932	0	
2	 3	 3	 5	sample59	830	2114	772	44940	0	
2	 3	 3	 6	control	206	1490	0	51360	0	
2	 3	 4	 1	sample60	993	2535	770	115650	0	
2	 3	 4	 2	sample60	733	2017	514	51360	0	
2	 3	 4	 3	sample60	747	2031	772	26964	0	
2	 3	 4	 4	sample60	315	1599	258	51360	0	
2	 3	 4	 5	sample60	270	1554	258	51360	0	
2	 3	 4	 6	control	605	1889	514	43656	0	
2	 4	 1	 1	sample61	1354	3154	1284	126000	0	
2	 4	 1	 2	sample61	1217	2759	1028	132612	0	
2	 4	 1	 3	sample61	1239	2781	1286	67848	0	
2	 4	 1	 4	sample61	462	2262	256	72000	0	
2	 4	 1	 5	sample61	495	2037	514	61680	0	
2	 4	 1	 6	control	5.95	1806	0	72000	0	
2	 4	 2	 1	sample62	1217	2759	1028	138780	0	
2	 4	 2	 2	sample62	916	2458	772	74016	0	
2	 4	 2	 3	sample62	549	2091	514	57054	0	
2	 4	 2	 4	sample62	193	1735	0	61680	0	
2	 4	 2	 5	sample62	328	1870	258	61680	0	
2	 4	 2	 6	control	845	2387	772	53970	0	
2	 4	 3	 1	sample63	2611	4153	2056	106398	0	
2	 4	 3	 2	sample63	2029	3571	2056	100230	0	
2	 4	 3	 3	sample63	1424	2966	1286	77100	0	
2	 4	 3	 4	sample63	713	2255	772	74016	0	
2	 4	 3	 5	sample63	386	1928	258	61680	0	
2	 4	 3	 6	control	-147.39	1395	0	61680	0	
2	 4	 4	 1	sample64	1034	2576	1028	75558	0	
2	 4	 4	 2	sample64	701	2243	772	61680	0	
2	 4	 4	 3	sample64	514	2056	514	61680	0	
2	 4	 4	 4	sample64	392	1934	258	61680	0	
2	 4	 4	 5	sample64	232	1774	258	61680	0	
2	 4	 4	 6	control	489	2031	514	61680	0	
2	 5	 1	 1	sample65	2992	4792	2826	131400	0	
2	 5	 1	 2	sample65	2254	4054	2056	135000	0	
2	 5	 1	 3	sample65	1883	3683	1798	126000	0	
2	 5	 1	 4	sample65	1197	2997	1028	79200	0	
2	 5	 1	 5	sample65	526	2326	514	72000	0	
2	 5	 1	 6	control	257	2057	0	72000	0	
2	 5	 2	 1	sample66	1284	3084	1284	126000	0	
2	 5	 2	 2	sample66	1378	3178	1284	73800	0	
2	 5	 2	 3	sample66	771	2571	770	90000	0	
2	 5	 2	 4	sample66	841	2641	770	39600	0	
2	 5	 2	 5	sample66	449	2249	256	72000	0	
2	 5	 2	 6	control	1527	3327	1284	32400	0	
2	 5	 3	 1	sample67	1689	3231	1542	67848	0	
2	 5	 3	 2	sample67	1202	2744	1028	75558	0	
2	 5	 3	 3	sample67	449	2249	256	72000	0	
2	 5	 3	 4	sample67	520	2320	256	72000	0	
2	 5	 3	 5	sample67	276	2076	256	72000	0	
2	 5	 3	 6	control	244	2044	0	72000	0	
2	 5	 4	 1	sample68	2259	3801	1800	115650	0	
2	 5	 4	 2	sample68	1669	3211	1542	124902	0	
2	 5	 4	 3	sample68	791	2333	772	61680	0	
2	 5	 4	 4	sample68	757	2557	514	70200	0	
2	 5	 4	 5	sample68	526	2326	256	72000	0	
2	 5	 4	 6	control	546	2346	256	72000	0	
2	 6	 1	 1	sample69	2188	4244	2314	180928	0	
2	 6	 1	 2	sample69	1772	3572	1542	68400	0	
2	 6	 1	 3	sample69	1593	3393	1542	81000	0	
2	 6	 1	 4	sample69	1112	2912	1284	104400	0	
2	 6	 1	 5	sample69	1019	2819	1028	54000	0	
2	 6	 1	 6	control	930	2472	772	20046	0	
2	 6	 2	 1	sample70	1638	3438	1542	95400	0	
2	 6	 2	 2	sample70	985	2785	1028	64800	0	
2	 6	 2	 3	sample70	485	2285	514	64800	0	
2	 6	 2	 4	sample70	1833	3633	1798	81000	0	
2	 6	 2	 5	sample70	282	2082	256	72000	0	
2	 6	 2	 6	control	1159	2701	1028	81726	0	
2	 6	 3	 1	sample71	980	2780	770	88200	0	
2	 6	 3	 2	sample71	735	2535	770	64800	0	
2	 6	 3	 3	sample71	507	2307	514	68400	0	
2	 6	 3	 4	sample71	515	2057	514	61680	0	
2	 6	 3	 5	sample71	225	1767	258	61680	0	
2	 6	 3	 6	control	213	1755	258	61680	0	
2	 6	 4	 1	sample72	4384	6184	3084	91800	0	
2	 6	 4	 2	sample72	1506	3306	1284	90000	0	
2	 6	 4	 3	sample72	1101	2901	1028	75600	0	
2	 6	 4	 4	sample72	571	2371	514	72000	0	
2	 6	 4	 5	sample72	508	2050	514	61680	0	
2	 6	 4	 6	control	689	2231	514	38550	0	
2	 7	 1	 1	sample73	1548	3090	1542	70932	0	
2	 7	 1	 2	sample73	1442	2984	1286	63222	0	
2	 7	 1	 3	sample73	934	2476	772	70932	0	
2	 7	 1	 4	sample73	957	2243	770	42438	0	
2	 7	 1	 5	sample73	495	2037	514	61680	0	
2	 7	 1	 6	control	232	1774	258	61680	0	
2	 7	 2	 1	sample74	1585	3127	1542	101772	0	
2	 7	 2	 2	sample74	1488	2774	1542	86162	0	
2	 7	 2	 3	sample74	1080	2366	1028	63014	0	
2	 7	 2	 4	sample74	964	2506	772	61680	0	
2	 7	 2	 5	sample74	444	1986	258	61680	0	
2	 7	 2	 6	control	1119	2661	1028	61680	0	
2	 7	 3	 1	sample75	315	1857	258	61680	0	
2	 7	 3	 2	sample75	322	1864	258	61680	0	
2	 7	 3	 3	sample75	383	1925	258	60138	0	
2	 7	 3	 4	sample75	251	1793	258	61680	0	
2	 7	 3	 5	sample75	322	1864	258	61680	0	
2	 7	 3	 6	control	173	1973	256	72000	0	
2	 7	 4	 1	sample76	1971	3513	1800	87894	0	
2	 7	 4	 2	sample76	1542	3084	1286	69390	0	
2	 7	 4	 3	sample76	980	2266	770	63014	0	
2	 7	 4	 4	sample76	463	2005	258	61680	0	
2	 7	 4	 5	sample76	470	2012	514	61680	0	
2	 7	 4	 6	control	476	2018	514	61680	0	
2	 8	 1	 1	sample77	2664	4720	2570	156256	0	
2	 8	 1	 2	sample77	1844	3900	1798	185040	0	
2	 8	 1	 3	sample77	1355	3411	1284	82240	0	
2	 8	 1	 4	sample77	777	2575	772	84506	0	
2	 8	 1	 5	sample77	264	2062	258	71920	0	
2	 8	 1	 6	control	-76.54	1721	-255.99	71920	0	
2	 8	 2	 1	sample78	1251	3307	1284	78128	0	
2	 8	 2	 2	sample78	670	2726	514	94576	0	
2	 8	 2	 3	sample78	199	2255	256	82240	0	
2	 8	 2	 4	sample78	322	2120	258	71920	0	
2	 8	 2	 5	sample78	155	1953	0	71920	0	
2	 8	 2	 6	control	678	2476	514	84506	0	
2	 8	 3	 1	sample79	2184	4240	1798	131584	0	
2	 8	 3	 2	sample79	1350	3406	1542	209712	0	
2	 8	 3	 3	sample79	1214	3270	1284	90464	0	
2	 8	 3	 4	sample79	994	2792	1028	93496	0	
2	 8	 3	 5	sample79	439	2237	514	61132	0	
2	 8	 3	 6	control	13.4	1811	0	71920	0	
2	 8	 4	 1	sample80	1716	3514	1542	71920	0	
2	 8	 4	 2	sample80	878	2676	772	82708	0	
2	 8	 4	 3	sample80	617	2415	514	71920	0	
2	 8	 4	 4	sample80	373	2171	258	71920	0	
2	 8	 4	 5	sample80	296	2094	258	71920	0	
2	 8	 4	 6	control	553	2351	514	71920	0	
2	 9	 1	 1	sample81	1065	2863	1028	125860	0	
2	 9	 1	 2	sample81	671	2469	514	82708	0	
2	 9	 1	 3	sample81	547	2345	514	84506	0	
2	 9	 1	 4	sample81	610	2152	514	61680	0	
2	 9	 1	 5	sample81	110	1908	0	71920	0	
2	 9	 1	 6	control	270	2068	258	71920	0	
2	 9	 2	 1	sample82	1384	3182	1286	122264	0	
2	 9	 2	 2	sample82	1847	3645	1800	136648	0	
2	 9	 2	 3	sample82	1896	3694	1800	95294	0	
2	 9	 2	 4	sample82	1076	2874	1028	77314	0	
2	 9	 2	 5	sample82	697	2495	772	55738	0	
2	 9	 2	 6	control	887	2685	772	120466	0	
2	 9	 3	 1	sample83	1804	3602	1542	100688	0	
2	 9	 3	 2	sample83	1114	2912	1028	102486	0	
2	 9	 3	 3	sample83	753	2551	772	73718	0	
2	 9	 3	 4	sample83	341	2139	258	71920	0	
2	 9	 3	 5	sample83	187	1985	258	71920	0	
2	 9	 3	 6	control	-38.04	1760	0	71920	0	
2	 9	 4	 1	sample84	1784	3582	1542	88102	0	
2	 9	 4	 2	sample84	836	2634	772	71920	0	
2	 9	 4	 3	sample84	495	2293	514	23374	0	
2	 9	 4	 4	sample84	495	2293	514	71920	0	
2	 9	 4	 5	sample84	135	1933	0	71920	0	
2	 9	 4	 6	control	335	2133	258	71920	0	
2	 10	 1	 1	sample85	1163	3219	772	82240	0	
2	 10	 1	 2	sample85	1188	3244	1028	86352	0	
2	 10	 1	 3	sample85	1062	3118	1028	47288	0	
2	 10	 1	 4	sample85	341	2397	258	82240	0	
2	 10	 1	 5	sample85	180	2236	258	82240	0	
2	 10	 1	 6	control	213	2269	258	82240	0	
2	 10	 2	 1	sample86	1532	3588	1542	49344	0	
2	 10	 2	 2	sample86	710	2766	514	86352	0	
2	 10	 2	 3	sample86	496	2552	258	84296	0	
2	 10	 2	 4	sample86	213	2269	258	82240	0	
2	 10	 2	 5	sample86	148	2204	258	82240	0	
2	 10	 2	 6	control	283	2339	258	82240	0	
2	 10	 3	 1	sample87	1191	3247	1028	78128	0	
2	 10	 3	 2	sample87	437	2493	258	82240	0	
2	 10	 3	 3	sample87	647	2703	514	63736	0	
2	 10	 3	 4	sample87	481	2281	514	43200	0	
2	 10	 3	 5	sample87	168	2224	258	82240	0	
2	 10	 3	 6	control	289	2345	258	67848	0	
2	 10	 4	 1	sample88	1489	3545	1286	137752	0	
2	 10	 4	 2	sample88	1001	2801	1028	52200	0	
2	 10	 4	 3	sample88	353	2153	514	72000	0	
2	 10	 4	 4	sample88	90.6	2147	258	82240	0	
2	 10	 4	 5	sample88	238	2294	258	82240	0	
2	 10	 4	 6	control	238	2294	258	82240	0	
2	 11	 1	 1	sample89	1495	3295	1542	99000	0	
2	 11	 1	 2	sample89	884	2684	770	90000	0	
2	 11	 1	 3	sample89	637	2437	514	90000	0	
2	 11	 1	 4	sample89	481	2281	514	72000	0	
2	 11	 1	 5	sample89	218	2018	0	72000	0	
2	 11	 1	 6	control	257	1799	258	61680	0	
2	 11	 2	 1	sample90	1086	2886	1028	79200	0	
2	 11	 2	 2	sample90	725	2525	770	81000	0	
2	 11	 2	 3	sample90	591	2391	514	90000	0	
2	 11	 2	 4	sample90	475	2275	514	72000	0	
2	 11	 2	 5	sample90	385	2185	256	72000	0	
2	 11	 2	 6	control	796	2596	514	72000	0	
2	 11	 3	 1	sample91	1332	2874	1286	120276	0	
2	 11	 3	 2	sample91	1323	2865	1028	52428	0	
2	 11	 3	 3	sample91	636	2436	514	79200	0	
2	 11	 3	 4	sample91	680	2480	770	72000	0	
2	 11	 3	 5	sample91	431	1973	258	61680	0	
2	 11	 3	 6	control	857	2399	514	32382	0	
2	 11	 4	 1	sample92	1050	2592	1028	92520	0	
2	 11	 4	 2	sample92	861	2403	772	75558	0	
2	 11	 4	 3	sample92	796	2338	772	64764	0	
2	 11	 4	 4	sample92	482	2024	258	61680	0	
2	 11	 4	 5	sample92	625	2167	514	32382	0	
2	 11	 4	 6	control	843	2385	772	27756	0	
2	 12	 1	 1	sample93	1183	2467	1286	25680	0	
2	 12	 1	 2	sample93	589	2131	770	26214	0	
2	 12	 1	 3	sample93	340	1882	256	61680	0	
2	 12	 1	 4	sample93	348	2146	258	71920	0	
2	 12	 1	 5	sample93	166	2222	256	82240	0	
2	 12	 1	 6	control	51.8	2364	0	92480	0	
2	 12	 2	 1	sample94	1541	3083	1284	32382	0	
2	 12	 2	 2	sample94	1102	2644	1028	58596	0	
2	 12	 2	 3	sample94	954	2496	1028	64764	0	
2	 12	 2	 4	sample94	677	2475	772	34162	0	
2	 12	 2	 5	sample94	458	2514	514	47288	0	
2	 12	 2	 6	control	514	2826	514	76296	0	
2	 12	 3	 1	sample95	1668	3210	1284	84810	0	
2	 12	 3	 2	sample95	1132	2674	1028	83268	0	
2	 12	 3	 3	sample95	741	2283	770	53970	0	
2	 12	 3	 4	sample95	645	2187	514	60138	0	
2	 12	 3	 5	sample95	232	2030	258	71920	0	
2	 12	 3	 6	control	173	2229	256	82240	0	
2	 12	 4	 1	sample96	1643	2927	1542	82176	0	
2	 12	 4	 2	sample96	1150	2434	1028	48792	0	
2	 12	 4	 3	sample96	1014	2298	1028	44940	0	
2	 12	 4	 4	sample96	424	1966	514	61680	0	
2	 12	 4	 5	sample96	429	2227	514	37758	0	
2	 12	 4	 6	control	550	2606	514	28784	0	
3	 1	 1	 1	sample97	3104	4646	3084	114108	0	
3	 1	 1	 2	sample97	1865	3407	1798	124902	0	
3	 1	 1	 3	sample97	1787	3329	1798	67848	0	
3	 1	 1	 4	sample97	1018	2560	1028	120276	0	
3	 1	 1	 5	sample97	726	2268	770	61680	0	
3	 1	 1	 6	control	57.4	1599	0	61680	0	
3	 1	 2	 1	sample98	2858	4400	2826	124902	0	
3	 1	 2	 2	sample98	1762	3560	2056	134850	0	
3	 1	 2	 3	sample98	456	1998	256	61680	0	
3	 1	 2	 4	sample98	713	2255	770	75558	0	
3	 1	 2	 5	sample98	655	2197	770	61680	0	
3	 1	 2	 6	control	868	2666	772	71920	0	
3	 1	 3	 1	sample99	3170	4712	3598	104856	0	
3	 1	 3	 2	sample99	1089	2631	1028	77100	0	
3	 1	 3	 3	sample99	899	2441	1028	74016	0	
3	 1	 3	 4	sample99	1207	2749	1028	61680	0	
3	 1	 3	 5	sample99	778	2320	770	52428	0	
3	 1	 3	 6	control	-102.29	1696	0	71920	0	
3	 1	 4	 1	sample100	1828	3370	1798	40092	0	
3	 1	 4	 2	sample100	741	2283	770	66306	0	
3	 1	 4	 3	sample100	781	2323	770	74016	0	
3	 1	 4	 4	sample100	347	1889	256	61680	0	
3	 1	 4	 5	sample100	116	1914	258	71920	0	
3	 1	 4	 6	control	592	2390	514	71920	0	
3	 2	 1	 1	sample101	1412	3468	1542	174760	0	
3	 2	 1	 2	sample101	1084	3140	1028	104856	0	
3	 2	 1	 3	sample101	1082	3138	1028	49344	0	
3	 2	 1	 4	sample101	592	2648	514	82240	0	
3	 2	 1	 5	sample101	514	2570	514	82240	0	
3	 2	 1	 6	control	96.9	2153	258	82240	0	
3	 2	 2	 1	sample102	1103	3159	1028	106912	0	
3	 2	 2	 2	sample102	636	2692	514	82240	0	
3	 2	 2	 3	sample102	-5.89	2050	0	82240	0	
3	 2	 2	 4	sample102	6.95	2063	0	82240	0	
3	 2	 2	 5	sample102	206	2262	258	82240	0	
3	 2	 2	 6	control	1222	3278	1286	141864	0	
3	 2	 3	 1	sample103	5107	7163	4112	158312	0	
3	 2	 3	 2	sample103	3888	5944	3856	143920	0	
3	 2	 3	 3	sample103	1699	3755	1542	199432	0	
3	 2	 3	 4	sample103	1260	3316	1286	166536	0	
3	 2	 3	 5	sample103	1019	3075	1028	55512	0	
3	 2	 3	 6	control	90.4	2146	0	82240	0	
3	 2	 4	 1	sample104	2423	4479	2570	154200	0	
3	 2	 4	 2	sample104	1767	3823	1800	129528	0	
3	 2	 4	 3	sample104	1198	3254	1028	228216	0	
3	 2	 4	 4	sample104	502	2558	514	82240	0	
3	 2	 4	 5	sample104	270	2326	258	82240	0	
3	 2	 4	 6	control	470	2526	514	82240	0	
3	 3	 1	 1	sample105	2239	4037	2056	149234	0	
3	 3	 1	 2	sample105	1842	3640	1800	129456	0	
3	 3	 1	 3	sample105	1474	3272	1286	127658	0	
3	 3	 1	 4	sample105	1486	3028	1284	35466	0	
3	 3	 1	 5	sample105	770	2312	770	38550	0	
3	 3	 1	 6	control	199	1741	256	61680	0	
3	 3	 2	 1	sample106	2115	3913	1800	172608	0	
3	 3	 2	 2	sample106	1915	3457	1798	118734	0	
3	 3	 2	 3	sample106	1446	2988	1284	78642	0	
3	 3	 2	 4	sample106	665	2207	514	78642	0	
3	 3	 2	 5	sample106	480	2022	514	58596	0	
3	 3	 2	 6	control	1222	2764	1028	95604	0	
3	 3	 3	 1	sample107	1946	3744	1542	142042	0	
3	 3	 3	 2	sample107	1541	3083	1542	72474	0	
3	 3	 3	 3	sample107	977	2519	1028	63222	0	
3	 3	 3	 4	sample107	591	2133	514	61680	0	
3	 3	 3	 5	sample107	179	1721	256	61680	0	
3	 3	 3	 6	control	489	1773	514	51360	0	
3	 3	 4	 1	sample108	1357	3155	1286	109678	0	
3	 3	 4	 2	sample108	1879	3421	1284	69390	0	
3	 3	 4	 3	sample108	917	2459	1028	78642	0	
3	 3	 4	 4	sample108	746	2030	514	51360	0	
3	 3	 4	 5	sample108	579	1863	514	51360	0	
3	 3	 4	 6	control	662	1946	514	60348	0	
3	 4	 1	 1	sample109	2050	3850	2056	154800	0	
3	 4	 1	 2	sample109	2958	4758	2826	158400	0	
3	 4	 1	 3	sample109	1663	3719	1800	131584	0	
3	 4	 1	 4	sample109	1251	3051	1284	68400	0	
3	 4	 1	 5	sample109	771	2571	770	28800	0	
3	 4	 1	 6	control	12.4	1812	0	72000	0	
3	 4	 2	 1	sample110	3381	5181	3598	136800	0	
3	 4	 2	 2	sample110	1739	3539	1798	180000	0	
3	 4	 2	 3	sample110	1354	3154	1284	66600	0	
3	 4	 2	 4	sample110	738	2538	770	72000	0	
3	 4	 2	 5	sample110	656	2198	772	61680	0	
3	 4	 2	 6	control	1029	2571	1028	107940	0	
3	 4	 3	 1	sample111	3514	5056	3342	89436	0	
3	 4	 3	 2	sample111	2252	3794	2056	109482	0	
3	 4	 3	 3	sample111	1786	3328	1800	115650	0	
3	 4	 3	 4	sample111	1661	3203	1542	57054	0	
3	 4	 3	 5	sample111	683	2225	772	44718	0	
3	 4	 3	 6	control	0.55	1543	0	61680	0	
3	 4	 4	 1	sample112	1753	3295	1542	103314	0	
3	 4	 4	 2	sample112	1181	2723	1286	114108	0	
3	 4	 4	 3	sample112	941	2483	1028	77100	0	
3	 4	 4	 4	sample112	825	2367	772	37008	0	
3	 4	 4	 5	sample112	200	1742	258	61680	0	
3	 4	 4	 6	control	616	1902	514	51440	0	
3	 5	 1	 1	sample113	1732	3788	1798	152144	0	
3	 5	 1	 2	sample113	2055	4111	2312	172704	0	
3	 5	 1	 3	sample113	1133	3189	1028	139808	0	
3	 5	 1	 4	sample113	1296	3352	1028	47288	0	
3	 5	 1	 5	sample113	481	2537	256	82240	0	
3	 5	 1	 6	control	398	2454	256	82240	0	
3	 5	 2	 1	sample114	2060	3858	2056	129456	0	
3	 5	 2	 2	sample114	1694	3492	1542	161820	0	
3	 5	 2	 3	sample114	1050	2848	1028	86304	0	
3	 5	 2	 4	sample114	797	2595	772	71920	0	
3	 5	 2	 5	sample114	682	2480	514	71920	0	
3	 5	 2	 6	control	1134	2932	1028	122264	0	
3	 5	 3	 1	sample115	1048	2846	772	71920	0	
3	 5	 3	 2	sample115	502	2300	258	71920	0	
3	 5	 3	 3	sample115	367	2165	258	71920	0	
3	 5	 3	 4	sample115	605	2403	514	66526	0	
3	 5	 3	 5	sample115	869	2667	772	75516	0	
3	 5	 3	 6	control	245	2043	0	71920	0	
3	 5	 4	 1	sample116	669	2467	514	71920	0	
3	 5	 4	 2	sample116	845	2643	772	62930	0	
3	 5	 4	 3	sample116	669	2467	514	35960	0	
3	 5	 4	 4	sample116	492	2290	258	41354	0	
3	 5	 4	 5	sample116	886	2684	514	32364	0	
3	 5	 4	 6	control	553	2351	514	71920	0	
3	 6	 1	 1	sample117	2584	4384	2312	131400	0	
3	 6	 1	 2	sample117	2787	4587	2826	127800	0	
3	 6	 1	 3	sample117	1305	3361	1286	137752	0	
3	 6	 1	 4	sample117	975	3031	1028	88408	0	
3	 6	 1	 5	sample117	1028	2828	1028	73800	0	
3	 6	 1	 6	control	0.5	2057	0	82240	0	
3	 6	 2	 1	sample118	944	2744	770	77400	0	
3	 6	 2	 2	sample118	1472	3272	1542	73800	0	
3	 6	 2	 3	sample118	997	2797	1028	75600	0	
3	 6	 2	 4	sample118	503	2303	514	84600	0	
3	 6	 2	 5	sample118	391	2191	256	72000	0	
3	 6	 2	 6	control	1586	3386	1542	41400	0	
3	 6	 3	 1	sample119	2243	3785	2314	106398	0	
3	 6	 3	 2	sample119	1746	3288	1800	74016	0	
3	 6	 3	 3	sample119	1106	2648	1028	50886	0	
3	 6	 3	 4	sample119	886	2428	1028	58596	0	
3	 6	 3	 5	sample119	373	1915	258	61680	0	
3	 6	 3	 6	control	63.8	1864	0	72000	0	
3	 6	 4	 1	sample120	1552	3094	1542	40092	0	
3	 6	 4	 2	sample120	1137	2679	1028	69390	0	
3	 6	 4	 3	sample120	635	2177	514	72474	0	
3	 6	 4	 4	sample120	476	2018	514	61680	0	
3	 6	 4	 5	sample120	604	2146	514	35466	0	
3	 6	 4	 6	control	463	2005	258	61680	0	
3	 7	 1	 1	sample121	1967	4537	1800	118220	0	
3	 7	 1	 2	sample121	1547	4375	1542	124432	0	
3	 7	 1	 3	sample121	1135	3963	1284	135744	0	
3	 7	 1	 4	sample121	704	3018	770	115700	0	
3	 7	 1	 5	sample121	367	2423	258	82240	0	
3	 7	 1	 6	control	45.5	2102	0	82240	0	
3	 7	 2	 1	sample122	1620	3934	1542	113386	0	
3	 7	 2	 2	sample122	1110	3424	1028	115700	0	
3	 7	 2	 3	sample122	449	2763	514	92560	0	
3	 7	 2	 4	sample122	219	2275	0	82240	0	
3	 7	 2	 5	sample122	469	2269	514	72000	0	
3	 7	 2	 6	control	1156	2956	1028	75600	0	
3	 7	 3	 1	sample123	2095	4151	1800	137752	0	
3	 7	 3	 2	sample123	1200	3256	1286	154200	0	
3	 7	 3	 3	sample123	623	2679	514	106912	0	
3	 7	 3	 4	sample123	462	2262	514	72000	0	
3	 7	 3	 5	sample123	76.6	1877	0	72000	0	
3	 7	 3	 6	control	141	1941	0	72000	0	
3	 7	 4	 1	sample124	2588	4644	2314	152144	0	
3	 7	 4	 2	sample124	1525	3581	1542	148032	0	
3	 7	 4	 3	sample124	1106	3162	1028	108968	0	
3	 7	 4	 4	sample124	514	2314	256	72000	0	
3	 7	 4	 5	sample124	95.9	1896	0	72000	0	
3	 7	 4	 6	control	399	1941	258	61680	0	
3	 8	 1	 1	sample125	2816	4872	2570	185040	0	
3	 8	 1	 2	sample125	3154	5210	2828	160368	0	
3	 8	 1	 3	sample125	2139	4195	2056	172704	0	
3	 8	 1	 4	sample125	1034	3090	1286	94576	0	
3	 8	 1	 5	sample125	1060	2860	1028	57600	0	
3	 8	 1	 6	control	-6.09	2050	0	82240	0	
3	 8	 2	 1	sample126	1461	3261	1542	91800	0	
3	 8	 2	 2	sample126	1147	2947	1028	162000	0	
3	 8	 2	 3	sample126	1178	2720	1028	92520	0	
3	 8	 2	 4	sample126	656	2198	514	61680	0	
3	 8	 2	 5	sample126	398	2198	514	72000	0	
3	 8	 2	 6	control	1064	2864	1028	63000	0	
3	 8	 3	 1	sample127	1640	3182	1800	101772	0	
3	 8	 3	 2	sample127	1210	2752	1028	74016	0	
3	 8	 3	 3	sample127	547	2089	514	61680	0	
3	 8	 3	 4	sample127	656	2198	514	61680	0	
3	 8	 3	 5	sample127	489	2031	514	61680	0	
3	 8	 3	 6	control	309	1851	258	61680	0	
3	 8	 4	 1	sample128	1566	3108	1542	83268	0	
3	 8	 4	 2	sample128	928	2728	1028	64800	0	
3	 8	 4	 3	sample128	829	2629	770	79200	0	
3	 8	 4	 4	sample128	611	2153	514	61680	0	
3	 8	 4	 5	sample128	418	1960	258	61680	0	
3	 8	 4	 6	control	481	2281	514	70200	0	
3	 9	 1	 1	sample129	1613	3413	1542	64800	0	
3	 9	 1	 2	sample129	1233	3033	1028	178200	0	
3	 9	 1	 3	sample129	1515	3057	1286	29298	0	
3	 9	 1	 4	sample129	687	2487	514	77400	0	
3	 9	 1	 5	sample129	334	2134	256	72000	0	
3	 9	 1	 6	control	359	2159	256	72000	0	
3	 9	 2	 1	sample130	1226	2768	1028	80184	0	
3	 9	 2	 2	sample130	1241	2783	1286	61680	0	
3	 9	 2	 3	sample130	2024	3566	772	61680	0	
3	 9	 2	 4	sample130	534	2076	514	61680	0	
3	 9	 2	 5	sample130	650	2192	514	55512	0	
3	 9	 2	 6	control	1350	2892	1286	37008	0	
3	 9	 3	 1	sample131	1425	2711	1284	56584	0	
3	 9	 3	 2	sample131	739	2281	772	61680	0	
3	 9	 3	 3	sample131	399	1941	258	61680	0	
3	 9	 3	 4	sample131	437	1979	514	61680	0	
3	 9	 3	 5	sample131	429	1971	258	41634	0	
3	 9	 3	 6	control	424	1710	256	51440	0	
3	 9	 4	 1	sample132	2069	3611	1542	92520	0	
3	 9	 4	 2	sample132	1177	2719	1028	87894	0	
3	 9	 4	 3	sample132	1738	3024	1542	60442	0	
3	 9	 4	 4	sample132	877	2163	770	59156	0	
3	 9	 4	 5	sample132	1259	2545	514	51440	0	
3	 9	 4	 6	control	942	2228	770	46296	0	
3	 10	 1	 1	sample133	2860	4660	2312	163800	0	
3	 10	 1	 2	sample133	2494	4294	2312	171000	0	
3	 10	 1	 3	sample133	1978	3520	2056	126444	0	
3	 10	 1	 4	sample133	1146	2688	1028	70932	0	
3	 10	 1	 5	sample133	953	2495	772	41634	0	
3	 10	 1	 6	control	103	1645	0	61680	0	
3	 10	 2	 1	sample134	2208	3750	2056	120276	0	
3	 10	 2	 2	sample134	1462	3004	1542	78642	0	
3	 10	 2	 3	sample134	887	2429	772	78642	0	
3	 10	 2	 4	sample134	803	2089	514	51440	0	
3	 10	 2	 5	sample134	861	2147	514	51440	0	
3	 10	 2	 6	control	835	2121	770	51440	0	
3	 10	 3	 1	sample135	1744	3030	1542	78446	0	
3	 10	 3	 2	sample135	1627	2913	1542	50154	0	
3	 10	 3	 3	sample135	1019	2305	1028	39866	0	
3	 10	 3	 4	sample135	669	1955	514	55298	0	
3	 10	 3	 5	sample135	547	1575	258	41120	0	
3	 10	 3	 6	control	431	1459	258	41120	0	
3	 10	 4	 1	sample136	1511	2797	1284	86162	0	
3	 10	 4	 2	sample136	1361	2647	1284	56584	0	
3	 10	 4	 3	sample136	1006	2292	1028	61728	0	
3	 10	 4	 4	sample136	558	1844	514	51440	0	
3	 10	 4	 5	sample136	327	1613	0	51440	0	
3	 10	 4	 6	control	740	1768	772	41120	0	
3	 11	 1	 1	sample137	1375	3173	1286	77314	0	
3	 11	 1	 2	sample137	733	2531	772	71920	0	
3	 11	 1	 3	sample137	592	2390	514	89900	0	
3	 11	 1	 4	sample137	404	2202	514	62930	0	
3	 11	 1	 5	sample137	366	1908	256	61680	0	
3	 11	 1	 6	control	417	1959	514	61680	0	
3	 11	 2	 1	sample138	868	2410	770	77100	0	
3	 11	 2	 2	sample138	1022	2564	1028	70932	0	
3	 11	 2	 3	sample138	585	2127	514	55512	0	
3	 11	 2	 4	sample138	302	1844	256	61680	0	
3	 11	 2	 5	sample138	257	1799	256	61680	0	
3	 11	 2	 6	control	642	2184	770	61680	0	
3	 11	 3	 1	sample139	1947	3231	1542	87312	0	
3	 11	 3	 2	sample139	552	2094	514	72474	0	
3	 11	 3	 3	sample139	269	1811	256	61680	0	
3	 11	 3	 4	sample139	398	1940	514	30840	0	
3	 11	 3	 5	sample139	276	1818	256	61680	0	
3	 11	 3	 6	control	147	1689	256	61680	0	
3	 11	 4	 1	sample140	1188	2472	1028	26964	0	
3	 11	 4	 2	sample140	624	1908	514	51360	0	
3	 11	 4	 3	sample140	521	1805	514	53928	0	
3	 11	 4	 4	sample140	405	1689	514	51360	0	
3	 11	 4	 5	sample140	731	2015	514	24396	0	
3	 11	 4	 6	control	333	1875	256	61680	0	
3	 12	 1	 1	sample141	1424	2966	1284	74016	0	
3	 12	 1	 2	sample141	884	2682	772	57536	0	
3	 12	 1	 3	sample141	488	2286	514	68324	0	
3	 12	 1	 4	sample141	347	2145	258	71920	0	
3	 12	 1	 5	sample141	341	2139	514	66526	0	
3	 12	 1	 6	control	77.5	2390	0	92480	0	
3	 12	 2	 1	sample142	1476	3018	1284	66306	0	
3	 12	 2	 2	sample142	1087	2629	1028	46260	0	
3	 12	 2	 3	sample142	764	2306	770	61680	0	
3	 12	 2	 4	sample142	525	2067	514	67848	0	
3	 12	 2	 5	sample142	1054	2852	258	71920	0	
3	 12	 2	 6	control	820	2876	770	53456	0	
3	 12	 3	 1	sample143	1852	3394	1798	111024	0	
3	 12	 3	 2	sample143	1437	2979	1542	114108	0	
3	 12	 3	 3	sample143	1028	2570	1028	40092	0	
3	 12	 3	 4	sample143	597	2139	514	61680	0	
3	 12	 3	 5	sample143	238	2036	258	71920	0	
3	 12	 3	 6	control	76.8	2133	0	82240	0	
3	 12	 4	 1	sample144	1628	2912	1542	61632	0	
3	 12	 4	 2	sample144	719	2261	770	61680	0	
3	 12	 4	 3	sample144	275	1817	256	63222	0	
3	 12	 4	 4	sample144	923	2207	1028	28248	0	
3	 12	 4	 5	sample144	347	1889	256	61680	0	
3	 12	 4	 6	control	508	2306	514	71920	0	
4	 1	 1	 1	sample145	1636	3178	1798	109482	0	
4	 1	 1	 2	sample145	1575	3373	1542	253518	0	
4	 1	 1	 3	sample145	1031	2573	1028	112566	0	
4	 1	 1	 4	sample145	1336	2878	1284	30840	0	
4	 1	 1	 5	sample145	463	2261	514	71920	0	
4	 1	 1	 6	control	83	1625	0	61680	0	
4	 1	 2	 1	sample146	1698	3496	1542	118668	0	
4	 1	 2	 2	sample146	1271	3069	1286	95294	0	
4	 1	 2	 3	sample146	491	2289	514	77314	0	
4	 1	 2	 4	sample146	386	2184	258	71920	0	
4	 1	 2	 5	sample146	-5.94	1792	0	71920	0	
4	 1	 2	 6	control	1408	3206	1286	113274	0	
4	 1	 3	 1	sample147	2712	4510	3084	127658	0	
4	 1	 3	 2	sample147	2191	4247	2056	187096	0	
4	 1	 3	 3	sample147	1699	3755	1542	90464	0	
4	 1	 3	 4	sample147	1035	3091	1028	71960	0	
4	 1	 3	 5	sample147	521	2319	514	71920	0	
4	 1	 3	 6	control	141	2197	256	82240	0	
4	 1	 4	 1	sample148	1944	3742	1800	115072	0	
4	 1	 4	 2	sample148	1605	3403	1542	88102	0	
4	 1	 4	 3	sample148	904	2960	770	55512	0	
4	 1	 4	 4	sample148	770	2826	770	67848	0	
4	 1	 4	 5	sample148	592	2390	772	35960	0	
4	 1	 4	 6	control	675	2473	772	71920	0	
4	 2	 1	 1	sample149	2111	3653	2056	80184	0	
4	 2	 1	 2	sample149	1621	2907	1542	37294	0	
4	 2	 1	 3	sample149	917	2203	770	65586	0	
4	 2	 1	 4	sample149	1004	2290	1028	28292	0	
4	 2	 1	 5	sample149	590	1876	514	51440	0	
4	 2	 1	 6	control	187	1729	0	61680	0	
4	 2	 2	 1	sample150	3948	5490	3598	111024	0	
4	 2	 2	 2	sample150	2450	3992	2570	104856	0	
4	 2	 2	 3	sample150	1880	3166	1798	52726	0	
4	 2	 2	 4	sample150	1150	2436	1028	88734	0	
4	 2	 2	 5	sample150	664	2206	772	74016	0	
4	 2	 2	 6	control	1774	3316	1800	61680	0	
4	 2	 3	 1	sample151	991	2791	770	75600	0	
4	 2	 3	 2	sample151	887	2429	772	78642	0	
4	 2	 3	 3	sample151	527	2069	514	61680	0	
4	 2	 3	 4	sample151	623	1909	514	51440	0	
4	 2	 3	 5	sample151	514	1800	514	51440	0	
4	 2	 3	 6	control	142	1684	0	61680	0	
4	 2	 4	 1	sample152	1971	3513	2056	55512	0	
4	 2	 4	 2	sample152	1086	2372	1028	45010	0	
4	 2	 4	 3	sample152	1297	2325	1286	46260	0	
4	 2	 4	 4	sample152	810	1838	772	41120	0	
4	 2	 4	 5	sample152	463	1491	514	41120	0	
4	 2	 4	 6	control	1371	2399	1286	15420	0	
4	 3	 1	 1	sample153	3650	6220	3598	164480	0	
4	 3	 1	 2	sample153	4592	7162	4626	156770	0	
4	 3	 1	 3	sample153	2628	4940	2570	164152	0	
4	 3	 1	 4	sample153	1653	3709	1798	141864	0	
4	 3	 1	 5	sample153	1198	2996	1028	73718	0	
4	 3	 1	 6	control	-5.89	1792	0	71920	0	
4	 3	 2	 1	sample154	2042	4868	2056	200646	0	
4	 3	 2	 2	sample154	1983	4553	1798	200460	0	
4	 3	 2	 3	sample154	1445	3757	1286	115600	0	
4	 3	 2	 4	sample154	742	3054	514	120224	0	
4	 3	 2	 5	sample154	507	2563	514	82240	0	
4	 3	 2	 6	control	1627	3425	1542	104284	0	
4	 3	 3	 1	sample155	1338	3908	1284	123360	0	
4	 3	 3	 2	sample155	341	3167	258	113040	0	
4	 3	 3	 3	sample155	263	2833	256	102800	0	
4	 3	 3	 4	sample155	436	2748	514	53176	0	
4	 3	 3	 5	sample155	353	2409	256	82240	0	
4	 3	 3	 6	control	-84.14	1972	0	82240	0	
4	 3	 4	 1	sample156	1439	3495	1542	164480	0	
4	 3	 4	 2	sample156	1547	3603	1542	96632	0	
4	 3	 4	 3	sample156	1661	3459	1542	89900	0	
4	 3	 4	 4	sample156	1120	2662	1028	72474	0	
4	 3	 4	 5	sample156	873	2415	770	61680	0	
4	 3	 4	 6	control	871	2669	772	55738	0	
4	 4	 1	 1	sample157	1516	3572	1542	156256	0	
4	 4	 1	 2	sample157	1390	3446	1542	65792	0	
4	 4	 1	 3	sample157	939	2995	772	82240	0	
4	 4	 1	 4	sample157	882	2938	772	71960	0	
4	 4	 1	 5	sample157	514	2570	514	82240	0	
4	 4	 1	 6	control	116	2172	0	82240	0	
4	 4	 2	 1	sample158	1920	3976	1800	92520	0	
4	 4	 2	 2	sample158	1309	3365	1286	90464	0	
4	 4	 2	 3	sample158	898	2954	772	108968	0	
4	 4	 2	 4	sample158	682	2738	514	82240	0	
4	 4	 2	 5	sample158	566	2622	514	82240	0	
4	 4	 2	 6	control	880	3194	770	92560	0	
4	 4	 3	 1	sample159	2892	5206	2570	145782	0	
4	 4	 3	 2	sample159	1654	3968	1798	152724	0	
4	 4	 3	 3	sample159	1465	3779	1542	108758	0	
4	 4	 3	 4	sample159	1552	3866	1542	115700	0	
4	 4	 3	 5	sample159	430	2744	256	92560	0	
4	 4	 3	 6	control	237	2551	256	92560	0	
4	 4	 4	 1	sample160	2451	3993	2314	89436	0	
4	 4	 4	 2	sample160	1877	3419	1800	46260	0	
4	 4	 4	 3	sample160	1272	3072	1284	72000	0	
4	 4	 4	 4	sample160	1169	2969	1284	72000	0	
4	 4	 4	 5	sample160	791	2333	772	61680	0	
4	 4	 4	 6	control	961	2503	1028	58596	0	
4	 5	 1	 1	sample161	2097	4411	1798	231400	0	
4	 5	 1	 2	sample161	2543	4857	2570	111072	0	
4	 5	 1	 3	sample161	1457	3771	1542	182806	0	
4	 5	 1	 4	sample161	1573	3629	1542	51400	0	
4	 5	 1	 5	sample161	528	2584	514	76072	0	
4	 5	 1	 6	control	212	2012	0	72000	0	
4	 5	 2	 1	sample162	2444	5014	2570	187610	0	
4	 5	 2	 2	sample162	1985	4299	2312	152724	0	
4	 5	 2	 3	sample162	1410	3724	1284	85618	0	
4	 5	 2	 4	sample162	938	3252	1028	113386	0	
4	 5	 2	 5	sample162	849	2905	772	82240	0	
4	 5	 2	 6	control	1431	3487	1542	127472	0	
4	 5	 3	 1	sample163	2602	4916	2570	164294	0	
4	 5	 3	 2	sample163	1623	4193	1542	123360	0	
4	 5	 3	 3	sample163	1134	3448	1284	94874	0	
4	 5	 3	 4	sample163	785	3099	770	120328	0	
4	 5	 3	 5	sample163	660	2974	770	80990	0	
4	 5	 3	 6	control	-19.79	2294	0	92560	0	
4	 5	 4	 1	sample164	1986	3528	1542	106398	0	
4	 5	 4	 2	sample164	1821	3363	1800	74016	0	
4	 5	 4	 3	sample164	1075	2875	1028	88200	0	
4	 5	 4	 4	sample164	659	2459	514	95400	0	
4	 5	 4	 5	sample164	624	2166	772	61680	0	
4	 5	 4	 6	control	677	2477	770	84600	0	
4	 6	 1	 1	sample165	1617	3159	1542	127986	0	
4	 6	 1	 2	sample165	1940	3226	2056	111882	0	
4	 6	 1	 3	sample165	1590	2876	1542	61728	0	
4	 6	 1	 4	sample165	709	2251	772	75558	0	
4	 6	 1	 5	sample165	347	1889	258	61680	0	
4	 6	 1	 6	control	-83.09	1459	0	61680	0	
4	 6	 2	 1	sample166	1917	3459	1800	104856	0	
4	 6	 2	 2	sample166	893	2435	772	166536	0	
4	 6	 2	 3	sample166	1044	2586	1028	78642	0	
4	 6	 2	 4	sample166	667	2209	514	72474	0	
4	 6	 2	 5	sample166	608	2150	514	50886	0	
4	 6	 2	 6	control	989	2789	1028	72000	0	
4	 6	 3	 1	sample167	2442	3984	2570	107940	0	
4	 6	 3	 2	sample167	2345	3887	2314	100230	0	
4	 6	 3	 3	sample167	1190	2990	1284	117000	0	
4	 6	 3	 4	sample167	717	2517	770	77400	0	
4	 6	 3	 5	sample167	430	2230	514	72000	0	
4	 6	 3	 6	control	679	2479	770	25200	0	
4	 6	 4	 1	sample168	1361	2647	1284	69444	0	
4	 6	 4	 2	sample168	918	2204	1028	51440	0	
4	 6	 4	 3	sample168	991	2277	1028	63014	0	
4	 6	 4	 4	sample168	539	1825	514	51440	0	
4	 6	 4	 5	sample168	546	1832	514	51440	0	
4	 6	 4	 6	control	788	2330	772	49344	0	
4	 7	 1	 1	sample169	1610	3408	1286	165416	0	
4	 7	 1	 2	sample169	2183	3981	2314	240932	0	
4	 7	 1	 3	sample169	1549	3347	1542	145638	0	
4	 7	 1	 4	sample169	985	2783	1028	95294	0	
4	 7	 1	 5	sample169	476	2274	514	71920	0	
4	 7	 1	 6	control	270	2068	258	71920	0	
4	 7	 2	 1	sample170	3032	4830	2828	131254	0	
4	 7	 2	 2	sample170	1952	4008	1798	168592	0	
4	 7	 2	 3	sample170	1274	3330	1284	150088	0	
4	 7	 2	 4	sample170	1022	3078	1028	104856	0	
4	 7	 2	 5	sample170	883	2681	772	79112	0	
4	 7	 2	 6	control	1308	3364	1284	154200	0	
4	 7	 3	 1	sample171	1986	4042	2056	166536	0	
4	 7	 3	 2	sample171	1908	3964	1798	82240	0	
4	 7	 3	 3	sample171	1113	3169	1028	98688	0	
4	 7	 3	 4	sample171	777	2833	770	76072	0	
4	 7	 3	 5	sample171	513	2569	514	82240	0	
4	 7	 3	 6	control	116	2428	258	92480	0	
4	 7	 4	 1	sample172	1380	3178	1286	53940	0	
4	 7	 4	 2	sample172	715	2513	772	73718	0	
4	 7	 4	 3	sample172	860	2402	770	61680	0	
4	 7	 4	 4	sample172	362	2418	514	45232	0	
4	 7	 4	 5	sample172	224	2280	256	82240	0	
4	 7	 4	 6	control	501	2557	514	82240	0	
4	 8	 1	 1	sample173	3255	4797	3598	104856	0	
4	 8	 1	 2	sample173	2652	4194	2314	121818	0	
4	 8	 1	 3	sample173	1370	2912	1542	107940	0	
4	 8	 1	 4	sample173	1449	2735	1542	78446	0	
4	 8	 1	 5	sample173	1141	2427	1028	55298	0	
4	 8	 1	 6	control	173	1459	0	51440	0	
4	 8	 2	 1	sample174	2654	4454	2570	131400	0	
4	 8	 2	 2	sample174	1496	3038	1286	154200	0	
4	 8	 2	 3	sample174	1215	2757	1286	61680	0	
4	 8	 2	 4	sample174	1029	2571	1028	64764	0	
4	 8	 2	 5	sample174	929	2471	772	27756	0	
4	 8	 2	 6	control	1228	2770	1286	61680	0	
4	 8	 3	 1	sample175	1565	3621	1286	162424	0	
4	 8	 3	 2	sample175	944	2744	770	72000	0	
4	 8	 3	 3	sample175	734	2534	514	88200	0	
4	 8	 3	 4	sample175	617	2159	514	61680	0	
4	 8	 3	 5	sample175	231	2031	256	72000	0	
4	 8	 3	 6	control	109	1909	0	72000	0	
4	 8	 4	 1	sample176	1492	3034	1286	134154	0	
4	 8	 4	 2	sample176	900	2442	772	138780	0	
4	 8	 4	 3	sample176	547	2089	514	61680	0	
4	 8	 4	 4	sample176	598	2140	514	61680	0	
4	 8	 4	 5	sample176	431	1973	514	61680	0	
4	 8	 4	 6	control	656	2198	772	61680	0	
4	 9	 1	 1	sample177	1206	2748	1286	138780	0	
4	 9	 1	 2	sample177	1259	2801	1286	75558	0	
4	 9	 1	 3	sample177	988	2274	1028	66872	0	
4	 9	 1	 4	sample177	565	1851	514	51440	0	
4	 9	 1	 5	sample177	244	1530	256	51440	0	
4	 9	 1	 6	control	50.9	1337	0	51440	0	
4	 9	 2	 1	sample178	1780	3322	1800	101772	0	
4	 9	 2	 2	sample178	1404	2946	1028	100230	0	
4	 9	 2	 3	sample178	1319	2861	1542	70932	0	
4	 9	 2	 4	sample178	714	2256	772	69390	0	
4	 9	 2	 5	sample178	399	1941	514	61680	0	
4	 9	 2	 6	control	1105	2391	1028	42438	0	
4	 9	 3	 1	sample179	3229	5029	2826	120600	0	
4	 9	 3	 2	sample179	1904	3704	1798	61200	0	
4	 9	 3	 3	sample179	1008	2808	1028	72000	0	
4	 9	 3	 4	sample179	757	2557	770	70200	0	
4	 9	 3	 5	sample179	572	2114	514	61680	0	
4	 9	 3	 6	control	360	1902	258	61680	0	
4	 9	 4	 1	sample180	1675	3217	1800	111024	0	
4	 9	 4	 2	sample180	1235	3035	1028	84600	0	
4	 9	 4	 3	sample180	964	2506	1028	55512	0	
4	 9	 4	 4	sample180	804	2346	772	61680	0	
4	 9	 4	 5	sample180	322	1864	258	61680	0	
4	 9	 4	 6	control	592	2134	514	61680	0	
4	 10	 1	 1	sample181	1300	3100	1284	117000	0	
4	 10	 1	 2	sample181	1747	3547	1542	72000	0	
4	 10	 1	 3	sample181	1230	2772	1028	70932	0	
4	 10	 1	 4	sample181	887	2429	772	47802	0	
4	 10	 1	 5	sample181	296	1838	258	61680	0	
4	 10	 1	 6	control	231	1517	256	51440	0	
4	 10	 2	 1	sample182	1709	3509	1542	118800	0	
4	 10	 2	 2	sample182	1021	2821	1028	153000	0	
4	 10	 2	 3	sample182	1445	2987	1542	57054	0	
4	 10	 2	 4	sample182	772	2314	772	50886	0	
4	 10	 2	 5	sample182	476	2018	258	61680	0	
4	 10	 2	 6	control	876	2418	1028	41634	0	
4	 10	 3	 1	sample183	2806	4862	2314	121304	0	
4	 10	 3	 2	sample183	1202	3258	1286	88408	0	
4	 10	 3	 3	sample183	1226	3026	1284	111600	0	
4	 10	 3	 4	sample183	636	2436	514	72000	0	
4	 10	 3	 5	sample183	257	2057	256	72000	0	
4	 10	 3	 6	control	95.9	1896	0	72000	0	
4	 10	 4	 1	sample184	1140	3196	1028	94576	0	
4	 10	 4	 2	sample184	917	2717	770	63000	0	
4	 10	 4	 3	sample184	819	2361	772	58596	0	
4	 10	 4	 4	sample184	469	2011	514	61680	0	
4	 10	 4	 5	sample184	520	1806	514	51440	0	
4	 10	 4	 6	control	861	2147	1028	47582	0	
4	 11	 1	 1	sample185	1430	3742	1286	168776	0	
4	 11	 1	 2	sample185	1211	3267	1284	150088	0	
4	 11	 1	 3	sample185	914	2970	770	106912	0	
4	 11	 1	 4	sample185	385	2441	256	82240	0	
4	 11	 1	 5	sample185	380	2178	258	71920	0	
4	 11	 1	 6	control	238	2036	258	71920	0	
4	 11	 2	 1	sample186	1321	3633	1286	134096	0	
4	 11	 2	 2	sample186	1065	3377	1028	97104	0	
4	 11	 2	 3	sample186	655	2711	514	82240	0	
4	 11	 2	 4	sample186	502	2300	514	71920	0	
4	 11	 2	 5	sample186	303	2101	258	71920	0	
4	 11	 2	 6	control	631	2429	514	55738	0	
4	 11	 3	 1	sample187	3270	5582	3084	124848	0	
4	 11	 3	 2	sample187	1444	3756	1286	157216	0	
4	 11	 3	 3	sample187	771	3083	772	104040	0	
4	 11	 3	 4	sample187	552	2608	514	55512	0	
4	 11	 3	 5	sample187	585	2383	514	71920	0	
4	 11	 3	 6	control	463	2261	514	71920	0	
4	 11	 4	 1	sample188	2019	4075	1798	57568	0	
4	 11	 4	 2	sample188	1137	3193	1028	82240	0	
4	 11	 4	 3	sample188	784	2582	772	71920	0	
4	 11	 4	 4	sample188	502	2300	514	71920	0	
4	 11	 4	 5	sample188	597	2139	514	61680	0	
4	 11	 4	 6	control	865	2407	770	58596	0	
4	 12	 1	 1	sample189	489	2031	514	61680	0	
4	 12	 1	 2	sample189	450	1992	258	61680	0	
4	 12	 1	 3	sample189	450	1992	258	61680	0	
4	 12	 1	 4	sample189	373	1915	258	61680	0	
4	 12	 1	 5	sample189	354	1896	258	61680	0	
4	 12	 1	 6	control	327	2127	256	72000	0	
4	 12	 2	 1	sample190	1392	2934	1286	70932	0	
4	 12	 2	 2	sample190	731	2273	772	67848	0	
4	 12	 2	 3	sample190	551	2093	258	77100	0	
4	 12	 2	 4	sample190	360	1902	258	61680	0	
4	 12	 2	 5	sample190	437	1979	258	61680	0	
4	 12	 2	 6	control	700	2500	514	72000	0	
4	 12	 3	 1	sample191	976	2518	772	52428	0	
4	 12	 3	 2	sample191	1441	2727	1284	23148	0	
4	 12	 3	 3	sample191	571	1857	514	51440	0	
4	 12	 3	 4	sample191	219	1761	0	61680	0	
4	 12	 3	 5	sample191	3029	4571	2570	35466	0	
4	 12	 3	 6	control	347	2403	258	82240	0	
4	 12	 4	 1	sample192	1520	2806	1542	46296	0	
4	 12	 4	 2	sample192	974	2260	770	30864	0	
4	 12	 4	 3	sample192	571	1857	256	39866	0	
4	 12	 4	 4	sample192	796	2082	514	51440	0	
4	 12	 4	 5	sample192	1004	2546	772	32382	0	
4	 12	 4	 6	control	661	2461	514	72000	0	
