MicroVigene	 Version	 2501
Culture	en-US
9/27/2006 4:12:12 PM
Roi Row	 4	 Roi Col	 12	 Main Row	 4	 Main Col	 6	 Sub Row	 1	 Sub Col	 1
Main Row	 Main Col	 Sub Row	 Sub Col	  GeneID	mean_net	 mean_total	 median_net	 vol_bkg	 vol_dust	 
1	 1	 1	 1	sample1	706	3534	514	113120	0	
1	 1	 1	 2	sample1	1609	4179	1542	100230	0	
1	 1	 1	 3	sample1	450	3020	514	102800	0	
1	 1	 1	 4	sample1	393	2963	258	102800	0	
1	 1	 1	 5	sample1	417	2731	256	92560	0	
1	 1	 1	 6	control	84.1	2654	0	102800	0	
1	 1	 2	 1	sample2	623	2937	514	108758	0	
1	 1	 2	 2	sample2	1016	3330	770	159666	0	
1	 1	 2	 3	sample2	879	2935	772	49344	0	
1	 1	 2	 4	sample2	412	2468	258	82240	0	
1	 1	 2	 5	sample2	270	2326	258	82240	0	
1	 1	 2	 6	control	425	2481	258	82240	0	
1	 1	 3	 1	sample3	1217	3273	1028	69904	0	
1	 1	 3	 2	sample3	726	2782	514	92520	0	
1	 1	 3	 3	sample3	501	2301	514	72000	0	
1	 1	 3	 4	sample3	263	2063	256	72000	0	
1	 1	 3	 5	sample3	388	2188	256	73800	0	
1	 1	 3	 6	control	-238.29	1562	-257.99	72000	0	
1	 1	 4	 1	sample4	1835	3635	1542	88200	0	
1	 1	 4	 2	sample4	816	2616	770	72000	0	
1	 1	 4	 3	sample4	237	2037	256	72000	0	
1	 1	 4	 4	sample4	83	1883	0	72000	0	
1	 1	 4	 5	sample4	-6.99	1793	0	72000	0	
1	 1	 4	 6	control	188	1988	256	27000	0	
1	 2	 1	 1	sample5	665	3235	514	113080	0	
1	 2	 1	 2	sample5	692	3004	772	104040	0	
1	 2	 1	 3	sample5	639	3209	514	115650	0	
1	 2	 1	 4	sample5	351	2921	256	125930	0	
1	 2	 1	 5	sample5	431	2743	514	92480	0	
1	 2	 1	 6	control	435	2747	258	104040	0	
1	 2	 2	 1	sample6	793	3105	772	55488	0	
1	 2	 2	 2	sample6	815	2871	770	59624	0	
1	 2	 2	 3	sample6	967	3023	770	61680	0	
1	 2	 2	 4	sample6	601	2657	514	96632	0	
1	 2	 2	 5	sample6	526	2582	256	82240	0	
1	 2	 2	 6	control	404	2460	256	82240	0	
1	 2	 3	 1	sample7	734	2532	772	86304	0	
1	 2	 3	 2	sample7	800	2598	772	64728	0	
1	 2	 3	 3	sample7	690	2488	514	79112	0	
1	 2	 3	 4	sample7	754	2552	772	53940	0	
1	 2	 3	 5	sample7	290	2088	258	71920	0	
1	 2	 3	 6	control	322	2120	258	71920	0	
1	 2	 4	 1	sample8	655	2453	514	59334	0	
1	 2	 4	 2	sample8	635	2433	514	61132	0	
1	 2	 4	 3	sample8	606	2404	514	55738	0	
1	 2	 4	 4	sample8	477	2275	514	61132	0	
1	 2	 4	 5	sample8	303	2101	258	71920	0	
1	 2	 4	 6	control	283	2081	258	71920	0	
1	 3	 1	 1	sample9	810	2866	772	96632	0	
1	 3	 1	 2	sample9	565	2879	514	69420	0	
1	 3	 1	 3	sample9	701	2757	772	82240	0	
1	 3	 1	 4	sample9	643	2699	514	86352	0	
1	 3	 1	 5	sample9	444	2500	514	82240	0	
1	 3	 1	 6	control	315	2371	258	82240	0	
1	 3	 2	 1	sample10	634	2434	514	84600	0	
1	 3	 2	 2	sample10	794	2594	770	59400	0	
1	 3	 2	 3	sample10	521	2321	514	64800	0	
1	 3	 2	 4	sample10	334	2134	256	59400	0	
1	 3	 2	 5	sample10	167	1967	256	72000	0	
1	 3	 2	 6	control	707	2249	514	61680	0	
1	 3	 3	 1	sample11	772	2314	772	27756	0	
1	 3	 3	 2	sample11	536	2078	514	74016	0	
1	 3	 3	 3	sample11	464	2006	514	70932	0	
1	 3	 3	 4	sample11	394	1936	258	52428	0	
1	 3	 3	 5	sample11	494	1780	514	51440	0	
1	 3	 3	 6	control	327	1613	256	51440	0	
1	 3	 4	 1	sample12	461	2003	514	58596	0	
1	 3	 4	 2	sample12	258	1800	258	61680	0	
1	 3	 4	 3	sample12	277	1819	258	61680	0	
1	 3	 4	 4	sample12	500	2042	514	27756	0	
1	 3	 4	 5	sample12	398	1684	256	51440	0	
1	 3	 4	 6	control	238	1780	0	61680	0	
1	 4	 1	 1	sample13	878	2676	772	95294	0	
1	 4	 1	 2	sample13	765	2563	772	66526	0	
1	 4	 1	 3	sample13	652	2450	514	80910	0	
1	 4	 1	 4	sample13	592	2390	514	71920	0	
1	 4	 1	 5	sample13	626	2424	514	66526	0	
1	 4	 1	 6	control	636	2434	514	34162	0	
1	 4	 2	 1	sample14	578	2120	514	111024	0	
1	 4	 2	 2	sample14	492	2034	514	74016	0	
1	 4	 2	 3	sample14	615	2157	514	58596	0	
1	 4	 2	 4	sample14	430	1972	256	61680	0	
1	 4	 2	 5	sample14	539	2081	514	61680	0	
1	 4	 2	 6	control	599	2141	514	41634	0	
1	 4	 3	 1	sample15	1036	2064	1028	30840	0	
1	 4	 3	 2	sample15	759	2043	772	25680	0	
1	 4	 3	 3	sample15	404	1688	514	53928	0	
1	 4	 3	 4	sample15	489	1773	514	51360	0	
1	 4	 3	 5	sample15	431	1715	258	51360	0	
1	 4	 3	 6	control	499	1783	514	21828	0	
1	 4	 4	 1	sample16	553	1837	514	51360	0	
1	 4	 4	 2	sample16	422	1706	258	50076	0	
1	 4	 4	 3	sample16	439	1723	258	52644	0	
1	 4	 4	 4	sample16	1148	2176	1028	17476	0	
1	 4	 4	 5	sample16	366	1650	258	57780	0	
1	 4	 4	 6	control	568	1852	514	37236	0	
1	 5	 1	 1	sample17	839	2637	772	68324	0	
1	 5	 1	 2	sample17	559	2357	514	82708	0	
1	 5	 1	 3	sample17	540	2338	514	71920	0	
1	 5	 1	 4	sample17	431	2229	514	71920	0	
1	 5	 1	 5	sample17	447	2245	514	34162	0	
1	 5	 1	 6	control	174	1972	258	71920	0	
1	 5	 2	 1	sample18	481	2023	514	61680	0	
1	 5	 2	 2	sample18	399	1941	514	55512	0	
1	 5	 2	 3	sample18	467	2009	514	60138	0	
1	 5	 2	 4	sample18	709	2251	770	38550	0	
1	 5	 2	 5	sample18	186	1728	256	61680	0	
1	 5	 2	 6	control	355	1897	256	60138	0	
1	 5	 3	 1	sample19	680	1964	514	53928	0	
1	 5	 3	 2	sample19	630	1914	514	48792	0	
1	 5	 3	 3	sample19	576	1860	514	53928	0	
1	 5	 3	 4	sample19	598	1882	514	51360	0	
1	 5	 3	 5	sample19	238	1522	258	51360	0	
1	 5	 3	 6	control	26.2	1310	0	51360	0	
1	 5	 4	 1	sample20	448	1732	514	50076	0	
1	 5	 4	 2	sample20	232	1516	258	51360	0	
1	 5	 4	 3	sample20	704	1988	514	24396	0	
1	 5	 4	 4	sample20	699	1727	514	25700	0	
1	 5	 4	 5	sample20	469	1497	256	41120	0	
1	 5	 4	 6	control	123	1407	0	51360	0	
1	 6	 1	 1	sample21	623	2421	772	46748	0	
1	 6	 1	 2	sample21	611	2409	514	86304	0	
1	 6	 1	 3	sample21	425	2223	514	71920	0	
1	 6	 1	 4	sample21	469	2267	514	80910	0	
1	 6	 1	 5	sample21	476	2274	514	71920	0	
1	 6	 1	 6	control	475	2273	514	59334	0	
1	 6	 2	 1	sample22	475	2017	514	61680	0	
1	 6	 2	 2	sample22	632	2174	514	60138	0	
1	 6	 2	 3	sample22	578	2120	514	61680	0	
1	 6	 2	 4	sample22	494	2036	514	61680	0	
1	 6	 2	 5	sample22	469	2011	256	61680	0	
1	 6	 2	 6	control	742	2284	514	27756	0	
1	 6	 3	 1	sample23	612	1896	514	26964	0	
1	 6	 3	 2	sample23	716	2000	514	35952	0	
1	 6	 3	 3	sample23	412	1696	258	51360	0	
1	 6	 3	 4	sample23	666	1950	514	43656	0	
1	 6	 3	 5	sample23	335	1619	258	51360	0	
1	 6	 3	 6	control	600	1884	514	23112	0	
1	 6	 4	 1	sample24	316	1600	258	56496	0	
1	 6	 4	 2	sample24	892	1920	770	19532	0	
1	 6	 4	 3	sample24	302	1586	258	44940	0	
1	 6	 4	 4	sample24	821	2105	514	33384	0	
1	 6	 4	 5	sample24	257	1541	0	51360	0	
1	 6	 4	 6	control	373	1657	258	51360	0	
1	 7	 1	 1	sample25	636	2692	514	78128	0	
1	 7	 1	 2	sample25	717	2773	772	78128	0	
1	 7	 1	 3	sample25	823	2879	772	61680	0	
1	 7	 1	 4	sample25	566	2622	514	82240	0	
1	 7	 1	 5	sample25	705	2761	514	55512	0	
1	 7	 1	 6	control	756	2556	514	64800	0	
1	 7	 2	 1	sample26	820	2620	770	37800	0	
1	 7	 2	 2	sample26	826	2626	770	50400	0	
1	 7	 2	 3	sample26	840	2640	514	46800	0	
1	 7	 2	 4	sample26	559	2359	514	50400	0	
1	 7	 2	 5	sample26	905	2447	514	41634	0	
1	 7	 2	 6	control	1164	2706	1028	29298	0	
1	 7	 3	 1	sample27	412	1954	258	61680	0	
1	 7	 3	 2	sample27	702	2244	514	33924	0	
1	 7	 3	 3	sample27	856	2142	770	46296	0	
1	 7	 3	 4	sample27	875	2161	770	41152	0	
1	 7	 3	 5	sample27	443	1729	256	51440	0	
1	 7	 3	 6	control	327	1613	256	51440	0	
1	 7	 4	 1	sample28	646	1932	514	45010	0	
1	 7	 4	 2	sample28	847	2133	770	34722	0	
1	 7	 4	 3	sample28	800	2086	514	33436	0	
1	 7	 4	 4	sample28	481	1767	256	50154	0	
1	 7	 4	 5	sample28	608	1894	514	24434	0	
1	 7	 4	 6	control	404	1690	256	51440	0	
1	 8	 1	 1	sample29	797	2597	770	86400	0	
1	 8	 1	 2	sample29	841	2641	770	104400	0	
1	 8	 1	 3	sample29	914	2714	770	61200	0	
1	 8	 1	 4	sample29	681	2481	770	82800	0	
1	 8	 1	 5	sample29	429	2485	514	74016	0	
1	 8	 1	 6	control	187	2243	258	82240	0	
1	 8	 2	 1	sample30	939	2481	772	35466	0	
1	 8	 2	 2	sample30	666	2208	514	67848	0	
1	 8	 2	 3	sample30	660	2202	514	46260	0	
1	 8	 2	 4	sample30	620	2162	514	26214	0	
1	 8	 2	 5	sample30	591	2133	514	72474	0	
1	 8	 2	 6	control	583	2125	514	63222	0	
1	 8	 3	 1	sample31	668	1954	514	45010	0	
1	 8	 3	 2	sample31	741	2027	770	33436	0	
1	 8	 3	 3	sample31	676	1962	770	48868	0	
1	 8	 3	 4	sample31	488	1774	514	51440	0	
1	 8	 3	 5	sample31	554	1840	514	24434	0	
1	 8	 3	 6	control	581	1867	514	24434	0	
1	 8	 4	 1	sample32	606	1892	514	32150	0	
1	 8	 4	 2	sample32	700	1986	514	37294	0	
1	 8	 4	 3	sample32	430	1716	514	51440	0	
1	 8	 4	 4	sample32	453	1739	514	43724	0	
1	 8	 4	 5	sample32	301	1587	256	51440	0	
1	 8	 4	 6	control	489	1517	514	41120	0	
1	 9	 1	 1	sample33	739	3051	514	92480	0	
1	 9	 1	 2	sample33	637	2949	514	92480	0	
1	 9	 1	 3	sample33	722	3034	514	48552	0	
1	 9	 1	 4	sample33	947	3259	1028	43928	0	
1	 9	 1	 5	sample33	495	2807	514	92480	0	
1	 9	 1	 6	control	399	2711	514	92480	0	
1	 9	 2	 1	sample34	888	2686	772	55738	0	
1	 9	 2	 2	sample34	701	2499	514	71920	0	
1	 9	 2	 3	sample34	624	2422	514	71920	0	
1	 9	 2	 4	sample34	547	2345	514	71920	0	
1	 9	 2	 5	sample34	739	2537	514	43152	0	
1	 9	 2	 6	control	765	2563	514	71920	0	
1	 9	 3	 1	sample35	539	2081	256	61680	0	
1	 9	 3	 2	sample35	372	1914	256	61680	0	
1	 9	 3	 3	sample35	546	2088	514	61680	0	
1	 9	 3	 4	sample35	513	2055	256	61680	0	
1	 9	 3	 5	sample35	398	1940	256	61680	0	
1	 9	 3	 6	control	276	1818	256	61680	0	
1	 9	 4	 1	sample36	662	1946	514	51360	0	
1	 9	 4	 2	sample36	782	2066	772	32100	0	
1	 9	 4	 3	sample36	528	1812	514	50076	0	
1	 9	 4	 4	sample36	843	2127	514	32100	0	
1	 9	 4	 5	sample36	973	2257	1028	17976	0	
1	 9	 4	 6	control	698	1982	514	44940	0	
1	 10	 1	 1	sample37	863	3689	514	87606	0	
1	 10	 1	 2	sample37	1240	3810	1028	74530	0	
1	 10	 1	 3	sample37	1109	3679	770	48830	0	
1	 10	 1	 4	sample37	578	3148	514	102800	0	
1	 10	 1	 5	sample37	578	3148	256	102800	0	
1	 10	 1	 6	control	449	3019	256	102800	0	
1	 10	 2	 1	sample38	977	3289	772	34680	0	
1	 10	 2	 2	sample38	761	3073	772	53176	0	
1	 10	 2	 3	sample38	1069	3381	772	43928	0	
1	 10	 2	 4	sample38	470	2782	258	92480	0	
1	 10	 2	 5	sample38	659	2971	514	73984	0	
1	 10	 2	 6	control	579	2891	258	64736	0	
1	 10	 3	 1	sample39	1128	3184	770	47288	0	
1	 10	 3	 2	sample39	1339	3395	1028	39064	0	
1	 10	 3	 3	sample39	1353	3409	1028	30840	0	
1	 10	 3	 4	sample39	411	2467	256	82240	0	
1	 10	 3	 5	sample39	780	2836	514	53456	0	
1	 10	 3	 6	control	818	2616	514	39556	0	
1	 10	 4	 1	sample40	341	2139	258	71920	0	
1	 10	 4	 2	sample40	489	2287	258	71920	0	
1	 10	 4	 3	sample40	662	2460	514	71920	0	
1	 10	 4	 4	sample40	547	2345	258	71920	0	
1	 10	 4	 5	sample40	625	2423	514	50344	0	
1	 10	 4	 6	control	348	2146	258	71920	0	
1	 11	 1	 1	sample41	460	3030	514	110510	0	
1	 11	 1	 2	sample41	430	3000	256	102800	0	
1	 11	 1	 3	sample41	341	3167	258	113040	0	
1	 11	 1	 4	sample41	391	2961	514	102800	0	
1	 11	 1	 5	sample41	225	3051	258	113040	0	
1	 11	 1	 6	control	245	3071	258	113040	0	
1	 11	 2	 1	sample42	837	2893	770	102800	0	
1	 11	 2	 2	sample42	854	2910	770	82240	0	
1	 11	 2	 3	sample42	551	2863	258	113288	0	
1	 11	 2	 4	sample42	483	2795	258	92480	0	
1	 11	 2	 5	sample42	406	2718	258	76296	0	
1	 11	 2	 6	control	386	2698	258	92480	0	
1	 11	 3	 1	sample43	1062	2860	772	82708	0	
1	 11	 3	 2	sample43	849	2647	772	113274	0	
1	 11	 3	 3	sample43	828	2626	772	89900	0	
1	 11	 3	 4	sample43	717	2773	514	59624	0	
1	 11	 3	 5	sample43	488	2544	256	82240	0	
1	 11	 3	 6	control	800	2856	256	34952	0	
1	 11	 4	 1	sample44	681	2479	514	138446	0	
1	 11	 4	 2	sample44	655	2453	514	39556	0	
1	 11	 4	 3	sample44	777	2575	514	80910	0	
1	 11	 4	 4	sample44	779	2577	514	59334	0	
1	 11	 4	 5	sample44	772	2570	772	71920	0	
1	 11	 4	 6	control	560	2616	256	80184	0	
1	 12	 1	 1	sample45	643	2699	514	82240	0	
1	 12	 1	 2	sample45	624	2680	258	82240	0	
1	 12	 1	 3	sample45	417	2731	256	92560	0	
1	 12	 1	 4	sample45	340	2654	256	92560	0	
1	 12	 1	 5	sample45	529	2843	514	78676	0	
1	 12	 1	 6	control	224	3052	0	113120	0	
1	 12	 2	 1	sample46	514	2056	514	61680	0	
1	 12	 2	 2	sample46	772	2314	772	61680	0	
1	 12	 2	 3	sample46	436	2236	256	72000	0	
1	 12	 2	 4	sample46	449	2249	514	72000	0	
1	 12	 2	 5	sample46	366	2422	258	78128	0	
1	 12	 2	 6	control	475	2789	256	92560	0	
1	 12	 3	 1	sample47	1183	2469	514	48868	0	
1	 12	 3	 2	sample47	525	1811	514	57870	0	
1	 12	 3	 3	sample47	636	2178	514	29298	0	
1	 12	 3	 4	sample47	706	1992	770	30864	0	
1	 12	 3	 5	sample47	1426	2968	1028	47802	0	
1	 12	 3	 6	control	155	2211	258	82240	0	
1	 12	 4	 1	sample48	475	1761	256	42438	0	
1	 12	 4	 2	sample48	810	1838	772	48316	0	
1	 12	 4	 3	sample48	481	1767	514	60442	0	
1	 12	 4	 4	sample48	321	1607	256	51440	0	
1	 12	 4	 5	sample48	372	1658	256	51440	0	
1	 12	 4	 6	control	733	2275	514	61680	0	
2	 1	 1	 1	sample49	1442	2470	1286	28784	0	
2	 1	 1	 2	sample49	1005	2547	1028	33924	0	
2	 1	 1	 3	sample49	1299	2841	1286	30840	0	
2	 1	 1	 4	sample49	414	2214	256	55800	0	
2	 1	 1	 5	sample49	501	2301	514	72000	0	
2	 1	 1	 6	control	353	2153	256	72000	0	
2	 1	 2	 1	sample50	1257	2285	1028	18504	0	
2	 1	 2	 2	sample50	479	2021	514	77100	0	
2	 1	 2	 3	sample50	964	2506	1028	37008	0	
2	 1	 2	 4	sample50	695	1981	770	52726	0	
2	 1	 2	 5	sample50	685	1971	770	54012	0	
2	 1	 2	 6	control	579	2121	514	55512	0	
2	 1	 3	 1	sample51	939	1967	772	41120	0	
2	 1	 3	 2	sample51	1260	2546	1284	27006	0	
2	 1	 3	 3	sample51	1199	2485	1028	23148	0	
2	 1	 3	 4	sample51	552	1838	256	51440	0	
2	 1	 3	 5	sample51	907	1935	1028	19532	0	
2	 1	 3	 6	control	604	1632	258	41120	0	
2	 1	 4	 1	sample52	1373	2401	1286	39064	0	
2	 1	 4	 2	sample52	974	2260	1028	30864	0	
2	 1	 4	 3	sample52	514	1800	256	47582	0	
2	 1	 4	 4	sample52	637	1665	514	41120	0	
2	 1	 4	 5	sample52	658	1686	514	25700	0	
2	 1	 4	 6	control	597	1625	514	25700	0	
2	 2	 1	 1	sample53	986	3042	772	61680	0	
2	 2	 1	 2	sample53	750	2550	770	68400	0	
2	 2	 1	 3	sample53	520	2320	256	72000	0	
2	 2	 1	 4	sample53	451	2251	514	66600	0	
2	 2	 1	 5	sample53	600	2142	514	60138	0	
2	 2	 1	 6	control	246	1788	258	69390	0	
2	 2	 2	 1	sample54	950	2750	770	36000	0	
2	 2	 2	 2	sample54	562	2362	514	104400	0	
2	 2	 2	 3	sample54	558	2358	514	63000	0	
2	 2	 2	 4	sample54	562	2362	514	57600	0	
2	 2	 2	 5	sample54	292	2092	256	77400	0	
2	 2	 2	 6	control	707	2249	772	55512	0	
2	 2	 3	 1	sample55	1011	2553	1028	67848	0	
2	 2	 3	 2	sample55	691	2491	770	52200	0	
2	 2	 3	 3	sample55	836	2378	772	67848	0	
2	 2	 3	 4	sample55	740	2282	772	50886	0	
2	 2	 3	 5	sample55	667	2209	514	64764	0	
2	 2	 3	 6	control	187	1729	258	61680	0	
2	 2	 4	 1	sample56	664	2206	514	66306	0	
2	 2	 4	 2	sample56	354	1896	258	61680	0	
2	 2	 4	 3	sample56	731	2017	770	57870	0	
2	 2	 4	 4	sample56	395	1937	258	69390	0	
2	 2	 4	 5	sample56	328	1870	258	67848	0	
2	 2	 4	 6	control	411	1697	256	51440	0	
2	 3	 1	 1	sample57	1117	2917	1028	36000	0	
2	 3	 1	 2	sample57	612	2412	770	93600	0	
2	 3	 1	 3	sample57	822	2622	770	54000	0	
2	 3	 1	 4	sample57	581	2381	514	75600	0	
2	 3	 1	 5	sample57	411	2211	514	72000	0	
2	 3	 1	 6	control	224	2024	256	72000	0	
2	 3	 2	 1	sample58	635	2435	514	72000	0	
2	 3	 2	 2	sample58	574	2374	514	68400	0	
2	 3	 2	 3	sample58	372	2172	256	72000	0	
2	 3	 2	 4	sample58	360	2160	514	72000	0	
2	 3	 2	 5	sample58	211	2011	256	72000	0	
2	 3	 2	 6	control	494	2294	514	46800	0	
2	 3	 3	 1	sample59	629	2429	514	196200	0	
2	 3	 3	 2	sample59	733	2533	770	73800	0	
2	 3	 3	 3	sample59	829	2371	772	27756	0	
2	 3	 3	 4	sample59	359	2159	256	72000	0	
2	 3	 3	 5	sample59	552	2094	514	63222	0	
2	 3	 3	 6	control	70.2	1870	0	72000	0	
2	 3	 4	 1	sample60	1029	2571	1028	26214	0	
2	 3	 4	 2	sample60	828	2370	514	27756	0	
2	 3	 4	 3	sample60	274	2074	256	79200	0	
2	 3	 4	 4	sample60	557	2099	514	55512	0	
2	 3	 4	 5	sample60	380	1922	258	61680	0	
2	 3	 4	 6	control	122	1922	0	72000	0	
2	 4	 1	 1	sample61	733	2275	770	52428	0	
2	 4	 1	 2	sample61	541	2083	514	58596	0	
2	 4	 1	 3	sample61	322	1864	256	66306	0	
2	 4	 1	 4	sample61	420	1962	514	33924	0	
2	 4	 1	 5	sample61	457	1741	514	51360	0	
2	 4	 1	 6	control	309	1593	258	51360	0	
2	 4	 2	 1	sample62	405	1947	514	50886	0	
2	 4	 2	 2	sample62	263	1805	256	61680	0	
2	 4	 2	 3	sample62	63.9	1606	0	61680	0	
2	 4	 2	 4	sample62	315	1599	258	51360	0	
2	 4	 2	 5	sample62	309	1593	258	51360	0	
2	 4	 2	 6	control	348	1632	258	51360	0	
2	 4	 3	 1	sample63	652	1936	772	55212	0	
2	 4	 3	 2	sample63	759	2043	772	25680	0	
2	 4	 3	 3	sample63	643	1927	514	51360	0	
2	 4	 3	 4	sample63	515	1799	514	24396	0	
2	 4	 3	 5	sample63	315	1599	258	51360	0	
2	 4	 3	 6	control	277	1561	258	51360	0	
2	 4	 4	 1	sample64	367	1651	258	51360	0	
2	 4	 4	 2	sample64	352	1636	258	38520	0	
2	 4	 4	 3	sample64	463	1747	514	51360	0	
2	 4	 4	 4	sample64	405	1689	258	51360	0	
2	 4	 4	 5	sample64	360	1644	258	51360	0	
2	 4	 4	 6	control	245	1529	258	51360	0	
2	 5	 1	 1	sample65	678	2478	514	129600	0	
2	 5	 1	 2	sample65	927	2469	772	104856	0	
2	 5	 1	 3	sample65	1131	2673	1028	53970	0	
2	 5	 1	 4	sample65	992	2534	772	43176	0	
2	 5	 1	 5	sample65	951	2493	772	30840	0	
2	 5	 1	 6	control	690	2232	514	33924	0	
2	 5	 2	 1	sample66	927	2727	770	41400	0	
2	 5	 2	 2	sample66	1007	2549	772	37008	0	
2	 5	 2	 3	sample66	703	2245	514	69390	0	
2	 5	 2	 4	sample66	849	2391	514	30840	0	
2	 5	 2	 5	sample66	842	2384	514	33924	0	
2	 5	 2	 6	control	1328	2870	1028	27756	0	
2	 5	 3	 1	sample67	836	2378	772	67848	0	
2	 5	 3	 2	sample67	1157	2699	1028	24672	0	
2	 5	 3	 3	sample67	1164	2706	1028	29298	0	
2	 5	 3	 4	sample67	598	2140	258	61680	0	
2	 5	 3	 5	sample67	592	2134	258	61680	0	
2	 5	 3	 6	control	270	1812	258	61680	0	
2	 5	 4	 1	sample68	1174	2716	1028	35466	0	
2	 5	 4	 2	sample68	781	2323	514	41634	0	
2	 5	 4	 3	sample68	795	2337	514	50886	0	
2	 5	 4	 4	sample68	709	2251	514	57054	0	
2	 5	 4	 5	sample68	534	2076	258	61680	0	
2	 5	 4	 6	control	677	2219	514	46260	0	
2	 6	 1	 1	sample69	789	2331	772	69390	0	
2	 6	 1	 2	sample69	1170	2712	1286	30840	0	
2	 6	 1	 3	sample69	960	2760	770	34200	0	
2	 6	 1	 4	sample69	905	2447	772	35466	0	
2	 6	 1	 5	sample69	617	2159	514	61680	0	
2	 6	 1	 6	control	457	1999	514	61680	0	
2	 6	 2	 1	sample70	893	2435	772	29298	0	
2	 6	 2	 2	sample70	823	2365	772	38550	0	
2	 6	 2	 3	sample70	584	2126	514	33924	0	
2	 6	 2	 4	sample70	563	2105	514	49344	0	
2	 6	 2	 5	sample70	367	1909	258	61680	0	
2	 6	 2	 6	control	1123	2665	1028	29298	0	
2	 6	 3	 1	sample71	596	2138	514	58596	0	
2	 6	 3	 2	sample71	552	2094	514	52428	0	
2	 6	 3	 3	sample71	772	2314	772	26214	0	
2	 6	 3	 4	sample71	499	2041	258	74016	0	
2	 6	 3	 5	sample71	328	1870	258	61680	0	
2	 6	 3	 6	control	607	2149	514	38550	0	
2	 6	 4	 1	sample72	1186	2728	1286	27756	0	
2	 6	 4	 2	sample72	522	2064	258	53970	0	
2	 6	 4	 3	sample72	631	2173	514	33924	0	
2	 6	 4	 4	sample72	730	2272	514	38550	0	
2	 6	 4	 5	sample72	320	1862	258	57054	0	
2	 6	 4	 6	control	611	2153	514	61680	0	
2	 7	 1	 1	sample73	730	2528	514	77314	0	
2	 7	 1	 2	sample73	500	2556	514	78128	0	
2	 7	 1	 3	sample73	984	2782	1028	52142	0	
2	 7	 1	 4	sample73	424	2222	514	71920	0	
2	 7	 1	 5	sample73	457	2255	514	71920	0	
2	 7	 1	 6	control	613	2411	514	70122	0	
2	 7	 2	 1	sample74	611	2409	514	71920	0	
2	 7	 2	 2	sample74	572	2370	514	71920	0	
2	 7	 2	 3	sample74	838	2636	772	48546	0	
2	 7	 2	 4	sample74	658	2456	514	44950	0	
2	 7	 2	 5	sample74	604	2402	514	41354	0	
2	 7	 2	 6	control	462	2260	514	88102	0	
2	 7	 3	 1	sample75	370	2168	258	86304	0	
2	 7	 3	 2	sample75	412	2210	258	71920	0	
2	 7	 3	 3	sample75	416	2214	258	70122	0	
2	 7	 3	 4	sample75	556	2354	514	66526	0	
2	 7	 3	 5	sample75	213	2011	258	71920	0	
2	 7	 3	 6	control	529	2327	514	32364	0	
2	 7	 4	 1	sample76	930	2728	772	61132	0	
2	 7	 4	 2	sample76	761	2303	514	80184	0	
2	 7	 4	 3	sample76	998	2796	772	30566	0	
2	 7	 4	 4	sample76	283	2081	258	71920	0	
2	 7	 4	 5	sample76	251	2049	258	71920	0	
2	 7	 4	 6	control	355	2153	258	75516	0	
2	 8	 1	 1	sample77	837	2379	772	90978	0	
2	 8	 1	 2	sample77	615	2415	514	86400	0	
2	 8	 1	 3	sample77	857	2399	772	46260	0	
2	 8	 1	 4	sample77	568	2110	514	66306	0	
2	 8	 1	 5	sample77	505	2047	514	41634	0	
2	 8	 1	 6	control	251	1793	258	61680	0	
2	 8	 2	 1	sample78	583	2125	514	69390	0	
2	 8	 2	 2	sample78	395	1937	514	63222	0	
2	 8	 2	 3	sample78	335	1877	258	66306	0	
2	 8	 2	 4	sample78	309	1851	258	61680	0	
2	 8	 2	 5	sample78	277	1819	258	61680	0	
2	 8	 2	 6	control	440	1982	514	69390	0	
2	 8	 3	 1	sample79	611	2153	514	74016	0	
2	 8	 3	 2	sample79	628	2170	514	80184	0	
2	 8	 3	 3	sample79	521	2063	514	60138	0	
2	 8	 3	 4	sample79	450	1992	514	74016	0	
2	 8	 3	 5	sample79	225	1767	258	61680	0	
2	 8	 3	 6	control	96.9	1639	0	61680	0	
2	 8	 4	 1	sample80	529	2071	514	55512	0	
2	 8	 4	 2	sample80	360	1902	258	61680	0	
2	 8	 4	 3	sample80	407	1949	258	66306	0	
2	 8	 4	 4	sample80	270	1812	258	61680	0	
2	 8	 4	 5	sample80	892	2178	770	21862	0	
2	 8	 4	 6	control	366	1908	258	40092	0	
2	 9	 1	 1	sample81	553	2095	514	61680	0	
2	 9	 1	 2	sample81	628	2170	514	52428	0	
2	 9	 1	 3	sample81	649	2191	514	64764	0	
2	 9	 1	 4	sample81	556	2098	514	57054	0	
2	 9	 1	 5	sample81	296	1838	258	61680	0	
2	 9	 1	 6	control	441	1983	514	64764	0	
2	 9	 2	 1	sample82	864	2406	772	38550	0	
2	 9	 2	 2	sample82	955	2497	772	53970	0	
2	 9	 2	 3	sample82	891	2433	772	43176	0	
2	 9	 2	 4	sample82	1000	2542	1028	27756	0	
2	 9	 2	 5	sample82	456	1998	258	74016	0	
2	 9	 2	 6	control	696	2238	772	26214	0	
2	 9	 3	 1	sample83	482	2024	258	61680	0	
2	 9	 3	 2	sample83	636	2178	514	78642	0	
2	 9	 3	 3	sample83	508	2050	514	61680	0	
2	 9	 3	 4	sample83	1348	2890	1286	50886	0	
2	 9	 3	 5	sample83	232	1774	0	61680	0	
2	 9	 3	 6	control	355	1897	258	57054	0	
2	 9	 4	 1	sample84	642	1928	514	51440	0	
2	 9	 4	 2	sample84	280	1822	258	53970	0	
2	 9	 4	 3	sample84	315	1857	258	61680	0	
2	 9	 4	 4	sample84	399	1941	514	61680	0	
2	 9	 4	 5	sample84	669	2211	514	38550	0	
2	 9	 4	 6	control	1213	2755	1028	70932	0	
2	 10	 1	 1	sample85	1247	3045	1028	35960	0	
2	 10	 1	 2	sample85	778	2576	514	71920	0	
2	 10	 1	 3	sample85	1000	2798	1028	32364	0	
2	 10	 1	 4	sample85	726	2268	514	61680	0	
2	 10	 1	 5	sample85	546	2088	514	61680	0	
2	 10	 1	 6	control	436	1978	256	61680	0	
2	 10	 2	 1	sample86	757	2555	514	62930	0	
2	 10	 2	 2	sample86	705	2503	514	48546	0	
2	 10	 2	 3	sample86	820	2362	770	64764	0	
2	 10	 2	 4	sample86	373	2171	258	71920	0	
2	 10	 2	 5	sample86	367	2165	258	71920	0	
2	 10	 2	 6	control	474	2016	514	60138	0	
2	 10	 3	 1	sample87	643	2441	514	71920	0	
2	 10	 3	 2	sample87	913	2711	772	52142	0	
2	 10	 3	 3	sample87	629	2427	514	80910	0	
2	 10	 3	 4	sample87	864	2662	514	44950	0	
2	 10	 3	 5	sample87	367	2165	258	71920	0	
2	 10	 3	 6	control	135	1933	0	71920	0	
2	 10	 4	 1	sample88	785	2583	514	34162	0	
2	 10	 4	 2	sample88	412	2210	258	71920	0	
2	 10	 4	 3	sample88	623	2421	514	46748	0	
2	 10	 4	 4	sample88	425	2223	258	71920	0	
2	 10	 4	 5	sample88	206	2004	0	71920	0	
2	 10	 4	 6	control	206	2004	258	71920	0	
2	 11	 1	 1	sample89	853	2395	770	90978	0	
2	 11	 1	 2	sample89	420	2218	258	82708	0	
2	 11	 1	 3	sample89	498	2296	514	55738	0	
2	 11	 1	 4	sample89	305	2103	258	68324	0	
2	 11	 1	 5	sample89	638	2436	514	52142	0	
2	 11	 1	 6	control	296	2094	258	71920	0	
2	 11	 2	 1	sample90	756	2298	770	83268	0	
2	 11	 2	 2	sample90	142	1940	258	71920	0	
2	 11	 2	 3	sample90	372	2170	258	80910	0	
2	 11	 2	 4	sample90	450	2248	514	64728	0	
2	 11	 2	 5	sample90	547	2345	514	43152	0	
2	 11	 2	 6	control	463	2261	514	80910	0	
2	 11	 3	 1	sample91	629	2427	514	64728	0	
2	 11	 3	 2	sample91	1273	3071	514	71920	0	
2	 11	 3	 3	sample91	283	2081	258	71920	0	
2	 11	 3	 4	sample91	529	2327	514	62930	0	
2	 11	 3	 5	sample91	270	2068	514	71920	0	
2	 11	 3	 6	control	295	2351	256	82240	0	
2	 11	 4	 1	sample92	657	2455	514	64728	0	
2	 11	 4	 2	sample92	457	2255	514	71920	0	
2	 11	 4	 3	sample92	347	2145	258	71920	0	
2	 11	 4	 4	sample92	418	2216	258	71920	0	
2	 11	 4	 5	sample92	458	2514	514	47288	0	
2	 11	 4	 6	control	590	2646	514	76072	0	
2	 12	 1	 1	sample93	694	1978	772	51360	0	
2	 12	 1	 2	sample93	453	1995	256	78642	0	
2	 12	 1	 3	sample93	608	2150	514	29298	0	
2	 12	 1	 4	sample93	546	2088	514	61680	0	
2	 12	 1	 5	sample93	283	2081	258	71920	0	
2	 12	 1	 6	control	372	2428	514	82240	0	
2	 12	 2	 1	sample94	514	2056	514	46260	0	
2	 12	 2	 2	sample94	633	2175	514	63222	0	
2	 12	 2	 3	sample94	642	2184	770	67848	0	
2	 12	 2	 4	sample94	45.3	1843	0	71920	0	
2	 12	 2	 5	sample94	494	2292	514	44950	0	
2	 12	 2	 6	control	802	3114	772	39304	0	
2	 12	 3	 1	sample95	646	2188	514	47802	0	
2	 12	 3	 2	sample95	718	2260	770	52428	0	
2	 12	 3	 3	sample95	598	2396	514	71920	0	
2	 12	 3	 4	sample95	224	2280	256	82240	0	
2	 12	 3	 5	sample95	186	2242	256	82240	0	
2	 12	 3	 6	control	103	2415	0	92480	0	
2	 12	 4	 1	sample96	894	2436	770	38550	0	
2	 12	 4	 2	sample96	520	2318	514	77314	0	
2	 12	 4	 3	sample96	431	2229	514	71920	0	
2	 12	 4	 4	sample96	200	1998	258	71920	0	
2	 12	 4	 5	sample96	429	2227	514	70122	0	
2	 12	 4	 6	control	290	2602	258	92480	0	
3	 1	 1	 1	sample97	746	2544	772	71920	0	
3	 1	 1	 2	sample97	564	2620	514	94576	0	
3	 1	 1	 3	sample97	360	2158	258	71920	0	
3	 1	 1	 4	sample97	232	2030	258	71920	0	
3	 1	 1	 5	sample97	449	1991	514	43176	0	
3	 1	 1	 6	control	276	1818	256	61680	0	
3	 1	 2	 1	sample98	1620	3418	1542	131254	0	
3	 1	 2	 2	sample98	1756	3554	1800	116870	0	
3	 1	 2	 3	sample98	527	2069	514	61680	0	
3	 1	 2	 4	sample98	597	2139	514	61680	0	
3	 1	 2	 5	sample98	417	1959	514	61680	0	
3	 1	 2	 6	control	1220	2762	1284	61680	0	
3	 1	 3	 1	sample99	1348	2632	1286	47508	0	
3	 1	 3	 2	sample99	539	2081	514	61680	0	
3	 1	 3	 3	sample99	688	1972	514	51360	0	
3	 1	 3	 4	sample99	826	2110	772	60348	0	
3	 1	 3	 5	sample99	430	1972	256	61680	0	
3	 1	 3	 6	control	122	1664	0	61680	0	
3	 1	 4	 1	sample100	564	1848	514	60348	0	
3	 1	 4	 2	sample100	482	1766	514	51360	0	
3	 1	 4	 3	sample100	360	1644	258	51360	0	
3	 1	 4	 4	sample100	360	1644	514	51360	0	
3	 1	 4	 5	sample100	463	1747	514	51360	0	
3	 1	 4	 6	control	5082	6366	2828	68052	0	
3	 2	 1	 1	sample101	687	2743	514	82240	0	
3	 2	 1	 2	sample101	539	2595	514	82240	0	
3	 2	 1	 3	sample101	213	2525	258	92480	0	
3	 2	 1	 4	sample101	507	2563	514	82240	0	
3	 2	 1	 5	sample101	677	2475	514	68324	0	
3	 2	 1	 6	control	200	1998	258	71920	0	
3	 2	 2	 1	sample102	688	2744	514	102800	0	
3	 2	 2	 2	sample102	718	2774	514	90464	0	
3	 2	 2	 3	sample102	276	2332	256	82240	0	
3	 2	 2	 4	sample102	470	2268	514	71920	0	
3	 2	 2	 5	sample102	200	1998	258	71920	0	
3	 2	 2	 6	control	549	2347	514	79112	0	
3	 2	 3	 1	sample103	1053	3109	770	61680	0	
3	 2	 3	 2	sample103	1279	3077	1286	66526	0	
3	 2	 3	 3	sample103	800	2598	772	97092	0	
3	 2	 3	 4	sample103	840	2638	772	61132	0	
3	 2	 3	 5	sample103	450	2248	514	93496	0	
3	 2	 3	 6	control	453	1995	514	52428	0	
3	 2	 4	 1	sample104	826	2624	772	59334	0	
3	 2	 4	 2	sample104	514	2312	514	79112	0	
3	 2	 4	 3	sample104	509	2307	514	86304	0	
3	 2	 4	 4	sample104	654	2196	514	67848	0	
3	 2	 4	 5	sample104	437	1979	514	57054	0	
3	 2	 4	 6	control	809	2351	770	30840	0	
3	 3	 1	 1	sample105	819	2617	772	48546	0	
3	 3	 1	 2	sample105	786	2584	772	32364	0	
3	 3	 1	 3	sample105	817	2615	514	30566	0	
3	 3	 1	 4	sample105	450	2248	514	71920	0	
3	 3	 1	 5	sample105	449	2247	258	77314	0	
3	 3	 1	 6	control	459	2257	514	41354	0	
3	 3	 2	 1	sample106	1160	2702	1028	44718	0	
3	 3	 2	 2	sample106	1018	2560	1028	41634	0	
3	 3	 2	 3	sample106	1164	2706	770	26214	0	
3	 3	 2	 4	sample106	607	2405	514	44950	0	
3	 3	 2	 5	sample106	341	2139	258	71920	0	
3	 3	 2	 6	control	808	2606	772	37758	0	
3	 3	 3	 1	sample107	948	2490	770	40092	0	
3	 3	 3	 2	sample107	1070	2612	1028	27756	0	
3	 3	 3	 3	sample107	589	2131	514	63222	0	
3	 3	 3	 4	sample107	764	2306	770	61680	0	
3	 3	 3	 5	sample107	813	2355	514	27756	0	
3	 3	 3	 6	control	346	1888	256	61680	0	
3	 3	 4	 1	sample108	711	2253	514	60138	0	
3	 3	 4	 2	sample108	585	2127	514	72474	0	
3	 3	 4	 3	sample108	590	2132	514	72474	0	
3	 3	 4	 4	sample108	575	2117	514	64764	0	
3	 3	 4	 5	sample108	424	1966	256	61680	0	
3	 3	 4	 6	control	514	2056	514	61680	0	
3	 4	 1	 1	sample109	857	2399	772	55512	0	
3	 4	 1	 2	sample109	777	2319	772	74016	0	
3	 4	 1	 3	sample109	491	2033	514	67848	0	
3	 4	 1	 4	sample109	546	1832	514	51440	0	
3	 4	 1	 5	sample109	593	1879	514	50154	0	
3	 4	 1	 6	control	486	2028	258	27756	0	
3	 4	 2	 1	sample110	761	2303	772	37008	0	
3	 4	 2	 2	sample110	536	2078	514	74016	0	
3	 4	 2	 3	sample110	631	1917	514	56584	0	
3	 4	 2	 4	sample110	876	2162	770	21862	0	
3	 4	 2	 5	sample110	481	1767	514	51440	0	
3	 4	 2	 6	control	676	1962	514	38580	0	
3	 4	 3	 1	sample111	993	2279	1028	86162	0	
3	 4	 3	 2	sample111	910	2452	772	60138	0	
3	 4	 3	 3	sample111	921	2207	770	81018	0	
3	 4	 3	 4	sample111	796	2082	770	51440	0	
3	 4	 3	 5	sample111	559	1845	514	51440	0	
3	 4	 3	 6	control	282	1568	256	51440	0	
3	 4	 4	 1	sample112	783	2069	770	52726	0	
3	 4	 4	 2	sample112	700	1986	514	51440	0	
3	 4	 4	 3	sample112	562	1848	514	61728	0	
3	 4	 4	 4	sample112	478	1764	514	55298	0	
3	 4	 4	 5	sample112	462	1748	514	25720	0	
3	 4	 4	 6	control	400	1686	256	55298	0	
3	 5	 1	 1	sample113	1015	2301	770	51440	0	
3	 5	 1	 2	sample113	833	2119	770	57870	0	
3	 5	 1	 3	sample113	674	1960	514	51440	0	
3	 5	 1	 4	sample113	2270	3556	1028	30864	0	
3	 5	 1	 5	sample113	507	1793	256	51440	0	
3	 5	 1	 6	control	423	1709	256	51440	0	
3	 5	 2	 1	sample114	912	2198	770	37294	0	
3	 5	 2	 2	sample114	630	1916	514	39866	0	
3	 5	 2	 3	sample114	655	1941	514	51440	0	
3	 5	 2	 4	sample114	391	1677	256	51440	0	
3	 5	 2	 5	sample114	873	2159	770	19290	0	
3	 5	 2	 6	control	1068	2354	770	24434	0	
3	 5	 3	 1	sample115	565	1851	514	51440	0	
3	 5	 3	 2	sample115	411	1697	256	51440	0	
3	 5	 3	 3	sample115	436	1722	256	51440	0	
3	 5	 3	 4	sample115	442	1728	256	55298	0	
3	 5	 3	 5	sample115	551	1837	256	34722	0	
3	 5	 3	 6	control	499	1785	256	23148	0	
3	 5	 4	 1	sample116	933	2219	770	24434	0	
3	 5	 4	 2	sample116	481	1767	256	51440	0	
3	 5	 4	 3	sample116	436	1722	256	51440	0	
3	 5	 4	 4	sample116	462	1748	256	51440	0	
3	 5	 4	 5	sample116	539	1825	256	51440	0	
3	 5	 4	 6	control	469	1755	256	51440	0	
3	 6	 1	 1	sample117	873	2159	770	57870	0	
3	 6	 1	 2	sample117	988	2274	1028	50154	0	
3	 6	 1	 3	sample117	1058	2344	770	42438	0	
3	 6	 1	 4	sample117	648	1934	514	56584	0	
3	 6	 1	 5	sample117	303	1845	258	61680	0	
3	 6	 1	 6	control	360	1902	258	61680	0	
3	 6	 2	 1	sample118	852	2138	770	28292	0	
3	 6	 2	 2	sample118	747	2033	770	42438	0	
3	 6	 2	 3	sample118	296	1838	258	61680	0	
3	 6	 2	 4	sample118	856	2142	770	27006	0	
3	 6	 2	 5	sample118	283	1825	258	61680	0	
3	 6	 2	 6	control	454	1996	258	72474	0	
3	 6	 3	 1	sample119	762	2048	770	41152	0	
3	 6	 3	 2	sample119	514	2056	514	52428	0	
3	 6	 3	 3	sample119	521	2063	514	60138	0	
3	 6	 3	 4	sample119	491	2033	514	33924	0	
3	 6	 3	 5	sample119	382	1924	258	50886	0	
3	 6	 3	 6	control	200	1742	258	61680	0	
3	 6	 4	 1	sample120	417	1703	256	51440	0	
3	 6	 4	 2	sample120	554	2096	514	50886	0	
3	 6	 4	 3	sample120	347	1889	258	61680	0	
3	 6	 4	 4	sample120	277	1819	258	61680	0	
3	 6	 4	 5	sample120	737	2279	772	23130	0	
3	 6	 4	 6	control	576	2118	514	64764	0	
3	 7	 1	 1	sample121	283	2081	258	71920	0	
3	 7	 1	 2	sample121	494	2292	514	66526	0	
3	 7	 1	 3	sample121	779	2321	770	44718	0	
3	 7	 1	 4	sample121	391	1933	256	61680	0	
3	 7	 1	 5	sample121	289	1831	256	61680	0	
3	 7	 1	 6	control	332	1874	256	26214	0	
3	 7	 2	 1	sample122	159	1957	258	61132	0	
3	 7	 2	 2	sample122	349	2147	258	86304	0	
3	 7	 2	 3	sample122	314	1856	256	61680	0	
3	 7	 2	 4	sample122	341	1883	256	75558	0	
3	 7	 2	 5	sample122	263	1805	256	64764	0	
3	 7	 2	 6	control	83.1	1625	0	61680	0	
3	 7	 3	 1	sample123	319	2117	258	75516	0	
3	 7	 3	 2	sample123	251	2049	258	71920	0	
3	 7	 3	 3	sample123	580	2122	514	53970	0	
3	 7	 3	 4	sample123	256	1798	256	63222	0	
3	 7	 3	 5	sample123	264	1806	256	55512	0	
3	 7	 3	 6	control	109	1651	0	61680	0	
3	 7	 4	 1	sample124	426	2224	514	62930	0	
3	 7	 4	 2	sample124	772	2570	772	41354	0	
3	 7	 4	 3	sample124	642	2184	770	58596	0	
3	 7	 4	 4	sample124	237	1779	256	61680	0	
3	 7	 4	 5	sample124	218	1760	256	61680	0	
3	 7	 4	 6	control	209	1751	256	58596	0	
3	 8	 1	 1	sample125	713	1999	514	51440	0	
3	 8	 1	 2	sample125	735	2021	770	56584	0	
3	 8	 1	 3	sample125	586	1872	514	59156	0	
3	 8	 1	 4	sample125	375	1661	256	47582	0	
3	 8	 1	 5	sample125	409	1695	256	54012	0	
3	 8	 1	 6	control	180	1466	0	51440	0	
3	 8	 2	 1	sample126	747	2033	770	28292	0	
3	 8	 2	 2	sample126	796	2082	770	25720	0	
3	 8	 2	 3	sample126	624	1652	514	41120	0	
3	 8	 2	 4	sample126	557	1585	514	30840	0	
3	 8	 2	 5	sample126	505	1791	514	38580	0	
3	 8	 2	 6	control	676	1962	514	24434	0	
3	 8	 3	 1	sample127	593	1879	514	33436	0	
3	 8	 3	 2	sample127	550	1578	514	45232	0	
3	 8	 3	 3	sample127	502	1530	514	41120	0	
3	 8	 3	 4	sample127	547	1575	514	41120	0	
3	 8	 3	 5	sample127	361	1647	514	41152	0	
3	 8	 3	 6	control	290	1318	258	41120	0	
3	 8	 4	 1	sample128	379	1665	514	51440	0	
3	 8	 4	 2	sample128	757	1785	772	17476	0	
3	 8	 4	 3	sample128	616	1902	514	25720	0	
3	 8	 4	 4	sample128	580	1608	514	35980	0	
3	 8	 4	 5	sample128	276	1562	256	51440	0	
3	 8	 4	 6	control	436	1722	256	51440	0	
3	 9	 1	 1	sample129	894	2436	770	41634	0	
3	 9	 1	 2	sample129	882	2424	514	35466	0	
3	 9	 1	 3	sample129	852	2394	514	33924	0	
3	 9	 1	 4	sample129	700	2242	514	61680	0	
3	 9	 1	 5	sample129	587	2129	514	53970	0	
3	 9	 1	 6	control	514	2056	514	61680	0	
3	 9	 2	 1	sample130	1008	2292	772	48792	0	
3	 9	 2	 2	sample130	956	2498	770	38550	0	
3	 9	 2	 3	sample130	539	2081	514	61680	0	
3	 9	 2	 4	sample130	546	2088	514	61680	0	
3	 9	 2	 5	sample130	456	1998	256	61680	0	
3	 9	 2	 6	control	474	2016	256	69390	0	
3	 9	 3	 1	sample131	618	1902	514	60348	0	
3	 9	 3	 2	sample131	912	2454	770	30840	0	
3	 9	 3	 3	sample131	798	2340	514	29298	0	
3	 9	 3	 4	sample131	571	2113	514	61680	0	
3	 9	 3	 5	sample131	719	2261	514	30840	0	
3	 9	 3	 6	control	449	1991	256	61680	0	
3	 9	 4	 1	sample132	546	2088	514	61680	0	
3	 9	 4	 2	sample132	424	1966	256	70932	0	
3	 9	 4	 3	sample132	501	2043	514	61680	0	
3	 9	 4	 4	sample132	379	1921	256	61680	0	
3	 9	 4	 5	sample132	385	1927	256	61680	0	
3	 9	 4	 6	control	752	2294	514	41634	0	
3	 10	 1	 1	sample133	886	2172	770	79732	0	
3	 10	 1	 2	sample133	1068	2354	1028	56584	0	
3	 10	 1	 3	sample133	877	2163	770	59156	0	
3	 10	 1	 4	sample133	1169	2455	1028	25720	0	
3	 10	 1	 5	sample133	502	2044	258	61680	0	
3	 10	 1	 6	control	476	2018	258	50886	0	
3	 10	 2	 1	sample134	1223	2509	1028	27006	0	
3	 10	 2	 2	sample134	1128	2414	1028	23148	0	
3	 10	 2	 3	sample134	990	2276	770	34722	0	
3	 10	 2	 4	sample134	494	1780	256	51440	0	
3	 10	 2	 5	sample134	713	2255	514	33924	0	
3	 10	 2	 6	control	626	2168	514	35466	0	
3	 10	 3	 1	sample135	655	1941	514	51440	0	
3	 10	 3	 2	sample135	886	2172	770	51440	0	
3	 10	 3	 3	sample135	546	2088	514	75558	0	
3	 10	 3	 4	sample135	623	1909	514	51440	0	
3	 10	 3	 5	sample135	436	1722	514	51440	0	
3	 10	 3	 6	control	289	1575	256	51440	0	
3	 10	 4	 1	sample136	741	2027	514	56584	0	
3	 10	 4	 2	sample136	777	2063	770	51440	0	
3	 10	 4	 3	sample136	488	2030	258	75558	0	
3	 10	 4	 4	sample136	1081	2367	770	37294	0	
3	 10	 4	 5	sample136	706	1992	514	51440	0	
3	 10	 4	 6	control	884	2426	514	24672	0	
3	 11	 1	 1	sample137	687	1971	514	66768	0	
3	 11	 1	 2	sample137	485	1769	514	44940	0	
3	 11	 1	 3	sample137	461	1745	514	48792	0	
3	 11	 1	 4	sample137	463	1747	258	51360	0	
3	 11	 1	 5	sample137	271	1813	256	55512	0	
3	 11	 1	 6	control	141	1683	0	61680	0	
3	 11	 2	 1	sample138	826	1854	770	43176	0	
3	 11	 2	 2	sample138	521	1805	514	48792	0	
3	 11	 2	 3	sample138	521	1805	514	51360	0	
3	 11	 2	 4	sample138	392	1676	514	51360	0	
3	 11	 2	 5	sample138	214	1756	256	46260	0	
3	 11	 2	 6	control	398	1940	256	61680	0	
3	 11	 3	 1	sample139	599	1627	514	37008	0	
3	 11	 3	 2	sample139	430	1458	514	41120	0	
3	 11	 3	 3	sample139	429	1713	258	53928	0	
3	 11	 3	 4	sample139	476	2018	514	63222	0	
3	 11	 3	 5	sample139	623	2165	514	72474	0	
3	 11	 3	 6	control	418	2216	514	71920	0	
3	 11	 4	 1	sample140	747	1775	770	22616	0	
3	 11	 4	 2	sample140	174	1458	258	51360	0	
3	 11	 4	 3	sample140	264	1548	258	51360	0	
3	 11	 4	 4	sample140	555	1839	514	56496	0	
3	 11	 4	 5	sample140	231	1773	256	61680	0	
3	 11	 4	 6	control	520	2062	514	57054	0	
3	 12	 1	 1	sample141	522	1808	514	150462	0	
3	 12	 1	 2	sample141	424	1710	514	51440	0	
3	 12	 1	 3	sample141	522	2064	514	50886	0	
3	 12	 1	 4	sample141	412	1954	514	30840	0	
3	 12	 1	 5	sample141	135	1935	0	72000	0	
3	 12	 1	 6	control	277	2333	258	82240	0	
3	 12	 2	 1	sample142	571	1857	514	51440	0	
3	 12	 2	 2	sample142	751	2037	770	51440	0	
3	 12	 2	 3	sample142	406	1948	514	29298	0	
3	 12	 2	 4	sample142	135	1677	258	61680	0	
3	 12	 2	 5	sample142	534	2076	514	61680	0	
3	 12	 2	 6	control	314	2628	256	92560	0	
3	 12	 3	 1	sample143	532	2332	514	48600	0	
3	 12	 3	 2	sample143	909	2195	770	50154	0	
3	 12	 3	 3	sample143	682	2224	772	35466	0	
3	 12	 3	 4	sample143	487	2029	514	43176	0	
3	 12	 3	 5	sample143	186	1986	256	72000	0	
3	 12	 3	 6	control	192	2506	256	92560	0	
3	 12	 4	 1	sample144	945	2487	772	66306	0	
3	 12	 4	 2	sample144	308	2108	256	72000	0	
3	 12	 4	 3	sample144	514	2056	258	61680	0	
3	 12	 4	 4	sample144	315	1857	258	61680	0	
3	 12	 4	 5	sample144	173	1973	256	72000	0	
3	 12	 4	 6	control	205	2519	256	92560	0	
4	 1	 1	 1	sample145	937	2479	770	30840	0	
4	 1	 1	 2	sample145	724	2008	772	48792	0	
4	 1	 1	 3	sample145	690	1974	514	48792	0	
4	 1	 1	 4	sample145	640	1924	514	47508	0	
4	 1	 1	 5	sample145	916	2200	772	20544	0	
4	 1	 1	 6	control	429	1713	514	26964	0	
4	 1	 2	 1	sample146	847	2389	770	46260	0	
4	 1	 2	 2	sample146	1570	3112	1542	55512	0	
4	 1	 2	 3	sample146	929	2471	770	112566	0	
4	 1	 2	 4	sample146	648	2190	514	61680	0	
4	 1	 2	 5	sample146	685	2227	514	32382	0	
4	 1	 2	 6	control	483	2025	514	77100	0	
4	 1	 3	 1	sample147	790	2846	770	106912	0	
4	 1	 3	 2	sample147	694	2492	772	71920	0	
4	 1	 3	 3	sample147	514	2312	514	71920	0	
4	 1	 3	 4	sample147	397	2195	258	86304	0	
4	 1	 3	 5	sample147	386	2184	514	75516	0	
4	 1	 3	 6	control	96.8	1895	0	71920	0	
4	 1	 4	 1	sample148	1255	3567	1286	136408	0	
4	 1	 4	 2	sample148	1009	3321	1028	90168	0	
4	 1	 4	 3	sample148	908	2964	770	115136	0	
4	 1	 4	 4	sample148	1027	3083	1028	47288	0	
4	 1	 4	 5	sample148	404	2460	256	82240	0	
4	 1	 4	 6	control	385	2441	256	78128	0	
4	 2	 1	 1	sample149	748	2290	772	67848	0	
4	 2	 1	 2	sample149	585	2127	514	67848	0	
4	 2	 1	 3	sample149	431	1973	258	61680	0	
4	 2	 1	 4	sample149	383	1925	258	75558	0	
4	 2	 1	 5	sample149	456	1742	256	51440	0	
4	 2	 1	 6	control	413	1699	514	88734	0	
4	 2	 2	 1	sample150	744	2544	770	88200	0	
4	 2	 2	 2	sample150	943	2485	772	55512	0	
4	 2	 2	 3	sample150	760	2302	772	70932	0	
4	 2	 2	 4	sample150	726	2268	772	52428	0	
4	 2	 2	 5	sample150	354	1896	258	61680	0	
4	 2	 2	 6	control	676	2218	514	53970	0	
4	 2	 3	 1	sample151	1105	2905	1028	36000	0	
4	 2	 3	 2	sample151	520	2320	514	73800	0	
4	 2	 3	 3	sample151	514	2314	514	81000	0	
4	 2	 3	 4	sample151	355	2155	256	70200	0	
4	 2	 3	 5	sample151	482	2024	514	61680	0	
4	 2	 3	 6	control	437	1979	514	61680	0	
4	 2	 4	 1	sample152	843	2899	772	74016	0	
4	 2	 4	 2	sample152	584	2640	514	67848	0	
4	 2	 4	 3	sample152	652	2452	514	66600	0	
4	 2	 4	 4	sample152	502	2302	514	82800	0	
4	 2	 4	 5	sample152	269	2069	256	72000	0	
4	 2	 4	 6	control	624	2166	514	61680	0	
4	 3	 1	 1	sample153	706	1992	770	87448	0	
4	 3	 1	 2	sample153	766	2052	770	68158	0	
4	 3	 1	 3	sample153	601	1887	514	52726	0	
4	 3	 1	 4	sample153	680	1966	770	25720	0	
4	 3	 1	 5	sample153	478	1764	514	55298	0	
4	 3	 1	 6	control	311	1597	256	42438	0	
4	 3	 2	 1	sample154	657	1943	514	55298	0	
4	 3	 2	 2	sample154	629	1915	514	51440	0	
4	 3	 2	 3	sample154	625	1911	514	29578	0	
4	 3	 2	 4	sample154	379	1665	256	51440	0	
4	 3	 2	 5	sample154	129	1671	0	61680	0	
4	 3	 2	 6	control	494	2036	258	57054	0	
4	 3	 3	 1	sample155	425	1967	514	61680	0	
4	 3	 3	 2	sample155	653	2195	514	20046	0	
4	 3	 3	 3	sample155	290	1832	258	61680	0	
4	 3	 3	 4	sample155	355	1897	258	69390	0	
4	 3	 3	 5	sample155	339	1881	258	33924	0	
4	 3	 3	 6	control	155	1697	258	61680	0	
4	 3	 4	 1	sample156	819	2361	772	83268	0	
4	 3	 4	 2	sample156	438	1980	514	61680	0	
4	 3	 4	 3	sample156	441	1983	514	53970	0	
4	 3	 4	 4	sample156	309	1851	258	61680	0	
4	 3	 4	 5	sample156	309	1851	258	61680	0	
4	 3	 4	 6	control	533	1819	514	51440	0	
4	 4	 1	 1	sample157	903	2445	770	57054	0	
4	 4	 1	 2	sample157	795	2337	514	32382	0	
4	 4	 1	 3	sample157	876	2418	770	26214	0	
4	 4	 1	 4	sample157	746	2288	514	47802	0	
4	 4	 1	 5	sample157	730	2272	514	29298	0	
4	 4	 1	 6	control	630	2172	514	47802	0	
4	 4	 2	 1	sample158	413	2211	258	77314	0	
4	 4	 2	 2	sample158	782	2324	770	35466	0	
4	 4	 2	 3	sample158	490	2288	514	57536	0	
4	 4	 2	 4	sample158	613	2155	514	75558	0	
4	 4	 2	 5	sample158	807	2349	770	32382	0	
4	 4	 2	 6	control	638	2436	514	48546	0	
4	 4	 3	 1	sample159	680	2478	772	80910	0	
4	 4	 3	 2	sample159	810	2608	772	35960	0	
4	 4	 3	 3	sample159	816	2614	772	52142	0	
4	 4	 3	 4	sample159	840	2638	772	53940	0	
4	 4	 3	 5	sample159	380	2178	258	71920	0	
4	 4	 3	 6	control	315	2113	258	71920	0	
4	 4	 4	 1	sample160	854	2396	770	61680	0	
4	 4	 4	 2	sample160	418	2216	258	71920	0	
4	 4	 4	 3	sample160	530	2328	514	30566	0	
4	 4	 4	 4	sample160	992	2534	770	33924	0	
4	 4	 4	 5	sample160	938	2480	770	30840	0	
4	 4	 4	 6	control	1073	2615	770	26214	0	
4	 5	 1	 1	sample161	828	2114	770	51440	0	
4	 5	 1	 2	sample161	661	1947	514	51440	0	
4	 5	 1	 3	sample161	629	1915	514	51440	0	
4	 5	 1	 4	sample161	443	1729	514	51440	0	
4	 5	 1	 5	sample161	599	1885	514	42438	0	
4	 5	 1	 6	control	135	1677	0	61680	0	
4	 5	 2	 1	sample162	528	2070	514	58596	0	
4	 5	 2	 2	sample162	603	2145	514	53970	0	
4	 5	 2	 3	sample162	1215	2757	1028	33924	0	
4	 5	 2	 4	sample162	470	2012	514	61680	0	
4	 5	 2	 5	sample162	579	2121	514	30840	0	
4	 5	 2	 6	control	650	2192	514	55512	0	
4	 5	 3	 1	sample163	729	2271	772	75558	0	
4	 5	 3	 2	sample163	756	2298	772	24672	0	
4	 5	 3	 3	sample163	772	2314	772	38550	0	
4	 5	 3	 4	sample163	877	2419	772	26214	0	
4	 5	 3	 5	sample163	263	2063	256	72000	0	
4	 5	 3	 6	control	95.7	1896	0	72000	0	
4	 5	 4	 1	sample164	764	2050	770	51440	0	
4	 5	 4	 2	sample164	1170	2712	1286	30840	0	
4	 5	 4	 3	sample164	649	1935	514	51440	0	
4	 5	 4	 4	sample164	790	2076	514	51440	0	
4	 5	 4	 5	sample164	514	2056	514	52428	0	
4	 5	 4	 6	control	579	2121	514	61680	0	
4	 6	 1	 1	sample165	710	2252	514	32382	0	
4	 6	 1	 2	sample165	737	2279	514	33924	0	
4	 6	 1	 3	sample165	480	2022	514	67848	0	
4	 6	 1	 4	sample165	877	2419	772	33924	0	
4	 6	 1	 5	sample165	462	2262	514	36000	0	
4	 6	 1	 6	control	562	2362	514	37800	0	
4	 6	 2	 1	sample166	735	2277	514	32382	0	
4	 6	 2	 2	sample166	860	2402	772	40092	0	
4	 6	 2	 3	sample166	691	2233	772	53970	0	
4	 6	 2	 4	sample166	282	2082	256	72000	0	
4	 6	 2	 5	sample166	379	2179	256	72000	0	
4	 6	 2	 6	control	519	2319	514	77400	0	
4	 6	 3	 1	sample167	308	2108	256	72000	0	
4	 6	 3	 2	sample167	455	2255	514	63000	0	
4	 6	 3	 3	sample167	346	2146	256	72000	0	
4	 6	 3	 4	sample167	488	2288	514	72000	0	
4	 6	 3	 5	sample167	423	2223	256	72000	0	
4	 6	 3	 6	control	277	2333	258	82240	0	
4	 6	 4	 1	sample168	712	2254	772	66306	0	
4	 6	 4	 2	sample168	457	2257	514	90000	0	
4	 6	 4	 3	sample168	526	2326	514	73800	0	
4	 6	 4	 4	sample168	405	2461	258	82240	0	
4	 6	 4	 5	sample168	389	2445	258	88408	0	
4	 6	 4	 6	control	622	2678	514	63736	0	
4	 7	 1	 1	sample169	494	2808	514	120328	0	
4	 7	 1	 2	sample169	781	2837	772	115136	0	
4	 7	 1	 3	sample169	707	2763	772	98688	0	
4	 7	 1	 4	sample169	497	2553	514	59624	0	
4	 7	 1	 5	sample169	530	2330	514	57600	0	
4	 7	 1	 6	control	334	2134	256	72000	0	
4	 7	 2	 1	sample170	825	3139	770	43966	0	
4	 7	 2	 2	sample170	484	2798	514	99502	0	
4	 7	 2	 3	sample170	666	2980	514	62478	0	
4	 7	 2	 4	sample170	553	2609	514	82240	0	
4	 7	 2	 5	sample170	245	2301	258	82240	0	
4	 7	 2	 6	control	404	2460	258	90464	0	
4	 7	 3	 1	sample171	433	3003	514	56540	0	
4	 7	 3	 2	sample171	639	2953	514	108758	0	
4	 7	 3	 3	sample171	578	2892	514	55536	0	
4	 7	 3	 4	sample171	484	2798	514	39338	0	
4	 7	 3	 5	sample171	277	2591	256	85618	0	
4	 7	 3	 6	control	237	2551	256	92560	0	
4	 7	 4	 1	sample172	504	3074	514	128500	0	
4	 7	 4	 2	sample172	580	3150	514	89950	0	
4	 7	 4	 3	sample172	614	3184	514	92520	0	
4	 7	 4	 4	sample172	586	3156	772	46260	0	
4	 7	 4	 5	sample172	527	3097	514	53970	0	
4	 7	 4	 6	control	548	3118	514	59110	0	
4	 8	 1	 1	sample173	699	2755	514	80184	0	
4	 8	 1	 2	sample173	786	2586	770	120600	0	
4	 8	 1	 3	sample173	738	2538	770	86400	0	
4	 8	 1	 4	sample173	669	2469	514	77400	0	
4	 8	 1	 5	sample173	289	2345	258	100744	0	
4	 8	 1	 6	control	-25.24	2031	0	82240	0	
4	 8	 2	 1	sample174	625	2681	514	57568	0	
4	 8	 2	 2	sample174	399	2455	258	82240	0	
4	 8	 2	 3	sample174	290	2346	258	82240	0	
4	 8	 2	 4	sample174	322	2378	258	82240	0	
4	 8	 2	 5	sample174	290	2346	258	82240	0	
4	 8	 2	 6	control	386	2442	258	82240	0	
4	 8	 3	 1	sample175	584	2898	514	67106	0	
4	 8	 3	 2	sample175	706	3020	770	46280	0	
4	 8	 3	 3	sample175	407	2721	514	106444	0	
4	 8	 3	 4	sample175	449	2763	514	92560	0	
4	 8	 3	 5	sample175	282	2596	256	92560	0	
4	 8	 3	 6	control	308	2622	256	80990	0	
4	 8	 4	 1	sample176	1103	3673	514	79670	0	
4	 8	 4	 2	sample176	652	3222	514	149060	0	
4	 8	 4	 3	sample176	630	3200	514	102800	0	
4	 8	 4	 4	sample176	412	2982	258	102800	0	
4	 8	 4	 5	sample176	414	2984	514	118220	0	
4	 8	 4	 6	control	560	3130	514	102800	0	
4	 9	 1	 1	sample177	817	2617	770	59400	0	
4	 9	 1	 2	sample177	277	2333	258	82240	0	
4	 9	 1	 3	sample177	180	2236	258	82240	0	
4	 9	 1	 4	sample177	232	2288	258	82240	0	
4	 9	 1	 5	sample177	180	2236	258	82240	0	
4	 9	 1	 6	control	207	2263	258	94576	0	
4	 9	 2	 1	sample178	232	2288	258	82240	0	
4	 9	 2	 2	sample178	195	2509	256	48594	0	
4	 9	 2	 3	sample178	147	2461	256	92560	0	
4	 9	 2	 4	sample178	303	2359	258	82240	0	
4	 9	 2	 5	sample178	283	2339	258	82240	0	
4	 9	 2	 6	control	392	2448	258	90464	0	
4	 9	 3	 1	sample179	269	2583	256	92560	0	
4	 9	 3	 2	sample179	290	2860	258	102800	0	
4	 9	 3	 3	sample179	58.3	2628	0	102800	0	
4	 9	 3	 4	sample179	367	2681	514	32396	0	
4	 9	 3	 5	sample179	270	2584	256	90246	0	
4	 9	 3	 6	control	282	2596	256	92560	0	
4	 9	 4	 1	sample180	303	2873	258	102800	0	
4	 9	 4	 2	sample180	63.8	2892	0	113120	0	
4	 9	 4	 3	sample180	284	3112	256	104636	0	
4	 9	 4	 4	sample180	283	2853	258	102800	0	
4	 9	 4	 5	sample180	290	2860	258	102800	0	
4	 9	 4	 6	control	296	2866	258	69390	0	
4	 10	 1	 1	sample181	686	2228	772	37008	0	
4	 10	 1	 2	sample181	772	2314	772	27756	0	
4	 10	 1	 3	sample181	662	2204	514	61680	0	
4	 10	 1	 4	sample181	365	1907	258	74016	0	
4	 10	 1	 5	sample181	296	1838	258	61680	0	
4	 10	 1	 6	control	541	1827	514	24434	0	
4	 10	 2	 1	sample182	553	2095	514	61680	0	
4	 10	 2	 2	sample182	809	2351	772	84810	0	
4	 10	 2	 3	sample182	1000	2542	772	41634	0	
4	 10	 2	 4	sample182	682	2224	772	66306	0	
4	 10	 2	 5	sample182	609	2151	514	58596	0	
4	 10	 2	 6	control	380	1922	258	61680	0	
4	 10	 3	 1	sample183	549	2349	514	91800	0	
4	 10	 3	 2	sample183	601	2401	514	84600	0	
4	 10	 3	 3	sample183	585	2385	514	84600	0	
4	 10	 3	 4	sample183	537	2337	514	100800	0	
4	 10	 3	 5	sample183	628	2428	514	48600	0	
4	 10	 3	 6	control	115	1915	0	72000	0	
4	 10	 4	 1	sample184	879	2679	770	34200	0	
4	 10	 4	 2	sample184	717	2517	770	43200	0	
4	 10	 4	 3	sample184	381	2437	258	51400	0	
4	 10	 4	 4	sample184	783	2583	770	36000	0	
4	 10	 4	 5	sample184	547	2347	514	41400	0	
4	 10	 4	 6	control	673	2473	514	52200	0	
4	 11	 1	 1	sample185	628	2170	514	77100	0	
4	 11	 1	 2	sample185	407	1949	258	74016	0	
4	 11	 1	 3	sample185	506	2048	514	44718	0	
4	 11	 1	 4	sample185	581	2123	514	41634	0	
4	 11	 1	 5	sample185	377	2177	256	61200	0	
4	 11	 1	 6	control	192	1992	0	72000	0	
4	 11	 2	 1	sample186	762	2304	772	43176	0	
4	 11	 2	 2	sample186	643	2185	514	30840	0	
4	 11	 2	 3	sample186	270	2070	256	70200	0	
4	 11	 2	 4	sample186	250	2050	256	72000	0	
4	 11	 2	 5	sample186	359	2159	256	72000	0	
4	 11	 2	 6	control	308	2108	256	72000	0	
4	 11	 3	 1	sample187	661	2461	514	84600	0	
4	 11	 3	 2	sample187	607	2407	514	59400	0	
4	 11	 3	 3	sample187	493	2293	514	68400	0	
4	 11	 3	 4	sample187	925	2725	770	36000	0	
4	 11	 3	 5	sample187	514	2314	514	72000	0	
4	 11	 3	 6	control	295	2095	256	72000	0	
4	 11	 4	 1	sample188	744	2544	514	70200	0	
4	 11	 4	 2	sample188	514	2314	514	77400	0	
4	 11	 4	 3	sample188	556	2356	514	32400	0	
4	 11	 4	 4	sample188	514	2314	514	72000	0	
4	 11	 4	 5	sample188	816	2616	770	30600	0	
4	 11	 4	 6	control	206	2262	0	82240	0	
4	 12	 1	 1	sample189	912	2454	770	30840	0	
4	 12	 1	 2	sample189	719	2261	770	61680	0	
4	 12	 1	 3	sample189	476	2274	258	71920	0	
4	 12	 1	 4	sample189	1199	3255	1028	74016	0	
4	 12	 1	 5	sample189	576	2888	514	57800	0	
4	 12	 1	 6	control	679	3249	514	107940	0	
4	 12	 2	 1	sample190	870	2412	514	27756	0	
4	 12	 2	 2	sample190	636	2178	514	61680	0	
4	 12	 2	 3	sample190	356	2412	256	90464	0	
4	 12	 2	 4	sample190	427	2739	258	94792	0	
4	 12	 2	 5	sample190	-6.89	2563	-257.99	102800	0	
4	 12	 2	 6	control	393	3219	258	113040	0	
4	 12	 3	 1	sample191	749	2291	514	55512	0	
4	 12	 3	 2	sample191	412	2210	258	71920	0	
4	 12	 3	 3	sample191	729	2785	514	76072	0	
4	 12	 3	 4	sample191	360	2672	258	92480	0	
4	 12	 3	 5	sample191	919	3489	770	97660	0	
4	 12	 3	 6	control	457	3283	258	113040	0	
4	 12	 4	 1	sample192	620	2418	514	79112	0	
4	 12	 4	 2	sample192	1195	2993	772	35960	0	
4	 12	 4	 3	sample192	976	3032	770	41120	0	
4	 12	 4	 4	sample192	607	2919	514	83232	0	
4	 12	 4	 5	sample192	592	3162	514	92520	0	
4	 12	 4	 6	control	365	3705	258	120240	0	
