MicroVigene	 Version	 2501
Culture	en-US
9/28/2006 1:33:12 PM
Roi Row	 4	 Roi Col	 12	 Main Row	 4	 Main Col	 6	 Sub Row	 1	 Sub Col	 1
Main Row	 Main Col	 Sub Row	 Sub Col	  GeneID	mean_net	 mean_total	 median_net	 vol_bkg	 vol_dust	 
1	 1	 1	 1	sample1	1371	3169	1028	86304	0	
1	 1	 1	 2	sample1	1069	3125	1028	102800	0	
1	 1	 1	 3	sample1	1442	3240	1286	73718	0	
1	 1	 1	 4	sample1	932	2730	772	71920	0	
1	 1	 1	 5	sample1	675	2473	514	71920	0	
1	 1	 1	 6	control	354	2152	258	71920	0	
1	 1	 2	 1	sample2	730	2272	770	69390	0	
1	 1	 2	 2	sample2	1432	2974	1542	72474	0	
1	 1	 2	 3	sample2	1071	2613	1028	72474	0	
1	 1	 2	 4	sample2	636	2178	514	67848	0	
1	 1	 2	 5	sample2	391	1933	256	61680	0	
1	 1	 2	 6	control	1214	2756	1028	61680	0	
1	 1	 3	 1	sample3	1217	2501	1028	62916	0	
1	 1	 3	 2	sample3	1389	2931	1284	57054	0	
1	 1	 3	 3	sample3	1706	2990	1542	66768	0	
1	 1	 3	 4	sample3	872	2156	772	59064	0	
1	 1	 3	 5	sample3	720	2004	514	32100	0	
1	 1	 3	 6	control	89.4	1631	0	61680	0	
1	 1	 4	 1	sample4	2112	3396	2314	95016	0	
1	 1	 4	 2	sample4	2057	3341	2056	61632	0	
1	 1	 4	 3	sample4	1705	2989	1542	97584	0	
1	 1	 4	 4	sample4	1269	2553	1286	59064	0	
1	 1	 4	 5	sample4	1167	2451	1028	33384	0	
1	 1	 4	 6	control	944	2486	770	61680	0	
1	 2	 1	 1	sample5	828	3912	770	151116	0	
1	 2	 1	 2	sample5	1206	4032	1286	118692	0	
1	 2	 1	 3	sample5	1016	3842	1028	113040	0	
1	 2	 1	 4	sample5	758	3584	772	107388	0	
1	 2	 1	 5	sample5	600	3426	514	59346	0	
1	 2	 1	 6	control	359	2929	256	102800	0	
1	 2	 2	 1	sample6	1313	4139	1028	129996	0	
1	 2	 2	 2	sample6	2290	4860	2312	89950	0	
1	 2	 2	 3	sample6	1965	4535	2056	95090	0	
1	 2	 2	 4	sample6	1413	3983	1284	92520	0	
1	 2	 2	 5	sample6	1244	3556	1028	71672	0	
1	 2	 2	 6	control	1321	3633	1286	152592	0	
1	 2	 3	 1	sample7	688	3258	770	136210	0	
1	 2	 3	 2	sample7	559	3129	514	102800	0	
1	 2	 3	 3	sample7	722	3034	772	108664	0	
1	 2	 3	 4	sample7	514	2826	514	92480	0	
1	 2	 3	 5	sample7	424	2480	514	82240	0	
1	 2	 3	 6	control	398	2454	256	82240	0	
1	 2	 4	 1	sample8	795	3107	772	99416	0	
1	 2	 4	 2	sample8	322	2634	258	92480	0	
1	 2	 4	 3	sample8	509	2821	514	117912	0	
1	 2	 4	 4	sample8	206	2518	258	92480	0	
1	 2	 4	 5	sample8	321	2377	256	82240	0	
1	 2	 4	 6	control	575	2631	514	86352	0	
1	 3	 1	 1	sample9	1755	4581	1800	228906	0	
1	 3	 1	 2	sample9	2181	4751	2312	190180	0	
1	 3	 1	 3	sample9	1605	3917	1800	143344	0	
1	 3	 1	 4	sample9	1189	3501	1028	73984	0	
1	 3	 1	 5	sample9	497	2809	514	99416	0	
1	 3	 1	 6	control	263	2319	256	82240	0	
1	 3	 2	 1	sample10	678	2990	514	108664	0	
1	 3	 2	 2	sample10	645	3215	770	110510	0	
1	 3	 2	 3	sample10	673	2729	770	76072	0	
1	 3	 2	 4	sample10	423	2479	256	82240	0	
1	 3	 2	 5	sample10	418	2216	514	71920	0	
1	 3	 2	 6	control	757	2555	772	62930	0	
1	 3	 3	 1	sample11	1472	3784	1542	67048	0	
1	 3	 3	 2	sample11	1896	3952	1284	43176	0	
1	 3	 3	 3	sample11	962	2760	772	89900	0	
1	 3	 3	 4	sample11	707	2505	514	71920	0	
1	 3	 3	 5	sample11	514	2056	514	63222	0	
1	 3	 3	 6	control	212	1754	256	61680	0	
1	 3	 4	 1	sample12	1041	3097	1028	39064	0	
1	 3	 4	 2	sample12	746	2544	514	71920	0	
1	 3	 4	 3	sample12	392	2190	258	71920	0	
1	 3	 4	 4	sample12	391	1933	256	61680	0	
1	 3	 4	 5	sample12	128	1670	0	61680	0	
1	 3	 4	 6	control	630	1914	514	51360	0	
1	 4	 1	 1	sample13	1034	3604	1028	125930	0	
1	 4	 1	 2	sample13	1598	3912	1542	74048	0	
1	 4	 1	 3	sample13	956	3270	1028	99502	0	
1	 4	 1	 4	sample13	607	2921	256	76362	0	
1	 4	 1	 5	sample13	469	2783	256	92560	0	
1	 4	 1	 6	control	154	2468	0	92560	0	
1	 4	 2	 1	sample14	1698	3754	1542	119248	0	
1	 4	 2	 2	sample14	1714	3770	1800	111024	0	
1	 4	 2	 3	sample14	1078	3134	1028	86352	0	
1	 4	 2	 4	sample14	1034	2834	1028	72000	0	
1	 4	 2	 5	sample14	928	2728	1028	55800	0	
1	 4	 2	 6	control	1298	3354	1286	41120	0	
1	 4	 3	 1	sample15	1230	3030	1028	59400	0	
1	 4	 3	 2	sample15	856	2656	770	81000	0	
1	 4	 3	 3	sample15	675	2475	770	77400	0	
1	 4	 3	 4	sample15	469	2269	256	72000	0	
1	 4	 3	 5	sample15	269	2069	256	72000	0	
1	 4	 3	 6	control	906	2448	772	32382	0	
1	 4	 4	 1	sample16	804	2604	514	55800	0	
1	 4	 4	 2	sample16	900	2442	1028	37008	0	
1	 4	 4	 3	sample16	502	2302	514	39600	0	
1	 4	 4	 4	sample16	605	2147	772	30840	0	
1	 4	 4	 5	sample16	589	2131	514	37008	0	
1	 4	 4	 6	control	547	2089	514	61680	0	
1	 5	 1	 1	sample17	1791	3591	1542	63000	0	
1	 5	 1	 2	sample17	1369	3425	1286	82240	0	
1	 5	 1	 3	sample17	716	2772	772	86352	0	
1	 5	 1	 4	sample17	1016	2816	1028	79200	0	
1	 5	 1	 5	sample17	594	2650	514	53456	0	
1	 5	 1	 6	control	263	2063	256	72000	0	
1	 5	 2	 1	sample18	437	1979	514	61680	0	
1	 5	 2	 2	sample18	637	2179	514	67848	0	
1	 5	 2	 3	sample18	643	2185	514	64764	0	
1	 5	 2	 4	sample18	637	2179	772	61680	0	
1	 5	 2	 5	sample18	347	1889	258	61680	0	
1	 5	 2	 6	control	1528	3328	1542	68400	0	
1	 5	 3	 1	sample19	989	2531	1028	70932	0	
1	 5	 3	 2	sample19	1402	2944	1286	64764	0	
1	 5	 3	 3	sample19	1291	2833	1286	66306	0	
1	 5	 3	 4	sample19	976	2262	1028	51440	0	
1	 5	 3	 5	sample19	669	1955	514	61728	0	
1	 5	 3	 6	control	269	1555	256	51440	0	
1	 5	 4	 1	sample20	599	1885	514	30864	0	
1	 5	 4	 2	sample20	439	1725	514	48868	0	
1	 5	 4	 3	sample20	340	1626	256	51440	0	
1	 5	 4	 4	sample20	167	1453	256	51440	0	
1	 5	 4	 5	sample20	346	1632	256	51440	0	
1	 5	 4	 6	control	696	1982	770	57870	0	
1	 6	 1	 1	sample21	1246	4074	1284	93324	0	
1	 6	 1	 2	sample21	1294	4122	1284	147056	0	
1	 6	 1	 3	sample21	1269	3839	1286	118220	0	
1	 6	 1	 4	sample21	777	3347	772	120790	0	
1	 6	 1	 5	sample21	1073	3387	1028	64792	0	
1	 6	 1	 6	control	52	2622	0	102800	0	
1	 6	 2	 1	sample22	1400	3970	1542	115650	0	
1	 6	 2	 2	sample22	2197	4511	2312	113386	0	
1	 6	 2	 3	sample22	1826	4140	1798	196690	0	
1	 6	 2	 4	sample22	1326	3640	1284	115700	0	
1	 6	 2	 5	sample22	1123	3437	1028	118014	0	
1	 6	 2	 6	control	1570	3884	1542	127270	0	
1	 6	 3	 1	sample23	1292	3348	1286	82240	0	
1	 6	 3	 2	sample23	1258	3314	1286	96632	0	
1	 6	 3	 3	sample23	1148	3204	1028	88408	0	
1	 6	 3	 4	sample23	1017	3073	1028	94576	0	
1	 6	 3	 5	sample23	527	2583	258	82240	0	
1	 6	 3	 6	control	206	2262	258	82240	0	
1	 6	 4	 1	sample24	777	2833	772	90464	0	
1	 6	 4	 2	sample24	1110	3166	1028	45232	0	
1	 6	 4	 3	sample24	706	3020	514	55536	0	
1	 6	 4	 4	sample24	482	2538	514	82240	0	
1	 6	 4	 5	sample24	425	2481	258	82240	0	
1	 6	 4	 6	control	637	2693	514	82240	0	
1	 7	 1	 1	sample25	1219	3531	1286	277440	0	
1	 7	 1	 2	sample25	1609	3921	1286	205768	0	
1	 7	 1	 3	sample25	1211	3267	1284	164480	0	
1	 7	 1	 4	sample25	905	2961	770	94576	0	
1	 7	 1	 5	sample25	683	2739	514	78128	0	
1	 7	 1	 6	control	327	2383	256	82240	0	
1	 7	 2	 1	sample26	1300	3356	1284	104856	0	
1	 7	 2	 2	sample26	2121	4177	2312	154200	0	
1	 7	 2	 3	sample26	1881	3679	1800	107880	0	
1	 7	 2	 4	sample26	1407	3205	1286	95294	0	
1	 7	 2	 5	sample26	1051	2849	1028	82708	0	
1	 7	 2	 6	control	761	2559	772	179800	0	
1	 7	 3	 1	sample27	643	2441	514	71920	0	
1	 7	 3	 2	sample27	399	2197	258	71920	0	
1	 7	 3	 3	sample27	373	2171	258	71920	0	
1	 7	 3	 4	sample27	290	2088	258	71920	0	
1	 7	 3	 5	sample27	581	2123	514	64764	0	
1	 7	 3	 6	control	45.5	1843	0	71920	0	
1	 7	 4	 1	sample28	1198	2996	1028	163618	0	
1	 7	 4	 2	sample28	1351	2893	1284	83268	0	
1	 7	 4	 3	sample28	722	2520	772	84506	0	
1	 7	 4	 4	sample28	592	2390	514	89900	0	
1	 7	 4	 5	sample28	597	2139	514	75558	0	
1	 7	 4	 6	control	917	2715	772	82708	0	
1	 8	 1	 1	sample29	1921	4233	2056	268192	0	
1	 8	 1	 2	sample29	3312	5368	3084	182984	0	
1	 8	 1	 3	sample29	2009	4065	2056	158312	0	
1	 8	 1	 4	sample29	1583	3381	1542	124062	0	
1	 8	 1	 5	sample29	1028	2826	1028	86304	0	
1	 8	 1	 6	control	328	2126	258	71920	0	
1	 8	 2	 1	sample30	482	2538	514	82240	0	
1	 8	 2	 2	sample30	886	2684	772	84506	0	
1	 8	 2	 3	sample30	624	2422	514	71920	0	
1	 8	 2	 4	sample30	507	2049	514	61680	0	
1	 8	 2	 5	sample30	436	1978	256	61680	0	
1	 8	 2	 6	control	1433	2975	1284	58596	0	
1	 8	 3	 1	sample31	1644	3442	1286	208568	0	
1	 8	 3	 2	sample31	1162	2960	1286	86304	0	
1	 8	 3	 3	sample31	818	2616	772	89900	0	
1	 8	 3	 4	sample31	692	2234	770	70932	0	
1	 8	 3	 5	sample31	301	1843	256	61680	0	
1	 8	 3	 6	control	147	1689	0	61680	0	
1	 8	 4	 1	sample32	895	2693	772	93496	0	
1	 8	 4	 2	sample32	703	2245	770	70932	0	
1	 8	 4	 3	sample32	475	2017	514	61680	0	
1	 8	 4	 4	sample32	398	1940	256	61680	0	
1	 8	 4	 5	sample32	237	1779	256	61680	0	
1	 8	 4	 6	control	857	2141	772	38520	0	
1	 9	 1	 1	sample33	815	3129	770	92560	0	
1	 9	 1	 2	sample33	1086	3142	1028	82240	0	
1	 9	 1	 3	sample33	682	2738	514	82240	0	
1	 9	 1	 4	sample33	759	2815	514	82240	0	
1	 9	 1	 5	sample33	700	2756	772	74016	0	
1	 9	 1	 6	control	367	2423	258	82240	0	
1	 9	 2	 1	sample34	553	2609	258	82240	0	
1	 9	 2	 2	sample34	963	3019	1028	80184	0	
1	 9	 2	 3	sample34	938	2738	770	72000	0	
1	 9	 2	 4	sample34	1199	2999	1284	32400	0	
1	 9	 2	 5	sample34	806	2606	770	64800	0	
1	 9	 2	 6	control	1279	3079	1284	84600	0	
1	 9	 3	 1	sample35	961	2761	1028	63000	0	
1	 9	 3	 2	sample35	983	2783	1028	72000	0	
1	 9	 3	 3	sample35	976	2776	770	45000	0	
1	 9	 3	 4	sample35	578	2378	514	72000	0	
1	 9	 3	 5	sample35	402	2202	256	82800	0	
1	 9	 3	 6	control	186	1986	256	72000	0	
1	 9	 4	 1	sample36	906	2706	1028	64800	0	
1	 9	 4	 2	sample36	693	2493	514	72000	0	
1	 9	 4	 3	sample36	1050	2850	1028	41400	0	
1	 9	 4	 4	sample36	468	2268	514	72000	0	
1	 9	 4	 5	sample36	686	2228	772	60138	0	
1	 9	 4	 6	control	701	2501	514	66600	0	
1	 10	 1	 1	sample37	1006	2806	770	88200	0	
1	 10	 1	 2	sample37	1356	3156	1284	90000	0	
1	 10	 1	 3	sample37	959	2759	770	88200	0	
1	 10	 1	 4	sample37	726	2526	770	72000	0	
1	 10	 1	 5	sample37	687	2487	514	72000	0	
1	 10	 1	 6	control	591	2391	256	72000	0	
1	 10	 2	 1	sample38	843	2385	772	72474	0	
1	 10	 2	 2	sample38	688	2230	514	66306	0	
1	 10	 2	 3	sample38	838	2380	772	70932	0	
1	 10	 2	 4	sample38	598	2140	514	61680	0	
1	 10	 2	 5	sample38	611	2153	514	61680	0	
1	 10	 2	 6	control	1194	2994	1284	61200	0	
1	 10	 3	 1	sample39	2332	3874	2056	109482	0	
1	 10	 3	 2	sample39	2379	3665	2056	69444	0	
1	 10	 3	 3	sample39	1648	3190	1542	52428	0	
1	 10	 3	 4	sample39	931	2217	770	30864	0	
1	 10	 3	 5	sample39	959	2245	770	43724	0	
1	 10	 3	 6	control	347	1889	258	61680	0	
1	 10	 4	 1	sample40	918	2204	770	51440	0	
1	 10	 4	 2	sample40	764	2050	514	50154	0	
1	 10	 4	 3	sample40	1156	2442	1028	51440	0	
1	 10	 4	 4	sample40	802	2344	772	26214	0	
1	 10	 4	 5	sample40	963	2249	770	41152	0	
1	 10	 4	 6	control	836	2378	772	55512	0	
1	 11	 1	 1	sample41	2181	5779	2314	341810	0	
1	 11	 1	 2	sample41	2425	6023	2570	291438	0	
1	 11	 1	 3	sample41	1907	5505	1800	179900	0	
1	 11	 1	 4	sample41	1388	4986	1286	179900	0	
1	 11	 1	 5	sample41	973	4571	1028	151116	0	
1	 11	 1	 6	control	296	3894	258	143920	0	
1	 11	 2	 1	sample42	1518	5116	1542	187096	0	
1	 11	 2	 2	sample42	1918	5260	1798	350910	0	
1	 11	 2	 3	sample42	2362	5704	2312	157074	0	
1	 11	 2	 4	sample42	1691	5033	1542	167100	0	
1	 11	 2	 5	sample42	1355	4697	1284	73524	0	
1	 11	 2	 6	control	1560	4902	1542	227256	0	
1	 11	 3	 1	sample43	1347	4689	1284	163758	0	
1	 11	 3	 2	sample43	1706	5048	1542	240624	0	
1	 11	 3	 3	sample43	1474	4816	1542	126996	0	
1	 11	 3	 4	sample43	1021	4363	1028	133680	0	
1	 11	 3	 5	sample43	1183	4267	1028	123360	0	
1	 11	 3	 6	control	366	3708	0	133680	0	
1	 11	 4	 1	sample44	4452	7794	4626	237282	0	
1	 11	 4	 2	sample44	3382	6724	4112	247308	0	
1	 11	 4	 3	sample44	3619	6961	3340	274044	0	
1	 11	 4	 4	sample44	2330	5672	2312	250650	0	
1	 11	 4	 5	sample44	1711	5053	1798	137022	0	
1	 11	 4	 6	control	919	4261	1028	126996	0	
1	 12	 1	 1	sample45	2298	5896	2314	176302	0	
1	 12	 1	 2	sample45	2114	5970	2312	304624	0	
1	 12	 1	 3	sample45	2161	6017	2312	169664	0	
1	 12	 1	 4	sample45	1250	5106	1028	173520	0	
1	 12	 1	 5	sample45	804	4916	772	164480	0	
1	 12	 1	 6	control	276	4646	0	174800	0	
1	 12	 2	 1	sample46	703	4301	514	161910	0	
1	 12	 2	 2	sample46	675	4273	514	143920	0	
1	 12	 2	 3	sample46	914	4512	772	169106	0	
1	 12	 2	 4	sample46	765	4363	514	147518	0	
1	 12	 2	 5	sample46	784	4382	514	143920	0	
1	 12	 2	 6	control	1497	5609	1542	164480	0	
1	 12	 3	 1	sample47	1596	4938	1542	250650	0	
1	 12	 3	 2	sample47	1304	4646	1028	133680	0	
1	 12	 3	 3	sample47	1558	4900	1542	160416	0	
1	 12	 3	 4	sample47	1316	4914	1028	61166	0	
1	 12	 3	 5	sample47	895	4493	772	82754	0	
1	 12	 3	 6	control	571	4427	514	154240	0	
1	 12	 4	 1	sample48	1254	4596	1028	83550	0	
1	 12	 4	 2	sample48	996	4338	770	133680	0	
1	 12	 4	 3	sample48	999	4597	1028	125930	0	
1	 12	 4	 4	sample48	688	4286	514	143920	0	
1	 12	 4	 5	sample48	662	4260	514	143920	0	
1	 12	 4	 6	control	1040	4896	1028	154240	0	
2	 1	 1	 1	sample49	2545	4087	2314	126444	0	
2	 1	 1	 2	sample49	2591	4133	2570	132612	0	
2	 1	 1	 3	sample49	2476	4276	2570	153000	0	
2	 1	 1	 4	sample49	1919	3461	1800	132612	0	
2	 1	 1	 5	sample49	1812	3354	1800	61680	0	
2	 1	 1	 6	control	354	1896	258	61680	0	
2	 1	 2	 1	sample50	1436	2722	1284	56584	0	
2	 1	 2	 2	sample50	2621	4421	2570	72000	0	
2	 1	 2	 3	sample50	1574	3630	1542	166536	0	
2	 1	 2	 4	sample50	2372	4172	2312	154800	0	
2	 1	 2	 5	sample50	2039	3839	2056	86400	0	
2	 1	 2	 6	control	1940	3740	2056	140400	0	
2	 1	 3	 1	sample51	1076	2618	1028	75558	0	
2	 1	 3	 2	sample51	2029	3829	2056	88200	0	
2	 1	 3	 3	sample51	2372	3914	2314	74016	0	
2	 1	 3	 4	sample51	1572	3372	1542	91800	0	
2	 1	 3	 5	sample51	941	2483	772	63222	0	
2	 1	 3	 6	control	527	2069	514	61680	0	
2	 1	 4	 1	sample52	1001	2287	1028	63014	0	
2	 1	 4	 2	sample52	759	2301	772	61680	0	
2	 1	 4	 3	sample52	701	2243	772	61680	0	
2	 1	 4	 4	sample52	412	1954	514	61680	0	
2	 1	 4	 5	sample52	508	2050	514	61680	0	
2	 1	 4	 6	control	958	2500	1028	61680	0	
2	 2	 1	 1	sample53	2537	4335	2570	138446	0	
2	 2	 1	 2	sample53	2013	3555	2056	112566	0	
2	 2	 1	 3	sample53	1452	2994	1542	97146	0	
2	 2	 1	 4	sample53	1284	2826	1284	61680	0	
2	 2	 1	 5	sample53	982	2524	1028	61680	0	
2	 2	 1	 6	control	264	1548	258	51360	0	
2	 2	 2	 1	sample54	1280	3078	1286	82708	0	
2	 2	 2	 2	sample54	1818	3360	1798	61680	0	
2	 2	 2	 3	sample54	1021	2563	1028	61680	0	
2	 2	 2	 4	sample54	963	2505	1028	61680	0	
2	 2	 2	 5	sample54	667	2209	770	72474	0	
2	 2	 2	 6	control	1307	2849	1284	52428	0	
2	 2	 3	 1	sample55	1620	3418	1542	89900	0	
2	 2	 3	 2	sample55	1811	3609	1800	79112	0	
2	 2	 3	 3	sample55	1347	2889	1284	63222	0	
2	 2	 3	 4	sample55	758	2300	770	61680	0	
2	 2	 3	 5	sample55	430	1972	256	61680	0	
2	 2	 3	 6	control	141	1683	0	61680	0	
2	 2	 4	 1	sample56	2969	5025	2312	37008	0	
2	 2	 4	 2	sample56	849	2647	772	71920	0	
2	 2	 4	 3	sample56	944	2486	770	61680	0	
2	 2	 4	 4	sample56	1361	2903	1284	57054	0	
2	 2	 4	 5	sample56	584	2126	514	61680	0	
2	 2	 4	 6	control	944	2486	770	61680	0	
2	 3	 1	 1	sample57	2945	4745	3084	167400	0	
2	 3	 1	 2	sample57	2570	4370	2312	176400	0	
2	 3	 1	 3	sample57	2366	3908	2314	114108	0	
2	 3	 1	 4	sample57	1623	2909	1542	88734	0	
2	 3	 1	 5	sample57	1251	2537	1284	59156	0	
2	 3	 1	 6	control	231	1517	0	51440	0	
2	 3	 2	 1	sample58	1007	3063	1028	100744	0	
2	 3	 2	 2	sample58	882	2938	772	104856	0	
2	 3	 2	 3	sample58	900	2442	772	61680	0	
2	 3	 2	 4	sample58	746	2288	772	61680	0	
2	 3	 2	 5	sample58	315	1857	258	61680	0	
2	 3	 2	 6	control	1718	3004	1798	86162	0	
2	 3	 3	 1	sample59	3135	5449	2570	217516	0	
2	 3	 3	 2	sample59	4590	6646	4370	160368	0	
2	 3	 3	 3	sample59	2489	4289	2570	160200	0	
2	 3	 3	 4	sample59	1806	3348	1800	118734	0	
2	 3	 3	 5	sample59	1029	2571	1028	63222	0	
2	 3	 3	 6	control	97	1639	0	61680	0	
2	 3	 4	 1	sample60	546	2860	514	92560	0	
2	 3	 4	 2	sample60	574	2888	770	39338	0	
2	 3	 4	 3	sample60	353	2153	256	72000	0	
2	 3	 4	 4	sample60	521	2063	514	61680	0	
2	 3	 4	 5	sample60	245	1787	258	61680	0	
2	 3	 4	 6	control	688	2230	514	61680	0	
2	 4	 1	 1	sample61	1144	2430	1284	68158	0	
2	 4	 1	 2	sample61	1125	2411	1028	64300	0	
2	 4	 1	 3	sample61	770	2056	770	51440	0	
2	 4	 1	 4	sample61	347	1633	514	51440	0	
2	 4	 1	 5	sample61	244	1530	256	51440	0	
2	 4	 1	 6	control	76.7	1363	0	51440	0	
2	 4	 2	 1	sample62	2164	3706	2314	77100	0	
2	 4	 2	 2	sample62	1705	3247	1542	70932	0	
2	 4	 2	 3	sample62	1322	2608	1284	34722	0	
2	 4	 2	 4	sample62	787	2073	770	39866	0	
2	 4	 2	 5	sample62	559	1845	514	51440	0	
2	 4	 2	 6	control	1411	2697	1284	68158	0	
2	 4	 3	 1	sample63	1675	3217	1542	50886	0	
2	 4	 3	 2	sample63	1635	3177	1800	111024	0	
2	 4	 3	 3	sample63	1259	2801	1286	29298	0	
2	 4	 3	 4	sample63	862	2148	770	36008	0	
2	 4	 3	 5	sample63	603	1889	514	51440	0	
2	 4	 3	 6	control	200	1742	258	61680	0	
2	 4	 4	 1	sample64	1642	3442	1542	115200	0	
2	 4	 4	 2	sample64	1458	3258	1542	88200	0	
2	 4	 4	 3	sample64	904	2446	772	53970	0	
2	 4	 4	 4	sample64	513	1799	514	51440	0	
2	 4	 4	 5	sample64	327	1613	256	51440	0	
2	 4	 4	 6	control	592	2134	514	61680	0	
2	 5	 1	 1	sample65	1328	3384	1286	238496	0	
2	 5	 1	 2	sample65	2251	4307	1800	168592	0	
2	 5	 1	 3	sample65	1849	3649	1798	147600	0	
2	 5	 1	 4	sample65	1379	3179	1284	88200	0	
2	 5	 1	 5	sample65	1203	3003	1028	73800	0	
2	 5	 1	 6	control	213	2269	0	82240	0	
2	 5	 2	 1	sample66	847	2903	772	34952	0	
2	 5	 2	 2	sample66	1118	3174	1028	100744	0	
2	 5	 2	 3	sample66	813	2869	772	102800	0	
2	 5	 2	 4	sample66	585	2641	514	82240	0	
2	 5	 2	 5	sample66	764	2564	770	72000	0	
2	 5	 2	 6	control	1644	3700	1542	108968	0	
2	 5	 3	 1	sample67	1519	3833	1542	104130	0	
2	 5	 3	 2	sample67	1727	4041	1542	115700	0	
2	 5	 3	 3	sample67	1345	3401	1286	88408	0	
2	 5	 3	 4	sample67	701	2757	772	82240	0	
2	 5	 3	 5	sample67	598	2654	514	82240	0	
2	 5	 3	 6	control	315	2371	258	82240	0	
2	 5	 4	 1	sample68	4751	7065	4368	171236	0	
2	 5	 4	 2	sample68	3353	5667	3598	187434	0	
2	 5	 4	 3	sample68	3753	6067	4112	199004	0	
2	 5	 4	 4	sample68	3379	5435	3342	185040	0	
2	 5	 4	 5	sample68	1259	3315	1286	100744	0	
2	 5	 4	 6	control	553	2609	514	82240	0	
2	 6	 1	 1	sample69	1588	3388	1542	208800	0	
2	 6	 1	 2	sample69	2393	3935	2314	124902	0	
2	 6	 1	 3	sample69	2135	3677	2314	131070	0	
2	 6	 1	 4	sample69	1788	3330	1542	67848	0	
2	 6	 1	 5	sample69	1213	2755	1286	60138	0	
2	 6	 1	 6	control	579	2121	514	61680	0	
2	 6	 2	 1	sample70	2191	3991	2312	95400	0	
2	 6	 2	 2	sample70	1608	3408	1542	180000	0	
2	 6	 2	 3	sample70	1638	3180	1542	149574	0	
2	 6	 2	 4	sample70	1575	3117	1542	74016	0	
2	 6	 2	 5	sample70	1195	2737	1286	57054	0	
2	 6	 2	 6	control	1241	2783	1286	61680	0	
2	 6	 3	 1	sample71	1393	3193	1284	93600	0	
2	 6	 3	 2	sample71	1338	3138	1284	86400	0	
2	 6	 3	 3	sample71	1270	2812	1286	75558	0	
2	 6	 3	 4	sample71	789	2331	772	69390	0	
2	 6	 3	 5	sample71	547	2089	514	61680	0	
2	 6	 3	 6	control	625	2167	514	32382	0	
2	 6	 4	 1	sample72	1047	2847	1028	70200	0	
2	 6	 4	 2	sample72	1156	2956	1028	68400	0	
2	 6	 4	 3	sample72	968	2768	1028	77400	0	
2	 6	 4	 4	sample72	1055	2597	1028	60138	0	
2	 6	 4	 5	sample72	705	2247	514	41634	0	
2	 6	 4	 6	control	896	2438	772	47802	0	
2	 7	 1	 1	sample73	1785	3327	1800	81726	0	
2	 7	 1	 2	sample73	1642	3184	1542	75558	0	
2	 7	 1	 3	sample73	1459	3001	1542	66306	0	
2	 7	 1	 4	sample73	913	2455	772	61680	0	
2	 7	 1	 5	sample73	669	2211	514	69390	0	
2	 7	 1	 6	control	296	1838	258	61680	0	
2	 7	 2	 1	sample74	1487	3287	1542	93600	0	
2	 7	 2	 2	sample74	2103	3645	2056	103314	0	
2	 7	 2	 3	sample74	1973	3515	1800	75558	0	
2	 7	 2	 4	sample74	1787	3329	1800	64764	0	
2	 7	 2	 5	sample74	1006	2548	1028	69390	0	
2	 7	 2	 6	control	1490	3032	1286	67848	0	
2	 7	 3	 1	sample75	797	2339	772	61680	0	
2	 7	 3	 2	sample75	576	2118	514	77100	0	
2	 7	 3	 3	sample75	976	2518	1028	67848	0	
2	 7	 3	 4	sample75	626	2168	514	60138	0	
2	 7	 3	 5	sample75	431	1973	258	61680	0	
2	 7	 3	 6	control	360	1902	258	61680	0	
2	 7	 4	 1	sample76	2282	3824	2314	112566	0	
2	 7	 4	 2	sample76	1962	3504	2056	75558	0	
2	 7	 4	 3	sample76	2156	3698	2056	75558	0	
2	 7	 4	 4	sample76	1468	3010	1542	74016	0	
2	 7	 4	 5	sample76	751	2037	514	51440	0	
2	 7	 4	 6	control	829	2371	772	55512	0	
2	 8	 1	 1	sample77	2570	4112	2312	81726	0	
2	 8	 1	 2	sample77	3403	4687	3342	102720	0	
2	 8	 1	 3	sample77	1973	3257	1800	91164	0	
2	 8	 1	 4	sample77	1200	2484	1286	61632	0	
2	 8	 1	 5	sample77	987	2271	1028	47508	0	
2	 8	 1	 6	control	58.6	1343	0	51360	0	
2	 8	 2	 1	sample78	2285	3827	2312	70932	0	
2	 8	 2	 2	sample78	2616	3900	2570	57780	0	
2	 8	 2	 3	sample78	1635	2919	1800	64200	0	
2	 8	 2	 4	sample78	1461	2745	1542	56496	0	
2	 8	 2	 5	sample78	727	2011	772	59064	0	
2	 8	 2	 6	control	1369	2653	1286	47508	0	
2	 8	 3	 1	sample79	2061	3603	2056	77100	0	
2	 8	 3	 2	sample79	2337	3879	2312	80184	0	
2	 8	 3	 3	sample79	1997	3539	2056	74016	0	
2	 8	 3	 4	sample79	1716	3000	1542	51360	0	
2	 8	 3	 5	sample79	637	1921	514	51360	0	
2	 8	 3	 6	control	225	1509	0	51360	0	
2	 8	 4	 1	sample80	688	1972	772	51360	0	
2	 8	 4	 2	sample80	617	1901	514	51360	0	
2	 8	 4	 3	sample80	707	1991	772	51360	0	
2	 8	 4	 4	sample80	418	1702	258	51360	0	
2	 8	 4	 5	sample80	418	1702	258	51360	0	
2	 8	 4	 6	control	998	2282	772	53928	0	
2	 9	 1	 1	sample81	2340	4138	2314	156426	0	
2	 9	 1	 2	sample81	2027	3825	2314	125860	0	
2	 9	 1	 3	sample81	1546	3344	1542	125860	0	
2	 9	 1	 4	sample81	1093	2891	1028	79112	0	
2	 9	 1	 5	sample81	992	2534	1028	78642	0	
2	 9	 1	 6	control	462	2004	256	61680	0	
2	 9	 2	 1	sample82	2326	4124	2056	109678	0	
2	 9	 2	 2	sample82	2739	4537	2828	98890	0	
2	 9	 2	 3	sample82	2212	4010	2314	118668	0	
2	 9	 2	 4	sample82	1960	3758	2056	109678	0	
2	 9	 2	 5	sample82	1162	2960	1286	93496	0	
2	 9	 2	 6	control	1717	3515	1800	89900	0	
2	 9	 3	 1	sample83	1452	3508	1542	82240	0	
2	 9	 3	 2	sample83	1198	2996	1286	79112	0	
2	 9	 3	 3	sample83	964	2762	1028	71920	0	
2	 9	 3	 4	sample83	591	2389	514	84506	0	
2	 9	 3	 5	sample83	457	2255	258	71920	0	
2	 9	 3	 6	control	122	1920	0	71920	0	
2	 9	 4	 1	sample84	1345	3143	1286	70122	0	
2	 9	 4	 2	sample84	868	2666	772	71920	0	
2	 9	 4	 3	sample84	562	2360	514	68324	0	
2	 9	 4	 4	sample84	790	2332	770	61680	0	
2	 9	 4	 5	sample84	637	2435	514	37758	0	
2	 9	 4	 6	control	1175	2973	1028	75516	0	
2	 10	 1	 1	sample85	1397	3197	1284	73800	0	
2	 10	 1	 2	sample85	1934	3476	2056	61680	0	
2	 10	 1	 3	sample85	1242	2784	1286	109482	0	
2	 10	 1	 4	sample85	1491	3033	1542	30840	0	
2	 10	 1	 5	sample85	982	2268	770	51440	0	
2	 10	 1	 6	control	424	1710	256	51440	0	
2	 10	 2	 1	sample86	1124	2924	1028	72000	0	
2	 10	 2	 2	sample86	1599	3141	1542	63222	0	
2	 10	 2	 3	sample86	1638	3180	1542	66306	0	
2	 10	 2	 4	sample86	1035	2577	772	63222	0	
2	 10	 2	 5	sample86	957	2499	772	55512	0	
2	 10	 2	 6	control	1308	2850	1286	35466	0	
2	 10	 3	 1	sample87	835	2635	770	79200	0	
2	 10	 3	 2	sample87	916	2458	514	63222	0	
2	 10	 3	 3	sample87	766	2308	772	69390	0	
2	 10	 3	 4	sample87	669	2211	514	46260	0	
2	 10	 3	 5	sample87	405	1947	258	61680	0	
2	 10	 3	 6	control	463	2005	258	61680	0	
2	 10	 4	 1	sample88	1208	2750	1028	46260	0	
2	 10	 4	 2	sample88	932	2474	772	49344	0	
2	 10	 4	 3	sample88	1014	2556	772	27756	0	
2	 10	 4	 4	sample88	502	2044	258	61680	0	
2	 10	 4	 5	sample88	476	2018	514	61680	0	
2	 10	 4	 6	control	624	2166	514	61680	0	
2	 11	 1	 1	sample89	3418	4960	3342	164994	0	
2	 11	 1	 2	sample89	3376	4918	3598	127986	0	
2	 11	 1	 3	sample89	2333	3875	2314	143406	0	
2	 11	 1	 4	sample89	1803	3345	1800	127986	0	
2	 11	 1	 5	sample89	1611	3153	1542	75558	0	
2	 11	 1	 6	control	264	1806	258	61680	0	
2	 11	 2	 1	sample90	878	2678	770	64800	0	
2	 11	 2	 2	sample90	897	2439	772	69390	0	
2	 11	 2	 3	sample90	1104	2646	1028	78642	0	
2	 11	 2	 4	sample90	971	2513	1028	61680	0	
2	 11	 2	 5	sample90	733	2275	514	61680	0	
2	 11	 2	 6	control	1222	2764	1286	118734	0	
2	 11	 3	 1	sample91	649	2449	514	64800	0	
2	 11	 3	 2	sample91	549	2349	514	64800	0	
2	 11	 3	 3	sample91	579	2121	514	61680	0	
2	 11	 3	 4	sample91	739	2281	772	61680	0	
2	 11	 3	 5	sample91	431	1973	258	61680	0	
2	 11	 3	 6	control	208	1750	258	55512	0	
2	 11	 4	 1	sample92	957	2757	770	79200	0	
2	 11	 4	 2	sample92	1008	2550	1028	75558	0	
2	 11	 4	 3	sample92	707	2249	772	49344	0	
2	 11	 4	 4	sample92	699	2241	772	49344	0	
2	 11	 4	 5	sample92	370	1912	258	49344	0	
2	 11	 4	 6	control	824	2366	772	67848	0	
2	 12	 1	 1	sample93	2509	4051	2570	104856	0	
2	 12	 1	 2	sample93	2283	3825	2570	106398	0	
2	 12	 1	 3	sample93	1825	3367	1798	87894	0	
2	 12	 1	 4	sample93	1331	2873	1284	60138	0	
2	 12	 1	 5	sample93	904	2702	772	55738	0	
2	 12	 1	 6	control	219	2275	256	69904	0	
2	 12	 2	 1	sample94	1390	2932	1028	33924	0	
2	 12	 2	 2	sample94	1479	3021	1542	50886	0	
2	 12	 2	 3	sample94	1764	3306	1798	57054	0	
2	 12	 2	 4	sample94	1678	3220	1542	72474	0	
2	 12	 2	 5	sample94	1327	3125	1286	66526	0	
2	 12	 2	 6	control	1355	3411	1542	82240	0	
2	 12	 3	 1	sample95	1686	3228	1284	109482	0	
2	 12	 3	 2	sample95	1226	2768	1284	67848	0	
2	 12	 3	 3	sample95	1432	2974	1284	50886	0	
2	 12	 3	 4	sample95	1566	3108	1542	49344	0	
2	 12	 3	 5	sample95	409	2207	514	61132	0	
2	 12	 3	 6	control	136	2192	0	65792	0	
2	 12	 4	 1	sample96	2056	3598	2056	98688	0	
2	 12	 4	 2	sample96	1258	2800	1028	60138	0	
2	 12	 4	 3	sample96	1349	2891	1284	61680	0	
2	 12	 4	 4	sample96	495	2037	514	43176	0	
2	 12	 4	 5	sample96	717	2515	772	84506	0	
2	 12	 4	 6	control	1156	3212	1028	61680	0	
3	 1	 1	 1	sample97	2275	4331	2314	82240	0	
3	 1	 1	 2	sample97	3511	6081	3598	136210	0	
3	 1	 1	 3	sample97	2670	4984	2570	118014	0	
3	 1	 1	 4	sample97	2319	4375	2570	92520	0	
3	 1	 1	 5	sample97	1774	3830	1800	102800	0	
3	 1	 1	 6	control	277	2333	258	82240	0	
3	 1	 2	 1	sample98	8118	10432	8224	192062	0	
3	 1	 2	 2	sample98	8361	11189	8994	200788	0	
3	 1	 2	 3	sample98	2174	4488	2056	120328	0	
3	 1	 2	 4	sample98	4612	6926	4882	175864	0	
3	 1	 2	 5	sample98	4056	6112	4112	168592	0	
3	 1	 2	 6	control	3778	6092	3854	108758	0	
3	 1	 3	 1	sample99	2996	5566	3084	133640	0	
3	 1	 3	 2	sample99	3582	6410	3854	141400	0	
3	 1	 3	 3	sample99	4409	6723	4882	118014	0	
3	 1	 3	 4	sample99	4451	6765	4626	115700	0	
3	 1	 3	 5	sample99	2606	4920	2826	113386	0	
3	 1	 3	 6	control	147	2461	0	92560	0	
3	 1	 4	 1	sample100	1201	3001	1284	72000	0	
3	 1	 4	 2	sample100	976	3290	1028	34710	0	
3	 1	 4	 3	sample100	1022	3078	772	82240	0	
3	 1	 4	 4	sample100	675	2731	772	82240	0	
3	 1	 4	 5	sample100	553	2609	514	82240	0	
3	 1	 4	 6	control	1555	3611	1286	82240	0	
3	 2	 1	 1	sample101	4853	6909	4626	102800	0	
3	 2	 1	 2	sample101	4279	6335	4370	152144	0	
3	 2	 1	 3	sample101	2693	4493	2570	93600	0	
3	 2	 1	 4	sample101	1454	3254	1542	90000	0	
3	 2	 1	 5	sample101	1468	3010	1542	69390	0	
3	 2	 1	 6	control	206	1748	258	61680	0	
3	 2	 2	 1	sample102	3152	5722	3342	118220	0	
3	 2	 2	 2	sample102	3363	5677	3598	106444	0	
3	 2	 2	 3	sample102	2235	4291	2056	100744	0	
3	 2	 2	 4	sample102	1415	3215	1542	91800	0	
3	 2	 2	 5	sample102	1074	2616	1028	61680	0	
3	 2	 2	 6	control	2659	4201	2828	49344	0	
3	 2	 3	 1	sample103	6073	9157	6426	289896	0	
3	 2	 3	 2	sample103	7916	11000	8224	154200	0	
3	 2	 3	 3	sample103	6093	8407	6168	175864	0	
3	 2	 3	 4	sample103	5704	7760	6168	148032	0	
3	 2	 3	 5	sample103	2910	4710	2826	72000	0	
3	 2	 3	 6	control	219	1761	258	61680	0	
3	 2	 4	 1	sample104	2707	4763	2570	100744	0	
3	 2	 4	 2	sample104	2981	5295	2570	92560	0	
3	 2	 4	 3	sample104	3733	5789	4112	82240	0	
3	 2	 4	 4	sample104	1695	3495	1542	84600	0	
3	 2	 4	 5	sample104	1085	2627	1028	49344	0	
3	 2	 4	 6	control	1338	2880	1286	67848	0	
3	 3	 1	 1	sample105	2439	4237	2314	176204	0	
3	 3	 1	 2	sample105	4218	6016	4112	140244	0	
3	 3	 1	 3	sample105	2583	4125	2570	115650	0	
3	 3	 1	 4	sample105	1753	3295	1798	78642	0	
3	 3	 1	 5	sample105	1224	2766	1284	78642	0	
3	 3	 1	 6	control	771	2313	770	27756	0	
3	 3	 2	 1	sample106	2022	4078	2056	108968	0	
3	 3	 2	 2	sample106	2026	4082	2056	106912	0	
3	 3	 2	 3	sample106	1972	3514	2056	123360	0	
3	 3	 2	 4	sample106	1399	2941	1284	69390	0	
3	 3	 2	 5	sample106	930	2472	770	77100	0	
3	 3	 2	 6	control	2158	3700	1798	100230	0	
3	 3	 3	 1	sample107	1589	3645	1542	100744	0	
3	 3	 3	 2	sample107	1739	3537	1542	91698	0	
3	 3	 3	 3	sample107	1590	3132	1542	64764	0	
3	 3	 3	 4	sample107	841	2383	770	61680	0	
3	 3	 3	 5	sample107	764	2306	514	61680	0	
3	 3	 3	 6	control	289	1831	256	61680	0	
3	 3	 4	 1	sample108	1217	3015	1286	122264	0	
3	 3	 4	 2	sample108	1029	2827	1028	64728	0	
3	 3	 4	 3	sample108	1291	2833	1284	61680	0	
3	 3	 4	 4	sample108	918	2460	1028	61680	0	
3	 3	 4	 5	sample108	876	2418	770	33924	0	
3	 3	 4	 6	control	1788	3072	1542	29532	0	
3	 4	 1	 1	sample109	2076	4132	2056	193264	0	
3	 4	 1	 2	sample109	5671	7727	5654	160368	0	
3	 4	 1	 3	sample109	2476	4532	2570	172704	0	
3	 4	 1	 4	sample109	1513	3313	1542	144000	0	
3	 4	 1	 5	sample109	1551	3351	1542	46800	0	
3	 4	 1	 6	control	392	1934	258	61680	0	
3	 4	 2	 1	sample110	3085	5655	3084	77100	0	
3	 4	 2	 2	sample110	3360	5674	3340	187434	0	
3	 4	 2	 3	sample110	3044	5100	3084	158312	0	
3	 4	 2	 4	sample110	2248	4048	2056	86400	0	
3	 4	 2	 5	sample110	1489	3289	1542	79200	0	
3	 4	 2	 6	control	2025	3825	2056	122400	0	
3	 4	 3	 1	sample111	4960	7530	3856	208170	0	
3	 4	 3	 2	sample111	3172	5486	2826	161980	0	
3	 4	 3	 3	sample111	3353	5409	3084	137752	0	
3	 4	 3	 4	sample111	2115	4171	2314	135696	0	
3	 4	 3	 5	sample111	1879	3679	1798	34200	0	
3	 4	 3	 6	control	340	2140	256	72000	0	
3	 4	 4	 1	sample112	3148	5204	3084	108968	0	
3	 4	 4	 2	sample112	3525	5581	3342	150088	0	
3	 4	 4	 3	sample112	2108	4164	1800	185040	0	
3	 4	 4	 4	sample112	1673	3729	1542	108968	0	
3	 4	 4	 5	sample112	1183	2983	1028	59400	0	
3	 4	 4	 6	control	1818	3618	1028	72000	0	
3	 5	 1	 1	sample113	1484	3026	1542	69390	0	
3	 5	 1	 2	sample113	2531	4329	2570	93496	0	
3	 5	 1	 3	sample113	1489	3031	1284	75558	0	
3	 5	 1	 4	sample113	1377	2661	1286	39804	0	
3	 5	 1	 5	sample113	961	2245	1028	59064	0	
3	 5	 1	 6	control	495	1779	258	51360	0	
3	 5	 2	 1	sample114	1788	3586	1800	82708	0	
3	 5	 2	 2	sample114	3163	5219	3084	106912	0	
3	 5	 2	 3	sample114	2456	3998	2570	80184	0	
3	 5	 2	 4	sample114	1245	2787	1284	70932	0	
3	 5	 2	 5	sample114	1302	2586	1286	59064	0	
3	 5	 2	 6	control	1629	2913	1542	114276	0	
3	 5	 3	 1	sample115	3672	5470	3598	37758	0	
3	 5	 3	 2	sample115	3050	4848	3084	133052	0	
3	 5	 3	 3	sample115	2148	3946	2056	80910	0	
3	 5	 3	 4	sample115	854	2396	770	61680	0	
3	 5	 3	 5	sample115	642	2184	514	74016	0	
3	 5	 3	 6	control	379	1663	258	51360	0	
3	 5	 4	 1	sample116	2449	3991	2312	52428	0	
3	 5	 4	 2	sample116	2306	3848	2312	66306	0	
3	 5	 4	 3	sample116	1495	3037	1542	77100	0	
3	 5	 4	 4	sample116	700	2242	770	61680	0	
3	 5	 4	 5	sample116	424	1966	256	61680	0	
3	 5	 4	 6	control	1206	2490	1028	66768	0	
3	 6	 1	 1	sample117	1930	3986	1798	189152	0	
3	 6	 1	 2	sample117	3543	5341	3342	133052	0	
3	 6	 1	 3	sample117	2017	3815	2056	116870	0	
3	 6	 1	 4	sample117	1142	2684	1028	69390	0	
3	 6	 1	 5	sample117	1419	2961	1284	61680	0	
3	 6	 1	 6	control	200	1998	0	71920	0	
3	 6	 2	 1	sample118	430	2486	256	82240	0	
3	 6	 2	 2	sample118	2245	4043	2314	107880	0	
3	 6	 2	 3	sample118	1475	3273	1542	151032	0	
3	 6	 2	 4	sample118	1604	3146	1542	69390	0	
3	 6	 2	 5	sample118	1125	2667	1028	69390	0	
3	 6	 2	 6	control	1557	3355	1542	62930	0	
3	 6	 3	 1	sample119	1285	3341	1284	57568	0	
3	 6	 3	 2	sample119	2056	3854	2056	138446	0	
3	 6	 3	 3	sample119	1160	2958	1286	84506	0	
3	 6	 3	 4	sample119	1033	2575	1028	77100	0	
3	 6	 3	 5	sample119	693	2235	514	61680	0	
3	 6	 3	 6	control	219	2017	258	71920	0	
3	 6	 4	 1	sample120	966	3022	1028	94576	0	
3	 6	 4	 2	sample120	824	2622	772	61132	0	
3	 6	 4	 3	sample120	923	2721	1028	39556	0	
3	 6	 4	 4	sample120	803	2345	770	61680	0	
3	 6	 4	 5	sample120	668	2210	514	61680	0	
3	 6	 4	 6	control	611	2409	514	71920	0	
3	 7	 1	 1	sample121	1715	4029	1542	106444	0	
3	 7	 1	 2	sample121	1979	4035	1800	232328	0	
3	 7	 1	 3	sample121	1665	3721	1542	82240	0	
3	 7	 1	 4	sample121	917	2973	772	94576	0	
3	 7	 1	 5	sample121	777	2577	770	72000	0	
3	 7	 1	 6	control	52	2108	0	82240	0	
3	 7	 2	 1	sample122	1507	4077	1542	131070	0	
3	 7	 2	 2	sample122	2029	4343	2056	159666	0	
3	 7	 2	 3	sample122	1276	3332	1286	106912	0	
3	 7	 2	 4	sample122	1202	3258	1286	82240	0	
3	 7	 2	 5	sample122	982	2782	1028	72000	0	
3	 7	 2	 6	control	1985	4041	2056	139808	0	
3	 7	 3	 1	sample123	964	3534	1028	133640	0	
3	 7	 3	 2	sample123	1362	3676	1284	122642	0	
3	 7	 3	 3	sample123	900	2956	1028	82240	0	
3	 7	 3	 4	sample123	668	2468	514	72000	0	
3	 7	 3	 5	sample123	571	2371	514	72000	0	
3	 7	 3	 6	control	39.1	2095	0	82240	0	
3	 7	 4	 1	sample124	4947	7003	5140	150088	0	
3	 7	 4	 2	sample124	3929	5985	4626	143920	0	
3	 7	 4	 3	sample124	3234	5290	2828	197376	0	
3	 7	 4	 4	sample124	3089	4889	3084	90000	0	
3	 7	 4	 5	sample124	1118	3174	1028	82240	0	
3	 7	 4	 6	control	970	2770	770	72000	0	
3	 8	 1	 1	sample125	3470	5268	3342	93496	0	
3	 8	 1	 2	sample125	4736	6278	4112	121818	0	
3	 8	 1	 3	sample125	2637	3921	2314	104004	0	
3	 8	 1	 4	sample125	1952	3236	2056	47508	0	
3	 8	 1	 5	sample125	1971	3255	2056	61632	0	
3	 8	 1	 6	control	103	1387	0	51360	0	
3	 8	 2	 1	sample126	2249	4047	2056	71920	0	
3	 8	 2	 2	sample126	1833	3375	1542	114108	0	
3	 8	 2	 3	sample126	1889	3431	2056	100230	0	
3	 8	 2	 4	sample126	1157	2441	1028	51360	0	
3	 8	 2	 5	sample126	914	2198	772	60348	0	
3	 8	 2	 6	control	2159	3443	2314	83460	0	
3	 8	 3	 1	sample127	2555	4097	2570	80184	0	
3	 8	 3	 2	sample127	2382	3924	2312	120276	0	
3	 8	 3	 3	sample127	1896	3438	2056	81726	0	
3	 8	 3	 4	sample127	1828	3112	1542	57780	0	
3	 8	 3	 5	sample127	1130	2414	1028	61632	0	
3	 8	 3	 6	control	245	1529	0	51360	0	
3	 8	 4	 1	sample128	1104	2388	1028	52644	0	
3	 8	 4	 2	sample128	463	1747	514	51360	0	
3	 8	 4	 3	sample128	1099	2383	1028	51360	0	
3	 8	 4	 4	sample128	863	2147	772	17976	0	
3	 8	 4	 5	sample128	431	1715	258	51360	0	
3	 8	 4	 6	control	951	2235	772	51360	0	
3	 9	 1	 1	sample129	1187	2987	1028	90000	0	
3	 9	 1	 2	sample129	2449	3991	2570	111024	0	
3	 9	 1	 3	sample129	1528	3070	1542	112566	0	
3	 9	 1	 4	sample129	933	2475	772	78642	0	
3	 9	 1	 5	sample129	650	2192	514	61680	0	
3	 9	 1	 6	control	296	1838	258	61680	0	
3	 9	 2	 1	sample130	2441	4241	2312	72000	0	
3	 9	 2	 2	sample130	2817	4617	2312	93600	0	
3	 9	 2	 3	sample130	2196	3738	2056	104856	0	
3	 9	 2	 4	sample130	1234	2776	1286	61680	0	
3	 9	 2	 5	sample130	1171	2713	1286	58596	0	
3	 9	 2	 6	control	1648	3448	1542	160200	0	
3	 9	 3	 1	sample131	2115	4171	2056	108968	0	
3	 9	 3	 2	sample131	2632	4432	2570	147600	0	
3	 9	 3	 3	sample131	1852	3652	1798	145800	0	
3	 9	 3	 4	sample131	1874	3416	2056	117192	0	
3	 9	 3	 5	sample131	1274	2816	1286	69390	0	
3	 9	 3	 6	control	527	2069	258	61680	0	
3	 9	 4	 1	sample132	2849	4649	2056	41400	0	
3	 9	 4	 2	sample132	1811	3353	1800	70932	0	
3	 9	 4	 3	sample132	1776	3318	1800	101772	0	
3	 9	 4	 4	sample132	1267	2809	1286	64764	0	
3	 9	 4	 5	sample132	952	2494	772	61680	0	
3	 9	 4	 6	control	1226	2768	1286	60138	0	
3	 10	 1	 1	sample133	3651	5965	3084	256854	0	
3	 10	 1	 2	sample133	5213	7269	4884	168592	0	
3	 10	 1	 3	sample133	2884	4684	2570	129600	0	
3	 10	 1	 4	sample133	2447	4247	2312	75600	0	
3	 10	 1	 5	sample133	1682	3482	1798	151200	0	
3	 10	 1	 6	control	347	2147	256	72000	0	
3	 10	 2	 1	sample134	3271	5585	3084	187434	0	
3	 10	 2	 2	sample134	5182	7238	5398	139808	0	
3	 10	 2	 3	sample134	4336	6136	4112	144000	0	
3	 10	 2	 4	sample134	2721	4521	2826	140400	0	
3	 10	 2	 5	sample134	2117	3917	2056	127800	0	
3	 10	 2	 6	control	2775	4575	2570	36000	0	
3	 10	 3	 1	sample135	1228	3284	1286	82240	0	
3	 10	 3	 2	sample135	1486	3286	1542	75600	0	
3	 10	 3	 3	sample135	1088	2888	1028	68400	0	
3	 10	 3	 4	sample135	925	2725	770	72000	0	
3	 10	 3	 5	sample135	648	2448	514	72000	0	
3	 10	 3	 6	control	379	2179	256	72000	0	
3	 10	 4	 1	sample136	1531	3073	1542	138780	0	
3	 10	 4	 2	sample136	2459	4001	2314	46260	0	
3	 10	 4	 3	sample136	1728	3528	1798	79200	0	
3	 10	 4	 4	sample136	1167	2967	1284	82800	0	
3	 10	 4	 5	sample136	926	2468	772	61680	0	
3	 10	 4	 6	control	681	2481	514	72000	0	
3	 11	 1	 1	sample137	7171	9227	7968	189152	0	
3	 11	 1	 2	sample137	4958	6758	5140	153000	0	
3	 11	 1	 3	sample137	2965	4765	3084	133200	0	
3	 11	 1	 4	sample137	1889	3689	2056	133200	0	
3	 11	 1	 5	sample137	1259	3059	1284	183600	0	
3	 11	 1	 6	control	527	2069	514	61680	0	
3	 11	 2	 1	sample138	2426	4740	2312	115700	0	
3	 11	 2	 2	sample138	3371	5427	3084	141864	0	
3	 11	 2	 3	sample138	3216	5272	3598	168592	0	
3	 11	 2	 4	sample138	1848	3648	1798	93600	0	
3	 11	 2	 5	sample138	1718	3518	1542	91800	0	
3	 11	 2	 6	control	1677	3477	1798	106200	0	
3	 11	 3	 1	sample139	3017	5331	2826	222144	0	
3	 11	 3	 2	sample139	4901	6957	5654	178872	0	
3	 11	 3	 3	sample139	3483	5283	3598	136800	0	
3	 11	 3	 4	sample139	1958	3758	2056	133200	0	
3	 11	 3	 5	sample139	1284	3084	1284	72000	0	
3	 11	 3	 6	control	269	2069	256	72000	0	
3	 11	 4	 1	sample140	624	2680	514	82240	0	
3	 11	 4	 2	sample140	835	2635	770	72000	0	
3	 11	 4	 3	sample140	706	2506	770	72000	0	
3	 11	 4	 4	sample140	552	2352	514	72000	0	
3	 11	 4	 5	sample140	276	2076	256	72000	0	
3	 11	 4	 6	control	1259	3059	1284	54000	0	
3	 12	 1	 1	sample141	1698	3240	1542	78642	0	
3	 12	 1	 2	sample141	1771	3313	1798	70932	0	
3	 12	 1	 3	sample141	1210	3008	1286	61132	0	
3	 12	 1	 4	sample141	726	2524	514	71920	0	
3	 12	 1	 5	sample141	849	2647	772	71920	0	
3	 12	 1	 6	control	289	2345	256	82240	0	
3	 12	 2	 1	sample142	1650	3448	1286	64728	0	
3	 12	 2	 2	sample142	1497	3295	1542	80910	0	
3	 12	 2	 3	sample142	1954	3752	2056	89900	0	
3	 12	 2	 4	sample142	1121	2919	1286	89900	0	
3	 12	 2	 5	sample142	858	2914	770	90464	0	
3	 12	 2	 6	control	1877	3933	2056	141864	0	
3	 12	 3	 1	sample143	2881	4937	2826	106912	0	
3	 12	 3	 2	sample143	2101	4157	2056	104856	0	
3	 12	 3	 3	sample143	1269	3325	1284	104856	0	
3	 12	 3	 4	sample143	1127	2925	1028	84506	0	
3	 12	 3	 5	sample143	642	2698	514	82240	0	
3	 12	 3	 6	control	334	2390	256	82240	0	
3	 12	 4	 1	sample144	3366	5422	3854	164480	0	
3	 12	 4	 2	sample144	3967	6023	4112	160368	0	
3	 12	 4	 3	sample144	3350	5406	3598	160368	0	
3	 12	 4	 4	sample144	1698	3754	1542	104856	0	
3	 12	 4	 5	sample144	1480	3536	1542	86352	0	
3	 12	 4	 6	control	1000	3312	1028	106352	0	
4	 1	 1	 1	sample145	1458	2744	1542	66872	0	
4	 1	 1	 2	sample145	2115	3657	2056	114108	0	
4	 1	 1	 3	sample145	1352	3152	1284	82800	0	
4	 1	 1	 4	sample145	1227	3027	1028	72000	0	
4	 1	 1	 5	sample145	1193	2993	1028	81000	0	
4	 1	 1	 6	control	301	2101	256	72000	0	
4	 1	 2	 1	sample146	2391	3933	2314	101772	0	
4	 1	 2	 2	sample146	2770	4570	2826	122400	0	
4	 1	 2	 3	sample146	3018	4818	3084	140400	0	
4	 1	 2	 4	sample146	2198	3998	2570	136800	0	
4	 1	 2	 5	sample146	2077	3877	2056	84600	0	
4	 1	 2	 6	control	2898	4698	3084	122400	0	
4	 1	 3	 1	sample147	1571	3371	1542	93600	0	
4	 1	 3	 2	sample147	1727	3783	1800	94576	0	
4	 1	 3	 3	sample147	1904	3704	1798	79200	0	
4	 1	 3	 4	sample147	1285	3085	1284	88200	0	
4	 1	 3	 5	sample147	693	2493	514	72000	0	
4	 1	 3	 6	control	302	2102	256	72000	0	
4	 1	 4	 1	sample148	1757	3299	1800	46260	0	
4	 1	 4	 2	sample148	1732	3274	1800	100230	0	
4	 1	 4	 3	sample148	1937	3479	2056	112566	0	
4	 1	 4	 4	sample148	1744	3286	1542	78642	0	
4	 1	 4	 5	sample148	1201	2743	1286	70932	0	
4	 1	 4	 6	control	1255	2797	1286	64764	0	
4	 2	 1	 1	sample149	4015	6071	3856	162424	0	
4	 2	 1	 2	sample149	3806	5862	4112	148032	0	
4	 2	 1	 3	sample149	1977	4033	1800	185040	0	
4	 2	 1	 4	sample149	1551	3351	1542	147600	0	
4	 2	 1	 5	sample149	1273	3073	1284	82800	0	
4	 2	 1	 6	control	263	2063	256	72000	0	
4	 2	 2	 1	sample150	3654	5968	3598	199004	0	
4	 2	 2	 2	sample150	4807	7121	5396	157352	0	
4	 2	 2	 3	sample150	2341	4397	2056	96632	0	
4	 2	 2	 4	sample150	2107	4163	2056	156256	0	
4	 2	 2	 5	sample150	1440	3240	1542	86400	0	
4	 2	 2	 6	control	3223	5023	3084	122400	0	
4	 2	 3	 1	sample151	939	2995	1028	82240	0	
4	 2	 3	 2	sample151	931	2987	772	59624	0	
4	 2	 3	 3	sample151	829	2885	772	82240	0	
4	 2	 3	 4	sample151	521	2577	514	82240	0	
4	 2	 3	 5	sample151	584	2384	514	72000	0	
4	 2	 3	 6	control	462	2262	256	72000	0	
4	 2	 4	 1	sample152	1343	3143	1542	39600	0	
4	 2	 4	 2	sample152	706	2506	770	72000	0	
4	 2	 4	 3	sample152	1238	2780	1286	58596	0	
4	 2	 4	 4	sample152	887	2429	772	61680	0	
4	 2	 4	 5	sample152	598	2140	514	61680	0	
4	 2	 4	 6	control	1554	3096	1542	100230	0	
4	 3	 1	 1	sample153	2600	4656	2570	217936	0	
4	 3	 1	 2	sample153	5755	7811	5912	148032	0	
4	 3	 1	 3	sample153	3631	5687	3342	148032	0	
4	 3	 1	 4	sample153	3119	4919	3340	117000	0	
4	 3	 1	 5	sample153	2205	4005	2312	90000	0	
4	 3	 1	 6	control	102	1902	0	72000	0	
4	 3	 2	 1	sample154	1667	3981	1542	104130	0	
4	 3	 2	 2	sample154	2143	4457	2312	175864	0	
4	 3	 2	 3	sample154	2122	4178	2056	104856	0	
4	 3	 2	 4	sample154	1736	3536	1542	95400	0	
4	 3	 2	 5	sample154	1239	3039	1284	81000	0	
4	 3	 2	 6	control	2408	3950	2314	87894	0	
4	 3	 3	 1	sample155	2291	4605	1798	194376	0	
4	 3	 3	 2	sample155	2417	4731	2312	182806	0	
4	 3	 3	 3	sample155	2026	4082	2056	139808	0	
4	 3	 3	 4	sample155	1245	3045	1284	93600	0	
4	 3	 3	 5	sample155	694	2494	514	72000	0	
4	 3	 3	 6	control	277	1819	258	61680	0	
4	 3	 4	 1	sample156	6031	8087	6168	154200	0	
4	 3	 4	 2	sample156	5976	8032	6682	131584	0	
4	 3	 4	 3	sample156	5073	6873	5396	126000	0	
4	 3	 4	 4	sample156	4065	5607	3856	115650	0	
4	 3	 4	 5	sample156	2290	3832	2314	120276	0	
4	 3	 4	 6	control	1338	2624	1284	37294	0	
4	 4	 1	 1	sample157	3980	6806	3856	180864	0	
4	 4	 1	 2	sample157	4186	6756	3854	195320	0	
4	 4	 1	 3	sample157	2773	5343	2826	161910	0	
4	 4	 1	 4	sample157	2320	4890	2312	164480	0	
4	 4	 1	 5	sample157	1700	4270	1798	107940	0	
4	 4	 1	 6	control	302	2872	0	102800	0	
4	 4	 2	 1	sample158	1977	4803	1800	127170	0	
4	 4	 2	 2	sample158	1113	4197	1028	148032	0	
4	 4	 2	 3	sample158	1179	4005	1286	149778	0	
4	 4	 2	 4	sample158	886	3456	770	102800	0	
4	 4	 2	 5	sample158	674	3244	514	102800	0	
4	 4	 2	 6	control	1834	4404	2056	149060	0	
4	 4	 3	 1	sample159	5090	7916	5398	243036	0	
4	 4	 3	 2	sample159	4707	7533	5140	217602	0	
4	 4	 3	 3	sample159	4763	7333	4368	187610	0	
4	 4	 3	 4	sample159	3388	5958	3340	182470	0	
4	 4	 3	 5	sample159	1259	3829	1284	102800	0	
4	 4	 3	 6	control	430	3000	256	102800	0	
4	 4	 4	 1	sample160	1986	4298	2056	178024	0	
4	 4	 4	 2	sample160	1722	4034	1800	138720	0	
4	 4	 4	 3	sample160	2342	4398	2312	88408	0	
4	 4	 4	 4	sample160	1300	3356	1284	102800	0	
4	 4	 4	 5	sample160	905	2961	1028	82240	0	
4	 4	 4	 6	control	745	2801	770	82240	0	
4	 5	 1	 1	sample161	2821	5647	2314	324990	0	
4	 5	 1	 2	sample161	3852	7192	3856	250500	0	
4	 5	 1	 3	sample161	2781	5607	2828	186516	0	
4	 5	 1	 4	sample161	1906	4476	2056	172190	0	
4	 5	 1	 5	sample161	1327	3897	1542	92520	0	
4	 5	 1	 6	control	367	2679	258	92480	0	
4	 5	 2	 1	sample162	6409	9493	6424	255972	0	
4	 5	 2	 2	sample162	6008	9348	5912	240480	0	
4	 5	 2	 3	sample162	5875	8959	6168	243636	0	
4	 5	 2	 4	sample162	4424	7250	4626	214776	0	
4	 5	 2	 5	sample162	2819	5389	2570	187610	0	
4	 5	 2	 6	control	2082	4652	2056	172190	0	
4	 5	 3	 1	sample163	1572	4656	1542	157284	0	
4	 5	 3	 2	sample163	1249	4589	1028	140280	0	
4	 5	 3	 3	sample163	990	4074	1028	104856	0	
4	 5	 3	 4	sample163	790	3360	770	102800	0	
4	 5	 3	 5	sample163	584	3154	514	102800	0	
4	 5	 3	 6	control	399	2711	258	92480	0	
4	 5	 4	 1	sample164	4140	6196	3854	166536	0	
4	 5	 4	 2	sample164	4970	7540	5140	136210	0	
4	 5	 4	 3	sample164	4494	6806	4370	161840	0	
4	 5	 4	 4	sample164	2659	4715	2312	195320	0	
4	 5	 4	 5	sample164	1870	3668	1800	143840	0	
4	 5	 4	 6	control	855	2653	772	71920	0	
4	 6	 1	 1	sample165	1579	4405	1286	319338	0	
4	 6	 1	 2	sample165	3406	5976	3084	223590	0	
4	 6	 1	 3	sample165	2123	4435	2056	178024	0	
4	 6	 1	 4	sample165	1349	3405	1284	164480	0	
4	 6	 1	 5	sample165	1110	3166	1028	102800	0	
4	 6	 1	 6	control	0.55	2313	0	92480	0	
4	 6	 2	 1	sample166	957	3783	772	141300	0	
4	 6	 2	 2	sample166	1125	3695	1028	128500	0	
4	 6	 2	 3	sample166	1116	3428	1028	224264	0	
4	 6	 2	 4	sample166	1201	3257	1284	100744	0	
4	 6	 2	 5	sample166	1013	3069	1028	74016	0	
4	 6	 2	 6	control	1371	3683	1286	152592	0	
4	 6	 3	 1	sample167	1849	4419	1798	169620	0	
4	 6	 3	 2	sample167	1458	4028	1284	125930	0	
4	 6	 3	 3	sample167	1619	3931	1542	108664	0	
4	 6	 3	 4	sample167	733	3045	772	108664	0	
4	 6	 3	 5	sample167	781	2837	770	96632	0	
4	 6	 3	 6	control	251	2563	258	92480	0	
4	 6	 4	 1	sample168	1014	3070	770	39064	0	
4	 6	 4	 2	sample168	842	2640	772	79112	0	
4	 6	 4	 3	sample168	900	2698	1028	75516	0	
4	 6	 4	 4	sample168	592	2390	514	71920	0	
4	 6	 4	 5	sample168	514	2312	514	46748	0	
4	 6	 4	 6	control	839	2637	772	109678	0	
4	 7	 1	 1	sample169	3870	6184	3598	113386	0	
4	 7	 1	 2	sample169	4715	7543	4112	65044	0	
4	 7	 1	 3	sample169	2763	4305	2570	80184	0	
4	 7	 1	 4	sample169	1468	3010	1542	143406	0	
4	 7	 1	 5	sample169	996	2538	1028	74016	0	
4	 7	 1	 6	control	102	1902	0	72000	0	
4	 7	 2	 1	sample170	2389	4445	2314	104856	0	
4	 7	 2	 2	sample170	3658	5458	3084	129600	0	
4	 7	 2	 3	sample170	2294	3836	2314	80184	0	
4	 7	 2	 4	sample170	1907	3449	2056	74016	0	
4	 7	 2	 5	sample170	1211	2753	1286	74016	0	
4	 7	 2	 6	control	2035	3835	2056	66600	0	
4	 7	 3	 1	sample171	1524	3324	1284	52200	0	
4	 7	 3	 2	sample171	1578	3378	1542	88200	0	
4	 7	 3	 3	sample171	1507	3049	1542	78642	0	
4	 7	 3	 4	sample171	881	2423	772	61680	0	
4	 7	 3	 5	sample171	746	2288	772	61680	0	
4	 7	 3	 6	control	392	2192	256	72000	0	
4	 7	 4	 1	sample172	1087	2373	1028	33436	0	
4	 7	 4	 2	sample172	719	2005	770	51440	0	
4	 7	 4	 3	sample172	700	1986	770	51440	0	
4	 7	 4	 4	sample172	706	1992	770	51440	0	
4	 7	 4	 5	sample172	552	1838	514	51440	0	
4	 7	 4	 6	control	822	2108	770	51440	0	
4	 8	 1	 1	sample173	5865	8949	4882	400920	0	
4	 8	 1	 2	sample173	7529	10355	7454	268470	0	
4	 8	 1	 3	sample173	6892	9204	6940	173400	0	
4	 8	 1	 4	sample173	6783	9095	7196	147968	0	
4	 8	 1	 5	sample173	6178	8234	7196	195320	0	
4	 8	 1	 6	control	221	2277	256	74016	0	
4	 8	 2	 1	sample174	1779	4605	1800	144126	0	
4	 8	 2	 2	sample174	3347	5659	3342	106352	0	
4	 8	 2	 3	sample174	2356	4668	2314	55488	0	
4	 8	 2	 4	sample174	1799	3855	1798	78128	0	
4	 8	 2	 5	sample174	1080	3136	1028	69904	0	
4	 8	 2	 6	control	2169	4225	2056	102800	0	
4	 8	 3	 1	sample175	1313	3625	1286	64736	0	
4	 8	 3	 2	sample175	607	2919	514	83232	0	
4	 8	 3	 3	sample175	778	2834	770	74016	0	
4	 8	 3	 4	sample175	471	2527	514	74016	0	
4	 8	 3	 5	sample175	435	2491	256	74016	0	
4	 8	 3	 6	control	249	2305	256	74016	0	
4	 8	 4	 1	sample176	1793	3591	1542	75516	0	
4	 8	 4	 2	sample176	1086	2884	1028	71920	0	
4	 8	 4	 3	sample176	945	2743	1028	77314	0	
4	 8	 4	 4	sample176	701	2499	772	71920	0	
4	 8	 4	 5	sample176	610	2152	514	61680	0	
4	 8	 4	 6	control	486	2284	514	32364	0	
4	 9	 1	 1	sample177	1780	4092	1800	92480	0	
4	 9	 1	 2	sample177	2703	4759	2570	170648	0	
4	 9	 1	 3	sample177	2008	3806	2056	143840	0	
4	 9	 1	 4	sample177	1666	3464	1800	131254	0	
4	 9	 1	 5	sample177	1114	2912	1028	70122	0	
4	 9	 1	 6	control	26.2	1824	0	71920	0	
4	 9	 2	 1	sample178	1365	3935	1284	131070	0	
4	 9	 2	 2	sample178	1399	3455	1542	92520	0	
4	 9	 2	 3	sample178	2086	4142	2056	172704	0	
4	 9	 2	 4	sample178	1744	3542	1542	75516	0	
4	 9	 2	 5	sample178	850	2648	1028	82708	0	
4	 9	 2	 6	control	1641	3439	1542	70122	0	
4	 9	 3	 1	sample179	1466	4036	1284	105370	0	
4	 9	 3	 2	sample179	2417	4729	2570	166464	0	
4	 9	 3	 3	sample179	1734	4046	1800	108664	0	
4	 9	 3	 4	sample179	1341	3397	1284	84296	0	
4	 9	 3	 5	sample179	879	2677	772	77314	0	
4	 9	 3	 6	control	116	1914	0	71920	0	
4	 9	 4	 1	sample180	2196	3994	2314	142042	0	
4	 9	 4	 2	sample180	2607	4405	2828	115072	0	
4	 9	 4	 3	sample180	2110	3908	2056	163618	0	
4	 9	 4	 4	sample180	1652	3194	1542	78642	0	
4	 9	 4	 5	sample180	1199	2741	1028	74016	0	
4	 9	 4	 6	control	578	2120	514	61680	0	
4	 10	 1	 1	sample181	1259	3059	1284	90000	0	
4	 10	 1	 2	sample181	2402	3944	2570	107940	0	
4	 10	 1	 3	sample181	1777	3319	1800	70932	0	
4	 10	 1	 4	sample181	1175	2717	1028	75558	0	
4	 10	 1	 5	sample181	903	2445	772	69390	0	
4	 10	 1	 6	control	444	1986	514	61680	0	
4	 10	 2	 1	sample182	4546	6346	4368	133200	0	
4	 10	 2	 2	sample182	5379	7179	5396	108000	0	
4	 10	 2	 3	sample182	4787	6329	5140	111024	0	
4	 10	 2	 4	sample182	3311	4853	3084	117192	0	
4	 10	 2	 5	sample182	2625	4167	2570	94062	0	
4	 10	 2	 6	control	1679	3221	1800	49344	0	
4	 10	 3	 1	sample183	1255	3055	1284	93600	0	
4	 10	 3	 2	sample183	809	2609	770	72000	0	
4	 10	 3	 3	sample183	1200	2742	1028	55512	0	
4	 10	 3	 4	sample183	1169	2711	1028	33924	0	
4	 10	 3	 5	sample183	611	2153	514	61680	0	
4	 10	 3	 6	control	308	2108	0	72000	0	
4	 10	 4	 1	sample184	944	2230	770	51440	0	
4	 10	 4	 2	sample184	803	2089	770	51440	0	
4	 10	 4	 3	sample184	610	1896	514	51440	0	
4	 10	 4	 4	sample184	546	1832	514	51440	0	
4	 10	 4	 5	sample184	488	1774	256	51440	0	
4	 10	 4	 6	control	425	1967	258	61680	0	
4	 11	 1	 1	sample185	2204	4260	2056	174760	0	
4	 11	 1	 2	sample185	3901	5699	3856	133052	0	
4	 11	 1	 3	sample185	2405	4461	2570	137752	0	
4	 11	 1	 4	sample185	2287	4343	2312	168592	0	
4	 11	 1	 5	sample185	1681	3479	1800	66526	0	
4	 11	 1	 6	control	302	2358	256	82240	0	
4	 11	 2	 1	sample186	1385	3697	1286	113288	0	
4	 11	 2	 2	sample186	1290	3602	1286	120224	0	
4	 11	 2	 3	sample186	1844	3900	1798	104856	0	
4	 11	 2	 4	sample186	1325	3381	1284	90464	0	
4	 11	 2	 5	sample186	813	2869	1028	86352	0	
4	 11	 2	 6	control	1681	3993	1800	90168	0	
4	 11	 3	 1	sample187	3948	6518	3340	267280	0	
4	 11	 3	 2	sample187	5176	7488	5654	166464	0	
4	 11	 3	 3	sample187	3777	6089	3856	182648	0	
4	 11	 3	 4	sample187	2606	4662	2570	115136	0	
4	 11	 3	 5	sample187	2539	4595	2056	139808	0	
4	 11	 3	 6	control	301	2357	256	82240	0	
4	 11	 4	 1	sample188	1029	2827	1028	71920	0	
4	 11	 4	 2	sample188	990	2788	1028	71920	0	
4	 11	 4	 3	sample188	701	2499	772	71920	0	
4	 11	 4	 4	sample188	502	2300	514	71920	0	
4	 11	 4	 5	sample188	636	2178	514	61680	0	
4	 11	 4	 6	control	1105	2647	1028	61680	0	
4	 12	 1	 1	sample189	1236	3292	1028	63736	0	
4	 12	 1	 2	sample189	1407	3463	1286	108968	0	
4	 12	 1	 3	sample189	1127	3183	1028	96632	0	
4	 12	 1	 4	sample189	1131	3187	1028	41120	0	
4	 12	 1	 5	sample189	443	2757	256	92560	0	
4	 12	 1	 6	control	359	2673	256	92560	0	
4	 12	 2	 1	sample190	3175	5489	2826	219830	0	
4	 12	 2	 2	sample190	4756	7070	4882	173550	0	
4	 12	 2	 3	sample190	5479	7793	6168	180492	0	
4	 12	 2	 4	sample190	3510	5824	3854	182806	0	
4	 12	 2	 5	sample190	2806	5120	2570	115700	0	
4	 12	 2	 6	control	2396	4710	2570	99502	0	
4	 12	 3	 1	sample191	2348	4662	2312	115700	0	
4	 12	 3	 2	sample191	2459	4515	2570	137752	0	
4	 12	 3	 3	sample191	2100	4156	2314	143920	0	
4	 12	 3	 4	sample191	1735	3791	1542	65792	0	
4	 12	 3	 5	sample191	2774	4830	1542	129528	0	
4	 12	 3	 6	control	269	2583	256	92560	0	
4	 12	 4	 1	sample192	1835	3377	1800	33924	0	
4	 12	 4	 2	sample192	1400	2686	1284	51440	0	
4	 12	 4	 3	sample192	1334	2620	1284	39866	0	
4	 12	 4	 4	sample192	1195	2481	1028	51440	0	
4	 12	 4	 5	sample192	662	2204	514	61680	0	
4	 12	 4	 6	control	1787	3329	1800	30840	0	
