MicroVigene	 Version	 2501
Culture	en-US
9/28/2006 2:02:15 PM
Roi Row	 4	 Roi Col	 12	 Main Row	 4	 Main Col	 6	 Sub Row	 1	 Sub Col	 1
Main Row	 Main Col	 Sub Row	 Sub Col	  GeneID	mean_net	 mean_total	 median_net	 vol_bkg	 vol_dust	 
1	 1	 1	 1	sample1	970	4312	514	133680	0	
1	 1	 1	 2	sample1	1015	4357	770	133680	0	
1	 1	 1	 3	sample1	1034	4376	770	133680	0	
1	 1	 1	 4	sample1	958	4042	772	123360	0	
1	 1	 1	 5	sample1	990	4074	514	123360	0	
1	 1	 1	 6	control	707	3791	258	123360	0	
1	 1	 2	 1	sample2	3352	6436	3084	77100	0	
1	 1	 2	 2	sample2	2922	6006	3342	209712	0	
1	 1	 2	 3	sample2	2930	5758	2826	118776	0	
1	 1	 2	 4	sample2	2007	4835	2056	135744	0	
1	 1	 2	 5	sample2	1432	4260	1284	113120	0	
1	 1	 2	 6	control	2454	5282	2312	113120	0	
1	 1	 3	 1	sample3	9131	12215	10024	228216	0	
1	 1	 3	 2	sample3	8201	11029	8994	192304	0	
1	 1	 3	 3	sample3	6574	9402	7452	203616	0	
1	 1	 3	 4	sample3	4757	7327	5398	177330	0	
1	 1	 3	 5	sample3	2964	5534	3084	197890	0	
1	 1	 3	 6	control	528	3098	258	102800	0	
1	 1	 4	 1	sample4	11674	14244	13364	195320	0	
1	 1	 4	 2	sample4	8823	11393	10538	195320	0	
1	 1	 4	 3	sample4	6838	9408	7710	195320	0	
1	 1	 4	 4	sample4	4491	7061	4626	195320	0	
1	 1	 4	 5	sample4	2713	5283	2570	167050	0	
1	 1	 4	 6	control	1356	3926	1028	102800	0	
1	 2	 1	 1	sample5	5459	8029	5140	200460	0	
1	 2	 1	 2	sample5	4016	6586	4112	208170	0	
1	 2	 1	 3	sample5	3353	5923	3084	102800	0	
1	 2	 1	 4	sample5	2215	4785	2056	107940	0	
1	 2	 1	 5	sample5	1426	3996	1542	125930	0	
1	 2	 1	 6	control	629	3199	514	102800	0	
1	 2	 2	 1	sample6	1819	4131	2056	154904	0	
1	 2	 2	 2	sample6	1448	3760	1542	94792	0	
1	 2	 2	 3	sample6	1371	3683	1286	90168	0	
1	 2	 2	 4	sample6	2166	4222	1798	133640	0	
1	 2	 2	 5	sample6	1257	3313	1284	76072	0	
1	 2	 2	 6	control	2093	4405	2056	178024	0	
1	 2	 3	 1	sample7	6825	8881	6938	139808	0	
1	 2	 3	 2	sample7	4951	7007	4626	145976	0	
1	 2	 3	 3	sample7	3289	5345	3340	154200	0	
1	 2	 3	 4	sample7	2102	4158	2056	135696	0	
1	 2	 3	 5	sample7	1638	3694	1798	98688	0	
1	 2	 3	 6	control	353	2409	256	82240	0	
1	 2	 4	 1	sample8	6274	8072	5140	149234	0	
1	 2	 4	 2	sample8	3598	5396	3084	127658	0	
1	 2	 4	 3	sample8	2898	4696	2828	138446	0	
1	 2	 4	 4	sample8	1969	3767	2056	89900	0	
1	 2	 4	 5	sample8	1253	3051	1286	71920	0	
1	 2	 4	 6	control	1647	3445	1800	127658	0	
1	 3	 1	 1	sample9	7144	9972	7710	183820	0	
1	 3	 1	 2	sample9	5858	8686	6424	178164	0	
1	 3	 1	 3	sample9	4700	7528	4882	166852	0	
1	 3	 1	 4	sample9	3111	5939	3084	186648	0	
1	 3	 1	 5	sample9	2458	5286	2570	104636	0	
1	 3	 1	 6	control	238	3322	258	123360	0	
1	 3	 2	 1	sample10	6212	8782	6426	151630	0	
1	 3	 2	 2	sample10	5850	8420	5912	161910	0	
1	 3	 2	 3	sample10	3940	6510	4112	164480	0	
1	 3	 2	 4	sample10	2423	4993	2570	156770	0	
1	 3	 2	 5	sample10	2170	4740	2056	110510	0	
1	 3	 2	 6	control	2110	4680	2570	159340	0	
1	 3	 3	 1	sample11	3911	6225	4368	136526	0	
1	 3	 3	 2	sample11	2691	5005	2826	127270	0	
1	 3	 3	 3	sample11	1808	4122	1542	131898	0	
1	 3	 3	 4	sample11	1216	3530	1284	94874	0	
1	 3	 3	 5	sample11	976	3290	1028	92560	0	
1	 3	 3	 6	control	334	2648	256	92560	0	
1	 3	 4	 1	sample12	5586	7642	4884	145976	0	
1	 3	 4	 2	sample12	3518	5832	3340	134212	0	
1	 3	 4	 3	sample12	2912	4968	3084	119248	0	
1	 3	 4	 4	sample12	1687	3743	1800	135696	0	
1	 3	 4	 5	sample12	1054	3110	1028	82240	0	
1	 3	 4	 6	control	1697	4011	1798	122642	0	
1	 4	 1	 1	sample13	11364	14448	11052	228216	0	
1	 4	 1	 2	sample13	10738	13822	11308	237468	0	
1	 4	 1	 3	sample13	7086	10170	7196	215880	0	
1	 4	 1	 4	sample13	3984	7068	3598	265224	0	
1	 4	 1	 5	sample13	3144	5972	3340	192304	0	
1	 4	 1	 6	control	328	3412	258	123360	0	
1	 4	 2	 1	sample14	8099	10927	8224	197960	0	
1	 4	 2	 2	sample14	6164	8992	6168	200788	0	
1	 4	 2	 3	sample14	5190	8018	5396	200788	0	
1	 4	 2	 4	sample14	4098	6926	4112	217756	0	
1	 4	 2	 5	sample14	3543	6113	3342	179900	0	
1	 4	 2	 6	control	2624	5194	2570	159340	0	
1	 4	 3	 1	sample15	1626	4196	1542	95090	0	
1	 4	 3	 2	sample15	1099	3669	1028	102800	0	
1	 4	 3	 3	sample15	1048	3618	1028	102800	0	
1	 4	 3	 4	sample15	739	3309	772	102800	0	
1	 4	 3	 5	sample15	598	3168	514	102800	0	
1	 4	 3	 6	control	412	2982	258	102800	0	
1	 4	 4	 1	sample16	6039	8353	5910	161980	0	
1	 4	 4	 2	sample16	3489	5803	2826	159666	0	
1	 4	 4	 3	sample16	2703	5017	2570	173550	0	
1	 4	 4	 4	sample16	1710	4280	1542	102800	0	
1	 4	 4	 5	sample16	1240	3554	1284	92560	0	
1	 4	 4	 6	control	1706	4020	1798	83304	0	
1	 5	 1	 1	sample17	6178	9004	6426	226080	0	
1	 5	 1	 2	sample17	4798	7624	5398	220428	0	
1	 5	 1	 3	sample17	3302	5872	3340	221020	0	
1	 5	 1	 4	sample17	2745	5315	2826	195320	0	
1	 5	 1	 5	sample17	1741	4311	1798	125930	0	
1	 5	 1	 6	control	385	2955	256	102800	0	
1	 5	 2	 1	sample18	6168	8738	5140	187610	0	
1	 5	 2	 2	sample18	6128	8698	5654	200460	0	
1	 5	 2	 3	sample18	4789	7359	4626	190180	0	
1	 5	 2	 4	sample18	2765	5077	2570	180336	0	
1	 5	 2	 5	sample18	2556	4868	2570	122536	0	
1	 5	 2	 6	control	1686	3998	1542	215016	0	
1	 5	 3	 1	sample19	9425	11737	11822	182648	0	
1	 5	 3	 2	sample19	8028	10340	8224	166464	0	
1	 5	 3	 3	sample19	6372	8684	6940	166464	0	
1	 5	 3	 4	sample19	4622	6678	4626	139808	0	
1	 5	 3	 5	sample19	2960	5016	2826	158312	0	
1	 5	 3	 6	control	366	2422	256	82240	0	
1	 5	 4	 1	sample20	5940	7996	6424	160368	0	
1	 5	 4	 2	sample20	3251	5307	3340	148032	0	
1	 5	 4	 3	sample20	2524	4580	2312	162424	0	
1	 5	 4	 4	sample20	1678	3734	1542	104856	0	
1	 5	 4	 5	sample20	1279	3077	1286	71920	0	
1	 5	 4	 6	control	1421	3219	1542	95294	0	
1	 6	 1	 1	sample21	6434	9262	5140	243208	0	
1	 6	 1	 2	sample21	6554	9124	6426	200460	0	
1	 6	 1	 3	sample21	3876	6446	3856	197890	0	
1	 6	 1	 4	sample21	2565	5135	2570	118220	0	
1	 6	 1	 5	sample21	1632	4202	1542	102800	0	
1	 6	 1	 6	control	579	3149	514	102800	0	
1	 6	 2	 1	sample22	3866	6436	3342	195320	0	
1	 6	 2	 2	sample22	4846	7416	4884	192750	0	
1	 6	 2	 3	sample22	3688	6002	3598	171236	0	
1	 6	 2	 4	sample22	2489	4803	2312	118014	0	
1	 6	 2	 5	sample22	1542	3856	1542	106444	0	
1	 6	 2	 6	control	1899	4213	1798	159666	0	
1	 6	 3	 1	sample23	809	3123	770	92560	0	
1	 6	 3	 2	sample23	687	3001	770	92560	0	
1	 6	 3	 3	sample23	778	2834	772	82240	0	
1	 6	 3	 4	sample23	617	2673	514	82240	0	
1	 6	 3	 5	sample23	341	2397	258	82240	0	
1	 6	 3	 6	control	270	2326	258	82240	0	
1	 6	 4	 1	sample24	3001	5057	3084	158312	0	
1	 6	 4	 2	sample24	1847	3903	1542	166536	0	
1	 6	 4	 3	sample24	1799	3855	1800	135696	0	
1	 6	 4	 4	sample24	945	3001	772	82240	0	
1	 6	 4	 5	sample24	963	2763	1028	72000	0	
1	 6	 4	 6	control	1726	3526	1798	102600	0	
1	 7	 1	 1	sample25	11750	14576	10794	228906	0	
1	 7	 1	 2	sample25	10666	13492	10538	214776	0	
1	 7	 1	 3	sample25	7577	10403	7710	206298	0	
1	 7	 1	 4	sample25	4664	7490	4370	211950	0	
1	 7	 1	 5	sample25	2929	5499	3084	205600	0	
1	 7	 1	 6	control	815	3385	770	102800	0	
1	 7	 2	 1	sample26	3705	6275	3854	128500	0	
1	 7	 2	 2	sample26	2698	5268	2826	169620	0	
1	 7	 2	 3	sample26	3152	5722	3340	38550	0	
1	 7	 2	 4	sample26	1793	4363	1798	118220	0	
1	 7	 2	 5	sample26	1368	3938	1284	102800	0	
1	 7	 2	 6	control	2250	4820	2312	105370	0	
1	 7	 3	 1	sample27	5415	7727	4884	171088	0	
1	 7	 3	 2	sample27	3442	5754	3342	171088	0	
1	 7	 3	 3	sample27	2874	5186	2570	115600	0	
1	 7	 3	 4	sample27	1956	4268	2056	106352	0	
1	 7	 3	 5	sample27	1665	3977	1542	92480	0	
1	 7	 3	 6	control	579	2891	514	92480	0	
1	 7	 4	 1	sample28	1427	3739	1542	92480	0	
1	 7	 4	 2	sample28	1272	3328	1028	82240	0	
1	 7	 4	 3	sample28	900	3212	1028	92480	0	
1	 7	 4	 4	sample28	746	3058	514	92480	0	
1	 7	 4	 5	sample28	572	2884	514	92480	0	
1	 7	 4	 6	control	1459	3771	1542	92480	0	
1	 8	 1	 1	sample29	4803	7887	4626	218964	0	
1	 8	 1	 2	sample29	3608	6692	3598	237468	0	
1	 8	 1	 3	sample29	2856	5940	2826	160368	0	
1	 8	 1	 4	sample29	1760	4844	1798	123360	0	
1	 8	 1	 5	sample29	1227	4311	1028	123360	0	
1	 8	 1	 6	control	359	3443	256	123360	0	
1	 8	 2	 1	sample30	8831	11915	7966	212796	0	
1	 8	 2	 2	sample30	8325	11409	8480	203544	0	
1	 8	 2	 3	sample30	6230	9056	6682	211950	0	
1	 8	 2	 4	sample30	4436	7262	4626	206298	0	
1	 8	 2	 5	sample30	3487	6313	3342	194994	0	
1	 8	 2	 6	control	1977	4803	2056	192168	0	
1	 8	 3	 1	sample31	3337	6163	3342	175212	0	
1	 8	 3	 2	sample31	2228	5054	2314	144126	0	
1	 8	 3	 3	sample31	1343	4169	1286	113040	0	
1	 8	 3	 4	sample31	823	3649	772	113040	0	
1	 8	 3	 5	sample31	835	3405	770	102800	0	
1	 8	 3	 6	control	513	3083	514	102800	0	
1	 8	 4	 1	sample32	11421	14247	10538	200646	0	
1	 8	 4	 2	sample32	7661	10487	7454	175212	0	
1	 8	 4	 3	sample32	6424	8994	6424	172190	0	
1	 8	 4	 4	sample32	3983	6553	3854	159340	0	
1	 8	 4	 5	sample32	2423	4993	2312	125930	0	
1	 8	 4	 6	control	2213	4783	2312	79670	0	
1	 9	 1	 1	sample33	3601	6685	3340	225132	0	
1	 9	 1	 2	sample33	2186	5526	2570	277220	0	
1	 9	 1	 3	sample33	1501	4841	1542	163660	0	
1	 9	 1	 4	sample33	1502	4842	1542	146960	0	
1	 9	 1	 5	sample33	1111	4709	1028	143920	0	
1	 9	 1	 6	control	854	4452	770	143920	0	
1	 9	 2	 1	sample34	7128	10212	6168	212796	0	
1	 9	 2	 2	sample34	7019	10103	6938	225132	0	
1	 9	 2	 3	sample34	5224	8308	4882	271392	0	
1	 9	 2	 4	sample34	4473	7557	4368	228216	0	
1	 9	 2	 5	sample34	3489	6573	3598	234384	0	
1	 9	 2	 6	control	1934	5274	2056	153640	0	
1	 9	 3	 1	sample35	2602	5428	2570	115866	0	
1	 9	 3	 2	sample35	1575	4401	1542	113040	0	
1	 9	 3	 3	sample35	1131	3957	1028	113040	0	
1	 9	 3	 4	sample35	939	3765	772	113040	0	
1	 9	 3	 5	sample35	791	3617	772	113040	0	
1	 9	 3	 6	control	443	3527	256	123360	0	
1	 9	 4	 1	sample36	7430	10256	6426	214776	0	
1	 9	 4	 2	sample36	4354	7180	3856	189342	0	
1	 9	 4	 3	sample36	3203	6029	3084	209124	0	
1	 9	 4	 4	sample36	2214	4784	2312	167050	0	
1	 9	 4	 5	sample36	1618	4444	1542	115866	0	
1	 9	 4	 6	control	1832	4658	1800	110214	0	
1	 10	 1	 1	sample37	6307	9905	6426	266252	0	
1	 10	 1	 2	sample37	5005	8603	5398	251860	0	
1	 10	 1	 3	sample37	3615	7213	3856	172704	0	
1	 10	 1	 4	sample37	2743	6085	2826	143706	0	
1	 10	 1	 5	sample37	1889	5231	1798	133680	0	
1	 10	 1	 6	control	661	4003	256	133680	0	
1	 10	 2	 1	sample38	5242	8584	4882	233940	0	
1	 10	 2	 2	sample38	4338	7680	4368	223914	0	
1	 10	 2	 3	sample38	3933	7017	3856	123360	0	
1	 10	 2	 4	sample38	2787	5871	2828	157284	0	
1	 10	 2	 5	sample38	2272	5356	2314	154200	0	
1	 10	 2	 6	control	2480	5564	2828	52428	0	
1	 10	 3	 1	sample39	10163	12991	10794	212100	0	
1	 10	 3	 2	sample39	9437	12265	10536	203616	0	
1	 10	 3	 3	sample39	5492	8320	5396	197960	0	
1	 10	 3	 4	sample39	3377	6205	3340	141400	0	
1	 10	 3	 5	sample39	2431	5259	2570	147056	0	
1	 10	 3	 6	control	475	3303	256	113120	0	
1	 10	 4	 1	sample40	2945	5515	3084	185040	0	
1	 10	 4	 2	sample40	2405	4975	2314	115650	0	
1	 10	 4	 3	sample40	1965	4535	1800	115650	0	
1	 10	 4	 4	sample40	1016	3586	772	102800	0	
1	 10	 4	 5	sample40	1003	3573	772	102800	0	
1	 10	 4	 6	control	2085	4655	1800	69390	0	
1	 11	 1	 1	sample41	4508	7848	5398	267200	0	
1	 11	 1	 2	sample41	3509	6849	4112	267200	0	
1	 11	 1	 3	sample41	2868	6208	3084	233800	0	
1	 11	 1	 4	sample41	2671	6011	2828	170340	0	
1	 11	 1	 5	sample41	2090	5174	2056	160368	0	
1	 11	 1	 6	control	546	3630	514	123360	0	
1	 11	 2	 1	sample42	7190	10016	7454	209124	0	
1	 11	 2	 2	sample42	4804	7888	5654	231300	0	
1	 11	 2	 3	sample42	4396	7480	4626	228216	0	
1	 11	 2	 4	sample42	4109	6935	4370	192168	0	
1	 11	 2	 5	sample42	2649	5475	2570	203472	0	
1	 11	 2	 6	control	1882	4708	2056	149778	0	
1	 11	 3	 1	sample43	5231	7801	4626	203030	0	
1	 11	 3	 2	sample43	3376	6202	3342	211950	0	
1	 11	 3	 3	sample43	2333	4903	2312	131070	0	
1	 11	 3	 4	sample43	1612	4182	1542	102800	0	
1	 11	 3	 5	sample43	1227	3797	1284	102800	0	
1	 11	 3	 6	control	359	2929	256	102800	0	
1	 11	 4	 1	sample44	7723	10293	8224	246720	0	
1	 11	 4	 2	sample44	5928	8498	6682	221020	0	
1	 11	 4	 3	sample44	5481	8051	6168	187610	0	
1	 11	 4	 4	sample44	4949	7261	5140	180336	0	
1	 11	 4	 5	sample44	3595	5907	3598	154904	0	
1	 11	 4	 6	control	1459	4029	1284	136210	0	
1	 12	 1	 1	sample45	2158	4986	2312	113120	0	
1	 12	 1	 2	sample45	1670	4498	1542	113120	0	
1	 12	 1	 3	sample45	1329	4157	1284	113120	0	
1	 12	 1	 4	sample45	1182	4010	1028	113120	0	
1	 12	 1	 5	sample45	521	3605	514	123360	0	
1	 12	 1	 6	control	546	3888	256	133680	0	
1	 12	 2	 1	sample46	2714	5284	2570	151630	0	
1	 12	 2	 2	sample46	2329	4899	2056	210740	0	
1	 12	 2	 3	sample46	2386	4956	2314	118220	0	
1	 12	 2	 4	sample46	2068	4638	2056	113080	0	
1	 12	 2	 5	sample46	989	3817	1028	113120	0	
1	 12	 2	 6	control	1543	4627	1542	123360	0	
1	 12	 3	 1	sample47	2439	4753	2312	136526	0	
1	 12	 3	 2	sample47	1811	4125	1542	99502	0	
1	 12	 3	 3	sample47	1561	3875	1542	92560	0	
1	 12	 3	 4	sample47	797	3367	772	102800	0	
1	 12	 3	 5	sample47	534	3104	258	102800	0	
1	 12	 3	 6	control	629	3457	514	113120	0	
1	 12	 4	 1	sample48	10625	12939	10022	141154	0	
1	 12	 4	 2	sample48	6545	8859	6424	143468	0	
1	 12	 4	 3	sample48	5082	7396	5654	145782	0	
1	 12	 4	 4	sample48	3029	5343	3084	131898	0	
1	 12	 4	 5	sample48	1844	4414	2056	74530	0	
1	 12	 4	 6	control	1085	3913	770	113120	0	
2	 1	 1	 1	sample49	11687	13999	12594	196520	0	
2	 1	 1	 2	sample49	8943	11255	9510	194208	0	
2	 1	 1	 3	sample49	7395	9707	8224	194208	0	
2	 1	 1	 4	sample49	5690	7746	5910	158312	0	
2	 1	 1	 5	sample49	4088	6144	4112	156256	0	
2	 1	 1	 6	control	507	2563	514	82240	0	
2	 1	 2	 1	sample50	4010	5808	3856	134850	0	
2	 1	 2	 2	sample50	5204	7260	5396	162424	0	
2	 1	 2	 3	sample50	3983	6039	4368	156256	0	
2	 1	 2	 4	sample50	2890	4946	2826	141864	0	
2	 1	 2	 5	sample50	2405	4461	2312	102800	0	
2	 1	 2	 6	control	2788	4844	3084	137752	0	
2	 1	 3	 1	sample51	1767	3565	1800	71920	0	
2	 1	 3	 2	sample51	1661	3459	1542	70122	0	
2	 1	 3	 3	sample51	1305	3103	1286	71920	0	
2	 1	 3	 4	sample51	1054	2852	1028	71920	0	
2	 1	 3	 5	sample51	804	2602	772	71920	0	
2	 1	 3	 6	control	218	2274	256	82240	0	
2	 1	 4	 1	sample52	3285	4827	3340	171162	0	
2	 1	 4	 2	sample52	2991	4533	2826	81726	0	
2	 1	 4	 3	sample52	2205	3747	2570	77100	0	
2	 1	 4	 4	sample52	1651	3193	1798	72474	0	
2	 1	 4	 5	sample52	1137	2679	1028	61680	0	
2	 1	 4	 6	control	2384	4182	2314	91698	0	
2	 2	 1	 1	sample53	1497	4323	1542	113040	0	
2	 2	 1	 2	sample53	1028	4112	1028	123360	0	
2	 2	 1	 3	sample53	944	4028	1028	123360	0	
2	 2	 1	 4	sample53	758	3842	770	123360	0	
2	 2	 1	 5	sample53	881	3707	772	113040	0	
2	 2	 1	 6	control	327	3411	256	123360	0	
2	 2	 2	 1	sample54	11265	14349	11564	185040	0	
2	 2	 2	 2	sample54	10671	13755	11050	194292	0	
2	 2	 2	 3	sample54	7698	10782	8224	206628	0	
2	 2	 2	 4	sample54	5702	8786	6424	212796	0	
2	 2	 2	 5	sample54	4343	7169	4112	192168	0	
2	 2	 2	 6	control	3541	6367	3598	113040	0	
2	 2	 3	 1	sample55	14026	16852	14392	172386	0	
2	 2	 3	 2	sample55	10223	13307	9766	197376	0	
2	 2	 3	 3	sample55	6604	9688	6424	194292	0	
2	 2	 3	 4	sample55	4379	7463	4368	144948	0	
2	 2	 3	 5	sample55	3505	6075	3598	156770	0	
2	 2	 3	 6	control	443	3013	256	102800	0	
2	 2	 4	 1	sample56	10563	13133	10022	172190	0	
2	 2	 4	 2	sample56	6763	9333	7196	161910	0	
2	 2	 4	 3	sample56	4266	6836	4368	167050	0	
2	 2	 4	 4	sample56	3069	5639	3340	133640	0	
2	 2	 4	 5	sample56	1541	4111	1542	105370	0	
2	 2	 4	 6	control	2455	4767	2314	113288	0	
2	 3	 1	 1	sample57	15193	18277	16448	237468	0	
2	 3	 1	 2	sample57	13041	16125	14648	252888	0	
2	 3	 1	 3	sample57	10834	13918	11822	234384	0	
2	 3	 1	 4	sample57	7814	10898	7452	243636	0	
2	 3	 1	 5	sample57	5141	7967	5398	214776	0	
2	 3	 1	 6	control	277	3103	258	113040	0	
2	 3	 2	 1	sample58	7204	10030	6940	197820	0	
2	 3	 2	 2	sample58	7178	10262	7196	225132	0	
2	 3	 2	 3	sample58	5518	8344	5140	228906	0	
2	 3	 2	 4	sample58	4122	6948	4112	220428	0	
2	 3	 2	 5	sample58	2934	5760	2828	149778	0	
2	 3	 2	 6	control	3406	5976	3598	131070	0	
2	 3	 3	 1	sample59	3718	6544	3856	211950	0	
2	 3	 3	 2	sample59	3145	5971	3084	180864	0	
2	 3	 3	 3	sample59	2284	4854	2312	115650	0	
2	 3	 3	 4	sample59	1561	4131	1542	102800	0	
2	 3	 3	 5	sample59	1239	3809	1284	102800	0	
2	 3	 3	 6	control	276	2846	256	102800	0	
2	 3	 4	 1	sample60	5955	8525	5140	208170	0	
2	 3	 4	 2	sample60	3317	5887	2826	192750	0	
2	 3	 4	 3	sample60	2900	5212	2828	122536	0	
2	 3	 4	 4	sample60	2146	4458	2314	120224	0	
2	 3	 4	 5	sample60	1157	3469	1028	92480	0	
2	 3	 4	 6	control	1687	3999	1800	131784	0	
2	 4	 1	 1	sample61	7686	9742	7196	148032	0	
2	 4	 1	 2	sample61	6746	8802	6940	141864	0	
2	 4	 1	 3	sample61	4619	6675	4626	145976	0	
2	 4	 1	 4	sample61	2672	4728	2828	150088	0	
2	 4	 1	 5	sample61	1651	3707	1542	145976	0	
2	 4	 1	 6	control	335	2391	258	82240	0	
2	 4	 2	 1	sample62	1016	3072	1028	82240	0	
2	 4	 2	 2	sample62	804	2860	772	82240	0	
2	 4	 2	 3	sample62	1054	3110	1028	82240	0	
2	 4	 2	 4	sample62	643	2699	514	82240	0	
2	 4	 2	 5	sample62	566	2622	514	82240	0	
2	 4	 2	 6	control	2803	4859	2828	131584	0	
2	 4	 3	 1	sample63	4214	6014	4368	108000	0	
2	 4	 3	 2	sample63	2955	4755	2826	118800	0	
2	 4	 3	 3	sample63	1731	3531	1542	122400	0	
2	 4	 3	 4	sample63	1681	3481	1798	82800	0	
2	 4	 3	 5	sample63	919	2975	1028	82240	0	
2	 4	 3	 6	control	187	2243	0	82240	0	
2	 4	 4	 1	sample64	726	2526	770	72000	0	
2	 4	 4	 2	sample64	751	2551	770	72000	0	
2	 4	 4	 3	sample64	681	2481	514	72000	0	
2	 4	 4	 4	sample64	584	2384	514	72000	0	
2	 4	 4	 5	sample64	540	2596	514	82240	0	
2	 4	 4	 6	control	1488	3544	1286	203544	0	
2	 5	 1	 1	sample65	3715	6799	3598	225132	0	
2	 5	 1	 2	sample65	3655	6739	3598	154200	0	
2	 5	 1	 3	sample65	2928	6012	2828	157284	0	
2	 5	 1	 4	sample65	1542	4626	1542	123360	0	
2	 5	 1	 5	sample65	1284	4112	1284	113120	0	
2	 5	 1	 6	control	578	3406	514	113120	0	
2	 5	 2	 1	sample66	5787	9129	5140	243966	0	
2	 5	 2	 2	sample66	5841	8925	5398	234384	0	
2	 5	 2	 3	sample66	5105	8189	5140	225132	0	
2	 5	 2	 4	sample66	3979	7063	3856	218964	0	
2	 5	 2	 5	sample66	3603	6431	3598	141400	0	
2	 5	 2	 6	control	2492	5320	2570	178164	0	
2	 5	 3	 1	sample67	3992	7334	3854	237282	0	
2	 5	 3	 2	sample67	3080	6422	2826	233940	0	
2	 5	 3	 3	sample67	2580	5664	2828	160368	0	
2	 5	 3	 4	sample67	1677	4761	1800	123360	0	
2	 5	 3	 5	sample67	1164	4248	1286	123360	0	
2	 5	 3	 6	control	559	3387	514	113120	0	
2	 5	 4	 1	sample68	12840	15924	13878	234384	0	
2	 5	 4	 2	sample68	12358	15700	12336	223914	0	
2	 5	 4	 3	sample68	11959	15301	11822	230598	0	
2	 5	 4	 4	sample68	10310	13394	9766	212796	0	
2	 5	 4	 5	sample68	8127	10955	8224	195132	0	
2	 5	 4	 6	control	2356	5184	2312	115948	0	
2	 6	 1	 1	sample69	2724	4266	2826	61680	0	
2	 6	 1	 2	sample69	2464	4006	2570	67848	0	
2	 6	 1	 3	sample69	2101	3643	2056	61680	0	
2	 6	 1	 4	sample69	1670	3212	1798	61680	0	
2	 6	 1	 5	sample69	1567	3365	1542	55738	0	
2	 6	 1	 6	control	656	2454	514	71920	0	
2	 6	 2	 1	sample70	1252	2794	1284	61680	0	
2	 6	 2	 2	sample70	1246	2788	1284	61680	0	
2	 6	 2	 3	sample70	1040	2582	1028	61680	0	
2	 6	 2	 4	sample70	835	2377	770	61680	0	
2	 6	 2	 5	sample70	758	2300	770	61680	0	
2	 6	 2	 6	control	2529	4327	2570	100688	0	
2	 6	 3	 1	sample71	3044	4586	3084	70932	0	
2	 6	 3	 2	sample71	2191	3733	2312	81726	0	
2	 6	 3	 3	sample71	1789	3331	1798	80184	0	
2	 6	 3	 4	sample71	1220	2762	1284	61680	0	
2	 6	 3	 5	sample71	873	2415	770	61680	0	
2	 6	 3	 6	control	296	2094	258	71920	0	
2	 6	 4	 1	sample72	9293	10835	8224	115650	0	
2	 6	 4	 2	sample72	5031	6573	4368	106398	0	
2	 6	 4	 3	sample72	4722	6264	5396	74016	0	
2	 6	 4	 4	sample72	2900	4442	3084	64764	0	
2	 6	 4	 5	sample72	2141	3683	2056	74016	0	
2	 6	 4	 6	control	3152	4694	3340	46260	0	
2	 7	 1	 1	sample73	9591	12417	8996	214776	0	
2	 7	 1	 2	sample73	6109	8935	4884	282600	0	
2	 7	 1	 3	sample73	5902	8728	5912	228906	0	
2	 7	 1	 4	sample73	4206	7032	4370	146952	0	
2	 7	 1	 5	sample73	2638	5464	2828	149778	0	
2	 7	 1	 6	control	495	3321	514	113040	0	
2	 7	 2	 1	sample74	3804	6630	3598	56520	0	
2	 7	 2	 2	sample74	3091	5917	3084	113040	0	
2	 7	 2	 3	sample74	2198	5024	2314	113040	0	
2	 7	 2	 4	sample74	1787	4613	1800	113040	0	
2	 7	 2	 5	sample74	1253	3823	1284	102800	0	
2	 7	 2	 6	control	2274	4844	2312	187610	0	
2	 7	 3	 1	sample75	418	3244	258	113040	0	
2	 7	 3	 2	sample75	630	3456	514	113040	0	
2	 7	 3	 3	sample75	701	3527	772	113040	0	
2	 7	 3	 4	sample75	392	3218	258	113040	0	
2	 7	 3	 5	sample75	706	3276	514	102800	0	
2	 7	 3	 6	control	245	3071	258	113040	0	
2	 7	 4	 1	sample76	13879	16705	14392	220428	0	
2	 7	 4	 2	sample76	11283	14109	11566	197820	0	
2	 7	 4	 3	sample76	9735	12561	9766	206298	0	
2	 7	 4	 4	sample76	7188	9758	7196	167050	0	
2	 7	 4	 5	sample76	3569	6139	3598	161910	0	
2	 7	 4	 6	control	2583	5153	2312	95090	0	
2	 8	 1	 1	sample77	5587	7899	5140	175712	0	
2	 8	 1	 2	sample77	4686	6998	4884	180336	0	
2	 8	 1	 3	sample77	3046	5102	3084	156256	0	
2	 8	 1	 4	sample77	2001	4057	2056	106912	0	
2	 8	 1	 5	sample77	1098	3154	1028	82240	0	
2	 8	 1	 6	control	237	2293	256	82240	0	
2	 8	 2	 1	sample78	1073	3385	1028	92480	0	
2	 8	 2	 2	sample78	752	3064	772	92480	0	
2	 8	 2	 3	sample78	944	3000	770	82240	0	
2	 8	 2	 4	sample78	777	2833	770	82240	0	
2	 8	 2	 5	sample78	571	2627	514	82240	0	
2	 8	 2	 6	control	2533	4589	2312	86352	0	
2	 8	 3	 1	sample79	5254	7566	5654	152592	0	
2	 8	 3	 2	sample79	3089	5401	3342	147968	0	
2	 8	 3	 3	sample79	2741	4797	2570	98688	0	
2	 8	 3	 4	sample79	1948	4004	2056	98688	0	
2	 8	 3	 5	sample79	982	3038	1028	82240	0	
2	 8	 3	 6	control	379	2435	256	82240	0	
2	 8	 4	 1	sample80	10371	12683	10538	178024	0	
2	 8	 4	 2	sample80	6355	8411	6424	129528	0	
2	 8	 4	 3	sample80	4667	6723	4626	154200	0	
2	 8	 4	 4	sample80	3255	5311	3340	148032	0	
2	 8	 4	 5	sample80	2002	4058	2056	88408	0	
2	 8	 4	 6	control	1863	3919	1798	74016	0	
2	 9	 1	 1	sample81	1927	4497	1798	46260	0	
2	 9	 1	 2	sample81	1588	4414	1542	48042	0	
2	 9	 1	 3	sample81	1150	3720	1028	102800	0	
2	 9	 1	 4	sample81	661	3231	514	102800	0	
2	 9	 1	 5	sample81	597	3167	514	102800	0	
2	 9	 1	 6	control	668	3238	514	102800	0	
2	 9	 2	 1	sample82	10843	13669	12336	180864	0	
2	 9	 2	 2	sample82	12270	15096	13108	175212	0	
2	 9	 2	 3	sample82	9668	12494	10280	183690	0	
2	 9	 2	 4	sample82	6160	8730	6424	169620	0	
2	 9	 2	 5	sample82	3878	6448	4112	167050	0	
2	 9	 2	 6	control	2323	4893	2570	131070	0	
2	 9	 3	 1	sample83	8464	11290	9252	169560	0	
2	 9	 3	 2	sample83	6275	9101	6940	163908	0	
2	 9	 3	 3	sample83	4062	6632	4368	159340	0	
2	 9	 3	 4	sample83	2223	4793	2312	110510	0	
2	 9	 3	 5	sample83	1734	4304	1798	102800	0	
2	 9	 3	 6	control	423	2993	256	102800	0	
2	 9	 4	 1	sample84	8536	11106	7966	167050	0	
2	 9	 4	 2	sample84	5242	7812	5654	154200	0	
2	 9	 4	 3	sample84	3080	5650	3598	174760	0	
2	 9	 4	 4	sample84	2282	4594	2570	150280	0	
2	 9	 4	 5	sample84	1414	3726	1542	92480	0	
2	 9	 4	 6	control	2102	4414	2056	78608	0	
2	 10	 1	 1	sample85	7634	9946	6682	171088	0	
2	 10	 1	 2	sample85	6194	8250	6424	160368	0	
2	 10	 1	 3	sample85	3867	6179	4370	152592	0	
2	 10	 1	 4	sample85	2944	5000	3084	94576	0	
2	 10	 1	 5	sample85	2026	4082	1798	88408	0	
2	 10	 1	 6	control	1061	3373	514	92480	0	
2	 10	 2	 1	sample86	2734	4790	2826	125416	0	
2	 10	 2	 2	sample86	1904	3960	2056	139808	0	
2	 10	 2	 3	sample86	2044	4100	1798	94576	0	
2	 10	 2	 4	sample86	1812	3868	1542	82240	0	
2	 10	 2	 5	sample86	1272	3328	770	82240	0	
2	 10	 2	 6	control	2002	4314	1800	87856	0	
2	 10	 3	 1	sample87	4623	6679	4368	191208	0	
2	 10	 3	 2	sample87	2724	4780	2826	143920	0	
2	 10	 3	 3	sample87	1982	4038	2056	143920	0	
2	 10	 3	 4	sample87	1355	3411	1028	82240	0	
2	 10	 3	 5	sample87	1349	3405	770	82240	0	
2	 10	 3	 6	control	1072	3128	256	82240	0	
2	 10	 4	 1	sample88	6605	8661	6424	137752	0	
2	 10	 4	 2	sample88	4212	6268	3340	195320	0	
2	 10	 4	 3	sample88	3269	5325	3084	125416	0	
2	 10	 4	 4	sample88	2044	4100	2056	133640	0	
2	 10	 4	 5	sample88	1535	3591	1284	82240	0	
2	 10	 4	 6	control	1471	3527	1028	82240	0	
2	 11	 1	 1	sample89	5499	7555	6168	197376	0	
2	 11	 1	 2	sample89	5316	7372	6168	168592	0	
2	 11	 1	 3	sample89	3757	5813	4112	193264	0	
2	 11	 1	 4	sample89	3182	4982	3598	169200	0	
2	 11	 1	 5	sample89	2660	4460	3084	147600	0	
2	 11	 1	 6	control	238	2294	258	82240	0	
2	 11	 2	 1	sample90	6096	8152	5398	160368	0	
2	 11	 2	 2	sample90	5302	7358	4884	150088	0	
2	 11	 2	 3	sample90	4178	6234	4370	152144	0	
2	 11	 2	 4	sample90	3312	5368	3342	106912	0	
2	 11	 2	 5	sample90	2366	4166	2312	95400	0	
2	 11	 2	 6	control	1633	3433	1798	111600	0	
2	 11	 3	 1	sample91	10006	11806	9252	136800	0	
2	 11	 3	 2	sample91	6798	8598	6424	138600	0	
2	 11	 3	 3	sample91	4678	6478	5140	131400	0	
2	 11	 3	 4	sample91	3844	5644	3854	135000	0	
2	 11	 3	 5	sample91	2133	3933	2312	95400	0	
2	 11	 3	 6	control	2839	4639	1028	72000	0	
2	 11	 4	 1	sample92	2547	4347	2312	165600	0	
2	 11	 4	 2	sample92	1940	3740	2056	91800	0	
2	 11	 4	 3	sample92	1239	3039	1284	72000	0	
2	 11	 4	 4	sample92	661	2461	514	72000	0	
2	 11	 4	 5	sample92	539	2339	514	72000	0	
2	 11	 4	 6	control	1202	3002	1028	111600	0	
2	 12	 1	 1	sample93	527	2069	514	61680	0	
2	 12	 1	 2	sample93	457	1999	514	61680	0	
2	 12	 1	 3	sample93	669	2211	514	61680	0	
2	 12	 1	 4	sample93	547	2089	514	61680	0	
2	 12	 1	 5	sample93	250	2050	256	72000	0	
2	 12	 1	 6	control	167	2223	0	82240	0	
2	 12	 2	 1	sample94	3864	5150	3598	70730	0	
2	 12	 2	 2	sample94	2956	4498	3084	86352	0	
2	 12	 2	 3	sample94	1758	3300	1800	114108	0	
2	 12	 2	 4	sample94	1479	3021	1542	112566	0	
2	 12	 2	 5	sample94	1138	2938	1028	75600	0	
2	 12	 2	 6	control	2042	4098	2056	71960	0	
2	 12	 3	 1	sample95	3783	5069	3598	69444	0	
2	 12	 3	 2	sample95	2065	3351	1798	68158	0	
2	 12	 3	 3	sample95	1688	2974	1798	74588	0	
2	 12	 3	 4	sample95	1107	2649	1028	70932	0	
2	 12	 3	 5	sample95	597	2397	514	72000	0	
2	 12	 3	 6	control	77.5	2134	0	82240	0	
2	 12	 4	 1	sample96	1219	2505	1284	86162	0	
2	 12	 4	 2	sample96	1269	2555	1284	21862	0	
2	 12	 4	 3	sample96	892	2178	770	51440	0	
2	 12	 4	 4	sample96	710	2252	772	38550	0	
2	 12	 4	 5	sample96	366	2166	256	72000	0	
2	 12	 4	 6	control	1727	3527	1798	45000	0	
3	 1	 1	 1	sample97	5240	7810	5654	213310	0	
3	 1	 1	 2	sample97	3646	5960	3854	233714	0	
3	 1	 1	 3	sample97	3322	5892	3342	136210	0	
3	 1	 1	 4	sample97	2571	5141	2570	136210	0	
3	 1	 1	 5	sample97	1850	4164	1798	92560	0	
3	 1	 1	 6	control	404	2718	514	92560	0	
3	 1	 2	 1	sample98	10673	13501	13620	234724	0	
3	 1	 2	 2	sample98	10462	13032	12080	210740	0	
3	 1	 2	 3	sample98	2784	5354	2570	136210	0	
3	 1	 2	 4	sample98	5945	8515	6426	215880	0	
3	 1	 2	 5	sample98	4651	7221	4370	239010	0	
3	 1	 2	 6	control	2241	4811	2570	208170	0	
3	 1	 3	 1	sample99	10362	13190	12850	212100	0	
3	 1	 3	 2	sample99	7993	10563	9252	182470	0	
3	 1	 3	 3	sample99	7653	10223	8224	195320	0	
3	 1	 3	 4	sample99	7839	10409	7196	179900	0	
3	 1	 3	 5	sample99	6943	9513	7968	213310	0	
3	 1	 3	 6	control	373	2943	258	102800	0	
3	 1	 4	 1	sample100	10806	13376	9510	233870	0	
3	 1	 4	 2	sample100	7562	10132	7968	200460	0	
3	 1	 4	 3	sample100	4603	6917	4368	185120	0	
3	 1	 4	 4	sample100	2982	5296	2826	205946	0	
3	 1	 4	 5	sample100	1606	3920	1542	92560	0	
3	 1	 4	 6	control	1278	3592	1284	92560	0	
3	 2	 1	 1	sample101	1048	3874	1028	113040	0	
3	 2	 1	 2	sample101	1252	3822	1284	102800	0	
3	 2	 1	 3	sample101	931	3501	1028	102800	0	
3	 2	 1	 4	sample101	700	3270	514	102800	0	
3	 2	 1	 5	sample101	648	3218	514	102800	0	
3	 2	 1	 6	control	302	3128	258	113040	0	
3	 2	 2	 1	sample102	1485	4311	1542	113040	0	
3	 2	 2	 2	sample102	1324	4150	1286	113040	0	
3	 2	 2	 3	sample102	1086	3912	1028	113040	0	
3	 2	 2	 4	sample102	682	3508	772	113040	0	
3	 2	 2	 5	sample102	675	3501	514	113040	0	
3	 2	 2	 6	control	3026	5852	3084	149778	0	
3	 2	 3	 1	sample103	16158	19242	19532	240552	0	
3	 2	 3	 2	sample103	14494	17320	16706	214776	0	
3	 2	 3	 3	sample103	13952	16778	15164	206298	0	
3	 2	 3	 4	sample103	11324	14150	12336	186516	0	
3	 2	 3	 5	sample103	8768	11594	9252	248688	0	
3	 2	 3	 6	control	225	3051	0	113040	0	
3	 2	 4	 1	sample104	4591	7161	4882	208170	0	
3	 2	 4	 2	sample104	3464	6034	3854	177330	0	
3	 2	 4	 3	sample104	2885	5455	3084	136210	0	
3	 2	 4	 4	sample104	1466	4292	1286	113040	0	
3	 2	 4	 5	sample104	1074	3900	1028	113040	0	
3	 2	 4	 6	control	2238	5064	2314	96084	0	
3	 3	 1	 1	sample105	3710	6794	3856	240552	0	
3	 3	 1	 2	sample105	3521	6605	3598	163452	0	
3	 3	 1	 3	sample105	2801	5629	2826	144228	0	
3	 3	 1	 4	sample105	1728	4556	1542	113120	0	
3	 3	 1	 5	sample105	989	3817	1028	113120	0	
3	 3	 1	 6	control	443	3271	514	113120	0	
3	 3	 2	 1	sample106	12121	15463	12078	243966	0	
3	 3	 2	 2	sample106	10368	13452	9766	225132	0	
3	 3	 2	 3	sample106	7156	9984	6424	223412	0	
3	 3	 2	 4	sample106	5297	8125	5396	212100	0	
3	 3	 2	 5	sample106	4415	6985	4370	102800	0	
3	 3	 2	 6	control	2819	5647	2826	186648	0	
3	 3	 3	 1	sample107	6324	9408	5398	218964	0	
3	 3	 3	 2	sample107	4752	7836	4884	157284	0	
3	 3	 3	 3	sample107	4032	7116	4112	157284	0	
3	 3	 3	 4	sample107	2436	5264	2570	141400	0	
3	 3	 3	 5	sample107	2037	4607	2056	66820	0	
3	 3	 3	 6	control	154	2982	0	113120	0	
3	 3	 4	 1	sample108	12310	15138	11050	336532	0	
3	 3	 4	 2	sample108	8937	12021	8738	215880	0	
3	 3	 4	 3	sample108	6255	9083	5910	223412	0	
3	 3	 4	 4	sample108	4960	7530	4370	208170	0	
3	 3	 4	 5	sample108	3020	5590	2828	102800	0	
3	 3	 4	 6	control	1125	3695	1286	102800	0	
3	 4	 1	 1	sample109	5388	7186	5140	138446	0	
3	 4	 1	 2	sample109	5932	7730	5912	134850	0	
3	 4	 1	 3	sample109	3321	5119	2828	134850	0	
3	 4	 1	 4	sample109	1755	3553	1800	136648	0	
3	 4	 1	 5	sample109	1497	3295	1542	80910	0	
3	 4	 1	 6	control	251	2049	0	71920	0	
3	 4	 2	 1	sample110	3877	5419	4112	89436	0	
3	 4	 2	 2	sample110	2882	4424	2826	100230	0	
3	 4	 2	 3	sample110	2104	3646	2312	114108	0	
3	 4	 2	 4	sample110	1889	3431	1798	30840	0	
3	 4	 2	 5	sample110	1197	2739	1028	67848	0	
3	 4	 2	 6	control	2385	3927	2570	98688	0	
3	 4	 3	 1	sample111	3214	4756	3084	97146	0	
3	 4	 3	 2	sample111	2476	4018	2312	106398	0	
3	 4	 3	 3	sample111	1337	2879	1284	104856	0	
3	 4	 3	 4	sample111	1012	2554	1028	104856	0	
3	 4	 3	 5	sample111	899	2441	770	61680	0	
3	 4	 3	 6	control	199	1741	256	61680	0	
3	 4	 4	 1	sample112	1875	3159	2314	87312	0	
3	 4	 4	 2	sample112	1150	2692	1284	132612	0	
3	 4	 4	 3	sample112	1381	2923	1284	61680	0	
3	 4	 4	 4	sample112	1324	2608	1286	51360	0	
3	 4	 4	 5	sample112	977	2261	1028	51360	0	
3	 4	 4	 6	control	841	2383	770	61680	0	
3	 5	 1	 1	sample113	7619	10959	7196	263860	0	
3	 5	 1	 2	sample113	8926	12266	8996	270540	0	
3	 5	 1	 3	sample113	5082	8422	4884	250500	0	
3	 5	 1	 4	sample113	3268	6608	3342	243820	0	
3	 5	 1	 5	sample113	2012	5096	1798	255972	0	
3	 5	 1	 6	control	290	3630	0	133600	0	
3	 5	 2	 1	sample114	3325	6409	3084	206628	0	
3	 5	 2	 2	sample114	3096	6180	3340	246720	0	
3	 5	 2	 3	sample114	2376	5460	2570	163452	0	
3	 5	 2	 4	sample114	1606	4690	1542	123360	0	
3	 5	 2	 5	sample114	1426	4510	1284	123360	0	
3	 5	 2	 6	control	2801	5885	3340	222048	0	
3	 5	 3	 1	sample115	1117	4201	1028	123360	0	
3	 5	 3	 2	sample115	989	4073	1028	123360	0	
3	 5	 3	 3	sample115	713	3797	514	123360	0	
3	 5	 3	 4	sample115	526	3610	256	123360	0	
3	 5	 3	 5	sample115	436	3520	256	123360	0	
3	 5	 3	 6	control	314	3398	256	123360	0	
3	 5	 4	 1	sample116	1151	3977	1028	113040	0	
3	 5	 4	 2	sample116	603	3687	514	123360	0	
3	 5	 4	 3	sample116	546	3630	514	123360	0	
3	 5	 4	 4	sample116	456	3540	256	123360	0	
3	 5	 4	 5	sample116	411	3495	256	123360	0	
3	 5	 4	 6	control	1407	4491	1284	206628	0	
3	 6	 1	 1	sample117	3464	5006	3598	67848	0	
3	 6	 1	 2	sample117	2802	4088	3084	93878	0	
3	 6	 1	 3	sample117	1741	3283	1800	74016	0	
3	 6	 1	 4	sample117	1439	2725	1284	51440	0	
3	 6	 1	 5	sample117	1080	2622	1028	61680	0	
3	 6	 1	 6	control	746	2288	514	61680	0	
3	 6	 2	 1	sample118	4402	5944	4370	84810	0	
3	 6	 2	 2	sample118	5834	7120	6424	86162	0	
3	 6	 2	 3	sample118	5084	6370	5140	83590	0	
3	 6	 2	 4	sample118	3263	4549	3084	77160	0	
3	 6	 2	 5	sample118	2395	3937	2056	63222	0	
3	 6	 2	 6	control	2658	4200	2828	81726	0	
3	 6	 3	 1	sample119	3580	4866	3598	75874	0	
3	 6	 3	 2	sample119	2687	3973	2826	78446	0	
3	 6	 3	 3	sample119	2156	3442	2056	52726	0	
3	 6	 3	 4	sample119	1381	2667	1542	51440	0	
3	 6	 3	 5	sample119	855	2397	772	61680	0	
3	 6	 3	 6	control	463	2005	258	61680	0	
3	 6	 4	 1	sample120	5911	7197	5910	84876	0	
3	 6	 4	 2	sample120	4812	6098	4626	74588	0	
3	 6	 4	 3	sample120	2659	3945	2570	81018	0	
3	 6	 4	 4	sample120	2141	3427	2056	30864	0	
3	 6	 4	 5	sample120	1306	2592	1284	46296	0	
3	 6	 4	 6	control	2160	3446	2056	54012	0	
3	 7	 1	 1	sample121	8221	10533	6940	187272	0	
3	 7	 1	 2	sample121	7741	10311	7966	190180	0	
3	 7	 1	 3	sample121	4873	7185	4884	166464	0	
3	 7	 1	 4	sample121	2538	5108	2570	190180	0	
3	 7	 1	 5	sample121	2000	4570	2056	107940	0	
3	 7	 1	 6	control	391	2961	256	102800	0	
3	 7	 2	 1	sample122	3014	5584	3084	161910	0	
3	 7	 2	 2	sample122	2344	4914	2570	167050	0	
3	 7	 2	 3	sample122	2360	4672	2314	115600	0	
3	 7	 2	 4	sample122	1464	4034	1284	110510	0	
3	 7	 2	 5	sample122	905	3475	1028	102800	0	
3	 7	 2	 6	control	2850	5420	3084	167050	0	
3	 7	 3	 1	sample123	10134	12704	10536	177330	0	
3	 7	 3	 2	sample123	7725	10295	8480	174760	0	
3	 7	 3	 3	sample123	3648	5960	3598	157216	0	
3	 7	 3	 4	sample123	1879	4449	2056	205600	0	
3	 7	 3	 5	sample123	2296	4866	2312	118220	0	
3	 7	 3	 6	control	520	3090	256	102800	0	
3	 7	 4	 1	sample124	3595	5907	4112	152592	0	
3	 7	 4	 2	sample124	2575	4887	2828	150280	0	
3	 7	 4	 3	sample124	1912	4224	2056	164152	0	
3	 7	 4	 4	sample124	1707	4019	1800	108664	0	
3	 7	 4	 5	sample124	1061	3373	1028	92480	0	
3	 7	 4	 6	control	2557	5127	2826	53970	0	
3	 8	 1	 1	sample125	6903	9731	6682	243208	0	
3	 8	 1	 2	sample125	5479	8307	5654	220584	0	
3	 8	 1	 3	sample125	4069	6897	3854	220584	0	
3	 8	 1	 4	sample125	3007	5577	3084	136210	0	
3	 8	 1	 5	sample125	2194	4764	2056	110510	0	
3	 8	 1	 6	control	527	3097	514	102800	0	
3	 8	 2	 1	sample126	4974	8058	4884	157284	0	
3	 8	 2	 2	sample126	3825	6653	3598	195132	0	
3	 8	 2	 3	sample126	2875	5703	2570	149884	0	
3	 8	 2	 4	sample126	1941	4511	1800	102800	0	
3	 8	 2	 5	sample126	1080	3650	1028	102800	0	
3	 8	 2	 6	control	2664	5234	3084	169620	0	
3	 8	 3	 1	sample127	14190	17274	14392	231300	0	
3	 8	 3	 2	sample127	11576	14404	12850	195132	0	
3	 8	 3	 3	sample127	8286	11114	8480	186648	0	
3	 8	 3	 4	sample127	6286	8856	5398	179900	0	
3	 8	 3	 5	sample127	4685	6999	4882	171236	0	
3	 8	 3	 6	control	334	2648	256	92560	0	
3	 8	 4	 1	sample128	10348	13176	8738	212100	0	
3	 8	 4	 2	sample128	5685	8513	4882	231896	0	
3	 8	 4	 3	sample128	5024	7594	5140	192750	0	
3	 8	 4	 4	sample128	2570	5140	2570	128500	0	
3	 8	 4	 5	sample128	2033	4347	1798	104130	0	
3	 8	 4	 6	control	1651	3965	1798	141154	0	
3	 9	 1	 1	sample129	5701	8013	5140	164152	0	
3	 9	 1	 2	sample129	4631	7201	4626	228730	0	
3	 9	 1	 3	sample129	3342	5654	3084	168776	0	
3	 9	 1	 4	sample129	2272	4584	2314	115600	0	
3	 9	 1	 5	sample129	1306	3618	1286	85544	0	
3	 9	 1	 6	control	495	2807	258	92480	0	
3	 9	 2	 1	sample130	3827	6139	3342	147968	0	
3	 9	 2	 2	sample130	3750	6062	3598	180336	0	
3	 9	 2	 3	sample130	2709	4765	2826	148032	0	
3	 9	 2	 4	sample130	1516	3572	1542	104856	0	
3	 9	 2	 5	sample130	1331	3387	1284	80184	0	
3	 9	 2	 6	control	2449	4505	2570	139808	0	
3	 9	 3	 1	sample131	1398	3454	1284	88408	0	
3	 9	 3	 2	sample131	1324	3380	1284	80184	0	
3	 9	 3	 3	sample131	912	2968	1028	82240	0	
3	 9	 3	 4	sample131	946	3002	1028	39064	0	
3	 9	 3	 5	sample131	623	2679	514	82240	0	
3	 9	 3	 6	control	295	2351	256	82240	0	
3	 9	 4	 1	sample132	6855	8911	6938	145976	0	
3	 9	 4	 2	sample132	2906	4962	2826	145976	0	
3	 9	 4	 3	sample132	3031	4829	3342	120466	0	
3	 9	 4	 4	sample132	1502	3300	1542	125860	0	
3	 9	 4	 5	sample132	1240	3038	1286	61132	0	
3	 9	 4	 6	control	1457	3255	1286	53940	0	
3	 10	 1	 1	sample133	4741	6539	4626	133052	0	
3	 10	 1	 2	sample133	3255	5053	3342	138446	0	
3	 10	 1	 3	sample133	1774	3572	1800	147436	0	
3	 10	 1	 4	sample133	1405	3203	1286	73718	0	
3	 10	 1	 5	sample133	855	2653	772	71920	0	
3	 10	 1	 6	control	515	2313	258	71920	0	
3	 10	 2	 1	sample134	1609	3407	1542	125860	0	
3	 10	 2	 2	sample134	1587	3385	1542	82708	0	
3	 10	 2	 3	sample134	1313	3111	1286	84506	0	
3	 10	 2	 4	sample134	951	2749	1028	71920	0	
3	 10	 2	 5	sample134	804	2602	772	71920	0	
3	 10	 2	 6	control	1624	3422	1800	113274	0	
3	 10	 3	 1	sample135	6490	8032	5396	103314	0	
3	 10	 3	 2	sample135	4844	6386	5140	101772	0	
3	 10	 3	 3	sample135	2405	3947	2570	103314	0	
3	 10	 3	 4	sample135	1720	3262	1542	115650	0	
3	 10	 3	 5	sample135	1349	2891	1542	61680	0	
3	 10	 3	 6	control	507	2049	256	61680	0	
3	 10	 4	 1	sample136	1752	3294	1798	135696	0	
3	 10	 4	 2	sample136	1397	2939	1284	109482	0	
3	 10	 4	 3	sample136	1351	2893	1542	77100	0	
3	 10	 4	 4	sample136	880	2422	770	61680	0	
3	 10	 4	 5	sample136	668	2210	514	61680	0	
3	 10	 4	 6	control	1217	2759	1028	58596	0	
3	 11	 1	 1	sample137	6179	7977	7196	138446	0	
3	 11	 1	 2	sample137	4179	6235	4882	178872	0	
3	 11	 1	 3	sample137	3941	5997	4368	145976	0	
3	 11	 1	 4	sample137	2558	4614	2826	141864	0	
3	 11	 1	 5	sample137	2403	4459	2312	98688	0	
3	 11	 1	 6	control	366	2422	256	82240	0	
3	 11	 2	 1	sample138	7703	9501	7454	122264	0	
3	 11	 2	 2	sample138	5655	7453	6426	134850	0	
3	 11	 2	 3	sample138	4466	6264	4884	129456	0	
3	 11	 2	 4	sample138	2685	4483	2828	133052	0	
3	 11	 2	 5	sample138	2082	4138	2056	139808	0	
3	 11	 2	 6	control	1587	3643	1542	92520	0	
3	 11	 3	 1	sample139	1371	3169	1286	59334	0	
3	 11	 3	 2	sample139	1041	2583	1028	61680	0	
3	 11	 3	 3	sample139	682	2480	772	71920	0	
3	 11	 3	 4	sample139	572	2370	514	71920	0	
3	 11	 3	 5	sample139	540	2338	514	71920	0	
3	 11	 3	 6	control	96	2152	0	82240	0	
3	 11	 4	 1	sample140	2535	4077	2826	115650	0	
3	 11	 4	 2	sample140	1734	3276	1798	98688	0	
3	 11	 4	 3	sample140	1303	3101	1286	77314	0	
3	 11	 4	 4	sample140	624	2422	514	71920	0	
3	 11	 4	 5	sample140	572	2370	514	71920	0	
3	 11	 4	 6	control	1189	2987	1028	71920	0	
3	 12	 1	 1	sample141	6317	8373	6682	180928	0	
3	 12	 1	 2	sample141	4329	6385	4626	170648	0	
3	 12	 1	 3	sample141	2990	5046	3084	168592	0	
3	 12	 1	 4	sample141	2358	4414	2570	129528	0	
3	 12	 1	 5	sample141	2305	4361	2570	61680	0	
3	 12	 1	 6	control	700	3014	514	92560	0	
3	 12	 2	 1	sample142	7653	9709	7454	145976	0	
3	 12	 2	 2	sample142	6223	8023	6938	117000	0	
3	 12	 2	 3	sample142	3817	5617	3854	174600	0	
3	 12	 2	 4	sample142	2945	4745	3340	156600	0	
3	 12	 2	 5	sample142	2653	4709	2570	96632	0	
3	 12	 2	 6	control	1753	4067	1798	104130	0	
3	 12	 3	 1	sample143	2752	4552	2570	162000	0	
3	 12	 3	 2	sample143	2078	3878	2056	142200	0	
3	 12	 3	 3	sample143	1878	3678	1798	81000	0	
3	 12	 3	 4	sample143	1151	3207	1028	82240	0	
3	 12	 3	 5	sample143	977	3033	1028	82240	0	
3	 12	 3	 6	control	559	2873	514	92560	0	
3	 12	 4	 1	sample144	783	2583	770	72000	0	
3	 12	 4	 2	sample144	687	2487	514	72000	0	
3	 12	 4	 3	sample144	629	2429	514	72000	0	
3	 12	 4	 4	sample144	674	2474	770	72000	0	
3	 12	 4	 5	sample144	160	2474	0	92560	0	
3	 12	 4	 6	control	1034	3862	1028	113120	0	
4	 1	 1	 1	sample145	10227	12283	10794	152144	0	
4	 1	 1	 2	sample145	7789	9845	9252	160368	0	
4	 1	 1	 3	sample145	5297	7353	5654	154200	0	
4	 1	 1	 4	sample145	3638	5694	4112	143920	0	
4	 1	 1	 5	sample145	2006	3804	1800	138446	0	
4	 1	 1	 6	control	238	2036	258	71920	0	
4	 1	 2	 1	sample146	4998	7310	5398	166464	0	
4	 1	 2	 2	sample146	3540	5852	3856	194208	0	
4	 1	 2	 3	sample146	3989	6045	4368	176816	0	
4	 1	 2	 4	sample146	3731	5787	4112	162424	0	
4	 1	 2	 5	sample146	3155	5211	3340	154200	0	
4	 1	 2	 6	control	2181	3979	2314	115072	0	
4	 1	 3	 1	sample147	3895	6207	4112	150280	0	
4	 1	 3	 2	sample147	2430	4742	2828	152592	0	
4	 1	 3	 3	sample147	1838	4150	1800	108664	0	
4	 1	 3	 4	sample147	1311	3623	1286	46240	0	
4	 1	 3	 5	sample147	796	2852	770	82240	0	
4	 1	 3	 6	control	96	2152	0	82240	0	
4	 1	 4	 1	sample148	380	2692	258	92480	0	
4	 1	 4	 2	sample148	623	2679	514	82240	0	
4	 1	 4	 3	sample148	616	2672	770	82240	0	
4	 1	 4	 4	sample148	436	2492	514	82240	0	
4	 1	 4	 5	sample148	385	2441	256	82240	0	
4	 1	 4	 6	control	1716	3772	1798	108968	0	
4	 2	 1	 1	sample149	1022	2564	1028	61680	0	
4	 2	 1	 2	sample149	771	2313	772	61680	0	
4	 2	 1	 3	sample149	630	2172	514	61680	0	
4	 2	 1	 4	sample149	482	2024	514	61680	0	
4	 2	 1	 5	sample149	457	1999	514	61680	0	
4	 2	 1	 6	control	483	2025	514	61680	0	
4	 2	 2	 1	sample150	4627	6169	5140	101772	0	
4	 2	 2	 2	sample150	2729	4271	2828	104856	0	
4	 2	 2	 3	sample150	2129	3671	2056	77100	0	
4	 2	 2	 4	sample150	1598	3140	1542	70932	0	
4	 2	 2	 5	sample150	945	2487	772	61680	0	
4	 2	 2	 6	control	1665	3207	1800	94062	0	
4	 2	 3	 1	sample151	6018	7818	6168	133200	0	
4	 2	 3	 2	sample151	4078	5878	3854	124200	0	
4	 2	 3	 3	sample151	2781	4581	2826	81000	0	
4	 2	 3	 4	sample151	1775	3317	1800	64764	0	
4	 2	 3	 5	sample151	925	2725	1028	72000	0	
4	 2	 3	 6	control	147	1947	0	72000	0	
4	 2	 4	 1	sample152	9385	11185	10022	135000	0	
4	 2	 4	 2	sample152	4982	6782	5140	135000	0	
4	 2	 4	 3	sample152	2968	4510	2828	112566	0	
4	 2	 4	 4	sample152	2087	3629	2314	77100	0	
4	 2	 4	 5	sample152	1260	2802	1286	61680	0	
4	 2	 4	 6	control	1054	2596	1028	61680	0	
4	 3	 1	 1	sample153	4327	5611	4370	86028	0	
4	 3	 1	 2	sample153	3852	5136	4112	92448	0	
4	 3	 1	 3	sample153	2217	3501	2314	82176	0	
4	 3	 1	 4	sample153	1799	3083	1800	64200	0	
4	 3	 1	 5	sample153	1231	2515	1286	60348	0	
4	 3	 1	 6	control	57.3	1599	0	61680	0	
4	 3	 2	 1	sample154	1766	3308	1542	121818	0	
4	 3	 2	 2	sample154	1786	3328	1798	95604	0	
4	 3	 2	 3	sample154	1331	2615	1286	107856	0	
4	 3	 2	 4	sample154	1073	2357	1028	59064	0	
4	 3	 2	 5	sample154	752	2036	772	51360	0	
4	 3	 2	 6	control	1299	2841	1284	107940	0	
4	 3	 3	 1	sample155	411	1953	514	61680	0	
4	 3	 3	 2	sample155	456	1998	256	61680	0	
4	 3	 3	 3	sample155	295	1837	256	61680	0	
4	 3	 3	 4	sample155	186	1728	256	61680	0	
4	 3	 3	 5	sample155	225	1509	258	51360	0	
4	 3	 3	 6	control	316	1600	258	51360	0	
4	 3	 4	 1	sample156	1105	2389	1028	47508	0	
4	 3	 4	 2	sample156	945	2229	1028	47508	0	
4	 3	 4	 3	sample156	804	2088	772	51360	0	
4	 3	 4	 4	sample156	737	2021	772	38520	0	
4	 3	 4	 5	sample156	335	1619	258	51360	0	
4	 3	 4	 6	control	739	2023	514	51360	0	
4	 4	 1	 1	sample157	1480	2764	1542	62916	0	
4	 4	 1	 2	sample157	936	2478	1028	117192	0	
4	 4	 1	 3	sample157	982	2524	1028	61680	0	
4	 4	 1	 4	sample157	1166	2450	1028	55212	0	
4	 4	 1	 5	sample157	636	2178	514	61680	0	
4	 4	 1	 6	control	404	1946	256	61680	0	
4	 4	 2	 1	sample158	4047	5589	3598	104856	0	
4	 4	 2	 2	sample158	3847	5389	3854	104856	0	
4	 4	 2	 3	sample158	2681	4223	2570	114108	0	
4	 4	 2	 4	sample158	1659	3201	1542	127986	0	
4	 4	 2	 5	sample158	1326	3124	1286	57536	0	
4	 4	 2	 6	control	1661	3459	1800	113274	0	
4	 4	 3	 1	sample159	1575	3117	1542	47802	0	
4	 4	 3	 2	sample159	1317	2859	1284	60138	0	
4	 4	 3	 3	sample159	1048	2846	1028	71920	0	
4	 4	 3	 4	sample159	829	2627	772	71920	0	
4	 4	 3	 5	sample159	765	2563	772	71920	0	
4	 4	 3	 6	control	418	2216	258	71920	0	
4	 4	 4	 1	sample160	1256	2540	1286	33384	0	
4	 4	 4	 2	sample160	623	2165	514	61680	0	
4	 4	 4	 3	sample160	539	2081	514	61680	0	
4	 4	 4	 4	sample160	966	2508	770	38550	0	
4	 4	 4	 5	sample160	360	2158	258	71920	0	
4	 4	 4	 6	control	958	2756	772	71920	0	
4	 5	 1	 1	sample161	3981	6293	4112	180336	0	
4	 5	 1	 2	sample161	3138	5450	3598	166464	0	
4	 5	 1	 3	sample161	1962	4274	1800	175712	0	
4	 5	 1	 4	sample161	1589	3645	1542	100744	0	
4	 5	 1	 5	sample161	989	3045	770	82240	0	
4	 5	 1	 6	control	546	2602	514	82240	0	
4	 5	 2	 1	sample162	2227	4539	2570	164152	0	
4	 5	 2	 2	sample162	1955	4267	1800	110976	0	
4	 5	 2	 3	sample162	1621	3933	1542	113288	0	
4	 5	 2	 4	sample162	1350	3662	1542	92480	0	
4	 5	 2	 5	sample162	1176	3488	1286	92480	0	
4	 5	 2	 6	control	2332	4644	2570	161840	0	
4	 5	 3	 1	sample163	9152	11722	9252	192750	0	
4	 5	 3	 2	sample163	6432	9002	6424	177330	0	
4	 5	 3	 3	sample163	4185	6755	4368	187610	0	
4	 5	 3	 4	sample163	2740	5310	2826	167050	0	
4	 5	 3	 5	sample163	2193	4763	2056	192750	0	
4	 5	 3	 6	control	128	2698	0	102800	0	
4	 5	 4	 1	sample164	5940	8510	6938	197890	0	
4	 5	 4	 2	sample164	5397	7967	5910	213310	0	
4	 5	 4	 3	sample164	4233	6803	4626	195320	0	
4	 5	 4	 4	sample164	3841	6153	4112	168776	0	
4	 5	 4	 5	sample164	2632	5202	2826	190180	0	
4	 5	 4	 6	control	1143	3713	1284	102800	0	
4	 6	 1	 1	sample165	4427	6739	4370	166464	0	
4	 6	 1	 2	sample165	3623	5935	3856	168776	0	
4	 6	 1	 3	sample165	2671	4983	2570	117912	0	
4	 6	 1	 4	sample165	2161	4473	2056	97104	0	
4	 6	 1	 5	sample165	1208	3520	1286	92480	0	
4	 6	 1	 6	control	206	2518	258	92480	0	
4	 6	 2	 1	sample166	11490	14060	11308	195320	0	
4	 6	 2	 2	sample166	9570	12140	9508	182470	0	
4	 6	 2	 3	sample166	7049	9619	7196	185040	0	
4	 6	 2	 4	sample166	3904	6474	3340	241580	0	
4	 6	 2	 5	sample166	3145	5715	3340	118220	0	
4	 6	 2	 6	control	2137	4707	2056	146490	0	
4	 6	 3	 1	sample167	3802	6628	3856	135648	0	
4	 6	 3	 2	sample167	3072	5642	3340	118220	0	
4	 6	 3	 3	sample167	2220	4790	2056	120790	0	
4	 6	 3	 4	sample167	1047	3617	1028	102800	0	
4	 6	 3	 5	sample167	636	3206	514	102800	0	
4	 6	 3	 6	control	282	2852	256	102800	0	
4	 6	 4	 1	sample168	8521	11347	9252	183690	0	
4	 6	 4	 2	sample168	5685	8511	5654	189342	0	
4	 6	 4	 3	sample168	4048	6618	4112	187610	0	
4	 6	 4	 4	sample168	3272	5842	3084	125930	0	
4	 6	 4	 5	sample168	1645	4215	1798	107940	0	
4	 6	 4	 6	control	2235	4547	2314	83232	0	
4	 7	 1	 1	sample169	1902	4214	1800	92480	0	
4	 7	 1	 2	sample169	2202	4514	2056	101728	0	
4	 7	 1	 3	sample169	1597	3909	1542	43928	0	
4	 7	 1	 4	sample169	989	3559	1028	102800	0	
4	 7	 1	 5	sample169	886	3456	770	102800	0	
4	 7	 1	 6	control	778	3604	514	113040	0	
4	 7	 2	 1	sample170	3564	6134	3598	177330	0	
4	 7	 2	 2	sample170	3117	5687	3084	179900	0	
4	 7	 2	 3	sample170	2628	5198	2826	136210	0	
4	 7	 2	 4	sample170	1476	4046	1542	131070	0	
4	 7	 2	 5	sample170	1175	3745	1284	102800	0	
4	 7	 2	 6	control	2656	5482	2828	101736	0	
4	 7	 3	 1	sample171	4741	7311	4368	154200	0	
4	 7	 3	 2	sample171	3389	5959	3340	161910	0	
4	 7	 3	 3	sample171	2393	4963	2312	131070	0	
4	 7	 3	 4	sample171	1150	3720	1028	102800	0	
4	 7	 3	 5	sample171	1028	3598	1028	102800	0	
4	 7	 3	 6	control	64.8	2891	0	113040	0	
4	 7	 4	 1	sample172	9530	12100	8994	185040	0	
4	 7	 4	 2	sample172	6064	8634	5910	159340	0	
4	 7	 4	 3	sample172	2275	4845	1798	213310	0	
4	 7	 4	 4	sample172	2457	5027	2570	105370	0	
4	 7	 4	 5	sample172	1079	3649	1028	102800	0	
4	 7	 4	 6	control	1480	4050	1542	74530	0	
4	 8	 1	 1	sample173	11914	14740	13622	237384	0	
4	 8	 1	 2	sample173	9033	11859	10538	274122	0	
4	 8	 1	 3	sample173	10170	12996	12594	217602	0	
4	 8	 1	 4	sample173	10088	12658	11308	192750	0	
4	 8	 1	 5	sample173	9101	11413	9510	164152	0	
4	 8	 1	 6	control	225	2537	258	92480	0	
4	 8	 2	 1	sample174	5313	8139	5398	172386	0	
4	 8	 2	 2	sample174	3844	6670	4112	192168	0	
4	 8	 2	 3	sample174	3162	5988	3342	141300	0	
4	 8	 2	 4	sample174	2596	5166	2826	123360	0	
4	 8	 2	 5	sample174	1452	4022	1542	102800	0	
4	 8	 2	 6	control	2378	4690	2314	138720	0	
4	 8	 3	 1	sample175	8441	11267	7710	194994	0	
4	 8	 3	 2	sample175	4447	7273	4112	186516	0	
4	 8	 3	 3	sample175	3676	6246	3854	167050	0	
4	 8	 3	 4	sample175	2859	5429	2826	41120	0	
4	 8	 3	 5	sample175	1445	4015	1542	102800	0	
4	 8	 3	 6	control	141	2711	0	102800	0	
4	 8	 4	 1	sample176	3998	6824	4626	214776	0	
4	 8	 4	 2	sample176	3399	5969	3854	146490	0	
4	 8	 4	 3	sample176	1674	4244	1542	228730	0	
4	 8	 4	 4	sample176	2002	4572	2056	110510	0	
4	 8	 4	 5	sample176	1105	3675	1028	102800	0	
4	 8	 4	 6	control	1458	4028	1284	102800	0	
4	 9	 1	 1	sample177	2339	4137	2570	145638	0	
4	 9	 1	 2	sample177	1773	3571	1800	88102	0	
4	 9	 1	 3	sample177	1476	3018	1542	78642	0	
4	 9	 1	 4	sample177	1034	2576	1028	61680	0	
4	 9	 1	 5	sample177	430	1972	256	61680	0	
4	 9	 1	 6	control	308	1850	256	61680	0	
4	 9	 2	 1	sample178	2973	4771	2570	95294	0	
4	 9	 2	 2	sample178	2518	4316	2570	122264	0	
4	 9	 2	 3	sample178	1855	3653	1800	91698	0	
4	 9	 2	 4	sample178	926	2724	772	71920	0	
4	 9	 2	 5	sample178	553	2351	514	71920	0	
4	 9	 2	 6	control	1857	3655	1800	55738	0	
4	 9	 3	 1	sample179	3726	5782	3854	131584	0	
4	 9	 3	 2	sample179	2751	4807	3084	133640	0	
4	 9	 3	 3	sample179	2079	3877	2056	80910	0	
4	 9	 3	 4	sample179	1386	3184	1286	82708	0	
4	 9	 3	 5	sample179	945	2743	772	71920	0	
4	 9	 3	 6	control	290	2088	258	71920	0	
4	 9	 4	 1	sample180	10305	12361	11308	104856	0	
4	 9	 4	 2	sample180	8984	11040	9252	102800	0	
4	 9	 4	 3	sample180	4849	6647	5398	145638	0	
4	 9	 4	 4	sample180	3565	5363	3598	111476	0	
4	 9	 4	 5	sample180	2492	4290	2828	82708	0	
4	 9	 4	 6	control	1085	2627	1028	61680	0	
4	 10	 1	 1	sample181	5845	7645	5396	120600	0	
4	 10	 1	 2	sample181	5380	7180	5910	115200	0	
4	 10	 1	 3	sample181	3325	5381	3342	127472	0	
4	 10	 1	 4	sample181	2670	4470	2570	82800	0	
4	 10	 1	 5	sample181	1568	3368	1542	86400	0	
4	 10	 1	 6	control	327	2127	256	72000	0	
4	 10	 2	 1	sample182	5246	7302	6168	115136	0	
4	 10	 2	 2	sample182	3518	5574	4370	143920	0	
4	 10	 2	 3	sample182	3315	5371	3856	141864	0	
4	 10	 2	 4	sample182	2710	4766	3084	121304	0	
4	 10	 2	 5	sample182	2433	4489	2570	119248	0	
4	 10	 2	 6	control	1659	3715	1800	67848	0	
4	 10	 3	 1	sample183	9758	11814	10794	121304	0	
4	 10	 3	 2	sample183	6727	8783	7710	119248	0	
4	 10	 3	 3	sample183	4596	6910	4368	122642	0	
4	 10	 3	 4	sample183	2791	4847	2570	117192	0	
4	 10	 3	 5	sample183	1884	3940	2056	106912	0	
4	 10	 3	 6	control	238	2294	258	82240	0	
4	 10	 4	 1	sample184	5247	7047	5140	111600	0	
4	 10	 4	 2	sample184	2861	4917	2828	111024	0	
4	 10	 4	 3	sample184	2066	3866	2056	86400	0	
4	 10	 4	 4	sample184	1284	3084	1284	57600	0	
4	 10	 4	 5	sample184	764	2564	770	72000	0	
4	 10	 4	 6	control	1207	3007	1284	36000	0	
4	 11	 1	 1	sample185	2319	4375	2312	88408	0	
4	 11	 1	 2	sample185	1653	3709	1798	94576	0	
4	 11	 1	 3	sample185	1374	3430	1284	100744	0	
4	 11	 1	 4	sample185	784	3096	772	92480	0	
4	 11	 1	 5	sample185	572	2884	514	92480	0	
4	 11	 1	 6	control	315	2627	258	92480	0	
4	 11	 2	 1	sample186	7204	9516	7454	154904	0	
4	 11	 2	 2	sample186	5815	8127	5912	141032	0	
4	 11	 2	 3	sample186	3716	6028	3856	161840	0	
4	 11	 2	 4	sample186	2504	4816	2828	134096	0	
4	 11	 2	 5	sample186	1689	4001	1800	113288	0	
4	 11	 2	 6	control	1324	3636	1286	92480	0	
4	 11	 3	 1	sample187	1306	3618	1286	113288	0	
4	 11	 3	 2	sample187	1160	3472	1028	85544	0	
4	 11	 3	 3	sample187	1176	3488	1028	92480	0	
4	 11	 3	 4	sample187	662	2974	772	92480	0	
4	 11	 3	 5	sample187	617	2929	514	92480	0	
4	 11	 3	 6	control	502	2814	514	92480	0	
4	 11	 4	 1	sample188	1632	3688	1798	76072	0	
4	 11	 4	 2	sample188	796	2852	770	82240	0	
4	 11	 4	 3	sample188	693	2749	770	82240	0	
4	 11	 4	 4	sample188	514	2570	514	82240	0	
4	 11	 4	 5	sample188	353	2409	256	82240	0	
4	 11	 4	 6	control	624	2936	514	92480	0	
4	 12	 1	 1	sample189	3706	5506	3084	140400	0	
4	 12	 1	 2	sample189	3344	5144	3598	126000	0	
4	 12	 1	 3	sample189	2452	4252	2826	126000	0	
4	 12	 1	 4	sample189	1626	3682	1542	145976	0	
4	 12	 1	 5	sample189	1189	3503	1028	118014	0	
4	 12	 1	 6	control	431	3001	258	102800	0	
4	 12	 2	 1	sample190	889	2689	770	73800	0	
4	 12	 2	 2	sample190	911	2711	770	79200	0	
4	 12	 2	 3	sample190	1076	2876	1028	75600	0	
4	 12	 2	 4	sample190	771	2827	772	96632	0	
4	 12	 2	 5	sample190	700	3014	514	92560	0	
4	 12	 2	 6	control	1386	4214	1284	121604	0	
4	 12	 3	 1	sample191	1107	2907	770	75600	0	
4	 12	 3	 2	sample191	1630	3430	1542	57600	0	
4	 12	 3	 3	sample191	1469	3525	1286	43176	0	
4	 12	 3	 4	sample191	1603	3659	1542	69904	0	
4	 12	 3	 5	sample191	1053	3367	1028	94874	0	
4	 12	 3	 6	control	495	3065	258	102800	0	
4	 12	 4	 1	sample192	1653	3195	1542	43176	0	
4	 12	 4	 2	sample192	1343	2885	1286	41634	0	
4	 12	 4	 3	sample192	706	2506	514	72000	0	
4	 12	 4	 4	sample192	982	2782	1028	61200	0	
4	 12	 4	 5	sample192	179	2493	0	92560	0	
4	 12	 4	 6	control	559	3129	514	102800	0	
