MicroVigene	 Version	 2650
Culture	en-US
8/17/2006 12:17:44 PM
Roi Row	 4	 Roi Col	 12	 Main Row	 4	 Main Col	 6	 Sub Row	 1	 Sub Col	 1
Main Row	 Main Col	 Sub Row	 Sub Col	  GeneID	mean_net	 mean_total	 median_net	 vol_bkg	 vol_dust	 
1	 1	 1	 1	sample1	595	3937	514	137022	0	
1	 1	 1	 2	sample1	1745	4829	1800	86352	0	
1	 1	 1	 3	sample1	1413	4241	1284	50904	0	
1	 1	 1	 4	sample1	1053	3881	770	115948	0	
1	 1	 1	 5	sample1	269	3097	256	113120	0	
1	 1	 1	 6	control	346	3174	256	113120	0	
1	 1	 2	 1	sample2	525	3353	514	130088	0	
1	 1	 2	 2	sample2	1191	3761	1028	118220	0	
1	 1	 2	 3	sample2	1488	3802	1284	67106	0	
1	 1	 2	 4	sample2	801	3115	514	99502	0	
1	 1	 2	 5	sample2	616	2930	514	92560	0	
1	 1	 2	 6	control	884	3198	770	57850	0	
1	 1	 3	 1	sample3	951	3265	770	85618	0	
1	 1	 3	 2	sample3	1017	3331	1028	55536	0	
1	 1	 3	 3	sample3	425	2481	258	82240	0	
1	 1	 3	 4	sample3	232	2288	258	82240	0	
1	 1	 3	 5	sample3	232	2288	258	82240	0	
1	 1	 3	 6	control	218	2018	256	72000	0	
1	 1	 4	 1	sample4	1077	2877	1028	55800	0	
1	 1	 4	 2	sample4	856	2656	770	54000	0	
1	 1	 4	 3	sample4	186	1986	256	72000	0	
1	 1	 4	 4	sample4	276	2076	256	72000	0	
1	 1	 4	 5	sample4	141	1941	256	72000	0	
1	 1	 4	 6	control	89.6	1890	0	72000	0	
1	 2	 1	 1	sample5	431	2745	514	115700	0	
1	 2	 1	 2	sample5	424	2738	256	92560	0	
1	 2	 1	 3	sample5	419	2733	514	94874	0	
1	 2	 1	 4	sample5	508	2564	258	82240	0	
1	 2	 1	 5	sample5	302	2616	256	78676	0	
1	 2	 1	 6	control	372	2428	258	78128	0	
1	 2	 2	 1	sample6	849	2649	770	46800	0	
1	 2	 2	 2	sample6	639	2439	514	81000	0	
1	 2	 2	 3	sample6	1374	3174	1284	41400	0	
1	 2	 2	 4	sample6	642	2442	514	72000	0	
1	 2	 2	 5	sample6	475	2275	256	72000	0	
1	 2	 2	 6	control	359	2159	256	72000	0	
1	 2	 3	 1	sample7	509	2051	514	72474	0	
1	 2	 3	 2	sample7	322	1864	258	61680	0	
1	 2	 3	 3	sample7	380	1922	258	61680	0	
1	 2	 3	 4	sample7	386	1928	258	61680	0	
1	 2	 3	 5	sample7	328	1870	258	61680	0	
1	 2	 3	 6	control	71.2	1613	0	61680	0	
1	 2	 4	 1	sample8	534	1820	514	48868	0	
1	 2	 4	 2	sample8	642	1928	514	23148	0	
1	 2	 4	 3	sample8	532	1818	514	54012	0	
1	 2	 4	 4	sample8	240	1782	258	69390	0	
1	 2	 4	 5	sample8	351	1893	258	67848	0	
1	 2	 4	 6	control	270	1812	258	61680	0	
1	 3	 1	 1	sample9	656	5024	772	174720	0	
1	 3	 1	 2	sample9	598	4966	514	174720	0	
1	 3	 1	 3	sample9	590	4958	514	192192	0	
1	 3	 1	 4	sample9	720	5088	772	65520	0	
1	 3	 1	 5	sample9	258	4626	258	174720	0	
1	 3	 1	 6	control	232	4600	258	174720	0	
1	 3	 2	 1	sample10	430	4542	514	164480	0	
1	 3	 2	 2	sample10	404	4516	256	164480	0	
1	 3	 2	 3	sample10	205	4317	256	164480	0	
1	 3	 2	 4	sample10	476	4330	514	154160	0	
1	 3	 2	 5	sample10	245	4099	258	154160	0	
1	 3	 2	 6	control	1728	5582	1286	138744	0	
1	 3	 3	 1	sample11	515	4369	514	154160	0	
1	 3	 3	 2	sample11	501	4355	514	142598	0	
1	 3	 3	 3	sample11	565	4419	514	158014	0	
1	 3	 3	 4	sample11	246	4100	258	84788	0	
1	 3	 3	 5	sample11	289	3887	256	143920	0	
1	 3	 3	 6	control	141	3739	256	143920	0	
1	 3	 4	 1	sample12	9744	13598	3598	88642	0	
1	 3	 4	 2	sample12	245	4099	258	154160	0	
1	 3	 4	 3	sample12	360	4214	258	154160	0	
1	 3	 4	 4	sample12	423	4021	514	143920	0	
1	 3	 4	 5	sample12	301	3899	256	143920	0	
1	 3	 4	 6	control	560	4158	514	140322	0	
1	 4	 1	 1	sample13	652	3222	514	110510	0	
1	 4	 1	 2	sample13	457	3027	258	102800	0	
1	 4	 1	 3	sample13	283	2853	258	102800	0	
1	 4	 1	 4	sample13	404	2718	256	92560	0	
1	 4	 1	 5	sample13	219	2789	258	102800	0	
1	 4	 1	 6	control	565	2879	514	92560	0	
1	 4	 2	 1	sample14	684	2740	514	96632	0	
1	 4	 2	 2	sample14	833	2889	772	43176	0	
1	 4	 2	 3	sample14	707	2763	514	57568	0	
1	 4	 2	 4	sample14	425	2481	258	82240	0	
1	 4	 2	 5	sample14	373	2429	258	82240	0	
1	 4	 2	 6	control	751	2807	772	78128	0	
1	 4	 3	 1	sample15	258	2314	258	82240	0	
1	 4	 3	 2	sample15	58.3	2114	0	82240	0	
1	 4	 3	 3	sample15	453	2509	258	43176	0	
1	 4	 3	 4	sample15	398	2198	256	72000	0	
1	 4	 3	 5	sample15	443	2499	514	37008	0	
1	 4	 3	 6	control	456	2256	514	72000	0	
1	 4	 4	 1	sample16	730	2530	770	79200	0	
1	 4	 4	 2	sample16	552	2352	514	72000	0	
1	 4	 4	 3	sample16	383	2439	258	80184	0	
1	 4	 4	 4	sample16	546	2346	514	72000	0	
1	 4	 4	 5	sample16	856	2656	770	43200	0	
1	 4	 4	 6	control	578	2378	514	64800	0	
1	 5	 1	 1	sample17	574	2886	514	99416	0	
1	 5	 1	 2	sample17	457	2769	514	92480	0	
1	 5	 1	 3	sample17	328	2640	258	92480	0	
1	 5	 1	 4	sample17	193	2505	258	92480	0	
1	 5	 1	 5	sample17	257	2569	258	92480	0	
1	 5	 1	 6	control	193	2505	258	92480	0	
1	 5	 2	 1	sample18	592	2648	514	47288	0	
1	 5	 2	 2	sample18	777	2833	770	78128	0	
1	 5	 2	 3	sample18	602	2400	514	73718	0	
1	 5	 2	 4	sample18	463	2261	514	71920	0	
1	 5	 2	 5	sample18	457	2255	514	71920	0	
1	 5	 2	 6	control	540	2338	514	71920	0	
1	 5	 3	 1	sample19	745	2287	770	63222	0	
1	 5	 3	 2	sample19	570	2112	514	63222	0	
1	 5	 3	 3	sample19	417	1959	256	61680	0	
1	 5	 3	 4	sample19	531	2329	514	28768	0	
1	 5	 3	 5	sample19	494	2036	514	40092	0	
1	 5	 3	 6	control	123	1921	0	71920	0	
1	 5	 4	 1	sample20	498	2040	514	52428	0	
1	 5	 4	 2	sample20	222	2020	258	64728	0	
1	 5	 4	 3	sample20	599	2141	770	27756	0	
1	 5	 4	 4	sample20	148	1946	258	71920	0	
1	 5	 4	 5	sample20	224	1766	256	61680	0	
1	 5	 4	 6	control	451	1993	514	57054	0	
1	 6	 1	 1	sample21	438	2494	258	82240	0	
1	 6	 1	 2	sample21	343	2399	514	74016	0	
1	 6	 1	 3	sample21	309	2365	258	82240	0	
1	 6	 1	 4	sample21	296	2352	258	82240	0	
1	 6	 1	 5	sample21	245	2301	258	82240	0	
1	 6	 1	 6	control	290	2346	258	82240	0	
1	 6	 2	 1	sample22	495	2037	514	61680	0	
1	 6	 2	 2	sample22	471	2271	514	32400	0	
1	 6	 2	 3	sample22	720	2262	514	61680	0	
1	 6	 2	 4	sample22	493	2035	514	37008	0	
1	 6	 2	 5	sample22	450	1992	514	37008	0	
1	 6	 2	 6	control	315	1857	258	61680	0	
1	 6	 3	 1	sample23	386	1928	258	61680	0	
1	 6	 3	 2	sample23	868	2410	772	24672	0	
1	 6	 3	 3	sample23	377	1919	258	63222	0	
1	 6	 3	 4	sample23	193	1735	0	61680	0	
1	 6	 3	 5	sample23	309	1851	258	61680	0	
1	 6	 3	 6	control	265	1807	258	50886	0	
1	 6	 4	 1	sample24	449	1735	256	51440	0	
1	 6	 4	 2	sample24	225	1767	0	61680	0	
1	 6	 4	 3	sample24	289	1831	258	61680	0	
1	 6	 4	 4	sample24	449	1735	256	51440	0	
1	 6	 4	 5	sample24	135	1677	0	61680	0	
1	 6	 4	 6	control	296	1838	258	61680	0	
1	 7	 1	 1	sample25	975	2773	772	43152	0	
1	 7	 1	 2	sample25	844	2900	770	43176	0	
1	 7	 1	 3	sample25	704	2760	514	47288	0	
1	 7	 1	 4	sample25	559	2357	514	71920	0	
1	 7	 1	 5	sample25	617	2415	514	71920	0	
1	 7	 1	 6	control	877	2675	772	30566	0	
1	 7	 2	 1	sample26	463	1747	258	51360	0	
1	 7	 2	 2	sample26	678	1962	514	88596	0	
1	 7	 2	 3	sample26	1380	2664	1028	24396	0	
1	 7	 2	 4	sample26	794	2336	770	33924	0	
1	 7	 2	 5	sample26	1067	2351	772	25680	0	
1	 7	 2	 6	control	851	2135	772	33384	0	
1	 7	 3	 1	sample27	630	1914	514	25680	0	
1	 7	 3	 2	sample27	499	1783	258	61632	0	
1	 7	 3	 3	sample27	812	2096	514	24396	0	
1	 7	 3	 4	sample27	620	1904	514	21828	0	
1	 7	 3	 5	sample27	315	1599	258	51360	0	
1	 7	 3	 6	control	438	1722	258	47508	0	
1	 7	 4	 1	sample28	883	2167	514	29532	0	
1	 7	 4	 2	sample28	571	1855	514	41088	0	
1	 7	 4	 3	sample28	450	1734	258	51360	0	
1	 7	 4	 4	sample28	658	1942	514	32100	0	
1	 7	 4	 5	sample28	341	1625	258	51360	0	
1	 7	 4	 6	control	545	1829	514	21828	0	
1	 8	 1	 1	sample29	815	2871	772	96632	0	
1	 8	 1	 2	sample29	880	2936	772	141864	0	
1	 8	 1	 3	sample29	419	2733	514	113386	0	
1	 8	 1	 4	sample29	214	2528	256	97188	0	
1	 8	 1	 5	sample29	167	2481	256	92560	0	
1	 8	 1	 6	control	399	2455	514	82240	0	
1	 8	 2	 1	sample30	263	2063	256	72000	0	
1	 8	 2	 2	sample30	199	1999	256	72000	0	
1	 8	 2	 3	sample30	250	2050	0	72000	0	
1	 8	 2	 4	sample30	231	2031	256	72000	0	
1	 8	 2	 5	sample30	372	2172	256	72000	0	
1	 8	 2	 6	control	256	2056	256	72000	0	
1	 8	 3	 1	sample31	593	2135	514	35466	0	
1	 8	 3	 2	sample31	270	1812	258	61680	0	
1	 8	 3	 3	sample31	212	1754	258	61680	0	
1	 8	 3	 4	sample31	1043	2585	514	27756	0	
1	 8	 3	 5	sample31	219	1761	258	61680	0	
1	 8	 3	 6	control	193	1735	258	61680	0	
1	 8	 4	 1	sample32	351	1893	258	67848	0	
1	 8	 4	 2	sample32	744	2030	514	24434	0	
1	 8	 4	 3	sample32	588	2130	514	32382	0	
1	 8	 4	 4	sample32	96.9	1639	0	61680	0	
1	 8	 4	 5	sample32	96.8	1639	0	61680	0	
1	 8	 4	 6	control	26.2	1568	0	61680	0	
1	 9	 1	 1	sample33	665	3493	514	206444	0	
1	 9	 1	 2	sample33	864	3692	770	62216	0	
1	 9	 1	 3	sample33	850	3420	772	59110	0	
1	 9	 1	 4	sample33	866	3436	772	48830	0	
1	 9	 1	 5	sample33	463	3033	514	102800	0	
1	 9	 1	 6	control	592	3162	514	102800	0	
1	 9	 2	 1	sample34	986	3300	1028	71734	0	
1	 9	 2	 2	sample34	700	3270	514	92520	0	
1	 9	 2	 3	sample34	579	3149	258	102800	0	
1	 9	 2	 4	sample34	592	2906	514	53222	0	
1	 9	 2	 5	sample34	250	2564	256	92560	0	
1	 9	 2	 6	control	468	2782	256	92560	0	
1	 9	 3	 1	sample35	470	2526	514	82240	0	
1	 9	 3	 2	sample35	457	2513	258	82240	0	
1	 9	 3	 3	sample35	354	2410	258	49344	0	
1	 9	 3	 4	sample35	609	2665	514	39064	0	
1	 9	 3	 5	sample35	295	2095	256	72000	0	
1	 9	 3	 6	control	417	2217	514	72000	0	
1	 9	 4	 1	sample36	758	2558	770	36000	0	
1	 9	 4	 2	sample36	303	2359	258	57568	0	
1	 9	 4	 3	sample36	499	2555	514	34952	0	
1	 9	 4	 4	sample36	317	2117	256	84600	0	
1	 9	 4	 5	sample36	567	2367	256	43200	0	
1	 9	 4	 6	control	359	2159	256	72000	0	
1	 10	 1	 1	sample37	940	2996	772	65792	0	
1	 10	 1	 2	sample37	1019	3333	514	69420	0	
1	 10	 1	 3	sample37	610	2924	256	92560	0	
1	 10	 1	 4	sample37	842	3156	514	41652	0	
1	 10	 1	 5	sample37	315	2885	0	102800	0	
1	 10	 1	 6	control	623	2937	256	92560	0	
1	 10	 2	 1	sample38	533	2333	256	72000	0	
1	 10	 2	 2	sample38	825	2625	514	34200	0	
1	 10	 2	 3	sample38	957	2757	770	39600	0	
1	 10	 2	 4	sample38	1085	2885	514	32400	0	
1	 10	 2	 5	sample38	853	2653	770	50400	0	
1	 10	 2	 6	control	502	2558	514	82240	0	
1	 10	 3	 1	sample39	676	2218	514	53970	0	
1	 10	 3	 2	sample39	848	2390	514	41634	0	
1	 10	 3	 3	sample39	968	2254	770	33436	0	
1	 10	 3	 4	sample39	923	2465	772	33924	0	
1	 10	 3	 5	sample39	418	1960	0	61680	0	
1	 10	 3	 6	control	212	2012	0	72000	0	
1	 10	 4	 1	sample40	873	2159	770	25720	0	
1	 10	 4	 2	sample40	737	2023	514	39866	0	
1	 10	 4	 3	sample40	945	2231	514	32150	0	
1	 10	 4	 4	sample40	1174	2460	770	27006	0	
1	 10	 4	 5	sample40	893	2435	772	29298	0	
1	 10	 4	 6	control	649	2191	514	35466	0	
1	 11	 1	 1	sample41	752	3066	514	97188	0	
1	 11	 1	 2	sample41	755	3325	514	82240	0	
1	 11	 1	 3	sample41	457	3027	258	102800	0	
1	 11	 1	 4	sample41	521	3091	258	102800	0	
1	 11	 1	 5	sample41	386	2956	258	107940	0	
1	 11	 1	 6	control	560	3130	514	102800	0	
1	 11	 2	 1	sample42	947	3003	772	39064	0	
1	 11	 2	 2	sample42	1096	3152	772	47288	0	
1	 11	 2	 3	sample42	921	2977	772	49344	0	
1	 11	 2	 4	sample42	882	2938	772	57568	0	
1	 11	 2	 5	sample42	999	3055	772	34952	0	
1	 11	 2	 6	control	881	3195	770	48594	0	
1	 11	 3	 1	sample43	719	2519	514	72000	0	
1	 11	 3	 2	sample43	609	2409	256	77400	0	
1	 11	 3	 3	sample43	1214	2756	1028	27756	0	
1	 11	 3	 4	sample43	920	2462	772	40092	0	
1	 11	 3	 5	sample43	933	2733	770	34200	0	
1	 11	 3	 6	control	1081	2881	514	43200	0	
1	 11	 4	 1	sample44	827	2369	772	57054	0	
1	 11	 4	 2	sample44	758	2300	514	57054	0	
1	 11	 4	 3	sample44	1009	2551	772	61680	0	
1	 11	 4	 4	sample44	825	2367	514	37008	0	
1	 11	 4	 5	sample44	476	2018	258	61680	0	
1	 11	 4	 6	control	845	2387	514	32382	0	
1	 12	 1	 1	sample45	609	3179	514	69390	0	
1	 12	 1	 2	sample45	443	3013	256	102800	0	
1	 12	 1	 3	sample45	289	2859	256	102800	0	
1	 12	 1	 4	sample45	135	2961	0	113040	0	
1	 12	 1	 5	sample45	83.2	3167	0	123360	0	
1	 12	 1	 6	control	534	3874	514	133600	0	
1	 12	 2	 1	sample46	693	2749	770	41120	0	
1	 12	 2	 2	sample46	379	2435	256	82240	0	
1	 12	 2	 3	sample46	449	2505	256	82240	0	
1	 12	 2	 4	sample46	560	2872	258	39304	0	
1	 12	 2	 5	sample46	489	2801	514	92480	0	
1	 12	 2	 6	control	744	3570	514	107388	0	
1	 12	 3	 1	sample47	758	2300	514	30840	0	
1	 12	 3	 2	sample47	453	2251	258	44950	0	
1	 12	 3	 3	sample47	270	2068	258	71920	0	
1	 12	 3	 4	sample47	508	2306	514	71920	0	
1	 12	 3	 5	sample47	404	2460	256	82240	0	
1	 12	 3	 6	control	314	2884	256	102800	0	
1	 12	 4	 1	sample48	441	1983	514	49344	0	
1	 12	 4	 2	sample48	643	1927	514	46224	0	
1	 12	 4	 3	sample48	606	2148	514	38550	0	
1	 12	 4	 4	sample48	553	2351	258	35960	0	
1	 12	 4	 5	sample48	425	2223	258	71920	0	
1	 12	 4	 6	control	620	2932	514	50864	0	
2	 1	 1	 1	sample49	1297	3095	1028	41354	0	
2	 1	 1	 2	sample49	1428	3226	1286	32364	0	
2	 1	 1	 3	sample49	1142	2940	1028	77314	0	
2	 1	 1	 4	sample49	747	2545	514	75516	0	
2	 1	 1	 5	sample49	509	2307	258	77314	0	
2	 1	 1	 6	control	889	2687	514	43152	0	
2	 1	 2	 1	sample50	823	2621	514	71920	0	
2	 1	 2	 2	sample50	668	2466	514	129456	0	
2	 1	 2	 3	sample50	1519	3317	1286	39556	0	
2	 1	 2	 4	sample50	715	2257	514	70932	0	
2	 1	 2	 5	sample50	815	2357	514	61680	0	
2	 1	 2	 6	control	700	2242	770	61680	0	
2	 1	 3	 1	sample51	1242	3040	1028	32364	0	
2	 1	 3	 2	sample51	988	2786	1028	79112	0	
2	 1	 3	 3	sample51	661	2203	514	61680	0	
2	 1	 3	 4	sample51	632	2174	514	60138	0	
2	 1	 3	 5	sample51	753	2295	514	66306	0	
2	 1	 3	 6	control	1081	2623	770	29298	0	
2	 1	 4	 1	sample52	1373	2915	1028	40092	0	
2	 1	 4	 2	sample52	812	2354	514	57054	0	
2	 1	 4	 3	sample52	597	2139	256	61680	0	
2	 1	 4	 4	sample52	848	2390	514	46260	0	
2	 1	 4	 5	sample52	660	2202	514	32382	0	
2	 1	 4	 6	control	578	2120	514	61680	0	
2	 2	 1	 1	sample53	354	2152	258	71920	0	
2	 2	 1	 2	sample53	238	2036	258	71920	0	
2	 2	 1	 3	sample53	574	2372	514	70122	0	
2	 2	 1	 4	sample53	309	2107	258	71920	0	
2	 2	 1	 5	sample53	572	2370	514	71920	0	
2	 2	 1	 6	control	167	2223	0	82240	0	
2	 2	 2	 1	sample54	447	2245	514	75516	0	
2	 2	 2	 2	sample54	380	2178	258	71920	0	
2	 2	 2	 3	sample54	277	2075	258	71920	0	
2	 2	 2	 4	sample54	251	2049	258	71920	0	
2	 2	 2	 5	sample54	213	2011	258	71920	0	
2	 2	 2	 6	control	290	2088	258	71920	0	
2	 2	 3	 1	sample55	703	2245	770	70932	0	
2	 2	 3	 2	sample55	364	2162	258	82708	0	
2	 2	 3	 3	sample55	322	2120	258	71920	0	
2	 2	 3	 4	sample55	341	2139	258	71920	0	
2	 2	 3	 5	sample55	193	1991	258	71920	0	
2	 2	 3	 6	control	-44.44	1754	0	71920	0	
2	 2	 4	 1	sample56	878	2420	770	47802	0	
2	 2	 4	 2	sample56	791	2333	770	57054	0	
2	 2	 4	 3	sample56	432	1974	256	67848	0	
2	 2	 4	 4	sample56	456	1998	256	61680	0	
2	 2	 4	 5	sample56	411	1953	256	61680	0	
2	 2	 4	 6	control	678	2220	514	38550	0	
2	 3	 1	 1	sample57	1075	2359	1028	28248	0	
2	 3	 1	 2	sample57	879	2163	772	46224	0	
2	 3	 1	 3	sample57	678	1962	772	56496	0	
2	 3	 1	 4	sample57	691	1975	514	44940	0	
2	 3	 1	 5	sample57	386	1670	258	51360	0	
2	 3	 1	 6	control	561	1845	514	28248	0	
2	 3	 2	 1	sample58	781	2065	772	33384	0	
2	 3	 2	 2	sample58	772	2056	772	23112	0	
2	 3	 2	 3	sample58	342	1884	256	64764	0	
2	 3	 2	 4	sample58	399	1683	258	51360	0	
2	 3	 2	 5	sample58	600	1884	514	23112	0	
2	 3	 2	 6	control	997	2281	772	30816	0	
2	 3	 3	 1	sample59	1114	2398	1028	73188	0	
2	 3	 3	 2	sample59	928	2212	1028	82176	0	
2	 3	 3	 3	sample59	772	2056	772	48792	0	
2	 3	 3	 4	sample59	572	1856	514	51360	0	
2	 3	 3	 5	sample59	534	1818	514	33384	0	
2	 3	 3	 6	control	527	1811	514	26964	0	
2	 3	 4	 1	sample60	726	2010	772	21828	0	
2	 3	 4	 2	sample60	568	1852	514	37236	0	
2	 3	 4	 3	sample60	657	1941	772	23112	0	
2	 3	 4	 4	sample60	662	1946	772	17976	0	
2	 3	 4	 5	sample60	605	1889	514	25680	0	
2	 3	 4	 6	control	533	1817	514	34668	0	
2	 4	 1	 1	sample61	352	2152	256	77400	0	
2	 4	 1	 2	sample61	392	1934	514	61680	0	
2	 4	 1	 3	sample61	328	1870	258	61680	0	
2	 4	 1	 4	sample61	343	1885	258	50886	0	
2	 4	 1	 5	sample61	187	1729	0	61680	0	
2	 4	 1	 6	control	343	1885	258	50886	0	
2	 4	 2	 1	sample62	468	2010	514	60138	0	
2	 4	 2	 2	sample62	386	1928	258	61680	0	
2	 4	 2	 3	sample62	277	1819	258	61680	0	
2	 4	 2	 4	sample62	245	1787	258	61680	0	
2	 4	 2	 5	sample62	180	1722	258	61680	0	
2	 4	 2	 6	control	360	1902	258	61680	0	
2	 4	 3	 1	sample63	624	2166	514	61680	0	
2	 4	 3	 2	sample63	536	2078	514	72474	0	
2	 4	 3	 3	sample63	469	2011	514	61680	0	
2	 4	 3	 4	sample63	414	1956	258	43176	0	
2	 4	 3	 5	sample63	264	1806	258	61680	0	
2	 4	 3	 6	control	116	1658	0	61680	0	
2	 4	 4	 1	sample64	341	1883	258	61680	0	
2	 4	 4	 2	sample64	457	1999	514	55512	0	
2	 4	 4	 3	sample64	625	2167	772	32382	0	
2	 4	 4	 4	sample64	590	2132	514	26214	0	
2	 4	 4	 5	sample64	466	2008	514	24672	0	
2	 4	 4	 6	control	515	2057	514	35466	0	
2	 5	 1	 1	sample65	1053	2595	1028	95604	0	
2	 5	 1	 2	sample65	814	2614	770	73800	0	
2	 5	 1	 3	sample65	1089	2889	770	45000	0	
2	 5	 1	 4	sample65	576	2376	514	59400	0	
2	 5	 1	 5	sample65	493	2293	514	68400	0	
2	 5	 1	 6	control	528	2328	256	63000	0	
2	 5	 2	 1	sample66	959	2501	772	33924	0	
2	 5	 2	 2	sample66	758	2300	772	57054	0	
2	 5	 2	 3	sample66	868	2668	770	37800	0	
2	 5	 2	 4	sample66	1108	2650	1028	20046	0	
2	 5	 2	 5	sample66	913	2713	770	32400	0	
2	 5	 2	 6	control	1285	2827	1028	27756	0	
2	 5	 3	 1	sample67	966	2508	772	57054	0	
2	 5	 3	 2	sample67	975	2517	772	29298	0	
2	 5	 3	 3	sample67	786	2328	514	53970	0	
2	 5	 3	 4	sample67	599	2399	514	54000	0	
2	 5	 3	 5	sample67	179	1979	0	72000	0	
2	 5	 3	 6	control	462	2262	256	63000	0	
2	 5	 4	 1	sample68	1095	2637	1028	53970	0	
2	 5	 4	 2	sample68	764	2306	514	57054	0	
2	 5	 4	 3	sample68	813	2355	772	57054	0	
2	 5	 4	 4	sample68	1029	2571	1028	37008	0	
2	 5	 4	 5	sample68	578	2378	256	72000	0	
2	 5	 4	 6	control	616	2416	514	36000	0	
2	 6	 1	 1	sample69	559	2101	514	69390	0	
2	 6	 1	 2	sample69	481	2023	514	49344	0	
2	 6	 1	 3	sample69	417	1959	256	74016	0	
2	 6	 1	 4	sample69	115	1657	0	61680	0	
2	 6	 1	 5	sample69	748	2290	770	69390	0	
2	 6	 1	 6	control	269	1811	256	61680	0	
2	 6	 2	 1	sample70	289	1831	256	72474	0	
2	 6	 2	 2	sample70	231	1773	0	61680	0	
2	 6	 2	 3	sample70	186	1728	0	61680	0	
2	 6	 2	 4	sample70	147	1689	0	61680	0	
2	 6	 2	 5	sample70	102	1644	0	61680	0	
2	 6	 2	 6	control	327	1869	256	61680	0	
2	 6	 3	 1	sample71	289	1831	256	61680	0	
2	 6	 3	 2	sample71	186	1728	256	61680	0	
2	 6	 3	 3	sample71	514	1798	514	48792	0	
2	 6	 3	 4	sample71	354	1638	258	51360	0	
2	 6	 3	 5	sample71	154	1696	0	61680	0	
2	 6	 3	 6	control	205	1747	0	61680	0	
2	 6	 4	 1	sample72	445	1987	256	69390	0	
2	 6	 4	 2	sample72	426	1968	256	63222	0	
2	 6	 4	 3	sample72	231	1773	256	61680	0	
2	 6	 4	 4	sample72	290	1574	258	51360	0	
2	 6	 4	 5	sample72	121	1663	0	61680	0	
2	 6	 4	 6	control	96.1	1638	0	61680	0	
2	 7	 1	 1	sample73	359	1901	256	61680	0	
2	 7	 1	 2	sample73	330	1872	256	64764	0	
2	 7	 1	 3	sample73	263	1805	256	61680	0	
2	 7	 1	 4	sample73	231	1773	256	61680	0	
2	 7	 1	 5	sample73	301	1843	256	61680	0	
2	 7	 1	 6	control	276	1818	256	61680	0	
2	 7	 2	 1	sample74	282	1824	256	61680	0	
2	 7	 2	 2	sample74	301	1843	256	61680	0	
2	 7	 2	 3	sample74	199	1741	256	61680	0	
2	 7	 2	 4	sample74	194	1736	256	44718	0	
2	 7	 2	 5	sample74	284	1826	256	57054	0	
2	 7	 2	 6	control	282	1824	256	61680	0	
2	 7	 3	 1	sample75	173	1715	0	61680	0	
2	 7	 3	 2	sample75	308	1850	256	61680	0	
2	 7	 3	 3	sample75	660	1944	514	29532	0	
2	 7	 3	 4	sample75	294	1836	256	63222	0	
2	 7	 3	 5	sample75	237	1779	256	61680	0	
2	 7	 3	 6	control	398	1940	256	61680	0	
2	 7	 4	 1	sample76	199	1741	256	61680	0	
2	 7	 4	 2	sample76	413	1955	256	70932	0	
2	 7	 4	 3	sample76	476	1760	258	51360	0	
2	 7	 4	 4	sample76	327	1869	256	61680	0	
2	 7	 4	 5	sample76	426	1968	256	67848	0	
2	 7	 4	 6	control	233	2031	258	75516	0	
2	 8	 1	 1	sample77	634	1920	770	41152	0	
2	 8	 1	 2	sample77	526	1812	514	51440	0	
2	 8	 1	 3	sample77	398	1684	514	51440	0	
2	 8	 1	 4	sample77	401	1687	514	20576	0	
2	 8	 1	 5	sample77	269	1555	256	51440	0	
2	 8	 1	 6	control	122	1408	256	51440	0	
2	 8	 2	 1	sample78	250	1536	256	51440	0	
2	 8	 2	 2	sample78	302	1588	256	51440	0	
2	 8	 2	 3	sample78	295	1581	256	51440	0	
2	 8	 2	 4	sample78	362	1648	256	56584	0	
2	 8	 2	 5	sample78	301	1587	256	51440	0	
2	 8	 2	 6	control	314	1600	256	51440	0	
2	 8	 3	 1	sample79	315	1857	258	61680	0	
2	 8	 3	 2	sample79	307	1849	258	47802	0	
2	 8	 3	 3	sample79	299	1841	258	67848	0	
2	 8	 3	 4	sample79	372	1658	256	51440	0	
2	 8	 3	 5	sample79	362	1648	256	56584	0	
2	 8	 3	 6	control	269	1555	256	51440	0	
2	 8	 4	 1	sample80	180	1722	0	61680	0	
2	 8	 4	 2	sample80	753	2039	770	19290	0	
2	 8	 4	 3	sample80	436	1722	256	51440	0	
2	 8	 4	 4	sample80	90.3	1632	0	61680	0	
2	 8	 4	 5	sample80	238	1780	258	61680	0	
2	 8	 4	 6	control	129	1671	258	61680	0	
2	 9	 1	 1	sample81	599	2399	514	37800	0	
2	 9	 1	 2	sample81	340	2140	256	72000	0	
2	 9	 1	 3	sample81	173	1973	256	72000	0	
2	 9	 1	 4	sample81	386	1928	258	61680	0	
2	 9	 1	 5	sample81	347	1889	258	61680	0	
2	 9	 1	 6	control	514	2056	514	26214	0	
2	 9	 2	 1	sample82	514	2314	514	54000	0	
2	 9	 2	 2	sample82	398	2198	256	72000	0	
2	 9	 2	 3	sample82	675	2475	514	48600	0	
2	 9	 2	 4	sample82	392	1934	514	61680	0	
2	 9	 2	 5	sample82	383	1925	258	72474	0	
2	 9	 2	 6	control	653	2195	514	40092	0	
2	 9	 3	 1	sample83	599	2399	514	37800	0	
2	 9	 3	 2	sample83	331	2131	256	81000	0	
2	 9	 3	 3	sample83	335	2135	256	82800	0	
2	 9	 3	 4	sample83	439	1981	258	67848	0	
2	 9	 3	 5	sample83	264	1806	258	61680	0	
2	 9	 3	 6	control	365	1907	258	66306	0	
2	 9	 4	 1	sample84	668	2468	770	36000	0	
2	 9	 4	 2	sample84	524	2324	256	45000	0	
2	 9	 4	 3	sample84	366	2166	256	72000	0	
2	 9	 4	 4	sample84	310	2110	256	52200	0	
2	 9	 4	 5	sample84	298	1840	258	69390	0	
2	 9	 4	 6	control	426	1968	258	53970	0	
2	 10	 1	 1	sample85	765	2049	514	51360	0	
2	 10	 1	 2	sample85	979	2521	514	32382	0	
2	 10	 1	 3	sample85	1162	2704	770	32382	0	
2	 10	 1	 4	sample85	1051	2593	770	33924	0	
2	 10	 1	 5	sample85	404	1946	256	61680	0	
2	 10	 1	 6	control	1062	2346	772	29532	0	
2	 10	 2	 1	sample86	476	1760	258	51360	0	
2	 10	 2	 2	sample86	1314	2598	1028	23112	0	
2	 10	 2	 3	sample86	1039	2323	772	30816	0	
2	 10	 2	 4	sample86	886	2428	770	30840	0	
2	 10	 2	 5	sample86	553	1837	258	51360	0	
2	 10	 2	 6	control	748	2290	514	35466	0	
2	 10	 3	 1	sample87	605	1889	514	51360	0	
2	 10	 3	 2	sample87	380	1664	258	51360	0	
2	 10	 3	 3	sample87	495	1779	258	51360	0	
2	 10	 3	 4	sample87	508	1792	258	51360	0	
2	 10	 3	 5	sample87	909	2193	772	19260	0	
2	 10	 3	 6	control	489	1773	258	51360	0	
2	 10	 4	 1	sample88	469	1753	258	51360	0	
2	 10	 4	 2	sample88	354	1638	258	51360	0	
2	 10	 4	 3	sample88	148	1432	0	51360	0	
2	 10	 4	 4	sample88	529	1813	258	46224	0	
2	 10	 4	 5	sample88	245	1529	0	51360	0	
2	 10	 4	 6	control	148	1432	0	51360	0	
2	 11	 1	 1	sample89	668	2724	514	71960	0	
2	 11	 1	 2	sample89	505	2561	514	61680	0	
2	 11	 1	 3	sample89	76.6	2133	0	82240	0	
2	 11	 1	 4	sample89	789	2587	514	26970	0	
2	 11	 1	 5	sample89	325	2381	256	84296	0	
2	 11	 1	 6	control	-109.69	1946	-257.99	82240	0	
2	 11	 2	 1	sample90	450	2248	514	71920	0	
2	 11	 2	 2	sample90	302	2358	256	34952	0	
2	 11	 2	 3	sample90	341	2139	514	71920	0	
2	 11	 2	 4	sample90	76.6	2133	0	82240	0	
2	 11	 2	 5	sample90	286	2342	256	53456	0	
2	 11	 2	 6	control	291	2347	256	92520	0	
2	 11	 3	 1	sample91	392	2190	258	71920	0	
2	 11	 3	 2	sample91	399	2197	258	71920	0	
2	 11	 3	 3	sample91	412	2210	514	71920	0	
2	 11	 3	 4	sample91	471	2269	514	53940	0	
2	 11	 3	 5	sample91	264	2062	258	71920	0	
2	 11	 3	 6	control	257	2055	258	71920	0	
2	 11	 4	 1	sample92	600	2398	514	37758	0	
2	 11	 4	 2	sample92	367	2165	258	71920	0	
2	 11	 4	 3	sample92	315	2113	258	71920	0	
2	 11	 4	 4	sample92	547	2345	514	71920	0	
2	 11	 4	 5	sample92	405	2203	258	71920	0	
2	 11	 4	 6	control	346	2402	256	82240	0	
2	 12	 1	 1	sample93	359	1901	256	61680	0	
2	 12	 1	 2	sample93	231	1773	256	61680	0	
2	 12	 1	 3	sample93	168	1966	258	71920	0	
2	 12	 1	 4	sample93	412	2210	258	71920	0	
2	 12	 1	 5	sample93	83.9	2396	0	92480	0	
2	 12	 1	 6	control	264	3090	258	113040	0	
2	 12	 2	 1	sample94	385	1927	514	80184	0	
2	 12	 2	 2	sample94	282	1824	256	61680	0	
2	 12	 2	 3	sample94	110	1908	0	71920	0	
2	 12	 2	 4	sample94	474	2272	514	68324	0	
2	 12	 2	 5	sample94	454	2510	514	61680	0	
2	 12	 2	 6	control	264	3090	258	113040	0	
2	 12	 3	 1	sample95	506	2048	514	53970	0	
2	 12	 3	 2	sample95	436	1978	514	61680	0	
2	 12	 3	 3	sample95	176	1974	258	68324	0	
2	 12	 3	 4	sample95	128	2184	0	82240	0	
2	 12	 3	 5	sample95	488	2544	514	82240	0	
2	 12	 3	 6	control	373	3199	258	113040	0	
2	 12	 4	 1	sample96	514	2056	514	41634	0	
2	 12	 4	 2	sample96	765	2307	514	78642	0	
2	 12	 4	 3	sample96	77.5	1876	0	71920	0	
2	 12	 4	 4	sample96	462	2260	514	88102	0	
2	 12	 4	 5	sample96	142	2454	258	92480	0	
2	 12	 4	 6	control	344	3428	256	135696	0	
3	 1	 1	 1	sample97	452	1994	514	63222	0	
3	 1	 1	 2	sample97	386	1928	258	61680	0	
3	 1	 1	 3	sample97	322	1864	258	61680	0	
3	 1	 1	 4	sample97	566	2108	514	30840	0	
3	 1	 1	 5	sample97	90.4	1632	0	61680	0	
3	 1	 1	 6	control	443	1985	514	27756	0	
3	 1	 2	 1	sample98	1298	2584	1028	47582	0	
3	 1	 2	 2	sample98	1165	2707	1028	72474	0	
3	 1	 2	 3	sample98	200	1742	258	61680	0	
3	 1	 2	 4	sample98	322	1864	258	61680	0	
3	 1	 2	 5	sample98	399	1941	258	61680	0	
3	 1	 2	 6	control	962	2504	1028	101772	0	
3	 1	 3	 1	sample99	745	2031	514	51440	0	
3	 1	 3	 2	sample99	893	2179	770	29578	0	
3	 1	 3	 3	sample99	533	1819	514	51440	0	
3	 1	 3	 4	sample99	39.1	1581	0	61680	0	
3	 1	 3	 5	sample99	803	2089	770	51440	0	
3	 1	 3	 6	control	141	1427	0	51440	0	
3	 1	 4	 1	sample100	385	1671	514	51440	0	
3	 1	 4	 2	sample100	250	1536	256	51440	0	
3	 1	 4	 3	sample100	276	1562	256	51440	0	
3	 1	 4	 4	sample100	96.7	1639	0	61680	0	
3	 1	 4	 5	sample100	308	1594	256	51440	0	
3	 1	 4	 6	control	421	1707	256	50154	0	
3	 2	 1	 1	sample101	494	2036	514	61680	0	
3	 2	 1	 2	sample101	296	2094	258	84506	0	
3	 2	 1	 3	sample101	258	2056	258	68324	0	
3	 2	 1	 4	sample101	273	2071	258	88102	0	
3	 2	 1	 5	sample101	802	2600	772	30566	0	
3	 2	 1	 6	control	213	2011	258	71920	0	
3	 2	 2	 1	sample102	917	2459	770	21588	0	
3	 2	 2	 2	sample102	1315	2857	1028	38550	0	
3	 2	 2	 3	sample102	367	2165	258	71920	0	
3	 2	 2	 4	sample102	187	1985	0	71920	0	
3	 2	 2	 5	sample102	771	2313	770	29298	0	
3	 2	 2	 6	control	324	2122	258	62930	0	
3	 2	 3	 1	sample103	957	2499	1028	61680	0	
3	 2	 3	 2	sample103	875	2417	770	41634	0	
3	 2	 3	 3	sample103	692	2234	770	55512	0	
3	 2	 3	 4	sample103	731	2273	770	50886	0	
3	 2	 3	 5	sample103	258	2056	258	71920	0	
3	 2	 3	 6	control	213	2011	258	41354	0	
3	 2	 4	 1	sample104	552	2094	514	61680	0	
3	 2	 4	 2	sample104	801	2343	514	38550	0	
3	 2	 4	 3	sample104	430	1972	256	61680	0	
3	 2	 4	 4	sample104	552	2094	514	61680	0	
3	 2	 4	 5	sample104	385	1927	256	61680	0	
3	 2	 4	 6	control	174	1972	0	71920	0	
3	 3	 1	 1	sample105	852	2650	772	57536	0	
3	 3	 1	 2	sample105	762	2560	772	48546	0	
3	 3	 1	 3	sample105	471	2527	256	49344	0	
3	 3	 1	 4	sample105	929	2727	772	32364	0	
3	 3	 1	 5	sample105	732	2530	514	46748	0	
3	 3	 1	 6	control	842	2898	514	37008	0	
3	 3	 2	 1	sample106	790	2588	772	73718	0	
3	 3	 2	 2	sample106	900	2698	772	43152	0	
3	 3	 2	 3	sample106	675	2473	514	71920	0	
3	 3	 2	 4	sample106	707	2505	514	28768	0	
3	 3	 2	 5	sample106	303	2101	258	71920	0	
3	 3	 2	 6	control	566	2364	258	71920	0	
3	 3	 3	 1	sample107	531	2329	514	84506	0	
3	 3	 3	 2	sample107	481	2279	258	68324	0	
3	 3	 3	 3	sample107	450	2248	258	71920	0	
3	 3	 3	 4	sample107	964	2762	772	35960	0	
3	 3	 3	 5	sample107	315	2113	0	71920	0	
3	 3	 3	 6	control	347	2145	258	71920	0	
3	 3	 4	 1	sample108	551	2349	514	88102	0	
3	 3	 4	 2	sample108	492	2290	258	80910	0	
3	 3	 4	 3	sample108	857	2655	772	26970	0	
3	 3	 4	 4	sample108	522	2320	258	62930	0	
3	 3	 4	 5	sample108	1164	2962	772	71920	0	
3	 3	 4	 6	control	990	2788	772	35960	0	
3	 4	 1	 1	sample109	576	2376	514	81000	0	
3	 4	 1	 2	sample109	625	2425	514	70200	0	
3	 4	 1	 3	sample109	409	2209	256	84600	0	
3	 4	 1	 4	sample109	192	1992	256	72000	0	
3	 4	 1	 5	sample109	363	2163	256	73800	0	
3	 4	 1	 6	control	237	2037	256	72000	0	
3	 4	 2	 1	sample110	894	2436	772	64764	0	
3	 4	 2	 2	sample110	780	2322	514	46260	0	
3	 4	 2	 3	sample110	550	2350	514	37800	0	
3	 4	 2	 4	sample110	444	1986	514	61680	0	
3	 4	 2	 5	sample110	810	2352	514	30840	0	
3	 4	 2	 6	control	793	2335	772	37008	0	
3	 4	 3	 1	sample111	598	2140	514	75558	0	
3	 4	 3	 2	sample111	797	2339	772	30840	0	
3	 4	 3	 3	sample111	566	2108	514	61680	0	
3	 4	 3	 4	sample111	663	2205	514	40092	0	
3	 4	 3	 5	sample111	369	1911	258	70932	0	
3	 4	 3	 6	control	322	1864	0	61680	0	
3	 4	 4	 1	sample112	589	2131	514	69390	0	
3	 4	 4	 2	sample112	418	1960	258	61680	0	
3	 4	 4	 3	sample112	489	2031	514	61680	0	
3	 4	 4	 4	sample112	380	1922	258	61680	0	
3	 4	 4	 5	sample112	315	1857	258	61680	0	
3	 4	 4	 6	control	332	1874	258	69390	0	
3	 5	 1	 1	sample113	888	2944	770	71960	0	
3	 5	 1	 2	sample113	673	2729	514	76072	0	
3	 5	 1	 3	sample113	635	2691	514	74016	0	
3	 5	 1	 4	sample113	443	2499	256	82240	0	
3	 5	 1	 5	sample113	155	2467	0	92480	0	
3	 5	 1	 6	control	728	2784	514	37008	0	
3	 5	 2	 1	sample114	244	2300	256	82240	0	
3	 5	 2	 2	sample114	463	2519	256	74016	0	
3	 5	 2	 3	sample114	957	3013	770	45232	0	
3	 5	 2	 4	sample114	572	2628	514	71960	0	
3	 5	 2	 5	sample114	310	2366	256	78128	0	
3	 5	 2	 6	control	411	2467	514	92520	0	
3	 5	 3	 1	sample115	544	2342	514	77314	0	
3	 5	 3	 2	sample115	508	2306	258	71920	0	
3	 5	 3	 3	sample115	205	2261	256	82240	0	
3	 5	 3	 4	sample115	154	2210	0	82240	0	
3	 5	 3	 5	sample115	378	2434	256	74016	0	
3	 5	 3	 6	control	541	2597	256	39064	0	
3	 5	 4	 1	sample116	918	2716	772	91698	0	
3	 5	 4	 2	sample116	587	2385	514	57536	0	
3	 5	 4	 3	sample116	502	2300	514	71920	0	
3	 5	 4	 4	sample116	457	2255	258	71920	0	
3	 5	 4	 5	sample116	592	2390	514	71920	0	
3	 5	 4	 6	control	634	2432	514	80910	0	
3	 6	 1	 1	sample117	806	2348	770	55512	0	
3	 6	 1	 2	sample117	807	2349	770	75558	0	
3	 6	 1	 3	sample117	862	2404	770	43176	0	
3	 6	 1	 4	sample117	563	2105	514	40092	0	
3	 6	 1	 5	sample117	310	1852	256	66306	0	
3	 6	 1	 6	control	856	2398	770	27756	0	
3	 6	 2	 1	sample118	719	2261	514	30840	0	
3	 6	 2	 2	sample118	308	1850	256	61680	0	
3	 6	 2	 3	sample118	980	2264	772	20544	0	
3	 6	 2	 4	sample118	418	1702	514	51360	0	
3	 6	 2	 5	sample118	643	1927	514	48792	0	
3	 6	 2	 6	control	371	1913	256	55512	0	
3	 6	 3	 1	sample119	542	2084	514	41634	0	
3	 6	 3	 2	sample119	752	2036	772	33384	0	
3	 6	 3	 3	sample119	483	2025	514	26214	0	
3	 6	 3	 4	sample119	530	1814	514	43656	0	
3	 6	 3	 5	sample119	231	1773	256	61680	0	
3	 6	 3	 6	control	327	1869	256	61680	0	
3	 6	 4	 1	sample120	627	1911	514	50076	0	
3	 6	 4	 2	sample120	789	2073	514	37236	0	
3	 6	 4	 3	sample120	865	2149	772	28248	0	
3	 6	 4	 4	sample120	650	1934	514	24396	0	
3	 6	 4	 5	sample120	749	2033	772	29532	0	
3	 6	 4	 6	control	712	1996	772	33384	0	
3	 7	 1	 1	sample121	465	2007	514	64764	0	
3	 7	 1	 2	sample121	447	1989	514	70932	0	
3	 7	 1	 3	sample121	346	1888	256	61680	0	
3	 7	 1	 4	sample121	269	1811	256	61680	0	
3	 7	 1	 5	sample121	289	1831	256	61680	0	
3	 7	 1	 6	control	492	2034	514	55512	0	
3	 7	 2	 1	sample122	236	1778	256	78642	0	
3	 7	 2	 2	sample122	263	1805	256	61680	0	
3	 7	 2	 3	sample122	160	1702	256	61680	0	
3	 7	 2	 4	sample122	50.9	1593	0	61680	0	
3	 7	 2	 5	sample122	276	1818	256	61680	0	
3	 7	 2	 6	control	282	1824	256	61680	0	
3	 7	 3	 1	sample123	192	1734	256	61680	0	
3	 7	 3	 2	sample123	199	1741	256	61680	0	
3	 7	 3	 3	sample123	419	1961	514	29298	0	
3	 7	 3	 4	sample123	334	1876	256	61680	0	
3	 7	 3	 5	sample123	212	1754	256	61680	0	
3	 7	 3	 6	control	278	1820	256	55512	0	
3	 7	 4	 1	sample124	501	2043	514	61680	0	
3	 7	 4	 2	sample124	391	1933	256	64764	0	
3	 7	 4	 3	sample124	290	1832	256	47802	0	
3	 7	 4	 4	sample124	237	1779	256	61680	0	
3	 7	 4	 5	sample124	289	1831	256	72474	0	
3	 7	 4	 6	control	379	1921	256	61680	0	
3	 8	 1	 1	sample125	792	2334	772	57054	0	
3	 8	 1	 2	sample125	713	2255	772	74016	0	
3	 8	 1	 3	sample125	280	2080	256	77400	0	
3	 8	 1	 4	sample125	583	2125	772	23130	0	
3	 8	 1	 5	sample125	278	2078	256	63000	0	
3	 8	 1	 6	control	309	1851	258	61680	0	
3	 8	 2	 1	sample126	383	1925	258	75558	0	
3	 8	 2	 2	sample126	325	1867	258	58596	0	
3	 8	 2	 3	sample126	286	1828	258	70932	0	
3	 8	 2	 4	sample126	221	1763	258	64764	0	
3	 8	 2	 5	sample126	270	1812	258	61680	0	
3	 8	 2	 6	control	470	2012	258	61680	0	
3	 8	 3	 1	sample127	660	1946	514	56584	0	
3	 8	 3	 2	sample127	225	1767	258	72474	0	
3	 8	 3	 3	sample127	347	1633	256	51440	0	
3	 8	 3	 4	sample127	225	1767	0	61680	0	
3	 8	 3	 5	sample127	536	1822	514	29578	0	
3	 8	 3	 6	control	295	1581	256	51440	0	
3	 8	 4	 1	sample128	1677	3219	1286	35466	0	
3	 8	 4	 2	sample128	500	2042	514	27756	0	
3	 8	 4	 3	sample128	621	1907	514	30864	0	
3	 8	 4	 4	sample128	586	1872	514	32150	0	
3	 8	 4	 5	sample128	534	1820	514	50154	0	
3	 8	 4	 6	control	548	1834	514	47582	0	
3	 9	 1	 1	sample129	724	2522	772	68324	0	
3	 9	 1	 2	sample129	495	2293	258	71920	0	
3	 9	 1	 3	sample129	373	2171	258	71920	0	
3	 9	 1	 4	sample129	494	2036	514	61680	0	
3	 9	 1	 5	sample129	334	1876	256	61680	0	
3	 9	 1	 6	control	469	2011	256	61680	0	
3	 9	 2	 1	sample130	527	2325	514	75516	0	
3	 9	 2	 2	sample130	584	2382	514	86304	0	
3	 9	 2	 3	sample130	742	2284	514	69390	0	
3	 9	 2	 4	sample130	952	2494	770	26214	0	
3	 9	 2	 5	sample130	507	2049	256	61680	0	
3	 9	 2	 6	control	730	2272	770	29298	0	
3	 9	 3	 1	sample131	1027	2569	770	40092	0	
3	 9	 3	 2	sample131	2195	3737	1284	37008	0	
3	 9	 3	 3	sample131	734	2276	514	32382	0	
3	 9	 3	 4	sample131	569	2111	514	35466	0	
3	 9	 3	 5	sample131	917	2459	770	21588	0	
3	 9	 3	 6	control	392	1676	258	51360	0	
3	 9	 4	 1	sample132	1057	2599	1028	66306	0	
3	 9	 4	 2	sample132	404	1946	256	61680	0	
3	 9	 4	 3	sample132	443	1985	256	61680	0	
3	 9	 4	 4	sample132	398	1940	256	75558	0	
3	 9	 4	 5	sample132	572	1856	258	51360	0	
3	 9	 4	 6	control	684	1968	514	48792	0	
3	 10	 1	 1	sample133	714	2512	514	71920	0	
3	 10	 1	 2	sample133	1235	2777	1028	40092	0	
3	 10	 1	 3	sample133	1056	2598	1028	27756	0	
3	 10	 1	 4	sample133	759	2557	772	35960	0	
3	 10	 1	 5	sample133	614	2156	514	43176	0	
3	 10	 1	 6	control	713	2255	514	27756	0	
3	 10	 2	 1	sample134	1149	2691	1028	29298	0	
3	 10	 2	 2	sample134	840	2382	514	57054	0	
3	 10	 2	 3	sample134	698	2240	514	60138	0	
3	 10	 2	 4	sample134	1060	2602	770	24672	0	
3	 10	 2	 5	sample134	462	2004	256	77100	0	
3	 10	 2	 6	control	730	2272	514	38550	0	
3	 10	 3	 1	sample135	1113	2655	1028	27756	0	
3	 10	 3	 2	sample135	1092	2634	1284	24672	0	
3	 10	 3	 3	sample135	520	2062	514	61680	0	
3	 10	 3	 4	sample135	905	2447	770	32382	0	
3	 10	 3	 5	sample135	572	2114	514	33924	0	
3	 10	 3	 6	control	490	2032	256	50886	0	
3	 10	 4	 1	sample136	746	2030	514	51360	0	
3	 10	 4	 2	sample136	1322	2606	1028	26964	0	
3	 10	 4	 3	sample136	797	2339	770	29298	0	
3	 10	 4	 4	sample136	844	2386	770	32382	0	
3	 10	 4	 5	sample136	488	2030	514	61680	0	
3	 10	 4	 6	control	552	2094	256	61680	0	
3	 11	 1	 1	sample137	576	2118	514	50886	0	
3	 11	 1	 2	sample137	338	1880	256	29298	0	
3	 11	 1	 3	sample137	324	1866	256	52428	0	
3	 11	 1	 4	sample137	302	1844	256	61680	0	
3	 11	 1	 5	sample137	443	1985	514	44718	0	
3	 11	 1	 6	control	276	1818	256	61680	0	
3	 11	 2	 1	sample138	324	1866	256	58596	0	
3	 11	 2	 2	sample138	160	1702	0	61680	0	
3	 11	 2	 3	sample138	224	1766	256	61680	0	
3	 11	 2	 4	sample138	239	1781	256	66306	0	
3	 11	 2	 5	sample138	224	1766	256	61680	0	
3	 11	 2	 6	control	398	1940	514	44718	0	
3	 11	 3	 1	sample139	1236	2778	770	81726	0	
3	 11	 3	 2	sample139	385	1927	256	49344	0	
3	 11	 3	 3	sample139	57.3	1599	0	61680	0	
3	 11	 3	 4	sample139	192	1734	0	61680	0	
3	 11	 3	 5	sample139	115	1657	0	61680	0	
3	 11	 3	 6	control	44.4	1586	256	61680	0	
3	 11	 4	 1	sample140	148	1690	256	69390	0	
3	 11	 4	 2	sample140	229	1771	256	29298	0	
3	 11	 4	 3	sample140	154	1696	256	61680	0	
3	 11	 4	 4	sample140	342	1884	256	60138	0	
3	 11	 4	 5	sample140	401	1943	256	60138	0	
3	 11	 4	 6	control	269	1811	256	61680	0	
3	 12	 1	 1	sample141	832	2630	772	30566	0	
3	 12	 1	 2	sample141	322	2120	258	71920	0	
3	 12	 1	 3	sample141	141	2197	0	82240	0	
3	 12	 1	 4	sample141	123	2435	0	92480	0	
3	 12	 1	 5	sample141	211	2781	256	102800	0	
3	 12	 1	 6	control	424	3508	514	123360	0	
3	 12	 2	 1	sample142	354	2152	258	71920	0	
3	 12	 2	 2	sample142	386	2184	258	71920	0	
3	 12	 2	 3	sample142	128	2184	0	82240	0	
3	 12	 2	 4	sample142	218	2274	256	82240	0	
3	 12	 2	 5	sample142	95.9	2666	0	102800	0	
3	 12	 2	 6	control	477	3561	514	64764	0	
3	 12	 3	 1	sample143	423	2221	258	75516	0	
3	 12	 3	 2	sample143	309	2107	258	71920	0	
3	 12	 3	 3	sample143	345	2401	256	65792	0	
3	 12	 3	 4	sample143	276	2332	256	82240	0	
3	 12	 3	 5	sample143	393	2705	258	92480	0	
3	 12	 3	 6	control	212	3296	256	123360	0	
3	 12	 4	 1	sample144	816	2614	772	41354	0	
3	 12	 4	 2	sample144	400	2198	514	64728	0	
3	 12	 4	 3	sample144	880	2678	772	46748	0	
3	 12	 4	 4	sample144	269	2325	256	82240	0	
3	 12	 4	 5	sample144	206	2518	258	92480	0	
3	 12	 4	 6	control	457	3283	514	113040	0	
4	 1	 1	 1	sample145	148	2204	0	82240	0	
4	 1	 1	 2	sample145	263	2063	256	72000	0	
4	 1	 1	 3	sample145	276	2076	256	72000	0	
4	 1	 1	 4	sample145	51	1851	0	72000	0	
4	 1	 1	 5	sample145	353	2153	514	72000	0	
4	 1	 1	 6	control	295	2095	256	72000	0	
4	 1	 2	 1	sample146	347	2403	258	82240	0	
4	 1	 2	 2	sample146	1357	3413	1542	96632	0	
4	 1	 2	 3	sample146	1224	3280	1286	111024	0	
4	 1	 2	 4	sample146	1428	3228	1284	61200	0	
4	 1	 2	 5	sample146	541	2341	514	50400	0	
4	 1	 2	 6	control	732	2532	770	36000	0	
4	 1	 3	 1	sample147	533	2847	514	60164	0	
4	 1	 3	 2	sample147	513	2827	514	48594	0	
4	 1	 3	 3	sample147	431	2745	514	57850	0	
4	 1	 3	 4	sample147	70.3	2384	0	92560	0	
4	 1	 3	 5	sample147	270	2326	258	82240	0	
4	 1	 3	 6	control	296	2352	258	82240	0	
4	 1	 4	 1	sample148	1442	3756	1284	131898	0	
4	 1	 4	 2	sample148	1299	3613	1284	161980	0	
4	 1	 4	 3	sample148	1799	4113	1798	69420	0	
4	 1	 4	 4	sample148	1751	4065	1542	62478	0	
4	 1	 4	 5	sample148	970	3284	770	71734	0	
4	 1	 4	 6	control	655	2969	514	92560	0	
4	 2	 1	 1	sample149	173	1715	256	61680	0	
4	 2	 1	 2	sample149	192	1734	256	61680	0	
4	 2	 1	 3	sample149	282	1824	256	61680	0	
4	 2	 1	 4	sample149	314	1856	256	61680	0	
4	 2	 1	 5	sample149	334	1876	256	61680	0	
4	 2	 1	 6	control	404	1946	256	61680	0	
4	 2	 2	 1	sample150	379	1921	256	61680	0	
4	 2	 2	 2	sample150	873	2415	770	30840	0	
4	 2	 2	 3	sample150	581	2123	514	35466	0	
4	 2	 2	 4	sample150	340	1882	256	61680	0	
4	 2	 2	 5	sample150	180	1978	258	71920	0	
4	 2	 2	 6	control	315	2113	258	71920	0	
4	 2	 3	 1	sample151	622	2420	772	43152	0	
4	 2	 3	 2	sample151	348	2146	258	66526	0	
4	 2	 3	 3	sample151	336	2134	258	64728	0	
4	 2	 3	 4	sample151	515	2313	514	39556	0	
4	 2	 3	 5	sample151	908	2706	772	30566	0	
4	 2	 3	 6	control	446	2244	514	61132	0	
4	 2	 4	 1	sample152	676	2732	514	61680	0	
4	 2	 4	 2	sample152	344	2400	256	84296	0	
4	 2	 4	 3	sample152	520	2576	256	82240	0	
4	 2	 4	 4	sample152	425	2481	256	71960	0	
4	 2	 4	 5	sample152	782	2838	770	45232	0	
4	 2	 4	 6	control	346	2402	256	82240	0	
4	 3	 1	 1	sample153	524	2066	514	87894	0	
4	 3	 1	 2	sample153	502	2044	514	63222	0	
4	 3	 1	 3	sample153	482	2024	514	61680	0	
4	 3	 1	 4	sample153	515	2057	514	30840	0	
4	 3	 1	 5	sample153	242	1784	258	26214	0	
4	 3	 1	 6	control	224	1766	258	60138	0	
4	 3	 2	 1	sample154	283	1825	258	61680	0	
4	 3	 2	 2	sample154	391	1933	258	74016	0	
4	 3	 2	 3	sample154	341	1883	258	61680	0	
4	 3	 2	 4	sample154	298	1840	258	29298	0	
4	 3	 2	 5	sample154	345	1887	258	58596	0	
4	 3	 2	 6	control	431	1973	514	61680	0	
4	 3	 3	 1	sample155	250	2050	256	73800	0	
4	 3	 3	 2	sample155	282	2082	256	72000	0	
4	 3	 3	 3	sample155	452	2252	514	37800	0	
4	 3	 3	 4	sample155	173	1973	256	72000	0	
4	 3	 3	 5	sample155	173	1973	256	72000	0	
4	 3	 3	 6	control	122	1922	0	72000	0	
4	 3	 4	 1	sample156	909	2709	770	90000	0	
4	 3	 4	 2	sample156	820	2620	770	55800	0	
4	 3	 4	 3	sample156	541	2341	514	68400	0	
4	 3	 4	 4	sample156	406	2206	514	86400	0	
4	 3	 4	 5	sample156	485	2285	514	32400	0	
4	 3	 4	 6	control	474	2274	514	46800	0	
4	 4	 1	 1	sample157	565	1851	514	51440	0	
4	 4	 1	 2	sample157	802	2344	514	26214	0	
4	 4	 1	 3	sample157	297	1839	258	70932	0	
4	 4	 1	 4	sample157	142	1684	258	61680	0	
4	 4	 1	 5	sample157	535	1821	514	46296	0	
4	 4	 1	 6	control	96.9	1639	0	61680	0	
4	 4	 2	 1	sample158	531	2073	514	74016	0	
4	 4	 2	 2	sample158	379	1921	258	61680	0	
4	 4	 2	 3	sample158	386	1928	514	61680	0	
4	 4	 2	 4	sample158	600	2142	514	27756	0	
4	 4	 2	 5	sample158	354	1896	258	61680	0	
4	 4	 2	 6	control	405	1947	258	61680	0	
4	 4	 3	 1	sample159	612	2412	514	70200	0	
4	 4	 3	 2	sample159	907	2707	770	30600	0	
4	 4	 3	 3	sample159	939	2739	770	52200	0	
4	 4	 3	 4	sample159	542	2342	514	64800	0	
4	 4	 3	 5	sample159	363	2163	256	52200	0	
4	 4	 3	 6	control	562	2362	514	28800	0	
4	 4	 4	 1	sample160	940	2740	770	79200	0	
4	 4	 4	 2	sample160	687	2487	514	72000	0	
4	 4	 4	 3	sample160	642	2442	514	72000	0	
4	 4	 4	 4	sample160	531	2331	514	54000	0	
4	 4	 4	 5	sample160	642	2442	514	64800	0	
4	 4	 4	 6	control	628	2428	514	48600	0	
4	 5	 1	 1	sample161	419	1961	514	53970	0	
4	 5	 1	 2	sample161	348	1890	258	61680	0	
4	 5	 1	 3	sample161	328	1870	258	61680	0	
4	 5	 1	 4	sample161	257	1799	0	61680	0	
4	 5	 1	 5	sample161	310	1852	258	60138	0	
4	 5	 1	 6	control	155	1697	258	61680	0	
4	 5	 2	 1	sample162	617	2159	514	69390	0	
4	 5	 2	 2	sample162	1013	2555	772	50886	0	
4	 5	 2	 3	sample162	527	2069	514	61680	0	
4	 5	 2	 4	sample162	360	1902	258	61680	0	
4	 5	 2	 5	sample162	708	2250	772	24672	0	
4	 5	 2	 6	control	392	1934	258	61680	0	
4	 5	 3	 1	sample163	728	2528	770	32400	0	
4	 5	 3	 2	sample163	576	2376	514	59400	0	
4	 5	 3	 3	sample163	649	2449	770	30600	0	
4	 5	 3	 4	sample163	289	2089	256	72000	0	
4	 5	 3	 5	sample163	263	2063	0	72000	0	
4	 5	 3	 6	control	366	2166	256	72000	0	
4	 5	 4	 1	sample164	842	2642	770	97200	0	
4	 5	 4	 2	sample164	758	2558	514	72000	0	
4	 5	 4	 3	sample164	732	2532	514	72000	0	
4	 5	 4	 4	sample164	706	2506	514	43200	0	
4	 5	 4	 5	sample164	411	2211	256	72000	0	
4	 5	 4	 6	control	481	2281	514	72000	0	
4	 6	 1	 1	sample165	661	2203	514	43176	0	
4	 6	 1	 2	sample165	857	2399	772	27756	0	
4	 6	 1	 3	sample165	812	2354	772	29298	0	
4	 6	 1	 4	sample165	335	1877	258	61680	0	
4	 6	 1	 5	sample165	486	2028	514	55512	0	
4	 6	 1	 6	control	341	1883	258	61680	0	
4	 6	 2	 1	sample166	772	2314	772	44718	0	
4	 6	 2	 2	sample166	808	2350	772	32382	0	
4	 6	 2	 3	sample166	624	2166	514	61680	0	
4	 6	 2	 4	sample166	476	2018	258	61680	0	
4	 6	 2	 5	sample166	205	2005	0	72000	0	
4	 6	 2	 6	control	1029	2571	772	38550	0	
4	 6	 3	 1	sample167	863	2663	770	45000	0	
4	 6	 3	 2	sample167	402	2458	258	51400	0	
4	 6	 3	 3	sample167	469	2269	514	82800	0	
4	 6	 3	 4	sample167	919	2719	770	34200	0	
4	 6	 3	 5	sample167	607	2407	514	39600	0	
4	 6	 3	 6	control	481	2281	256	72000	0	
4	 6	 4	 1	sample168	526	2326	514	72000	0	
4	 6	 4	 2	sample168	719	2519	514	72000	0	
4	 6	 4	 3	sample168	513	2313	514	72000	0	
4	 6	 4	 4	sample168	417	2217	256	72000	0	
4	 6	 4	 5	sample168	424	2224	256	72000	0	
4	 6	 4	 6	control	693	2493	770	90000	0	
4	 7	 1	 1	sample169	395	1937	258	66306	0	
4	 7	 1	 2	sample169	747	2289	772	49344	0	
4	 7	 1	 3	sample169	476	2018	514	61680	0	
4	 7	 1	 4	sample169	321	2121	514	28800	0	
4	 7	 1	 5	sample169	211	2011	256	72000	0	
4	 7	 1	 6	control	283	2083	256	52200	0	
4	 7	 2	 1	sample170	603	2403	514	77400	0	
4	 7	 2	 2	sample170	558	2358	514	82800	0	
4	 7	 2	 3	sample170	449	2249	256	72000	0	
4	 7	 2	 4	sample170	398	2198	256	72000	0	
4	 7	 2	 5	sample170	277	2077	256	88200	0	
4	 7	 2	 6	control	732	2532	514	36000	0	
4	 7	 3	 1	sample171	411	2211	514	72000	0	
4	 7	 3	 2	sample171	456	2256	514	72000	0	
4	 7	 3	 3	sample171	359	2159	256	72000	0	
4	 7	 3	 4	sample171	424	2224	256	72000	0	
4	 7	 3	 5	sample171	96.8	2153	0	82240	0	
4	 7	 3	 6	control	575	2631	514	34952	0	
4	 7	 4	 1	sample172	604	2404	514	72000	0	
4	 7	 4	 2	sample172	533	2333	514	72000	0	
4	 7	 4	 3	sample172	604	2404	514	72000	0	
4	 7	 4	 4	sample172	302	2358	258	82240	0	
4	 7	 4	 5	sample172	483	2539	258	84296	0	
4	 7	 4	 6	control	637	2693	514	43176	0	
4	 8	 1	 1	sample173	897	2439	770	81726	0	
4	 8	 1	 2	sample173	1195	2737	1028	70932	0	
4	 8	 1	 3	sample173	830	2372	770	46260	0	
4	 8	 1	 4	sample173	830	2372	770	46260	0	
4	 8	 1	 5	sample173	449	1991	514	61680	0	
4	 8	 1	 6	control	128	1670	0	61680	0	
4	 8	 2	 1	sample174	401	1943	256	63222	0	
4	 8	 2	 2	sample174	327	1869	256	61680	0	
4	 8	 2	 3	sample174	431	1973	256	77100	0	
4	 8	 2	 4	sample174	179	1721	256	61680	0	
4	 8	 2	 5	sample174	211	1753	256	61680	0	
4	 8	 2	 6	control	372	1914	256	61680	0	
4	 8	 3	 1	sample175	431	2229	514	66526	0	
4	 8	 3	 2	sample175	323	2121	258	77314	0	
4	 8	 3	 3	sample175	174	1972	258	71920	0	
4	 8	 3	 4	sample175	267	2065	258	48546	0	
4	 8	 3	 5	sample175	90.5	1888	0	71920	0	
4	 8	 3	 6	control	201	1999	258	57536	0	
4	 8	 4	 1	sample176	597	2395	514	89900	0	
4	 8	 4	 2	sample176	1112	2910	772	71920	0	
4	 8	 4	 3	sample176	997	2795	772	73718	0	
4	 8	 4	 4	sample176	661	2459	514	37758	0	
4	 8	 4	 5	sample176	276	2332	256	80184	0	
4	 8	 4	 6	control	556	2354	514	44950	0	
4	 9	 1	 1	sample177	316	2116	256	77400	0	
4	 9	 1	 2	sample177	89.3	1889	0	72000	0	
4	 9	 1	 3	sample177	128	1928	256	72000	0	
4	 9	 1	 4	sample177	148	1690	258	61680	0	
4	 9	 1	 5	sample177	38.1	1838	0	72000	0	
4	 9	 1	 6	control	299	2099	256	86400	0	
4	 9	 2	 1	sample178	372	2172	256	72000	0	
4	 9	 2	 2	sample178	282	2082	256	72000	0	
4	 9	 2	 3	sample178	199	1999	256	72000	0	
4	 9	 2	 4	sample178	192	1992	256	72000	0	
4	 9	 2	 5	sample178	205	2005	0	27000	0	
4	 9	 2	 6	control	257	2057	256	72000	0	
4	 9	 3	 1	sample179	551	2607	514	43176	0	
4	 9	 3	 2	sample179	136	2192	258	82240	0	
4	 9	 3	 3	sample179	238	2294	258	82240	0	
4	 9	 3	 4	sample179	193	2249	0	82240	0	
4	 9	 3	 5	sample179	174	2230	258	82240	0	
4	 9	 3	 6	control	90.5	2146	0	82240	0	
4	 9	 4	 1	sample180	583	2639	514	92520	0	
4	 9	 4	 2	sample180	425	2739	256	67106	0	
4	 9	 4	 3	sample180	373	2429	258	82240	0	
4	 9	 4	 4	sample180	486	2542	514	74016	0	
4	 9	 4	 5	sample180	354	2410	258	82240	0	
4	 9	 4	 6	control	412	2468	514	102800	0	
4	 10	 1	 1	sample181	347	1889	256	61680	0	
4	 10	 1	 2	sample181	495	1779	514	51360	0	
4	 10	 1	 3	sample181	585	1869	514	51360	0	
4	 10	 1	 4	sample181	289	1831	256	61680	0	
4	 10	 1	 5	sample181	444	1728	258	51360	0	
4	 10	 1	 6	control	367	1651	258	51360	0	
4	 10	 2	 1	sample182	340	1882	256	61680	0	
4	 10	 2	 2	sample182	461	2003	514	75558	0	
4	 10	 2	 3	sample182	457	1741	514	51360	0	
4	 10	 2	 4	sample182	276	1818	256	60138	0	
4	 10	 2	 5	sample182	268	1810	256	35466	0	
4	 10	 2	 6	control	263	1805	256	61680	0	
4	 10	 3	 1	sample183	864	2406	770	33924	0	
4	 10	 3	 2	sample183	419	2217	258	77314	0	
4	 10	 3	 3	sample183	610	2152	514	61680	0	
4	 10	 3	 4	sample183	283	2081	258	71920	0	
4	 10	 3	 5	sample183	417	1959	514	61680	0	
4	 10	 3	 6	control	314	1856	256	61680	0	
4	 10	 4	 1	sample184	588	2386	514	75516	0	
4	 10	 4	 2	sample184	673	2471	514	46748	0	
4	 10	 4	 3	sample184	566	2364	514	71920	0	
4	 10	 4	 4	sample184	399	2455	256	96632	0	
4	 10	 4	 5	sample184	381	2437	514	71960	0	
4	 10	 4	 6	control	602	2658	514	71960	0	
4	 11	 1	 1	sample185	596	1624	514	42148	0	
4	 11	 1	 2	sample185	789	1817	772	15420	0	
4	 11	 1	 3	sample185	386	1414	258	41120	0	
4	 11	 1	 4	sample185	609	1637	514	19532	0	
4	 11	 1	 5	sample185	180	1466	256	51440	0	
4	 11	 1	 6	control	256	1542	256	51440	0	
4	 11	 2	 1	sample186	612	1640	514	43176	0	
4	 11	 2	 2	sample186	333	1619	256	51440	0	
4	 11	 2	 3	sample186	121	1407	0	51440	0	
4	 11	 2	 4	sample186	250	1536	256	51440	0	
4	 11	 2	 5	sample186	237	1523	256	51440	0	
4	 11	 2	 6	control	282	1568	256	51440	0	
4	 11	 3	 1	sample187	777	2319	514	67848	0	
4	 11	 3	 2	sample187	913	2455	772	30840	0	
4	 11	 3	 3	sample187	283	1825	258	61680	0	
4	 11	 3	 4	sample187	729	2271	514	27756	0	
4	 11	 3	 5	sample187	335	1877	514	61680	0	
4	 11	 3	 6	control	515	2057	514	30840	0	
4	 11	 4	 1	sample188	382	2182	256	84600	0	
4	 11	 4	 2	sample188	579	2121	514	61680	0	
4	 11	 4	 3	sample188	420	2220	256	84600	0	
4	 11	 4	 4	sample188	301	2101	256	72000	0	
4	 11	 4	 5	sample188	442	2242	256	77400	0	
4	 11	 4	 6	control	538	2338	514	55800	0	
4	 12	 1	 1	sample189	630	2172	514	44718	0	
4	 12	 1	 2	sample189	379	1921	258	61680	0	
4	 12	 1	 3	sample189	450	1992	258	61680	0	
4	 12	 1	 4	sample189	224	2024	0	72000	0	
4	 12	 1	 5	sample189	412	2468	258	82240	0	
4	 12	 1	 6	control	385	3213	256	113120	0	
4	 12	 2	 1	sample190	688	2230	514	61680	0	
4	 12	 2	 2	sample190	981	2523	772	58596	0	
4	 12	 2	 3	sample190	828	2628	514	72000	0	
4	 12	 2	 4	sample190	1144	2944	1028	39600	0	
4	 12	 2	 5	sample190	816	3130	514	39338	0	
4	 12	 2	 6	control	971	3799	514	90496	0	
4	 12	 3	 1	sample191	1128	2928	770	50400	0	
4	 12	 3	 2	sample191	1279	3079	1028	82800	0	
4	 12	 3	 3	sample191	1340	3140	1028	82800	0	
4	 12	 3	 4	sample191	1067	3123	772	82240	0	
4	 12	 3	 5	sample191	1073	3387	1028	78676	0	
4	 12	 3	 6	control	462	3290	256	113120	0	
4	 12	 4	 1	sample192	656	2712	514	82240	0	
4	 12	 4	 2	sample192	817	2873	514	82240	0	
4	 12	 4	 3	sample192	720	2776	258	82240	0	
4	 12	 4	 4	sample192	617	2673	514	82240	0	
4	 12	 4	 5	sample192	655	2969	514	92560	0	
4	 12	 4	 6	control	738	3566	514	113120	0	
