MicroVigene	 Version	 2650
Culture	en-US
8/15/2006 5:44:20 PM
Roi Row	 4	 Roi Col	 12	 Main Row	 4	 Main Col	 6	 Sub Row	 1	 Sub Col	 1
Main Row	 Main Col	 Sub Row	 Sub Col	  GeneID	mean_net	 mean_total	 median_net	 vol_bkg	 vol_dust	 
1	 1	 1	 1	sample1	1175	3745	1028	102800	0	
1	 1	 1	 2	sample1	1759	4585	1800	124344	0	
1	 1	 1	 3	sample1	1082	3908	1028	135648	0	
1	 1	 1	 4	sample1	1013	3583	1028	92520	0	
1	 1	 1	 5	sample1	828	2884	514	82240	0	
1	 1	 1	 6	control	232	2030	0	71920	0	
1	 1	 2	 1	sample2	1240	3810	1028	133640	0	
1	 1	 2	 2	sample2	1706	4276	1542	200460	0	
1	 1	 2	 3	sample2	1553	4379	1542	144126	0	
1	 1	 2	 4	sample2	1290	3860	1284	115650	0	
1	 1	 2	 5	sample2	922	3234	772	94792	0	
1	 1	 2	 6	control	1185	2983	1286	82708	0	
1	 1	 3	 1	sample3	2017	4587	2056	136210	0	
1	 1	 3	 2	sample3	2221	4791	2056	79670	0	
1	 1	 3	 3	sample3	1795	4621	1800	144126	0	
1	 1	 3	 4	sample3	1604	4174	1284	95090	0	
1	 1	 3	 5	sample3	848	2904	770	102800	0	
1	 1	 3	 6	control	245	2043	258	71920	0	
1	 1	 4	 1	sample4	1889	4201	1542	152592	0	
1	 1	 4	 2	sample4	1480	3792	1286	113288	0	
1	 1	 4	 3	sample4	1721	4291	1798	102800	0	
1	 1	 4	 4	sample4	1174	3486	1028	122536	0	
1	 1	 4	 5	sample4	1004	2802	1028	73718	0	
1	 1	 4	 6	control	843	2641	514	64728	0	
1	 2	 1	 1	sample5	1020	2818	1028	53940	0	
1	 2	 1	 2	sample5	969	2511	1028	81726	0	
1	 2	 1	 3	sample5	985	2527	770	74016	0	
1	 2	 1	 4	sample5	747	2289	514	66306	0	
1	 2	 1	 5	sample5	810	2352	770	40092	0	
1	 2	 1	 6	control	964	2248	772	25680	0	
1	 2	 2	 1	sample6	1526	3068	1542	26214	0	
1	 2	 2	 2	sample6	1177	2461	1286	118128	0	
1	 2	 2	 3	sample6	1153	2437	1028	111708	0	
1	 2	 2	 4	sample6	1001	2543	1028	75558	0	
1	 2	 2	 5	sample6	997	2281	1028	62916	0	
1	 2	 2	 6	control	1234	2518	1286	44940	0	
1	 2	 3	 1	sample7	1006	2804	1028	80910	0	
1	 2	 3	 2	sample7	1028	2312	1028	50076	0	
1	 2	 3	 3	sample7	974	2258	1028	73188	0	
1	 2	 3	 4	sample7	970	2254	1028	28248	0	
1	 2	 3	 5	sample7	934	2218	1028	24396	0	
1	 2	 3	 6	control	515	1799	258	51360	0	
1	 2	 4	 1	sample8	797	2595	514	71920	0	
1	 2	 4	 2	sample8	1110	2394	1028	28248	0	
1	 2	 4	 3	sample8	808	2092	772	44940	0	
1	 2	 4	 4	sample8	861	2145	772	29532	0	
1	 2	 4	 5	sample8	946	2230	772	39804	0	
1	 2	 4	 6	control	1147	2431	1028	47508	0	
1	 3	 1	 1	sample9	1113	2911	1028	125860	0	
1	 3	 1	 2	sample9	1057	2855	1028	131254	0	
1	 3	 1	 3	sample9	952	2750	772	84506	0	
1	 3	 1	 4	sample9	848	2390	770	61680	0	
1	 3	 1	 5	sample9	636	2178	514	61680	0	
1	 3	 1	 6	control	571	2113	514	27756	0	
1	 3	 2	 1	sample10	476	2274	514	84506	0	
1	 3	 2	 2	sample10	1072	2614	1028	44718	0	
1	 3	 2	 3	sample10	642	2184	514	55512	0	
1	 3	 2	 4	sample10	400	1942	256	66306	0	
1	 3	 2	 5	sample10	495	1779	258	51360	0	
1	 3	 2	 6	control	988	2272	772	41088	0	
1	 3	 3	 1	sample11	1002	2800	1028	86304	0	
1	 3	 3	 2	sample11	903	2701	772	88102	0	
1	 3	 3	 3	sample11	893	2435	770	32382	0	
1	 3	 3	 4	sample11	651	1935	514	62916	0	
1	 3	 3	 5	sample11	704	1988	772	24396	0	
1	 3	 3	 6	control	353	1381	256	41120	0	
1	 3	 4	 1	sample12	1204	3002	1286	73718	0	
1	 3	 4	 2	sample12	1028	2826	1028	37758	0	
1	 3	 4	 3	sample12	910	2452	770	53970	0	
1	 3	 4	 4	sample12	625	1909	514	62916	0	
1	 3	 4	 5	sample12	386	1670	258	51360	0	
1	 3	 4	 6	control	630	1658	514	54484	0	
1	 4	 1	 1	sample13	1175	3231	1028	43176	0	
1	 4	 1	 2	sample13	905	2705	770	72000	0	
1	 4	 1	 3	sample13	803	2603	770	72000	0	
1	 4	 1	 4	sample13	722	2522	514	57600	0	
1	 4	 1	 5	sample13	703	2503	770	75600	0	
1	 4	 1	 6	control	721	2521	514	64800	0	
1	 4	 2	 1	sample14	1154	2696	1028	69390	0	
1	 4	 2	 2	sample14	1097	2639	1028	69390	0	
1	 4	 2	 3	sample14	926	2468	772	53970	0	
1	 4	 2	 4	sample14	615	2157	772	70932	0	
1	 4	 2	 5	sample14	632	2174	514	74016	0	
1	 4	 2	 6	control	1137	2679	1028	29298	0	
1	 4	 3	 1	sample15	878	2420	772	44718	0	
1	 4	 3	 2	sample15	499	2041	514	75558	0	
1	 4	 3	 3	sample15	813	2099	770	54012	0	
1	 4	 3	 4	sample15	642	1928	514	46296	0	
1	 4	 3	 5	sample15	695	1981	514	34722	0	
1	 4	 3	 6	control	771	2057	514	50154	0	
1	 4	 4	 1	sample16	540	2082	514	61680	0	
1	 4	 4	 2	sample16	719	2005	514	51440	0	
1	 4	 4	 3	sample16	584	1870	514	51440	0	
1	 4	 4	 4	sample16	545	1831	256	52726	0	
1	 4	 4	 5	sample16	699	1985	514	32150	0	
1	 4	 4	 6	control	546	1832	514	51440	0	
1	 5	 1	 1	sample17	930	2472	770	138780	0	
1	 5	 1	 2	sample17	1022	2564	1028	77100	0	
1	 5	 1	 3	sample17	705	2247	770	66306	0	
1	 5	 1	 4	sample17	552	2094	514	61680	0	
1	 5	 1	 5	sample17	633	2175	514	63222	0	
1	 5	 1	 6	control	232	2030	258	71920	0	
1	 5	 2	 1	sample18	566	1850	514	51360	0	
1	 5	 2	 2	sample18	627	1911	514	50076	0	
1	 5	 2	 3	sample18	380	1664	258	51360	0	
1	 5	 2	 4	sample18	307	1591	258	60348	0	
1	 5	 2	 5	sample18	303	1587	258	51360	0	
1	 5	 2	 6	control	892	2176	772	38520	0	
1	 5	 3	 1	sample19	974	2002	1028	63736	0	
1	 5	 3	 2	sample19	1032	2060	1028	57568	0	
1	 5	 3	 3	sample19	886	1914	770	59624	0	
1	 5	 3	 4	sample19	549	1577	514	45232	0	
1	 5	 3	 5	sample19	484	1512	514	45232	0	
1	 5	 3	 6	control	231	1259	256	41120	0	
1	 5	 4	 1	sample20	507	1535	514	42148	0	
1	 5	 4	 2	sample20	571	1599	514	27756	0	
1	 5	 4	 3	sample20	473	1501	514	45232	0	
1	 5	 4	 4	sample20	364	1392	256	37008	0	
1	 5	 4	 5	sample20	695	1723	514	17476	0	
1	 5	 4	 6	control	327	1355	256	41120	0	
1	 6	 1	 1	sample21	1285	3341	1286	67848	0	
1	 6	 1	 2	sample21	953	3009	1028	160368	0	
1	 6	 1	 3	sample21	648	2962	514	101816	0	
1	 6	 1	 4	sample21	637	2951	514	120328	0	
1	 6	 1	 5	sample21	472	2786	514	113386	0	
1	 6	 1	 6	control	404	2718	256	92560	0	
1	 6	 2	 1	sample22	1081	2881	1028	86400	0	
1	 6	 2	 2	sample22	1242	3042	1284	109800	0	
1	 6	 2	 3	sample22	1445	3245	1542	81000	0	
1	 6	 2	 4	sample22	867	2667	770	86400	0	
1	 6	 2	 5	sample22	776	2576	770	90000	0	
1	 6	 2	 6	control	630	2686	514	123360	0	
1	 6	 3	 1	sample23	647	2189	514	53970	0	
1	 6	 3	 2	sample23	600	2142	514	74016	0	
1	 6	 3	 3	sample23	531	2073	514	74016	0	
1	 6	 3	 4	sample23	488	2030	514	74016	0	
1	 6	 3	 5	sample23	666	2208	514	26214	0	
1	 6	 3	 6	control	595	2137	514	53970	0	
1	 6	 4	 1	sample24	800	2086	770	33436	0	
1	 6	 4	 2	sample24	642	1928	514	54012	0	
1	 6	 4	 3	sample24	478	2020	514	43176	0	
1	 6	 4	 4	sample24	488	1774	256	51440	0	
1	 6	 4	 5	sample24	547	1833	514	48868	0	
1	 6	 4	 6	control	258	1800	258	61680	0	
1	 7	 1	 1	sample25	1027	3083	1028	201488	0	
1	 7	 1	 2	sample25	1060	3116	1028	98688	0	
1	 7	 1	 3	sample25	957	3013	1028	82240	0	
1	 7	 1	 4	sample25	539	2595	514	82240	0	
1	 7	 1	 5	sample25	566	2622	514	100744	0	
1	 7	 1	 6	control	407	2463	514	59624	0	
1	 7	 2	 1	sample26	890	2688	772	93496	0	
1	 7	 2	 2	sample26	1162	2960	1286	100688	0	
1	 7	 2	 3	sample26	907	2705	772	71920	0	
1	 7	 2	 4	sample26	907	2449	1028	75558	0	
1	 7	 2	 5	sample26	443	2241	258	84506	0	
1	 7	 2	 6	control	600	2398	514	75516	0	
1	 7	 3	 1	sample27	701	1985	514	51360	0	
1	 7	 3	 2	sample27	680	1964	772	53928	0	
1	 7	 3	 3	sample27	466	2008	514	41634	0	
1	 7	 3	 4	sample27	377	1919	256	46260	0	
1	 7	 3	 5	sample27	502	2044	514	35466	0	
1	 7	 3	 6	control	224	1766	256	61680	0	
1	 7	 4	 1	sample28	494	1778	514	62916	0	
1	 7	 4	 2	sample28	476	1760	514	51360	0	
1	 7	 4	 3	sample28	514	1798	514	53928	0	
1	 7	 4	 4	sample28	380	1664	258	51360	0	
1	 7	 4	 5	sample28	678	1962	514	28248	0	
1	 7	 4	 6	control	503	1787	514	57780	0	
1	 8	 1	 1	sample29	1156	3726	1028	102800	0	
1	 8	 1	 2	sample29	1778	4348	1798	192750	0	
1	 8	 1	 3	sample29	976	3546	1028	102800	0	
1	 8	 1	 4	sample29	359	2929	256	102800	0	
1	 8	 1	 5	sample29	486	2798	514	83232	0	
1	 8	 1	 6	control	283	2595	258	92480	0	
1	 8	 2	 1	sample30	290	2602	258	92480	0	
1	 8	 2	 2	sample30	520	2576	514	82240	0	
1	 8	 2	 3	sample30	551	2607	514	69904	0	
1	 8	 2	 4	sample30	160	2216	0	82240	0	
1	 8	 2	 5	sample30	299	2355	256	74016	0	
1	 8	 2	 6	control	154	2210	256	82240	0	
1	 8	 3	 1	sample31	535	2591	514	49344	0	
1	 8	 3	 2	sample31	141	2197	256	82240	0	
1	 8	 3	 3	sample31	668	2724	514	51400	0	
1	 8	 3	 4	sample31	360	2158	258	71920	0	
1	 8	 3	 5	sample31	283	2081	258	71920	0	
1	 8	 3	 6	control	19.8	1818	0	71920	0	
1	 8	 4	 1	sample32	598	2396	514	77314	0	
1	 8	 4	 2	sample32	257	2055	258	71920	0	
1	 8	 4	 3	sample32	437	2235	514	53940	0	
1	 8	 4	 4	sample32	296	2094	258	84506	0	
1	 8	 4	 5	sample32	174	1972	258	71920	0	
1	 8	 4	 6	control	77.7	1876	0	71920	0	
1	 9	 1	 1	sample33	1092	3662	1028	51400	0	
1	 9	 1	 2	sample33	886	3456	1028	51400	0	
1	 9	 1	 3	sample33	1175	3487	1028	32368	0	
1	 9	 1	 4	sample33	1469	3781	1542	48552	0	
1	 9	 1	 5	sample33	1110	3422	772	50864	0	
1	 9	 1	 6	control	1805	4375	770	102800	0	
1	 9	 2	 1	sample34	655	2711	514	82240	0	
1	 9	 2	 2	sample34	587	2643	514	187096	0	
1	 9	 2	 3	sample34	831	2629	772	70122	0	
1	 9	 2	 4	sample34	874	2672	772	71920	0	
1	 9	 2	 5	sample34	870	2668	772	46748	0	
1	 9	 2	 6	control	1039	3095	1028	47288	0	
1	 9	 3	 1	sample35	914	2712	1028	32364	0	
1	 9	 3	 2	sample35	845	2643	772	37758	0	
1	 9	 3	 3	sample35	598	2396	514	66526	0	
1	 9	 3	 4	sample35	823	2365	770	52428	0	
1	 9	 3	 5	sample35	783	2325	770	32382	0	
1	 9	 3	 6	control	633	2431	514	46748	0	
1	 9	 4	 1	sample36	1066	2608	1028	41634	0	
1	 9	 4	 2	sample36	692	2234	514	70932	0	
1	 9	 4	 3	sample36	869	2411	770	40092	0	
1	 9	 4	 4	sample36	601	2143	514	63222	0	
1	 9	 4	 5	sample36	784	2326	514	29298	0	
1	 9	 4	 6	control	411	1953	256	61680	0	
1	 10	 1	 1	sample37	1214	4554	1286	156980	0	
1	 10	 1	 2	sample37	1593	4933	1542	153640	0	
1	 10	 1	 3	sample37	1207	4805	1028	107940	0	
1	 10	 1	 4	sample37	1156	4754	1028	86352	0	
1	 10	 1	 5	sample37	803	4401	770	143920	0	
1	 10	 1	 6	control	457	4311	258	154160	0	
1	 10	 2	 1	sample38	3206	5776	2570	102800	0	
1	 10	 2	 2	sample38	1103	3929	1028	135648	0	
1	 10	 2	 3	sample38	845	3929	1028	138780	0	
1	 10	 2	 4	sample38	1098	4182	1028	67848	0	
1	 10	 2	 5	sample38	1150	4234	1028	64764	0	
1	 10	 2	 6	control	1165	4505	1028	220440	0	
1	 10	 3	 1	sample39	1162	3474	1028	124848	0	
1	 10	 3	 2	sample39	765	3335	514	115650	0	
1	 10	 3	 3	sample39	1235	3805	1028	66820	0	
1	 10	 3	 4	sample39	996	3566	1028	61680	0	
1	 10	 3	 5	sample39	660	3486	514	104562	0	
1	 10	 3	 6	control	508	3334	258	113040	0	
1	 10	 4	 1	sample40	822	2878	770	82240	0	
1	 10	 4	 2	sample40	1174	3230	1028	43176	0	
1	 10	 4	 3	sample40	645	2701	514	96632	0	
1	 10	 4	 4	sample40	547	2859	514	55488	0	
1	 10	 4	 5	sample40	674	2986	772	48552	0	
1	 10	 4	 6	control	749	3061	772	106352	0	
1	 11	 1	 1	sample41	1773	5371	1800	309428	0	
1	 11	 1	 2	sample41	1575	5431	1542	354752	0	
1	 11	 1	 3	sample41	1423	5279	1542	192800	0	
1	 11	 1	 4	sample41	1096	5208	1028	172704	0	
1	 11	 1	 5	sample41	1062	5174	1028	189152	0	
1	 11	 1	 6	control	799	5169	514	78660	0	
1	 11	 2	 1	sample42	1331	4415	1286	225132	0	
1	 11	 2	 2	sample42	1049	4133	772	425592	0	
1	 11	 2	 3	sample42	1311	4395	1286	157284	0	
1	 11	 2	 4	sample42	1570	4654	1542	86352	0	
1	 11	 2	 5	sample42	922	4264	770	170442	0	
1	 11	 2	 6	control	1947	5031	1800	123360	0	
1	 11	 3	 1	sample43	1253	3823	1286	102800	0	
1	 11	 3	 2	sample43	1419	3733	1284	101816	0	
1	 11	 3	 3	sample43	912	3226	770	92560	0	
1	 11	 3	 4	sample43	944	3258	770	71734	0	
1	 11	 3	 5	sample43	743	3057	514	85618	0	
1	 11	 3	 6	control	742	3056	514	83304	0	
1	 11	 4	 1	sample44	1181	3237	1028	162424	0	
1	 11	 4	 2	sample44	950	3006	772	127472	0	
1	 11	 4	 3	sample44	883	2939	772	90464	0	
1	 11	 4	 4	sample44	608	2664	514	90464	0	
1	 11	 4	 5	sample44	679	2735	514	74016	0	
1	 11	 4	 6	control	988	3044	772	39064	0	
1	 12	 1	 1	sample45	1667	4751	1542	197376	0	
1	 12	 1	 2	sample45	1748	4576	1798	115948	0	
1	 12	 1	 3	sample45	1039	3867	770	130088	0	
1	 12	 1	 4	sample45	1542	4112	1286	64250	0	
1	 12	 1	 5	sample45	1015	3843	1028	115948	0	
1	 12	 1	 6	control	385	3727	256	133680	0	
1	 12	 2	 1	sample46	706	2762	514	96632	0	
1	 12	 2	 2	sample46	648	2448	514	72000	0	
1	 12	 2	 3	sample46	736	2536	514	81000	0	
1	 12	 2	 4	sample46	502	2558	514	82240	0	
1	 12	 2	 5	sample46	540	2596	514	82240	0	
1	 12	 2	 6	control	805	3375	772	59110	0	
1	 12	 3	 1	sample47	1033	2319	770	56584	0	
1	 12	 3	 2	sample47	800	2086	770	55298	0	
1	 12	 3	 3	sample47	659	2201	514	63222	0	
1	 12	 3	 4	sample47	853	2395	772	29298	0	
1	 12	 3	 5	sample47	521	2321	514	61200	0	
1	 12	 3	 6	control	405	2461	258	82240	0	
1	 12	 4	 1	sample48	1410	2438	1028	33924	0	
1	 12	 4	 2	sample48	857	1885	772	18504	0	
1	 12	 4	 3	sample48	719	1747	514	40092	0	
1	 12	 4	 4	sample48	372	1658	256	51440	0	
1	 12	 4	 5	sample48	354	1896	258	61680	0	
1	 12	 4	 6	control	618	2418	514	66600	0	
2	 1	 1	 1	sample49	1443	3243	1284	174600	0	
2	 1	 1	 2	sample49	1522	3322	1798	165600	0	
2	 1	 1	 3	sample49	1528	3584	1542	176816	0	
2	 1	 1	 4	sample49	1546	3602	1542	145976	0	
2	 1	 1	 5	sample49	1390	3446	1286	111024	0	
2	 1	 1	 6	control	719	2519	770	27000	0	
2	 1	 2	 1	sample50	1495	3037	1542	151116	0	
2	 1	 2	 2	sample50	1504	3560	1542	164480	0	
2	 1	 2	 3	sample50	1408	3464	1286	133640	0	
2	 1	 2	 4	sample50	1379	3435	1286	193264	0	
2	 1	 2	 5	sample50	1110	2910	1028	167400	0	
2	 1	 2	 6	control	985	2785	1028	163800	0	
2	 1	 3	 1	sample51	1241	2783	1286	80184	0	
2	 1	 3	 2	sample51	1270	3070	1284	165600	0	
2	 1	 3	 3	sample51	1302	3102	1542	154800	0	
2	 1	 3	 4	sample51	905	2705	1028	124200	0	
2	 1	 3	 5	sample51	812	2354	772	38550	0	
2	 1	 3	 6	control	731	2273	772	29298	0	
2	 1	 4	 1	sample52	1185	2471	1028	56584	0	
2	 1	 4	 2	sample52	1022	2308	1028	59156	0	
2	 1	 4	 3	sample52	655	2197	514	67848	0	
2	 1	 4	 4	sample52	595	2137	514	78642	0	
2	 1	 4	 5	sample52	783	2069	770	51440	0	
2	 1	 4	 6	control	819	2105	770	54012	0	
2	 2	 1	 1	sample53	1365	3165	1284	91800	0	
2	 2	 1	 2	sample53	1397	3197	1284	57600	0	
2	 2	 1	 3	sample53	949	2749	1028	111600	0	
2	 2	 1	 4	sample53	1038	2580	1028	43176	0	
2	 2	 1	 5	sample53	540	2340	514	70200	0	
2	 2	 1	 6	control	314	2114	256	72000	0	
2	 2	 2	 1	sample54	913	2713	1028	81000	0	
2	 2	 2	 2	sample54	1023	2823	1028	93600	0	
2	 2	 2	 3	sample54	784	2584	770	70200	0	
2	 2	 2	 4	sample54	820	2362	772	57054	0	
2	 2	 2	 5	sample54	572	2114	514	61680	0	
2	 2	 2	 6	control	675	2217	514	61680	0	
2	 2	 3	 1	sample55	1084	2626	1028	78642	0	
2	 2	 3	 2	sample55	1154	2696	1028	75558	0	
2	 2	 3	 3	sample55	916	2458	772	63222	0	
2	 2	 3	 4	sample55	456	1998	514	53970	0	
2	 2	 3	 5	sample55	442	1984	514	60138	0	
2	 2	 3	 6	control	225	1767	258	61680	0	
2	 2	 4	 1	sample56	900	2442	772	61680	0	
2	 2	 4	 2	sample56	628	2170	514	66306	0	
2	 2	 4	 3	sample56	788	2074	770	57870	0	
2	 2	 4	 4	sample56	681	1967	770	51440	0	
2	 2	 4	 5	sample56	546	1832	514	51440	0	
2	 2	 4	 6	control	1017	2303	770	30864	0	
2	 3	 1	 1	sample57	1223	3279	1284	197376	0	
2	 3	 1	 2	sample57	1436	3492	1542	125416	0	
2	 3	 1	 3	sample57	1449	3247	1286	98890	0	
2	 3	 1	 4	sample57	842	2640	772	71920	0	
2	 3	 1	 5	sample57	682	2480	514	88102	0	
2	 3	 1	 6	control	506	2048	514	53970	0	
2	 3	 2	 1	sample58	765	2821	770	102800	0	
2	 3	 2	 2	sample58	845	2643	772	118668	0	
2	 3	 2	 3	sample58	594	2392	514	80910	0	
2	 3	 2	 4	sample58	566	2364	514	35960	0	
2	 3	 2	 5	sample58	535	2077	514	74016	0	
2	 3	 2	 6	control	1168	2710	1028	50886	0	
2	 3	 3	 1	sample59	1567	3365	1542	111476	0	
2	 3	 3	 2	sample59	1633	3431	1542	174406	0	
2	 3	 3	 3	sample59	1371	3169	1286	91698	0	
2	 3	 3	 4	sample59	1102	2644	1028	74016	0	
2	 3	 3	 5	sample59	649	2191	514	61680	0	
2	 3	 3	 6	control	706	2248	514	24672	0	
2	 3	 4	 1	sample60	1195	2737	1284	30840	0	
2	 3	 4	 2	sample60	648	2190	770	70932	0	
2	 3	 4	 3	sample60	379	1921	256	61680	0	
2	 3	 4	 4	sample60	425	1967	256	53970	0	
2	 3	 4	 5	sample60	154	1696	0	61680	0	
2	 3	 4	 6	control	599	2141	514	37008	0	
2	 4	 1	 1	sample61	709	2251	770	174246	0	
2	 4	 1	 2	sample61	812	2354	770	95604	0	
2	 4	 1	 3	sample61	873	2415	770	30840	0	
2	 4	 1	 4	sample61	770	2312	770	26214	0	
2	 4	 1	 5	sample61	452	1994	514	38550	0	
2	 4	 1	 6	control	299	1841	256	64764	0	
2	 4	 2	 1	sample62	1122	2664	1028	87894	0	
2	 4	 2	 2	sample62	1028	2570	1028	63222	0	
2	 4	 2	 3	sample62	612	2154	514	72474	0	
2	 4	 2	 4	sample62	314	1856	256	61680	0	
2	 4	 2	 5	sample62	332	1874	256	63222	0	
2	 4	 2	 6	control	645	2187	770	66306	0	
2	 4	 3	 1	sample63	1095	2637	1028	87894	0	
2	 4	 3	 2	sample63	874	2416	770	80184	0	
2	 4	 3	 3	sample63	616	2158	514	104856	0	
2	 4	 3	 4	sample63	690	2232	514	24672	0	
2	 4	 3	 5	sample63	283	1825	256	75558	0	
2	 4	 3	 6	control	458	2000	514	21588	0	
2	 4	 4	 1	sample64	648	2190	770	61680	0	
2	 4	 4	 2	sample64	494	2036	514	61680	0	
2	 4	 4	 3	sample64	442	1984	514	27756	0	
2	 4	 4	 4	sample64	499	1783	514	42372	0	
2	 4	 4	 5	sample64	611	1895	514	41088	0	
2	 4	 4	 6	control	436	1978	256	61680	0	
2	 5	 1	 1	sample65	1043	2329	1028	126028	0	
2	 5	 1	 2	sample65	1163	2449	1284	95164	0	
2	 5	 1	 3	sample65	1075	2361	770	55298	0	
2	 5	 1	 4	sample65	1037	2323	770	36008	0	
2	 5	 1	 5	sample65	459	1745	514	24434	0	
2	 5	 1	 6	control	308	1594	256	51440	0	
2	 5	 2	 1	sample66	738	2024	514	51440	0	
2	 5	 2	 2	sample66	954	2240	770	27006	0	
2	 5	 2	 3	sample66	713	1999	514	51440	0	
2	 5	 2	 4	sample66	513	1799	256	51440	0	
2	 5	 2	 5	sample66	514	1800	514	42438	0	
2	 5	 2	 6	control	552	1838	514	51440	0	
2	 5	 3	 1	sample67	745	2031	514	65586	0	
2	 5	 3	 2	sample67	1060	2346	1028	51440	0	
2	 5	 3	 3	sample67	783	2069	770	51440	0	
2	 5	 3	 4	sample67	481	1767	256	51440	0	
2	 5	 3	 5	sample67	616	1902	514	25720	0	
2	 5	 3	 6	control	231	1517	0	51440	0	
2	 5	 4	 1	sample68	1186	2472	1284	100308	0	
2	 5	 4	 2	sample68	1077	2363	1028	46296	0	
2	 5	 4	 3	sample68	1153	2439	1028	65586	0	
2	 5	 4	 4	sample68	642	1928	514	51440	0	
2	 5	 4	 5	sample68	411	1697	256	51440	0	
2	 5	 4	 6	control	526	1812	514	51440	0	
2	 6	 1	 1	sample69	920	2206	770	144032	0	
2	 6	 1	 2	sample69	880	2166	770	129886	0	
2	 6	 1	 3	sample69	1037	2323	1028	108024	0	
2	 6	 1	 4	sample69	1119	2147	1028	38036	0	
2	 6	 1	 5	sample69	687	1973	514	63014	0	
2	 6	 1	 6	control	659	1945	514	50154	0	
2	 6	 2	 1	sample70	1092	2378	1028	25720	0	
2	 6	 2	 2	sample70	1022	2308	1028	64300	0	
2	 6	 2	 3	sample70	888	2174	770	59156	0	
2	 6	 2	 4	sample70	1107	2393	1028	16718	0	
2	 6	 2	 5	sample70	652	1938	514	47582	0	
2	 6	 2	 6	control	940	2226	1028	45010	0	
2	 6	 3	 1	sample71	735	2021	770	65586	0	
2	 6	 3	 2	sample71	797	2083	770	61728	0	
2	 6	 3	 3	sample71	608	1894	514	63014	0	
2	 6	 3	 4	sample71	811	2097	770	24434	0	
2	 6	 3	 5	sample71	430	1716	514	51440	0	
2	 6	 3	 6	control	648	1934	770	24434	0	
2	 6	 4	 1	sample72	764	2050	770	51440	0	
2	 6	 4	 2	sample72	752	2038	770	52726	0	
2	 6	 4	 3	sample72	620	1906	514	52726	0	
2	 6	 4	 4	sample72	672	1958	770	50154	0	
2	 6	 4	 5	sample72	469	1755	256	51440	0	
2	 6	 4	 6	control	713	1999	514	39866	0	
2	 7	 1	 1	sample73	952	2494	770	63222	0	
2	 7	 1	 2	sample73	732	2274	770	92520	0	
2	 7	 1	 3	sample73	829	2113	772	62916	0	
2	 7	 1	 4	sample73	669	2211	770	50886	0	
2	 7	 1	 5	sample73	514	2056	514	69390	0	
2	 7	 1	 6	control	269	1811	256	61680	0	
2	 7	 2	 1	sample74	745	2287	514	77100	0	
2	 7	 2	 2	sample74	915	2457	770	84810	0	
2	 7	 2	 3	sample74	710	2252	770	72474	0	
2	 7	 2	 4	sample74	719	2261	770	61680	0	
2	 7	 2	 5	sample74	721	2263	770	40092	0	
2	 7	 2	 6	control	850	2392	770	64764	0	
2	 7	 3	 1	sample75	451	1993	514	44718	0	
2	 7	 3	 2	sample75	758	2300	514	32382	0	
2	 7	 3	 3	sample75	462	2004	514	61680	0	
2	 7	 3	 4	sample75	616	2158	514	30840	0	
2	 7	 3	 5	sample75	637	1921	514	51360	0	
2	 7	 3	 6	control	501	2043	514	30840	0	
2	 7	 4	 1	sample76	890	2432	770	69390	0	
2	 7	 4	 2	sample76	554	2096	514	67848	0	
2	 7	 4	 3	sample76	519	2061	514	69390	0	
2	 7	 4	 4	sample76	647	2189	514	41634	0	
2	 7	 4	 5	sample76	725	2267	770	26214	0	
2	 7	 4	 6	control	417	1959	514	61680	0	
2	 8	 1	 1	sample77	927	2983	770	195320	0	
2	 8	 1	 2	sample77	1076	3132	1028	162424	0	
2	 8	 1	 3	sample77	825	2881	770	96632	0	
2	 8	 1	 4	sample77	481	2537	514	82240	0	
2	 8	 1	 5	sample77	321	2377	256	82240	0	
2	 8	 1	 6	control	256	2312	256	86352	0	
2	 8	 2	 1	sample78	642	2698	514	82240	0	
2	 8	 2	 2	sample78	554	2610	514	90464	0	
2	 8	 2	 3	sample78	422	2478	514	92520	0	
2	 8	 2	 4	sample78	295	2351	256	82240	0	
2	 8	 2	 5	sample78	269	2325	256	82240	0	
2	 8	 2	 6	control	625	2681	514	94576	0	
2	 8	 3	 1	sample79	979	3035	1028	65792	0	
2	 8	 3	 2	sample79	1068	3124	1028	39064	0	
2	 8	 3	 3	sample79	629	2685	514	104856	0	
2	 8	 3	 4	sample79	529	2585	514	67848	0	
2	 8	 3	 5	sample79	308	2364	0	82240	0	
2	 8	 3	 6	control	218	2274	256	82240	0	
2	 8	 4	 1	sample80	662	2718	514	53456	0	
2	 8	 4	 2	sample80	334	2390	256	82240	0	
2	 8	 4	 3	sample80	340	2396	256	82240	0	
2	 8	 4	 4	sample80	224	2280	256	82240	0	
2	 8	 4	 5	sample80	141	2197	0	82240	0	
2	 8	 4	 6	control	350	2406	256	90464	0	
2	 9	 1	 1	sample81	947	2747	770	81000	0	
2	 9	 1	 2	sample81	1184	2726	1028	43176	0	
2	 9	 1	 3	sample81	686	2228	514	74016	0	
2	 9	 1	 4	sample81	566	2108	514	61680	0	
2	 9	 1	 5	sample81	604	2146	514	61680	0	
2	 9	 1	 6	control	367	1909	258	61680	0	
2	 9	 2	 1	sample82	1555	3355	1028	66600	0	
2	 9	 2	 2	sample82	939	2739	770	46800	0	
2	 9	 2	 3	sample82	816	2358	772	61680	0	
2	 9	 2	 4	sample82	1000	2542	772	27756	0	
2	 9	 2	 5	sample82	585	2127	514	67848	0	
2	 9	 2	 6	control	836	2378	772	55512	0	
2	 9	 3	 1	sample83	744	2544	770	86400	0	
2	 9	 3	 2	sample83	501	2301	514	72000	0	
2	 9	 3	 3	sample83	706	2506	514	36000	0	
2	 9	 3	 4	sample83	503	2045	514	67848	0	
2	 9	 3	 5	sample83	562	2104	514	41634	0	
2	 9	 3	 6	control	534	2076	514	40092	0	
2	 9	 4	 1	sample84	579	2379	514	77400	0	
2	 9	 4	 2	sample84	391	2191	256	72000	0	
2	 9	 4	 3	sample84	617	2159	514	77100	0	
2	 9	 4	 4	sample84	495	2037	514	61680	0	
2	 9	 4	 5	sample84	463	2005	514	61680	0	
2	 9	 4	 6	control	882	2424	772	53970	0	
2	 10	 1	 1	sample85	1042	2326	1028	51360	0	
2	 10	 1	 2	sample85	1157	2441	1028	46224	0	
2	 10	 1	 3	sample85	1046	2330	772	37236	0	
2	 10	 1	 4	sample85	1126	2410	772	26964	0	
2	 10	 1	 5	sample85	553	1837	258	51360	0	
2	 10	 1	 6	control	457	1741	258	39804	0	
2	 10	 2	 1	sample86	913	2455	770	41634	0	
2	 10	 2	 2	sample86	1052	2336	772	28248	0	
2	 10	 2	 3	sample86	656	1940	514	51360	0	
2	 10	 2	 4	sample86	495	1779	258	51360	0	
2	 10	 2	 5	sample86	444	1728	258	51360	0	
2	 10	 2	 6	control	1090	2374	1028	26964	0	
2	 10	 3	 1	sample87	1029	2313	772	24396	0	
2	 10	 3	 2	sample87	526	2068	514	61680	0	
2	 10	 3	 3	sample87	643	1927	514	51360	0	
2	 10	 3	 4	sample87	470	1754	258	51360	0	
2	 10	 3	 5	sample87	521	1805	514	50076	0	
2	 10	 3	 6	control	463	1747	258	51360	0	
2	 10	 4	 1	sample88	630	1914	514	51360	0	
2	 10	 4	 2	sample88	1043	2327	1028	23112	0	
2	 10	 4	 3	sample88	508	1792	258	51360	0	
2	 10	 4	 4	sample88	533	1817	514	35952	0	
2	 10	 4	 5	sample88	392	1676	258	51360	0	
2	 10	 4	 6	control	245	1529	258	51360	0	
2	 11	 1	 1	sample89	1046	2844	1028	186992	0	
2	 11	 1	 2	sample89	1322	3120	1286	127658	0	
2	 11	 1	 3	sample89	849	2647	772	125860	0	
2	 11	 1	 4	sample89	1039	2837	1028	44950	0	
2	 11	 1	 5	sample89	715	2771	770	76072	0	
2	 11	 1	 6	control	660	2716	514	43176	0	
2	 11	 2	 1	sample90	812	2610	772	68324	0	
2	 11	 2	 2	sample90	977	2775	772	35960	0	
2	 11	 2	 3	sample90	426	2482	514	102800	0	
2	 11	 2	 4	sample90	470	2526	514	84296	0	
2	 11	 2	 5	sample90	393	2449	256	96632	0	
2	 11	 2	 6	control	651	2707	514	207656	0	
2	 11	 3	 1	sample91	937	2735	772	80910	0	
2	 11	 3	 2	sample91	920	2718	772	34162	0	
2	 11	 3	 3	sample91	652	2450	514	77314	0	
2	 11	 3	 4	sample91	728	2784	770	49344	0	
2	 11	 3	 5	sample91	391	2447	256	82240	0	
2	 11	 3	 6	control	525	2581	514	90464	0	
2	 11	 4	 1	sample92	598	2396	514	71920	0	
2	 11	 4	 2	sample92	684	2482	772	73718	0	
2	 11	 4	 3	sample92	529	2327	514	62930	0	
2	 11	 4	 4	sample92	495	2293	514	71920	0	
2	 11	 4	 5	sample92	199	2255	256	82240	0	
2	 11	 4	 6	control	532	2588	514	86352	0	
2	 12	 1	 1	sample93	681	3251	772	131070	0	
2	 12	 1	 2	sample93	852	3422	772	89950	0	
2	 12	 1	 3	sample93	521	3091	514	102800	0	
2	 12	 1	 4	sample93	655	3483	514	113120	0	
2	 12	 1	 5	sample93	341	3425	258	123360	0	
2	 12	 1	 6	control	263	3605	256	133680	0	
2	 12	 2	 1	sample94	788	3102	770	101816	0	
2	 12	 2	 2	sample94	472	3042	514	123360	0	
2	 12	 2	 3	sample94	572	3142	514	102800	0	
2	 12	 2	 4	sample94	446	3274	514	107464	0	
2	 12	 2	 5	sample94	417	3245	256	113120	0	
2	 12	 2	 6	control	661	4003	770	133680	0	
2	 12	 3	 1	sample95	1027	3341	1028	87932	0	
2	 12	 3	 2	sample95	547	3117	514	102800	0	
2	 12	 3	 3	sample95	637	3207	258	102800	0	
2	 12	 3	 4	sample95	314	3142	256	113120	0	
2	 12	 3	 5	sample95	333	3161	256	113120	0	
2	 12	 3	 6	control	154	3496	0	133680	0	
2	 12	 4	 1	sample96	827	3141	770	94874	0	
2	 12	 4	 2	sample96	668	2982	770	69420	0	
2	 12	 4	 3	sample96	206	2776	258	102800	0	
2	 12	 4	 4	sample96	393	2963	258	102800	0	
2	 12	 4	 5	sample96	301	3129	256	113120	0	
2	 12	 4	 6	control	398	3740	514	133680	0	
3	 1	 1	 1	sample97	1033	2319	1028	65586	0	
3	 1	 1	 2	sample97	1196	2482	1028	66872	0	
3	 1	 1	 3	sample97	1028	2314	1028	46296	0	
3	 1	 1	 4	sample97	1003	2289	1028	54012	0	
3	 1	 1	 5	sample97	675	1961	770	59156	0	
3	 1	 1	 6	control	604	2146	514	30840	0	
3	 1	 2	 1	sample98	1866	3152	1798	118312	0	
3	 1	 2	 2	sample98	1176	2718	1286	123360	0	
3	 1	 2	 3	sample98	695	1981	514	43724	0	
3	 1	 2	 4	sample98	1115	2401	1028	64300	0	
3	 1	 2	 5	sample98	846	2132	770	65586	0	
3	 1	 2	 6	control	1271	2557	1284	95164	0	
3	 1	 3	 1	sample99	694	2236	514	61680	0	
3	 1	 3	 2	sample99	771	2313	772	70932	0	
3	 1	 3	 3	sample99	794	2336	772	52428	0	
3	 1	 3	 4	sample99	725	2267	772	67848	0	
3	 1	 3	 5	sample99	720	2006	514	59156	0	
3	 1	 3	 6	control	499	1785	514	46296	0	
3	 1	 4	 1	sample100	622	2422	514	68400	0	
3	 1	 4	 2	sample100	662	2204	514	61680	0	
3	 1	 4	 3	sample100	509	2051	514	66306	0	
3	 1	 4	 4	sample100	438	1980	258	72474	0	
3	 1	 4	 5	sample100	868	2410	772	24672	0	
3	 1	 4	 6	control	610	1896	514	51440	0	
3	 2	 1	 1	sample101	1081	2879	1028	70122	0	
3	 2	 1	 2	sample101	1033	2831	1028	91698	0	
3	 2	 1	 3	sample101	572	2370	514	71920	0	
3	 2	 1	 4	sample101	570	2368	514	75516	0	
3	 2	 1	 5	sample101	431	2229	258	71920	0	
3	 2	 1	 6	control	213	2011	258	71920	0	
3	 2	 2	 1	sample102	612	2668	514	26728	0	
3	 2	 2	 2	sample102	737	2535	772	93496	0	
3	 2	 2	 3	sample102	489	2287	514	71920	0	
3	 2	 2	 4	sample102	671	2469	772	32364	0	
3	 2	 2	 5	sample102	315	2113	258	71920	0	
3	 2	 2	 6	control	784	2582	772	73718	0	
3	 2	 3	 1	sample103	1121	3177	1028	106912	0	
3	 2	 3	 2	sample103	1134	2932	1028	161820	0	
3	 2	 3	 3	sample103	1097	3153	1028	76072	0	
3	 2	 3	 4	sample103	998	2796	1028	89900	0	
3	 2	 3	 5	sample103	669	2467	514	62930	0	
3	 2	 3	 6	control	673	2215	514	32382	0	
3	 2	 4	 1	sample104	630	2428	514	71920	0	
3	 2	 4	 2	sample104	611	2409	514	71920	0	
3	 2	 4	 3	sample104	630	2428	514	71920	0	
3	 2	 4	 4	sample104	345	2143	258	79112	0	
3	 2	 4	 5	sample104	591	2133	256	61680	0	
3	 2	 4	 6	control	341	2139	258	71920	0	
3	 3	 1	 1	sample105	1469	3267	1542	37758	0	
3	 3	 1	 2	sample105	1330	3128	1286	52142	0	
3	 3	 1	 3	sample105	931	2729	772	66526	0	
3	 3	 1	 4	sample105	814	2612	772	53940	0	
3	 3	 1	 5	sample105	515	2313	514	71920	0	
3	 3	 1	 6	control	500	2298	514	32364	0	
3	 3	 2	 1	sample106	1299	3097	1286	34162	0	
3	 3	 2	 2	sample106	827	2625	772	66526	0	
3	 3	 2	 3	sample106	686	2484	514	80910	0	
3	 3	 2	 4	sample106	551	2349	514	88102	0	
3	 3	 2	 5	sample106	819	2361	770	57054	0	
3	 3	 2	 6	control	805	2603	772	82708	0	
3	 3	 3	 1	sample107	921	2463	770	70932	0	
3	 3	 3	 2	sample107	1027	2569	1028	33924	0	
3	 3	 3	 3	sample107	693	2235	770	66306	0	
3	 3	 3	 4	sample107	539	2081	514	61680	0	
3	 3	 3	 5	sample107	832	2374	770	44718	0	
3	 3	 3	 6	control	770	2312	770	52428	0	
3	 3	 4	 1	sample108	932	2474	770	53970	0	
3	 3	 4	 2	sample108	539	2081	514	61680	0	
3	 3	 4	 3	sample108	469	2011	514	61680	0	
3	 3	 4	 4	sample108	488	2030	514	61680	0	
3	 3	 4	 5	sample108	708	2250	514	44718	0	
3	 3	 4	 6	control	718	2260	514	52428	0	
3	 4	 1	 1	sample109	806	2090	772	132252	0	
3	 4	 1	 2	sample109	1286	2570	1286	116844	0	
3	 4	 1	 3	sample109	1051	2335	1028	44940	0	
3	 4	 1	 4	sample109	650	1934	514	46224	0	
3	 4	 1	 5	sample109	625	1909	514	56496	0	
3	 4	 1	 6	control	251	1535	258	51360	0	
3	 4	 2	 1	sample110	980	2522	770	41634	0	
3	 4	 2	 2	sample110	716	2258	770	138780	0	
3	 4	 2	 3	sample110	1142	2426	1028	64200	0	
3	 4	 2	 4	sample110	674	1958	514	53928	0	
3	 4	 2	 5	sample110	617	1901	514	51360	0	
3	 4	 2	 6	control	958	2242	1028	42372	0	
3	 4	 3	 1	sample111	927	2469	770	70932	0	
3	 4	 3	 2	sample111	706	2248	514	74016	0	
3	 4	 3	 3	sample111	832	2116	772	60348	0	
3	 4	 3	 4	sample111	825	2109	772	30816	0	
3	 4	 3	 5	sample111	579	1863	514	51360	0	
3	 4	 3	 6	control	514	1798	514	51360	0	
3	 4	 4	 1	sample112	670	1954	514	48792	0	
3	 4	 4	 2	sample112	592	1876	514	51360	0	
3	 4	 4	 3	sample112	527	1811	514	51360	0	
3	 4	 4	 4	sample112	399	1683	258	51360	0	
3	 4	 4	 5	sample112	476	1760	258	51360	0	
3	 4	 4	 6	control	470	1754	258	51360	0	
3	 5	 1	 1	sample113	954	2496	770	43176	0	
3	 5	 1	 2	sample113	960	2502	770	81726	0	
3	 5	 1	 3	sample113	603	2145	514	61680	0	
3	 5	 1	 4	sample113	545	2087	514	75558	0	
3	 5	 1	 5	sample113	533	2075	514	61680	0	
3	 5	 1	 6	control	289	1831	256	61680	0	
3	 5	 2	 1	sample114	833	2375	770	69390	0	
3	 5	 2	 2	sample114	945	2487	770	77100	0	
3	 5	 2	 3	sample114	756	2298	770	55512	0	
3	 5	 2	 4	sample114	552	2094	514	61680	0	
3	 5	 2	 5	sample114	611	2153	514	32382	0	
3	 5	 2	 6	control	839	2381	770	69390	0	
3	 5	 3	 1	sample115	910	2452	770	37008	0	
3	 5	 3	 2	sample115	923	2465	770	41634	0	
3	 5	 3	 3	sample115	650	2192	514	52428	0	
3	 5	 3	 4	sample115	359	1901	256	61680	0	
3	 5	 3	 5	sample115	622	1906	514	55212	0	
3	 5	 3	 6	control	625	1909	514	26964	0	
3	 5	 4	 1	sample116	760	2302	514	37008	0	
3	 5	 4	 2	sample116	321	1863	256	61680	0	
3	 5	 4	 3	sample116	540	1824	514	51360	0	
3	 5	 4	 4	sample116	691	1975	772	24396	0	
3	 5	 4	 5	sample116	418	1702	258	51360	0	
3	 5	 4	 6	control	522	1806	514	43656	0	
3	 6	 1	 1	sample117	1052	3108	1028	131584	0	
3	 6	 1	 2	sample117	1301	3099	1286	89900	0	
3	 6	 1	 3	sample117	922	2720	772	86304	0	
3	 6	 1	 4	sample117	656	2454	514	71920	0	
3	 6	 1	 5	sample117	889	2687	772	43152	0	
3	 6	 1	 6	control	648	2446	772	44950	0	
3	 6	 2	 1	sample118	617	2415	514	71920	0	
3	 6	 2	 2	sample118	959	2757	772	66526	0	
3	 6	 2	 3	sample118	663	2461	514	80910	0	
3	 6	 2	 4	sample118	596	2394	514	34162	0	
3	 6	 2	 5	sample118	739	2537	772	28768	0	
3	 6	 2	 6	control	854	2652	772	50344	0	
3	 6	 3	 1	sample119	816	2614	772	124062	0	
3	 6	 3	 2	sample119	947	2745	772	68324	0	
3	 6	 3	 3	sample119	634	2432	514	77314	0	
3	 6	 3	 4	sample119	707	2505	772	35960	0	
3	 6	 3	 5	sample119	610	2152	514	61680	0	
3	 6	 3	 6	control	500	2298	514	32364	0	
3	 6	 4	 1	sample120	829	2627	772	48546	0	
3	 6	 4	 2	sample120	617	2415	514	53940	0	
3	 6	 4	 3	sample120	418	2216	514	71920	0	
3	 6	 4	 4	sample120	200	1998	258	71920	0	
3	 6	 4	 5	sample120	3976	5518	1542	29298	0	
3	 6	 4	 6	control	219	2017	258	71920	0	
3	 7	 1	 1	sample121	987	2529	1028	75558	0	
3	 7	 1	 2	sample121	984	2526	1028	70932	0	
3	 7	 1	 3	sample121	592	2134	514	61680	0	
3	 7	 1	 4	sample121	504	2046	514	75558	0	
3	 7	 1	 5	sample121	532	2074	514	66306	0	
3	 7	 1	 6	control	129	1671	0	61680	0	
3	 7	 2	 1	sample122	700	2242	514	72474	0	
3	 7	 2	 2	sample122	883	2425	772	70932	0	
3	 7	 2	 3	sample122	341	1883	258	61680	0	
3	 7	 2	 4	sample122	247	1789	258	77100	0	
3	 7	 2	 5	sample122	373	1915	258	61680	0	
3	 7	 2	 6	control	890	2432	772	40092	0	
3	 7	 3	 1	sample123	606	2148	514	74016	0	
3	 7	 3	 2	sample123	808	2350	772	32382	0	
3	 7	 3	 3	sample123	441	1983	514	64764	0	
3	 7	 3	 4	sample123	369	1911	258	60138	0	
3	 7	 3	 5	sample123	323	1865	258	66306	0	
3	 7	 3	 6	control	3115	4657	1800	38550	0	
3	 7	 4	 1	sample124	1062	2604	1028	83268	0	
3	 7	 4	 2	sample124	749	2291	772	70932	0	
3	 7	 4	 3	sample124	659	2201	772	77100	0	
3	 7	 4	 4	sample124	238	1780	258	61680	0	
3	 7	 4	 5	sample124	425	1967	258	61680	0	
3	 7	 4	 6	control	476	2018	514	61680	0	
3	 8	 1	 1	sample125	1150	2950	1028	154800	0	
3	 8	 1	 2	sample125	1156	2956	1028	154800	0	
3	 8	 1	 3	sample125	937	2737	1028	91800	0	
3	 8	 1	 4	sample125	658	2458	514	86400	0	
3	 8	 1	 5	sample125	603	2403	514	77400	0	
3	 8	 1	 6	control	25.4	1825	0	72000	0	
3	 8	 2	 1	sample126	889	2689	770	93600	0	
3	 8	 2	 2	sample126	856	2656	770	91800	0	
3	 8	 2	 3	sample126	619	2419	514	91800	0	
3	 8	 2	 4	sample126	416	2216	256	81000	0	
3	 8	 2	 5	sample126	212	2012	256	72000	0	
3	 8	 2	 6	control	821	2363	772	72474	0	
3	 8	 3	 1	sample127	578	2378	514	72000	0	
3	 8	 3	 2	sample127	633	2433	514	81000	0	
3	 8	 3	 3	sample127	508	2308	514	75600	0	
3	 8	 3	 4	sample127	373	2173	256	75600	0	
3	 8	 3	 5	sample127	444	1986	514	61680	0	
3	 8	 3	 6	control	472	2014	514	37008	0	
3	 8	 4	 1	sample128	594	2394	514	63000	0	
3	 8	 4	 2	sample128	560	2360	514	39600	0	
3	 8	 4	 3	sample128	377	2177	256	88200	0	
3	 8	 4	 4	sample128	311	2111	256	68400	0	
3	 8	 4	 5	sample128	179	1979	256	72000	0	
3	 8	 4	 6	control	463	2005	514	61680	0	
3	 9	 1	 1	sample129	593	2135	514	80184	0	
3	 9	 1	 2	sample129	629	2171	514	61680	0	
3	 9	 1	 3	sample129	554	1838	514	50076	0	
3	 9	 1	 4	sample129	315	1599	258	51360	0	
3	 9	 1	 5	sample129	296	1580	258	51360	0	
3	 9	 1	 6	control	187	1471	258	51360	0	
3	 9	 2	 1	sample130	1069	2611	770	86352	0	
3	 9	 2	 2	sample130	453	1995	256	78642	0	
3	 9	 2	 3	sample130	652	1936	514	55212	0	
3	 9	 2	 4	sample130	341	1625	258	51360	0	
3	 9	 2	 5	sample130	402	1686	514	20544	0	
3	 9	 2	 6	control	655	1939	514	42372	0	
3	 9	 3	 1	sample131	440	1982	514	75558	0	
3	 9	 3	 2	sample131	907	2191	772	48792	0	
3	 9	 3	 3	sample131	621	1905	514	59064	0	
3	 9	 3	 4	sample131	492	1776	514	43656	0	
3	 9	 3	 5	sample131	318	1602	258	21828	0	
3	 9	 3	 6	control	77.6	1362	0	51360	0	
3	 9	 4	 1	sample132	869	2411	770	60138	0	
3	 9	 4	 2	sample132	650	1934	514	51360	0	
3	 9	 4	 3	sample132	679	1963	772	64200	0	
3	 9	 4	 4	sample132	489	1773	514	51360	0	
3	 9	 4	 5	sample132	450	1734	514	35952	0	
3	 9	 4	 6	control	415	1699	258	56496	0	
3	 10	 1	 1	sample133	1167	2451	1028	142524	0	
3	 10	 1	 2	sample133	1265	2549	1286	114276	0	
3	 10	 1	 3	sample133	1151	2435	1028	51360	0	
3	 10	 1	 4	sample133	605	1889	514	51360	0	
3	 10	 1	 5	sample133	704	1988	514	59064	0	
3	 10	 1	 6	control	270	1554	0	51360	0	
3	 10	 2	 1	sample134	1119	2403	1028	98868	0	
3	 10	 2	 2	sample134	1440	2724	1286	51360	0	
3	 10	 2	 3	sample134	1292	2576	1286	53928	0	
3	 10	 2	 4	sample134	718	2002	772	55212	0	
3	 10	 2	 5	sample134	617	1901	772	51360	0	
3	 10	 2	 6	control	667	1951	772	47508	0	
3	 10	 3	 1	sample135	766	2050	514	61632	0	
3	 10	 3	 2	sample135	629	1913	514	60348	0	
3	 10	 3	 3	sample135	1017	2045	770	25700	0	
3	 10	 3	 4	sample135	874	2158	514	25680	0	
3	 10	 3	 5	sample135	505	1789	514	34668	0	
3	 10	 3	 6	control	636	1664	514	45232	0	
3	 10	 4	 1	sample136	943	2227	772	30816	0	
3	 10	 4	 2	sample136	623	1907	514	42372	0	
3	 10	 4	 3	sample136	552	1836	514	52644	0	
3	 10	 4	 4	sample136	604	1632	514	38036	0	
3	 10	 4	 5	sample136	290	1574	258	51360	0	
3	 10	 4	 6	control	748	2032	514	42372	0	
3	 11	 1	 1	sample137	1485	3027	1542	55512	0	
3	 11	 1	 2	sample137	1186	2728	1028	123360	0	
3	 11	 1	 3	sample137	905	2447	772	77100	0	
3	 11	 1	 4	sample137	600	2142	514	69390	0	
3	 11	 1	 5	sample137	637	2179	514	61680	0	
3	 11	 1	 6	control	630	2172	772	30840	0	
3	 11	 2	 1	sample138	890	2432	772	57054	0	
3	 11	 2	 2	sample138	871	2413	772	75558	0	
3	 11	 2	 3	sample138	637	2179	772	61680	0	
3	 11	 2	 4	sample138	495	2037	514	60138	0	
3	 11	 2	 5	sample138	521	2063	514	61680	0	
3	 11	 2	 6	control	522	2322	514	52200	0	
3	 11	 3	 1	sample139	1881	3423	1542	111024	0	
3	 11	 3	 2	sample139	1297	2839	1286	70932	0	
3	 11	 3	 3	sample139	807	2349	772	78642	0	
3	 11	 3	 4	sample139	718	2260	772	44718	0	
3	 11	 3	 5	sample139	591	2133	514	72474	0	
3	 11	 3	 6	control	173	1973	256	72000	0	
3	 11	 4	 1	sample140	638	2180	772	35466	0	
3	 11	 4	 2	sample140	437	1979	514	61680	0	
3	 11	 4	 3	sample140	341	1883	258	61680	0	
3	 11	 4	 4	sample140	225	1767	258	61680	0	
3	 11	 4	 5	sample140	265	2065	256	57600	0	
3	 11	 4	 6	control	211	2011	256	72000	0	
3	 12	 1	 1	sample141	700	1986	514	51440	0	
3	 12	 1	 2	sample141	702	2244	772	57054	0	
3	 12	 1	 3	sample141	632	2174	514	70932	0	
3	 12	 1	 4	sample141	353	2153	256	72000	0	
3	 12	 1	 5	sample141	627	2427	514	77400	0	
3	 12	 1	 6	control	282	2596	256	92560	0	
3	 12	 2	 1	sample142	850	2136	770	66872	0	
3	 12	 2	 2	sample142	749	2291	772	70932	0	
3	 12	 2	 3	sample142	829	2371	772	61680	0	
3	 12	 2	 4	sample142	558	2358	514	72000	0	
3	 12	 2	 5	sample142	472	2528	258	86352	0	
3	 12	 2	 6	control	1096	3410	1028	78676	0	
3	 12	 3	 1	sample143	974	2260	1028	79732	0	
3	 12	 3	 2	sample143	677	2219	772	75558	0	
3	 12	 3	 3	sample143	571	2371	514	72000	0	
3	 12	 3	 4	sample143	687	2487	514	72000	0	
3	 12	 3	 5	sample143	393	2449	514	34952	0	
3	 12	 3	 6	control	379	2693	256	92560	0	
3	 12	 4	 1	sample144	827	2369	772	78642	0	
3	 12	 4	 2	sample144	971	2513	1028	89436	0	
3	 12	 4	 3	sample144	875	2675	770	57600	0	
3	 12	 4	 4	sample144	541	2341	514	68400	0	
3	 12	 4	 5	sample144	360	2416	258	82240	0	
3	 12	 4	 6	control	720	3290	772	38550	0	
4	 1	 1	 1	sample145	637	2693	514	82240	0	
4	 1	 1	 2	sample145	782	2582	770	84600	0	
4	 1	 1	 3	sample145	930	2472	1028	40092	0	
4	 1	 1	 4	sample145	708	1994	770	52726	0	
4	 1	 1	 5	sample145	475	1761	514	51440	0	
4	 1	 1	 6	control	437	1465	514	41120	0	
4	 1	 2	 1	sample146	977	3547	1028	102800	0	
4	 1	 2	 2	sample146	1135	3191	1028	84296	0	
4	 1	 2	 3	sample146	1028	2828	1028	66600	0	
4	 1	 2	 4	sample146	978	2520	1028	70932	0	
4	 1	 2	 5	sample146	746	2288	772	46260	0	
4	 1	 2	 6	control	1162	2448	1028	27006	0	
4	 1	 3	 1	sample147	1696	5038	1542	133680	0	
4	 1	 3	 2	sample147	1273	4101	1284	130088	0	
4	 1	 3	 3	sample147	1055	3369	1028	87932	0	
4	 1	 3	 4	sample147	918	2974	772	28784	0	
4	 1	 3	 5	sample147	836	2636	770	70200	0	
4	 1	 3	 6	control	282	2082	256	72000	0	
4	 1	 4	 1	sample148	1189	5301	1286	164480	0	
4	 1	 4	 2	sample148	958	4042	772	123360	0	
4	 1	 4	 3	sample148	759	3329	772	102800	0	
4	 1	 4	 4	sample148	643	2699	772	82240	0	
4	 1	 4	 5	sample148	480	2536	514	61680	0	
4	 1	 4	 6	control	475	2275	514	72000	0	
4	 2	 1	 1	sample149	1270	2812	1028	27756	0	
4	 2	 1	 2	sample149	1298	2840	1028	29298	0	
4	 2	 1	 3	sample149	945	2229	772	51360	0	
4	 2	 1	 4	sample149	583	2125	514	57054	0	
4	 2	 1	 5	sample149	611	1895	514	51360	0	
4	 2	 1	 6	control	392	1676	258	51360	0	
4	 2	 2	 1	sample150	1362	2904	1284	77100	0	
4	 2	 2	 2	sample150	1475	3017	1284	41634	0	
4	 2	 2	 3	sample150	1239	2781	1284	26214	0	
4	 2	 2	 4	sample150	791	2333	770	77100	0	
4	 2	 2	 5	sample150	807	2349	770	43176	0	
4	 2	 2	 6	control	859	2401	770	53970	0	
4	 2	 3	 1	sample151	620	2676	514	98688	0	
4	 2	 3	 2	sample151	598	2396	514	71920	0	
4	 2	 3	 3	sample151	1017	2815	772	41354	0	
4	 2	 3	 4	sample151	495	2293	514	71920	0	
4	 2	 3	 5	sample151	634	2432	514	53940	0	
4	 2	 3	 6	control	431	2229	258	71920	0	
4	 2	 4	 1	sample152	636	2692	514	82240	0	
4	 2	 4	 2	sample152	719	2775	770	61680	0	
4	 2	 4	 3	sample152	607	2663	770	84296	0	
4	 2	 4	 4	sample152	497	2553	514	63736	0	
4	 2	 4	 5	sample152	681	2737	770	41120	0	
4	 2	 4	 6	control	534	2332	514	71920	0	
4	 3	 1	 1	sample153	914	2456	770	80184	0	
4	 3	 1	 2	sample153	1395	2679	1286	78324	0	
4	 3	 1	 3	sample153	907	2191	772	68052	0	
4	 3	 1	 4	sample153	943	2227	772	26964	0	
4	 3	 1	 5	sample153	692	1720	770	47288	0	
4	 3	 1	 6	control	619	1647	514	22616	0	
4	 3	 2	 1	sample154	858	2400	770	77100	0	
4	 3	 2	 2	sample154	816	2358	770	69390	0	
4	 3	 2	 3	sample154	508	2050	514	75558	0	
4	 3	 2	 4	sample154	592	1876	514	51360	0	
4	 3	 2	 5	sample154	373	1657	258	65484	0	
4	 3	 2	 6	control	702	1986	772	61632	0	
4	 3	 3	 1	sample155	663	2461	514	93496	0	
4	 3	 3	 2	sample155	814	2612	772	53940	0	
4	 3	 3	 3	sample155	573	2115	514	66306	0	
4	 3	 3	 4	sample155	353	1895	256	61680	0	
4	 3	 3	 5	sample155	393	1677	258	51360	0	
4	 3	 3	 6	control	50.9	1593	0	61680	0	
4	 3	 4	 1	sample156	1419	3217	1286	97092	0	
4	 3	 4	 2	sample156	1157	2955	1028	64728	0	
4	 3	 4	 3	sample156	915	2713	1028	93496	0	
4	 3	 4	 4	sample156	811	2353	770	78642	0	
4	 3	 4	 5	sample156	567	1851	514	56496	0	
4	 3	 4	 6	control	507	1791	514	44940	0	
4	 4	 1	 1	sample157	1194	2478	1028	35952	0	
4	 4	 1	 2	sample157	989	2273	772	66768	0	
4	 4	 1	 3	sample157	891	2175	772	55212	0	
4	 4	 1	 4	sample157	771	2055	772	41088	0	
4	 4	 1	 5	sample157	862	2146	772	25680	0	
4	 4	 1	 6	control	276	1818	256	61680	0	
4	 4	 2	 1	sample158	749	2291	770	74016	0	
4	 4	 2	 2	sample158	819	2103	772	62916	0	
4	 4	 2	 3	sample158	492	2034	514	72474	0	
4	 4	 2	 4	sample158	664	1948	514	61632	0	
4	 4	 2	 5	sample158	434	1976	514	44718	0	
4	 4	 2	 6	control	639	2181	514	72474	0	
4	 4	 3	 1	sample159	932	2474	1028	137238	0	
4	 4	 3	 2	sample159	1118	2660	1028	74016	0	
4	 4	 3	 3	sample159	1180	2722	1028	57054	0	
4	 4	 3	 4	sample159	754	2296	770	74016	0	
4	 4	 3	 5	sample159	661	2203	514	61680	0	
4	 4	 3	 6	control	270	2068	258	71920	0	
4	 4	 4	 1	sample160	732	2016	772	59064	0	
4	 4	 4	 2	sample160	786	2328	770	26214	0	
4	 4	 4	 3	sample160	920	2204	772	24396	0	
4	 4	 4	 4	sample160	667	1951	514	34668	0	
4	 4	 4	 5	sample160	502	1786	514	51360	0	
4	 4	 4	 6	control	868	2152	772	41088	0	
4	 5	 1	 1	sample161	1219	3017	1028	48546	0	
4	 5	 1	 2	sample161	1004	2546	1028	134154	0	
4	 5	 1	 3	sample161	861	2403	770	61680	0	
4	 5	 1	 4	sample161	1019	2561	1028	44718	0	
4	 5	 1	 5	sample161	514	2056	514	74016	0	
4	 5	 1	 6	control	244	1786	256	61680	0	
4	 5	 2	 1	sample162	1230	3028	1286	149234	0	
4	 5	 2	 2	sample162	1322	3120	1286	75516	0	
4	 5	 2	 3	sample162	1192	2734	1284	137238	0	
4	 5	 2	 4	sample162	968	2510	1028	66306	0	
4	 5	 2	 5	sample162	823	2365	770	75558	0	
4	 5	 2	 6	control	782	2324	770	67848	0	
4	 5	 3	 1	sample163	766	2564	772	88102	0	
4	 5	 3	 2	sample163	548	2346	514	68324	0	
4	 5	 3	 3	sample163	461	2259	514	77314	0	
4	 5	 3	 4	sample163	604	2402	514	35960	0	
4	 5	 3	 5	sample163	514	2056	514	61680	0	
4	 5	 3	 6	control	346	1888	256	61680	0	
4	 5	 4	 1	sample164	1285	2569	1028	29532	0	
4	 5	 4	 2	sample164	1055	2339	1028	37236	0	
4	 5	 4	 3	sample164	934	2218	1028	59064	0	
4	 5	 4	 4	sample164	686	1970	514	61632	0	
4	 5	 4	 5	sample164	643	1927	514	51360	0	
4	 5	 4	 6	control	501	2043	514	64764	0	
4	 6	 1	 1	sample165	629	1915	770	51440	0	
4	 6	 1	 2	sample165	926	2212	1028	68158	0	
4	 6	 1	 3	sample165	634	1920	514	63014	0	
4	 6	 1	 4	sample165	674	1960	514	30864	0	
4	 6	 1	 5	sample165	618	1646	514	48316	0	
4	 6	 1	 6	control	122	1408	0	51440	0	
4	 6	 2	 1	sample166	693	1979	770	51440	0	
4	 6	 2	 2	sample166	786	2072	770	63014	0	
4	 6	 2	 3	sample166	611	1897	514	57870	0	
4	 6	 2	 4	sample166	475	1761	514	60442	0	
4	 6	 2	 5	sample166	315	1601	256	56584	0	
4	 6	 2	 6	control	899	2185	770	33436	0	
4	 6	 3	 1	sample167	893	2435	772	55512	0	
4	 6	 3	 2	sample167	614	2156	514	75558	0	
4	 6	 3	 3	sample167	558	2100	514	63222	0	
4	 6	 3	 4	sample167	758	2044	770	52726	0	
4	 6	 3	 5	sample167	348	1890	258	57054	0	
4	 6	 3	 6	control	287	1829	258	67848	0	
4	 6	 4	 1	sample168	613	1899	514	56584	0	
4	 6	 4	 2	sample168	669	1955	514	42438	0	
4	 6	 4	 3	sample168	418	1960	514	37008	0	
4	 6	 4	 4	sample168	368	1910	258	64764	0	
4	 6	 4	 5	sample168	340	1882	258	72474	0	
4	 6	 4	 6	control	360	1902	258	77100	0	
4	 7	 1	 1	sample169	1187	2473	1028	54012	0	
4	 7	 1	 2	sample169	1233	2519	1284	32150	0	
4	 7	 1	 3	sample169	817	2103	770	50154	0	
4	 7	 1	 4	sample169	345	1631	514	45010	0	
4	 7	 1	 5	sample169	373	1659	256	39866	0	
4	 7	 1	 6	control	192	1478	256	51440	0	
4	 7	 2	 1	sample170	686	2228	772	74016	0	
4	 7	 2	 2	sample170	1033	2319	1028	55298	0	
4	 7	 2	 3	sample170	724	2010	514	56584	0	
4	 7	 2	 4	sample170	624	1910	770	45010	0	
4	 7	 2	 5	sample170	367	1653	256	54012	0	
4	 7	 2	 6	control	488	1774	514	51440	0	
4	 7	 3	 1	sample171	676	2218	514	53970	0	
4	 7	 3	 2	sample171	657	2199	772	58596	0	
4	 7	 3	 3	sample171	437	1979	258	61680	0	
4	 7	 3	 4	sample171	449	1735	514	51440	0	
4	 7	 3	 5	sample171	443	1729	514	51440	0	
4	 7	 3	 6	control	148	1690	258	61680	0	
4	 7	 4	 1	sample172	593	2135	514	70932	0	
4	 7	 4	 2	sample172	622	2164	514	47802	0	
4	 7	 4	 3	sample172	470	2012	258	61680	0	
4	 7	 4	 4	sample172	354	1896	258	61680	0	
4	 7	 4	 5	sample172	476	2018	258	61680	0	
4	 7	 4	 6	control	456	1998	514	33924	0	
4	 8	 1	 1	sample173	1486	3028	1542	104856	0	
4	 8	 1	 2	sample173	1436	2978	1542	89436	0	
4	 8	 1	 3	sample173	1597	2883	1542	59156	0	
4	 8	 1	 4	sample173	1521	2807	1284	47582	0	
4	 8	 1	 5	sample173	1058	2344	1028	54012	0	
4	 8	 1	 6	control	276	1562	256	51440	0	
4	 8	 2	 1	sample174	716	2258	772	57054	0	
4	 8	 2	 2	sample174	611	2153	514	61680	0	
4	 8	 2	 3	sample174	420	1962	514	70932	0	
4	 8	 2	 4	sample174	370	1912	258	63222	0	
4	 8	 2	 5	sample174	424	1710	514	51440	0	
4	 8	 2	 6	control	698	1984	770	64300	0	
4	 8	 3	 1	sample175	655	2197	514	64764	0	
4	 8	 3	 2	sample175	341	1883	258	61680	0	
4	 8	 3	 3	sample175	543	2085	514	55512	0	
4	 8	 3	 4	sample175	335	1877	258	61680	0	
4	 8	 3	 5	sample175	238	1780	258	61680	0	
4	 8	 3	 6	control	232	1774	258	61680	0	
4	 8	 4	 1	sample176	637	2179	514	61680	0	
4	 8	 4	 2	sample176	692	2234	514	44718	0	
4	 8	 4	 3	sample176	399	1941	514	61680	0	
4	 8	 4	 4	sample176	192	1992	256	72000	0	
4	 8	 4	 5	sample176	392	1934	514	61680	0	
4	 8	 4	 6	control	425	1967	514	61680	0	
4	 9	 1	 1	sample177	708	2250	514	69390	0	
4	 9	 1	 2	sample177	702	2244	770	104856	0	
4	 9	 1	 3	sample177	801	2085	772	44940	0	
4	 9	 1	 4	sample177	651	1935	514	60348	0	
4	 9	 1	 5	sample177	380	1664	258	51360	0	
4	 9	 1	 6	control	187	1471	258	51360	0	
4	 9	 2	 1	sample178	911	2453	770	67848	0	
4	 9	 2	 2	sample178	642	2184	514	67848	0	
4	 9	 2	 3	sample178	681	2223	514	66306	0	
4	 9	 2	 4	sample178	353	1895	256	74016	0	
4	 9	 2	 5	sample178	263	1805	256	61680	0	
4	 9	 2	 6	control	655	2197	514	44718	0	
4	 9	 3	 1	sample179	825	2623	772	52142	0	
4	 9	 3	 2	sample179	757	2555	772	93496	0	
4	 9	 3	 3	sample179	540	2338	514	73718	0	
4	 9	 3	 4	sample179	691	2233	770	40092	0	
4	 9	 3	 5	sample179	545	2087	514	63222	0	
4	 9	 3	 6	control	428	1970	514	55512	0	
4	 9	 4	 1	sample180	616	2672	514	102800	0	
4	 9	 4	 2	sample180	556	2612	514	86352	0	
4	 9	 4	 3	sample180	588	2386	514	88102	0	
4	 9	 4	 4	sample180	549	2347	514	66526	0	
4	 9	 4	 5	sample180	570	2368	514	66526	0	
4	 9	 4	 6	control	874	2672	772	53940	0	
4	 10	 1	 1	sample181	984	2526	772	61680	0	
4	 10	 1	 2	sample181	1094	2636	1028	78642	0	
4	 10	 1	 3	sample181	871	2413	1028	67848	0	
4	 10	 1	 4	sample181	625	2167	514	53970	0	
4	 10	 1	 5	sample181	559	2101	514	61680	0	
4	 10	 1	 6	control	392	1934	514	61680	0	
4	 10	 2	 1	sample182	951	2751	770	120600	0	
4	 10	 2	 2	sample182	1148	2948	1028	88200	0	
4	 10	 2	 3	sample182	1130	2930	1028	90000	0	
4	 10	 2	 4	sample182	676	2476	514	88200	0	
4	 10	 2	 5	sample182	795	2337	772	66306	0	
4	 10	 2	 6	control	573	2373	514	70200	0	
4	 10	 3	 1	sample183	602	2658	514	102800	0	
4	 10	 3	 2	sample183	478	2534	514	88408	0	
4	 10	 3	 3	sample183	802	2602	770	73800	0	
4	 10	 3	 4	sample183	514	2314	514	72000	0	
4	 10	 3	 5	sample183	614	2414	514	64800	0	
4	 10	 3	 6	control	277	2333	0	82240	0	
4	 10	 4	 1	sample184	660	2716	514	94576	0	
4	 10	 4	 2	sample184	651	2965	770	34710	0	
4	 10	 4	 3	sample184	579	2635	514	82240	0	
4	 10	 4	 4	sample184	322	2378	258	82240	0	
4	 10	 4	 5	sample184	515	2571	258	82240	0	
4	 10	 4	 6	control	544	2600	514	88408	0	
4	 11	 1	 1	sample185	866	2666	770	106200	0	
4	 11	 1	 2	sample185	985	2785	1028	108000	0	
4	 11	 1	 3	sample185	927	2727	770	41400	0	
4	 11	 1	 4	sample185	782	2582	770	39600	0	
4	 11	 1	 5	sample185	513	2313	514	72000	0	
4	 11	 1	 6	control	346	2146	256	72000	0	
4	 11	 2	 1	sample186	871	2671	770	82800	0	
4	 11	 2	 2	sample186	678	2734	514	67848	0	
4	 11	 2	 3	sample186	532	2588	514	90464	0	
4	 11	 2	 4	sample186	817	2873	772	34952	0	
4	 11	 2	 5	sample186	367	2423	258	82240	0	
4	 11	 2	 6	control	759	2815	772	88408	0	
4	 11	 3	 1	sample187	1029	3085	1028	117192	0	
4	 11	 3	 2	sample187	1005	3319	1028	104130	0	
4	 11	 3	 3	sample187	813	2869	772	154200	0	
4	 11	 3	 4	sample187	481	2795	514	92560	0	
4	 11	 3	 5	sample187	655	2969	770	67106	0	
4	 11	 3	 6	control	110	2680	0	102800	0	
4	 11	 4	 1	sample188	752	2808	772	82240	0	
4	 11	 4	 2	sample188	626	2940	514	90246	0	
4	 11	 4	 3	sample188	448	2762	514	118014	0	
4	 11	 4	 4	sample188	520	2834	514	87932	0	
4	 11	 4	 5	sample188	642	2956	514	92560	0	
4	 11	 4	 6	control	640	3210	514	110510	0	
4	 12	 1	 1	sample189	552	2094	514	61680	0	
4	 12	 1	 2	sample189	590	2132	514	61680	0	
4	 12	 1	 3	sample189	470	2268	258	71920	0	
4	 12	 1	 4	sample189	404	2460	256	82240	0	
4	 12	 1	 5	sample189	457	2769	258	92480	0	
4	 12	 1	 6	control	271	3097	258	113040	0	
4	 12	 2	 1	sample190	811	2609	772	140244	0	
4	 12	 2	 2	sample190	1154	3210	1028	104856	0	
4	 12	 2	 3	sample190	1281	3337	1284	143920	0	
4	 12	 2	 4	sample190	1048	3360	1028	90168	0	
4	 12	 2	 5	sample190	669	3495	514	113040	0	
4	 12	 2	 6	control	759	4099	772	133600	0	
4	 12	 3	 1	sample191	353	2409	256	82240	0	
4	 12	 3	 2	sample191	476	2788	514	92480	0	
4	 12	 3	 3	sample191	636	3206	514	102800	0	
4	 12	 3	 4	sample191	739	3565	772	113040	0	
4	 12	 3	 5	sample191	1201	4799	514	143920	0	
4	 12	 3	 6	control	552	4664	514	164480	0	
4	 12	 4	 1	sample192	830	3142	772	101728	0	
4	 12	 4	 2	sample192	726	3296	514	102800	0	
4	 12	 4	 3	sample192	917	4001	770	64764	0	
4	 12	 4	 4	sample192	759	4613	772	154160	0	
4	 12	 4	 5	sample192	828	5454	770	185040	0	
4	 12	 4	 6	control	1207	6861	1284	226160	0	
