MicroVigene	 Version	 2501
Culture	en-US
9/28/2006 3:24:58 PM
Roi Row	 4	 Roi Col	 12	 Main Row	 4	 Main Col	 6	 Sub Row	 1	 Sub Col	 1
Main Row	 Main Col	 Sub Row	 Sub Col	  GeneID	mean_net	 mean_total	 median_net	 vol_bkg	 vol_dust	 
1	 1	 1	 1	sample1	2314	4112	2314	71920	0	
1	 1	 1	 2	sample1	1279	2821	1284	77100	0	
1	 1	 1	 3	sample1	948	2490	770	40092	0	
1	 1	 1	 4	sample1	263	1805	256	61680	0	
1	 1	 1	 5	sample1	174	1458	258	51360	0	
1	 1	 1	 6	control	180	1464	258	51360	0	
1	 1	 2	 1	sample2	3358	5156	3084	84506	0	
1	 1	 2	 2	sample2	2884	4426	2826	75558	0	
1	 1	 2	 3	sample2	1649	2933	1542	68052	0	
1	 1	 2	 4	sample2	823	2107	772	51360	0	
1	 1	 2	 5	sample2	360	1644	258	51360	0	
1	 1	 2	 6	control	2035	3063	2056	50372	0	
1	 1	 3	 1	sample3	3520	5062	3854	112566	0	
1	 1	 3	 2	sample3	3179	4721	3084	78642	0	
1	 1	 3	 3	sample3	2987	4271	2828	57780	0	
1	 1	 3	 4	sample3	1649	2933	1800	59064	0	
1	 1	 3	 5	sample3	854	1882	1028	41120	0	
1	 1	 3	 6	control	-38.04	1246	0	51360	0	
1	 1	 4	 1	sample4	3516	4544	3598	103828	0	
1	 1	 4	 2	sample4	3233	4517	3084	66768	0	
1	 1	 4	 3	sample4	2560	3588	2312	54484	0	
1	 1	 4	 4	sample4	1609	2637	1542	54484	0	
1	 1	 4	 5	sample4	1249	2277	1284	52428	0	
1	 1	 4	 6	control	2030	3058	2056	41120	0	
1	 2	 1	 1	sample5	3567	5623	3598	168592	0	
1	 2	 1	 2	sample5	2802	4858	2828	102800	0	
1	 2	 1	 3	sample5	1909	3709	1798	88200	0	
1	 2	 1	 4	sample5	1170	2970	1028	84600	0	
1	 2	 1	 5	sample5	974	2774	1028	77400	0	
1	 2	 1	 6	control	128	1928	0	72000	0	
1	 2	 2	 1	sample6	2309	4109	2312	154800	0	
1	 2	 2	 2	sample6	1572	3372	1542	90000	0	
1	 2	 2	 3	sample6	1478	3020	1286	61680	0	
1	 2	 2	 4	sample6	1057	2599	1028	69390	0	
1	 2	 2	 5	sample6	611	2153	514	61680	0	
1	 2	 2	 6	control	1491	3033	1800	138780	0	
1	 2	 3	 1	sample7	3472	5528	3598	145976	0	
1	 2	 3	 2	sample7	2971	4771	2826	127800	0	
1	 2	 3	 3	sample7	2630	4172	2570	80184	0	
1	 2	 3	 4	sample7	1466	3008	1286	72474	0	
1	 2	 3	 5	sample7	873	2159	1028	51440	0	
1	 2	 3	 6	control	179	1465	256	51440	0	
1	 2	 4	 1	sample8	3313	5113	3084	167400	0	
1	 2	 4	 2	sample8	1922	3722	2056	93600	0	
1	 2	 4	 3	sample8	1591	3133	1800	81726	0	
1	 2	 4	 4	sample8	855	2397	772	61680	0	
1	 2	 4	 5	sample8	764	2306	772	49344	0	
1	 2	 4	 6	control	967	2509	1028	77100	0	
1	 3	 1	 1	sample9	2667	4723	2826	152144	0	
1	 3	 1	 2	sample9	1890	3946	2312	150088	0	
1	 3	 1	 3	sample9	1956	3754	1800	82708	0	
1	 3	 1	 4	sample9	1459	3257	1542	71920	0	
1	 3	 1	 5	sample9	1199	2741	1028	69390	0	
1	 3	 1	 6	control	289	1831	256	61680	0	
1	 3	 2	 1	sample10	2953	4751	3084	73718	0	
1	 3	 2	 2	sample10	2181	3979	2570	115072	0	
1	 3	 2	 3	sample10	1715	3257	1798	61680	0	
1	 3	 2	 4	sample10	1201	2743	1284	75558	0	
1	 3	 2	 5	sample10	669	1953	772	51360	0	
1	 3	 2	 6	control	1772	3056	1800	84744	0	
1	 3	 3	 1	sample11	2831	4373	2570	89436	0	
1	 3	 3	 2	sample11	2524	4066	2312	86352	0	
1	 3	 3	 3	sample11	2535	4077	2570	23130	0	
1	 3	 3	 4	sample11	1047	2331	1028	53928	0	
1	 3	 3	 5	sample11	302	1586	258	51360	0	
1	 3	 3	 6	control	-70.14	1214	0	51360	0	
1	 3	 4	 1	sample12	3826	5368	3854	98688	0	
1	 3	 4	 2	sample12	2265	4063	2314	113274	0	
1	 3	 4	 3	sample12	2165	3707	2056	61680	0	
1	 3	 4	 4	sample12	1217	2501	1286	43656	0	
1	 3	 4	 5	sample12	643	1927	772	51360	0	
1	 3	 4	 6	control	894	2178	772	51360	0	
1	 4	 1	 1	sample13	3537	5849	3598	191896	0	
1	 4	 1	 2	sample13	3474	5530	3598	150088	0	
1	 4	 1	 3	sample13	2199	4255	2312	102800	0	
1	 4	 1	 4	sample13	1454	3510	1284	96632	0	
1	 4	 1	 5	sample13	958	3014	1028	90464	0	
1	 4	 1	 6	control	128	2184	0	82240	0	
1	 4	 2	 1	sample14	3202	5258	3340	106912	0	
1	 4	 2	 2	sample14	2046	3844	2056	91698	0	
1	 4	 2	 3	sample14	1337	3135	1028	89900	0	
1	 4	 2	 4	sample14	1296	3094	1286	88102	0	
1	 4	 2	 5	sample14	906	2704	1028	71920	0	
1	 4	 2	 6	control	1602	3400	1800	154628	0	
1	 4	 3	 1	sample15	1811	3609	2056	79112	0	
1	 4	 3	 2	sample15	572	2370	514	71920	0	
1	 4	 3	 3	sample15	944	2486	1028	52428	0	
1	 4	 3	 4	sample15	578	2120	514	61680	0	
1	 4	 3	 5	sample15	-25.24	1773	0	71920	0	
1	 4	 3	 6	control	-436.29	1362	-513.99	71920	0	
1	 4	 4	 1	sample16	2413	4211	2570	181598	0	
1	 4	 4	 2	sample16	1702	3500	1800	95294	0	
1	 4	 4	 3	sample16	1449	3247	1542	93496	0	
1	 4	 4	 4	sample16	826	2624	772	59334	0	
1	 4	 4	 5	sample16	598	2396	514	71920	0	
1	 4	 4	 6	control	849	2647	1028	71920	0	
1	 5	 1	 1	sample17	2439	4239	2570	117000	0	
1	 5	 1	 2	sample17	1352	3152	1284	82800	0	
1	 5	 1	 3	sample17	1074	2616	1028	69390	0	
1	 5	 1	 4	sample17	992	2534	1028	64764	0	
1	 5	 1	 5	sample17	737	2279	772	46260	0	
1	 5	 1	 6	control	-32.69	1767	0	72000	0	
1	 5	 2	 1	sample18	2344	3886	2570	78642	0	
1	 5	 2	 2	sample18	2169	3711	2056	63222	0	
1	 5	 2	 3	sample18	1109	2651	1286	78642	0	
1	 5	 2	 4	sample18	669	2211	514	61680	0	
1	 5	 2	 5	sample18	393	1935	258	61680	0	
1	 5	 2	 6	control	1725	3267	1800	95604	0	
1	 5	 3	 1	sample19	3233	4775	3342	101772	0	
1	 5	 3	 2	sample19	1923	3465	2056	121818	0	
1	 5	 3	 3	sample19	1678	3220	1800	78642	0	
1	 5	 3	 4	sample19	1623	2909	1542	60442	0	
1	 5	 3	 5	sample19	591	1877	514	51440	0	
1	 5	 3	 6	control	-134.34	1408	-255.99	61680	0	
1	 5	 4	 1	sample20	2591	4133	2828	132612	0	
1	 5	 4	 2	sample20	2089	3631	2056	24672	0	
1	 5	 4	 3	sample20	1058	2600	1028	81726	0	
1	 5	 4	 4	sample20	489	2031	514	61680	0	
1	 5	 4	 5	sample20	598	2140	514	61680	0	
1	 5	 4	 6	control	547	2089	514	61680	0	
1	 6	 1	 1	sample21	2325	3867	2312	127986	0	
1	 6	 1	 2	sample21	2218	3760	2312	117192	0	
1	 6	 1	 3	sample21	1432	2974	1284	72474	0	
1	 6	 1	 4	sample21	828	2370	770	75558	0	
1	 6	 1	 5	sample21	616	2158	770	61680	0	
1	 6	 1	 6	control	205	1747	256	61680	0	
1	 6	 2	 1	sample22	2627	3911	2828	82176	0	
1	 6	 2	 2	sample22	2655	3939	2828	89880	0	
1	 6	 2	 3	sample22	2106	3390	2056	93732	0	
1	 6	 2	 4	sample22	1636	2920	1800	66768	0	
1	 6	 2	 5	sample22	1200	2484	1286	57780	0	
1	 6	 2	 6	control	1103	2387	1028	110424	0	
1	 6	 3	 1	sample23	1678	2706	1542	48316	0	
1	 6	 3	 2	sample23	662	1946	514	51360	0	
1	 6	 3	 3	sample23	527	1811	514	51360	0	
1	 6	 3	 4	sample23	534	1818	514	51360	0	
1	 6	 3	 5	sample23	379	1407	256	41120	0	
1	 6	 3	 6	control	335	1619	0	51360	0	
1	 6	 4	 1	sample24	2455	3739	2314	62916	0	
1	 6	 4	 2	sample24	1515	2799	1542	59064	0	
1	 6	 4	 3	sample24	1157	2441	1028	64200	0	
1	 6	 4	 4	sample24	605	1889	514	51360	0	
1	 6	 4	 5	sample24	693	1977	772	33384	0	
1	 6	 4	 6	control	752	2036	772	51360	0	
1	 7	 1	 1	sample25	2989	4531	3084	117192	0	
1	 7	 1	 2	sample25	2701	4243	2570	75558	0	
1	 7	 1	 3	sample25	1853	3395	1798	80184	0	
1	 7	 1	 4	sample25	1207	2749	1284	66306	0	
1	 7	 1	 5	sample25	732	2274	770	61680	0	
1	 7	 1	 6	control	231	1773	256	61680	0	
1	 7	 2	 1	sample26	1796	3080	1800	84744	0	
1	 7	 2	 2	sample26	1446	2730	1286	61632	0	
1	 7	 2	 3	sample26	1024	2308	1028	66768	0	
1	 7	 2	 4	sample26	759	2043	514	51360	0	
1	 7	 2	 5	sample26	675	1959	514	51360	0	
1	 7	 2	 6	control	1644	2928	1800	91164	0	
1	 7	 3	 1	sample27	1091	2375	1028	62916	0	
1	 7	 3	 2	sample27	952	2236	772	51360	0	
1	 7	 3	 3	sample27	657	1941	514	57780	0	
1	 7	 3	 4	sample27	591	1619	514	41120	0	
1	 7	 3	 5	sample27	565	1593	256	41120	0	
1	 7	 3	 6	control	161	1445	0	51360	0	
1	 7	 4	 1	sample28	1228	2512	1286	51360	0	
1	 7	 4	 2	sample28	964	2248	1028	51360	0	
1	 7	 4	 3	sample28	1013	2297	1028	42372	0	
1	 7	 4	 4	sample28	559	1843	514	51360	0	
1	 7	 4	 5	sample28	566	1850	514	51360	0	
1	 7	 4	 6	control	733	2017	514	51360	0	
1	 8	 1	 1	sample29	3854	5396	4368	117192	0	
1	 8	 1	 2	sample29	3166	4708	3598	129528	0	
1	 8	 1	 3	sample29	2510	4308	2570	84506	0	
1	 8	 1	 4	sample29	1419	2961	1542	61680	0	
1	 8	 1	 5	sample29	886	2428	770	61680	0	
1	 8	 1	 6	control	160	1702	256	61680	0	
1	 8	 2	 1	sample30	1868	3410	1798	80184	0	
1	 8	 2	 2	sample30	1915	3199	2056	62916	0	
1	 8	 2	 3	sample30	1190	2474	1286	55212	0	
1	 8	 2	 4	sample30	598	1882	514	51360	0	
1	 8	 2	 5	sample30	495	1779	514	51360	0	
1	 8	 2	 6	control	1185	2469	1028	98868	0	
1	 8	 3	 1	sample31	2392	3676	2570	88596	0	
1	 8	 3	 2	sample31	1912	3196	2056	82176	0	
1	 8	 3	 3	sample31	1337	2621	1286	64200	0	
1	 8	 3	 4	sample31	823	2107	772	32100	0	
1	 8	 3	 5	sample31	436	1464	514	41120	0	
1	 8	 3	 6	control	-5.99	1278	0	51360	0	
1	 8	 4	 1	sample32	2724	4266	2826	120276	0	
1	 8	 4	 2	sample32	2050	3592	2056	78642	0	
1	 8	 4	 3	sample32	1586	2870	1542	60348	0	
1	 8	 4	 4	sample32	778	2062	772	51360	0	
1	 8	 4	 5	sample32	750	2034	772	15408	0	
1	 8	 4	 6	control	1042	2326	1028	50076	0	
1	 9	 1	 1	sample33	2508	4308	2570	90000	0	
1	 9	 1	 2	sample33	1690	3490	1798	93600	0	
1	 9	 1	 3	sample33	1080	2622	1028	61680	0	
1	 9	 1	 4	sample33	986	2528	1028	74016	0	
1	 9	 1	 5	sample33	797	2339	772	61680	0	
1	 9	 1	 6	control	315	1857	258	61680	0	
1	 9	 2	 1	sample34	1827	3369	1800	72474	0	
1	 9	 2	 2	sample34	1715	3257	2056	107940	0	
1	 9	 2	 3	sample34	1859	3145	1798	65586	0	
1	 9	 2	 4	sample34	1328	2614	1284	60442	0	
1	 9	 2	 5	sample34	1011	2297	1028	59156	0	
1	 9	 2	 6	control	2027	3313	2056	46296	0	
1	 9	 3	 1	sample35	1907	3449	2056	66306	0	
1	 9	 3	 2	sample35	1035	2577	1028	61680	0	
1	 9	 3	 3	sample35	1015	2301	1028	52726	0	
1	 9	 3	 4	sample35	843	2129	770	50154	0	
1	 9	 3	 5	sample35	346	1632	256	51440	0	
1	 9	 3	 6	control	224	1510	0	51440	0	
1	 9	 4	 1	sample36	2508	4050	2570	120276	0	
1	 9	 4	 2	sample36	2672	4214	2570	74016	0	
1	 9	 4	 3	sample36	2231	3773	2056	81726	0	
1	 9	 4	 4	sample36	961	2503	1028	81726	0	
1	 9	 4	 5	sample36	703	2245	772	75558	0	
1	 9	 4	 6	control	1285	2827	1028	60138	0	
1	 10	 1	 1	sample37	2832	4374	2828	81726	0	
1	 10	 1	 2	sample37	2324	3866	2314	78642	0	
1	 10	 1	 3	sample37	1337	2879	1286	61680	0	
1	 10	 1	 4	sample37	1143	2685	1028	41634	0	
1	 10	 1	 5	sample37	694	2236	514	61680	0	
1	 10	 1	 6	control	335	1877	258	61680	0	
1	 10	 2	 1	sample38	1762	3304	1800	104856	0	
1	 10	 2	 2	sample38	1537	3079	1542	77100	0	
1	 10	 2	 3	sample38	1553	2839	1542	59156	0	
1	 10	 2	 4	sample38	848	2134	770	51440	0	
1	 10	 2	 5	sample38	796	2082	770	51440	0	
1	 10	 2	 6	control	1673	2959	1542	50154	0	
1	 10	 3	 1	sample39	4041	5583	4370	104856	0	
1	 10	 3	 2	sample39	2648	4190	2828	97146	0	
1	 10	 3	 3	sample39	2193	3479	2312	88734	0	
1	 10	 3	 4	sample39	1228	2514	1028	57870	0	
1	 10	 3	 5	sample39	604	1890	514	51440	0	
1	 10	 3	 6	control	424	1710	256	51440	0	
1	 10	 4	 1	sample40	2015	3557	2056	104856	0	
1	 10	 4	 2	sample40	1849	3135	1798	59156	0	
1	 10	 4	 3	sample40	1783	3069	1798	63014	0	
1	 10	 4	 4	sample40	835	2121	514	51440	0	
1	 10	 4	 5	sample40	860	2146	770	51440	0	
1	 10	 4	 6	control	1432	2718	1542	51440	0	
1	 11	 1	 1	sample41	1701	3757	1798	86352	0	
1	 11	 1	 2	sample41	944	3000	770	88408	0	
1	 11	 1	 3	sample41	931	2987	770	82240	0	
1	 11	 1	 4	sample41	779	2835	770	63736	0	
1	 11	 1	 5	sample41	591	2647	514	82240	0	
1	 11	 1	 6	control	115	2171	0	82240	0	
1	 11	 2	 1	sample42	2592	4390	2570	84506	0	
1	 11	 2	 2	sample42	2995	4793	2056	88102	0	
1	 11	 2	 3	sample42	1411	3209	1286	91698	0	
1	 11	 2	 4	sample42	1115	3171	1028	102800	0	
1	 11	 2	 5	sample42	687	2743	514	82240	0	
1	 11	 2	 6	control	2107	3905	2314	73718	0	
1	 11	 3	 1	sample43	2977	4775	3084	120466	0	
1	 11	 3	 2	sample43	2530	4328	2570	125860	0	
1	 11	 3	 3	sample43	2125	3923	2056	88102	0	
1	 11	 3	 4	sample43	1353	3151	1542	82708	0	
1	 11	 3	 5	sample43	579	2377	514	71920	0	
1	 11	 3	 6	control	168	1966	0	71920	0	
1	 11	 4	 1	sample44	3376	5174	3598	134850	0	
1	 11	 4	 2	sample44	2551	4349	2570	143840	0	
1	 11	 4	 3	sample44	2158	3956	2314	68324	0	
1	 11	 4	 4	sample44	1537	3335	1542	89900	0	
1	 11	 4	 5	sample44	1641	3439	1542	70122	0	
1	 11	 4	 6	control	1495	3293	1542	68324	0	
1	 12	 1	 1	sample45	1823	3623	1798	113400	0	
1	 12	 1	 2	sample45	1375	2917	1286	66306	0	
1	 12	 1	 3	sample45	727	2527	770	84600	0	
1	 12	 1	 4	sample45	681	2481	770	72000	0	
1	 12	 1	 5	sample45	909	2965	772	57568	0	
1	 12	 1	 6	control	136	2706	0	102800	0	
1	 12	 2	 1	sample46	1340	3140	1284	91800	0	
1	 12	 2	 2	sample46	1202	2744	1028	61680	0	
1	 12	 2	 3	sample46	1262	2804	1286	67848	0	
1	 12	 2	 4	sample46	945	2487	1028	57054	0	
1	 12	 2	 5	sample46	1085	2885	1028	32400	0	
1	 12	 2	 6	control	1690	4004	1798	76362	0	
1	 12	 3	 1	sample47	2478	4020	2314	98688	0	
1	 12	 3	 2	sample47	1816	3102	1798	75874	0	
1	 12	 3	 3	sample47	1927	3213	1798	41152	0	
1	 12	 3	 4	sample47	712	2254	772	40092	0	
1	 12	 3	 5	sample47	315	2115	256	72000	0	
1	 12	 3	 6	control	174	2230	0	82240	0	
1	 12	 4	 1	sample48	2912	4198	3340	81018	0	
1	 12	 4	 2	sample48	1947	3233	1798	75874	0	
1	 12	 4	 3	sample48	1626	2912	1542	74588	0	
1	 12	 4	 4	sample48	1168	2710	1286	53970	0	
1	 12	 4	 5	sample48	1125	2667	1028	49344	0	
1	 12	 4	 6	control	1653	3709	1800	100744	0	
2	 1	 1	 1	sample49	3216	5014	3342	151032	0	
2	 1	 1	 2	sample49	2115	3913	2056	95294	0	
2	 1	 1	 3	sample49	1943	3741	1800	93496	0	
2	 1	 1	 4	sample49	1640	3438	1542	89900	0	
2	 1	 1	 5	sample49	1666	3464	1800	86304	0	
2	 1	 1	 6	control	328	2126	258	71920	0	
2	 1	 2	 1	sample50	3682	5224	4112	112566	0	
2	 1	 2	 2	sample50	3917	5715	4112	142042	0	
2	 1	 2	 3	sample50	2758	4556	3084	152830	0	
2	 1	 2	 4	sample50	2225	4023	2314	151032	0	
2	 1	 2	 5	sample50	1974	3772	1800	95294	0	
2	 1	 2	 6	control	2484	4282	2570	154628	0	
2	 1	 3	 1	sample51	2169	3711	2312	90978	0	
2	 1	 3	 2	sample51	1362	2904	1284	61680	0	
2	 1	 3	 3	sample51	1777	3319	1542	74016	0	
2	 1	 3	 4	sample51	1073	2871	1028	93496	0	
2	 1	 3	 5	sample51	661	2203	514	61680	0	
2	 1	 3	 6	control	-256.44	1542	-255.99	71920	0	
2	 1	 4	 1	sample52	1679	2963	1800	120696	0	
2	 1	 4	 2	sample52	1704	2988	1542	65484	0	
2	 1	 4	 3	sample52	840	2382	770	80184	0	
2	 1	 4	 4	sample52	623	2165	514	61680	0	
2	 1	 4	 5	sample52	985	2527	1028	74016	0	
2	 1	 4	 6	control	2313	3855	2056	69390	0	
2	 2	 1	 1	sample53	2622	4164	2828	100230	0	
2	 2	 1	 2	sample53	1820	3362	1800	58596	0	
2	 2	 1	 3	sample53	1320	2862	1286	69390	0	
2	 2	 1	 4	sample53	1279	2821	1286	61680	0	
2	 2	 1	 5	sample53	1090	2890	1028	66600	0	
2	 2	 1	 6	control	192	1992	256	72000	0	
2	 2	 2	 1	sample54	3085	4627	3342	106398	0	
2	 2	 2	 2	sample54	2701	4243	2828	124902	0	
2	 2	 2	 3	sample54	1969	3511	2056	95604	0	
2	 2	 2	 4	sample54	1500	3042	1542	101772	0	
2	 2	 2	 5	sample54	1032	2832	1028	91800	0	
2	 2	 2	 6	control	2594	4136	2828	100230	0	
2	 2	 3	 1	sample55	4215	5757	4112	92520	0	
2	 2	 3	 2	sample55	3676	5218	4112	92520	0	
2	 2	 3	 3	sample55	2240	3782	2314	97146	0	
2	 2	 3	 4	sample55	1407	2949	1286	90978	0	
2	 2	 3	 5	sample55	694	2236	772	61680	0	
2	 2	 3	 6	control	135	1677	258	61680	0	
2	 2	 4	 1	sample56	4435	5977	4884	114108	0	
2	 2	 4	 2	sample56	2606	4148	2570	112566	0	
2	 2	 4	 3	sample56	2029	3571	2056	72474	0	
2	 2	 4	 4	sample56	816	2358	772	61680	0	
2	 2	 4	 5	sample56	1054	2596	1028	30840	0	
2	 2	 4	 6	control	1386	3186	1284	77400	0	
2	 3	 1	 1	sample57	5111	6911	5910	129600	0	
2	 3	 1	 2	sample57	3805	5605	4368	131400	0	
2	 3	 1	 3	sample57	2762	4562	3084	136800	0	
2	 3	 1	 4	sample57	2168	3710	2570	127986	0	
2	 3	 1	 5	sample57	2066	3608	2056	41634	0	
2	 3	 1	 6	control	174	1716	258	61680	0	
2	 3	 2	 1	sample58	2313	4113	2312	135000	0	
2	 3	 2	 2	sample58	3030	4830	3340	86400	0	
2	 3	 2	 3	sample58	2194	3994	2056	93600	0	
2	 3	 2	 4	sample58	1687	3229	1800	77100	0	
2	 3	 2	 5	sample58	894	2436	772	61680	0	
2	 3	 2	 6	control	2806	4348	2828	112566	0	
2	 3	 3	 1	sample59	4670	6470	4882	126000	0	
2	 3	 3	 2	sample59	3253	5053	3084	147600	0	
2	 3	 3	 3	sample59	2205	4005	2056	124200	0	
2	 3	 3	 4	sample59	2330	3872	2314	72474	0	
2	 3	 3	 5	sample59	1153	2695	1028	50886	0	
2	 3	 3	 6	control	219	1761	258	61680	0	
2	 3	 4	 1	sample60	3064	4864	3084	144000	0	
2	 3	 4	 2	sample60	1775	3575	1798	79200	0	
2	 3	 4	 3	sample60	1252	2794	1286	70932	0	
2	 3	 4	 4	sample60	701	2243	514	61680	0	
2	 3	 4	 5	sample60	444	1986	258	61680	0	
2	 3	 4	 6	control	887	2429	772	61680	0	
2	 4	 1	 1	sample61	3683	4967	3598	89880	0	
2	 4	 1	 2	sample61	3140	4424	3084	88596	0	
2	 4	 1	 3	sample61	2105	3389	2314	80892	0	
2	 4	 1	 4	sample61	1229	2513	1286	52644	0	
2	 4	 1	 5	sample61	765	2049	772	51360	0	
2	 4	 1	 6	control	219	1503	258	51360	0	
2	 4	 2	 1	sample62	2351	3635	2570	78324	0	
2	 4	 2	 2	sample62	1637	2921	1542	59064	0	
2	 4	 2	 3	sample62	1093	2377	1028	61632	0	
2	 4	 2	 4	sample62	879	2163	772	46224	0	
2	 4	 2	 5	sample62	720	2004	772	51360	0	
2	 4	 2	 6	control	2120	3404	2056	88596	0	
2	 4	 3	 1	sample63	2823	4365	3084	106398	0	
2	 4	 3	 2	sample63	3165	4449	3342	82176	0	
2	 4	 3	 3	sample63	2153	3437	2314	51360	0	
2	 4	 3	 4	sample63	1035	2319	1028	51360	0	
2	 4	 3	 5	sample63	508	1792	514	51360	0	
2	 4	 3	 6	control	26.3	1310	0	51360	0	
2	 4	 4	 1	sample64	1684	2968	1542	62916	0	
2	 4	 4	 2	sample64	1452	2994	1542	61680	0	
2	 4	 4	 3	sample64	1228	2512	1286	51360	0	
2	 4	 4	 4	sample64	186	1728	256	61680	0	
2	 4	 4	 5	sample64	334	1876	256	61680	0	
2	 4	 4	 6	control	501	2043	256	61680	0	
2	 5	 1	 1	sample65	4206	6006	4112	136800	0	
2	 5	 1	 2	sample65	2792	4334	2314	166536	0	
2	 5	 1	 3	sample65	2900	4442	3084	114108	0	
2	 5	 1	 4	sample65	2009	3551	2056	66306	0	
2	 5	 1	 5	sample65	1315	2857	1286	53970	0	
2	 5	 1	 6	control	256	2056	256	72000	0	
2	 5	 2	 1	sample66	2290	4090	2312	81000	0	
2	 5	 2	 2	sample66	1894	3436	1800	70932	0	
2	 5	 2	 3	sample66	1371	2913	1286	78642	0	
2	 5	 2	 4	sample66	1123	2665	1028	46260	0	
2	 5	 2	 5	sample66	1125	2667	1028	24672	0	
2	 5	 2	 6	control	2027	3569	2056	106398	0	
2	 5	 3	 1	sample67	3034	4834	2826	149400	0	
2	 5	 3	 2	sample67	2550	4350	2826	115200	0	
2	 5	 3	 3	sample67	2100	3900	2056	72000	0	
2	 5	 3	 4	sample67	1457	2999	1286	64764	0	
2	 5	 3	 5	sample67	1148	2690	1028	43176	0	
2	 5	 3	 6	control	412	1954	258	61680	0	
2	 5	 4	 1	sample68	4196	6252	4370	164480	0	
2	 5	 4	 2	sample68	3453	5253	3084	147600	0	
2	 5	 4	 3	sample68	3017	4817	2826	145800	0	
2	 5	 4	 4	sample68	2187	3987	2056	158400	0	
2	 5	 4	 5	sample68	1542	3342	1542	86400	0	
2	 5	 4	 6	control	1320	3120	1028	52200	0	
2	 6	 1	 1	sample69	3348	4890	3598	109482	0	
2	 6	 1	 2	sample69	2000	3542	2056	120276	0	
2	 6	 1	 3	sample69	1883	3425	2312	121818	0	
2	 6	 1	 4	sample69	1781	3323	1798	69390	0	
2	 6	 1	 5	sample69	2620	4162	2056	63222	0	
2	 6	 1	 6	control	103	1901	0	71920	0	
2	 6	 2	 1	sample70	2413	4211	2314	79112	0	
2	 6	 2	 2	sample70	1606	3662	1542	82240	0	
2	 6	 2	 3	sample70	1260	3058	1286	71920	0	
2	 6	 2	 4	sample70	1043	2585	1028	77100	0	
2	 6	 2	 5	sample70	706	2248	514	61680	0	
2	 6	 2	 6	control	1851	3393	1798	90978	0	
2	 6	 3	 1	sample71	1536	3334	1542	71920	0	
2	 6	 3	 2	sample71	-501.49	2583	-513.99	123360	0	
2	 6	 3	 3	sample71	1234	3032	1028	71920	0	
2	 6	 3	 4	sample71	938	2480	1028	61680	0	
2	 6	 3	 5	sample71	437	1979	514	61680	0	
2	 6	 3	 6	control	231	1773	256	61680	0	
2	 6	 4	 1	sample72	4100	5898	4112	151032	0	
2	 6	 4	 2	sample72	2951	4749	2828	89900	0	
2	 6	 4	 3	sample72	2457	4255	2570	93496	0	
2	 6	 4	 4	sample72	1070	2868	1028	77314	0	
2	 6	 4	 5	sample72	861	2659	772	71920	0	
2	 6	 4	 6	control	1428	3226	1542	68324	0	
2	 7	 1	 1	sample73	3319	4861	3598	112566	0	
2	 7	 1	 2	sample73	2790	4332	3084	120276	0	
2	 7	 1	 3	sample73	2414	3956	2312	81726	0	
2	 7	 1	 4	sample73	1268	2810	1284	74016	0	
2	 7	 1	 5	sample73	954	2496	770	64764	0	
2	 7	 1	 6	control	237	1779	256	61680	0	
2	 7	 2	 1	sample74	2415	3957	2312	104856	0	
2	 7	 2	 2	sample74	2736	4278	2826	26214	0	
2	 7	 2	 3	sample74	1563	3105	1542	75558	0	
2	 7	 2	 4	sample74	1027	2569	1028	49344	0	
2	 7	 2	 5	sample74	1028	2570	1028	61680	0	
2	 7	 2	 6	control	2123	3665	2056	87894	0	
2	 7	 3	 1	sample75	571	2113	514	61680	0	
2	 7	 3	 2	sample75	636	2178	514	61680	0	
2	 7	 3	 3	sample75	983	2525	1028	61680	0	
2	 7	 3	 4	sample75	494	2036	514	61680	0	
2	 7	 3	 5	sample75	231	1773	256	61680	0	
2	 7	 3	 6	control	115	1657	0	61680	0	
2	 7	 4	 1	sample76	4065	5863	3856	145638	0	
2	 7	 4	 2	sample76	2376	4174	1800	170810	0	
2	 7	 4	 3	sample76	2763	4561	2828	93496	0	
2	 7	 4	 4	sample76	981	2779	1028	77314	0	
2	 7	 4	 5	sample76	714	2512	772	71920	0	
2	 7	 4	 6	control	725	2267	770	61680	0	
2	 8	 1	 1	sample77	3404	4946	3084	118734	0	
2	 8	 1	 2	sample77	3042	4584	3340	115650	0	
2	 8	 1	 3	sample77	1991	3533	2056	80184	0	
2	 8	 1	 4	sample77	1185	2469	1286	59064	0	
2	 8	 1	 5	sample77	521	1805	514	51360	0	
2	 8	 1	 6	control	84.1	1368	0	51360	0	
2	 8	 2	 1	sample78	1935	3477	1798	75558	0	
2	 8	 2	 2	sample78	1256	2798	1284	69390	0	
2	 8	 2	 3	sample78	913	2455	770	72474	0	
2	 8	 2	 4	sample78	739	2023	772	51360	0	
2	 8	 2	 5	sample78	515	1799	514	51360	0	
2	 8	 2	 6	control	2141	3425	2570	74472	0	
2	 8	 3	 1	sample79	3425	4967	3340	98688	0	
2	 8	 3	 2	sample79	2779	4321	2826	66306	0	
2	 8	 3	 3	sample79	2235	3777	2570	66306	0	
2	 8	 3	 4	sample79	1542	2826	1542	51360	0	
2	 8	 3	 5	sample79	399	1683	258	51360	0	
2	 8	 3	 6	control	238	1522	258	51360	0	
2	 8	 4	 1	sample80	3099	4641	3084	103314	0	
2	 8	 4	 2	sample80	2504	4046	2312	78642	0	
2	 8	 4	 3	sample80	1406	2948	1284	81726	0	
2	 8	 4	 4	sample80	391	1933	256	61680	0	
2	 8	 4	 5	sample80	476	1760	258	51360	0	
2	 8	 4	 6	control	1208	2492	1028	51360	0	
2	 9	 1	 1	sample81	1669	3211	2056	109482	0	
2	 9	 1	 2	sample81	1451	2993	1542	64764	0	
2	 9	 1	 3	sample81	1118	2660	1286	61680	0	
2	 9	 1	 4	sample81	1103	2389	1028	52726	0	
2	 9	 1	 5	sample81	610	1896	514	51440	0	
2	 9	 1	 6	control	135	1421	0	51440	0	
2	 9	 2	 1	sample82	2446	3988	2314	98688	0	
2	 9	 2	 2	sample82	3323	4865	3856	84810	0	
2	 9	 2	 3	sample82	2393	3935	2314	114108	0	
2	 9	 2	 4	sample82	2270	3556	2312	54012	0	
2	 9	 2	 5	sample82	1242	2528	1284	54012	0	
2	 9	 2	 6	control	2160	3446	2312	82304	0	
2	 9	 3	 1	sample83	2660	4460	2826	122400	0	
2	 9	 3	 2	sample83	2662	4204	2570	90978	0	
2	 9	 3	 3	sample83	2204	3746	2056	61680	0	
2	 9	 3	 4	sample83	1181	2723	1028	64764	0	
2	 9	 3	 5	sample83	700	1986	770	56584	0	
2	 9	 3	 6	control	25.3	1311	0	51440	0	
2	 9	 4	 1	sample84	3191	4991	3598	111600	0	
2	 9	 4	 2	sample84	2552	4352	2570	79200	0	
2	 9	 4	 3	sample84	1751	3551	1542	88200	0	
2	 9	 4	 4	sample84	926	2468	772	30840	0	
2	 9	 4	 5	sample84	380	1922	258	61680	0	
2	 9	 4	 6	control	1124	2410	1028	51440	0	
2	 10	 1	 1	sample85	2619	5189	2826	133640	0	
2	 10	 1	 2	sample85	2451	5021	2312	172190	0	
2	 10	 1	 3	sample85	2258	4570	2314	97104	0	
2	 10	 1	 4	sample85	1206	3518	1028	104040	0	
2	 10	 1	 5	sample85	1016	3328	772	92480	0	
2	 10	 1	 6	control	366	2936	256	102800	0	
2	 10	 2	 1	sample86	2349	4661	2570	101728	0	
2	 10	 2	 2	sample86	1943	4255	2056	99416	0	
2	 10	 2	 3	sample86	1360	3672	1286	104040	0	
2	 10	 2	 4	sample86	1291	3603	1286	104040	0	
2	 10	 2	 5	sample86	977	3289	1028	92480	0	
2	 10	 2	 6	control	2252	4822	2312	87380	0	
2	 10	 3	 1	sample87	2991	5561	3340	164480	0	
2	 10	 3	 2	sample87	2056	4626	1798	128500	0	
2	 10	 3	 3	sample87	1822	4134	2056	106352	0	
2	 10	 3	 4	sample87	796	3366	770	102800	0	
2	 10	 3	 5	sample87	436	3006	256	102800	0	
2	 10	 3	 6	control	302	2872	256	102800	0	
2	 10	 4	 1	sample88	2343	4913	2570	151630	0	
2	 10	 4	 2	sample88	1888	4458	1798	102800	0	
2	 10	 4	 3	sample88	1568	4138	1542	125930	0	
2	 10	 4	 4	sample88	552	3122	514	102800	0	
2	 10	 4	 5	sample88	591	3161	514	102800	0	
2	 10	 4	 6	control	938	3508	770	102800	0	
2	 11	 1	 1	sample89	3464	4750	3854	99022	0	
2	 11	 1	 2	sample89	1916	3458	2056	135696	0	
2	 11	 1	 3	sample89	1809	3351	2056	120276	0	
2	 11	 1	 4	sample89	2100	3642	2056	81726	0	
2	 11	 1	 5	sample89	1594	3136	1542	77100	0	
2	 11	 1	 6	control	160	1446	256	51440	0	
2	 11	 2	 1	sample90	2214	3756	2314	107940	0	
2	 11	 2	 2	sample90	2060	3602	2056	115650	0	
2	 11	 2	 3	sample90	2308	3594	2056	65586	0	
2	 11	 2	 4	sample90	1600	2886	1542	68158	0	
2	 11	 2	 5	sample90	1167	2453	1028	61728	0	
2	 11	 2	 6	control	2322	3608	2570	101594	0	
2	 11	 3	 1	sample91	3760	5046	3854	91306	0	
2	 11	 3	 2	sample91	2499	4041	2828	117192	0	
2	 11	 3	 3	sample91	2085	3371	2056	66872	0	
2	 11	 3	 4	sample91	1648	2934	1284	68158	0	
2	 11	 3	 5	sample91	533	1819	514	51440	0	
2	 11	 3	 6	control	186	1472	0	51440	0	
2	 11	 4	 1	sample92	1751	3293	1800	146490	0	
2	 11	 4	 2	sample92	1484	3026	1542	115650	0	
2	 11	 4	 3	sample92	1575	2861	1542	68158	0	
2	 11	 4	 4	sample92	1047	2333	1028	51440	0	
2	 11	 4	 5	sample92	554	1840	514	57870	0	
2	 11	 4	 6	control	1685	2971	1542	64300	0	
2	 12	 1	 1	sample93	1790	3590	2056	108000	0	
2	 12	 1	 2	sample93	1623	3423	1542	79200	0	
2	 12	 1	 3	sample93	790	2590	770	72000	0	
2	 12	 1	 4	sample93	598	2654	514	82240	0	
2	 12	 1	 5	sample93	778	2834	772	82240	0	
2	 12	 1	 6	control	251	2821	258	102800	0	
2	 12	 2	 1	sample94	2570	4370	2570	102600	0	
2	 12	 2	 2	sample94	3109	4909	3340	91800	0	
2	 12	 2	 3	sample94	2278	4078	2056	81000	0	
2	 12	 2	 4	sample94	1441	3497	1286	98688	0	
2	 12	 2	 5	sample94	963	3277	770	101816	0	
2	 12	 2	 6	control	2563	5133	2828	82240	0	
2	 12	 3	 1	sample95	4223	6023	4626	95400	0	
2	 12	 3	 2	sample95	2149	3949	2312	99000	0	
2	 12	 3	 3	sample95	1948	3748	2312	86400	0	
2	 12	 3	 4	sample95	1332	3132	1284	77400	0	
2	 12	 3	 5	sample95	695	2751	772	82240	0	
2	 12	 3	 6	control	96.9	2667	258	102800	0	
2	 12	 4	 1	sample96	2432	4232	2570	104400	0	
2	 12	 4	 2	sample96	1571	3371	1542	95400	0	
2	 12	 4	 3	sample96	1093	2893	1028	77400	0	
2	 12	 4	 4	sample96	1000	2800	1028	66600	0	
2	 12	 4	 5	sample96	611	2667	514	82240	0	
2	 12	 4	 6	control	2129	4443	2056	80990	0	
3	 1	 1	 1	sample97	2854	4396	3084	118734	0	
3	 1	 1	 2	sample97	1915	3457	2056	120276	0	
3	 1	 1	 3	sample97	1762	3304	1800	74016	0	
3	 1	 1	 4	sample97	1648	3448	1542	73800	0	
3	 1	 1	 5	sample97	1234	2776	1286	69390	0	
3	 1	 1	 6	control	282	2082	256	72000	0	
3	 1	 2	 1	sample98	4474	6016	4112	114108	0	
3	 1	 2	 2	sample98	3302	4844	3856	131070	0	
3	 1	 2	 3	sample98	1038	2580	1028	78642	0	
3	 1	 2	 4	sample98	1717	3259	1800	77100	0	
3	 1	 2	 5	sample98	1553	3095	1542	78642	0	
3	 1	 2	 6	control	1906	3448	2056	81726	0	
3	 1	 3	 1	sample99	3319	4861	3856	106398	0	
3	 1	 3	 2	sample99	2064	3606	2314	109482	0	
3	 1	 3	 3	sample99	2149	3435	2312	109310	0	
3	 1	 3	 4	sample99	2114	3656	2056	103314	0	
3	 1	 3	 5	sample99	1732	3274	1800	106398	0	
3	 1	 3	 6	control	283	1825	258	61680	0	
3	 1	 4	 1	sample100	1899	3441	1800	127986	0	
3	 1	 4	 2	sample100	2348	3634	2312	101594	0	
3	 1	 4	 3	sample100	1246	2532	1284	51440	0	
3	 1	 4	 4	sample100	939	2481	772	61680	0	
3	 1	 4	 5	sample100	514	2056	514	61680	0	
3	 1	 4	 6	control	1601	3143	1542	67848	0	
3	 2	 1	 1	sample101	2058	3600	2312	152658	0	
3	 2	 1	 2	sample101	1407	2949	1284	61680	0	
3	 2	 1	 3	sample101	1432	2974	1284	72474	0	
3	 2	 1	 4	sample101	1321	2863	1284	75558	0	
3	 2	 1	 5	sample101	701	2499	772	71920	0	
3	 2	 1	 6	control	315	2113	258	71920	0	
3	 2	 2	 1	sample102	1660	3202	1798	77100	0	
3	 2	 2	 2	sample102	674	2216	514	61680	0	
3	 2	 2	 3	sample102	404	1946	256	61680	0	
3	 2	 2	 4	sample102	411	1953	514	61680	0	
3	 2	 2	 5	sample102	558	2100	514	61680	0	
3	 2	 2	 6	control	2206	3748	2570	126444	0	
3	 2	 3	 1	sample103	5585	7127	5654	115650	0	
3	 2	 3	 2	sample103	4130	5672	4368	127986	0	
3	 2	 3	 3	sample103	3244	4786	3340	111024	0	
3	 2	 3	 4	sample103	2788	4330	3340	114108	0	
3	 2	 3	 5	sample103	2067	3609	2056	70932	0	
3	 2	 3	 6	control	212	1754	0	61680	0	
3	 2	 4	 1	sample104	2273	3557	2056	121980	0	
3	 2	 4	 2	sample104	1813	3355	1798	141864	0	
3	 2	 4	 3	sample104	1951	3235	1800	65484	0	
3	 2	 4	 4	sample104	836	2120	772	51360	0	
3	 2	 4	 5	sample104	932	2216	772	51360	0	
3	 2	 4	 6	control	623	2165	514	61680	0	
3	 3	 1	 1	sample105	3013	4813	3340	131400	0	
3	 3	 1	 2	sample105	1755	3555	2056	147600	0	
3	 3	 1	 3	sample105	1640	3182	1542	64764	0	
3	 3	 1	 4	sample105	1406	2948	1286	75558	0	
3	 3	 1	 5	sample105	1065	2607	1028	64764	0	
3	 3	 1	 6	control	437	1979	258	61680	0	
3	 3	 2	 1	sample106	3863	5405	3856	103314	0	
3	 3	 2	 2	sample106	3053	4595	2828	114108	0	
3	 3	 2	 3	sample106	2008	3550	2056	81726	0	
3	 3	 2	 4	sample106	1280	2822	1286	75558	0	
3	 3	 2	 5	sample106	857	2399	772	69390	0	
3	 3	 2	 6	control	2236	4036	2570	133200	0	
3	 3	 3	 1	sample107	2835	4377	2828	106398	0	
3	 3	 3	 2	sample107	2002	3544	2056	101772	0	
3	 3	 3	 3	sample107	1650	2936	1542	66872	0	
3	 3	 3	 4	sample107	1443	2729	1542	60442	0	
3	 3	 3	 5	sample107	642	1928	514	51440	0	
3	 3	 3	 6	control	77.7	1620	0	61680	0	
3	 3	 4	 1	sample108	3649	5191	3856	126444	0	
3	 3	 4	 2	sample108	2458	3744	2570	97736	0	
3	 3	 4	 3	sample108	1556	2842	1542	66872	0	
3	 3	 4	 4	sample108	771	2057	514	51440	0	
3	 3	 4	 5	sample108	584	1870	514	51440	0	
3	 3	 4	 6	control	1140	2426	1028	52726	0	
3	 4	 1	 1	sample109	3196	4738	3084	123360	0	
3	 4	 1	 2	sample109	3871	5413	4112	120276	0	
3	 4	 1	 3	sample109	2216	3758	2056	123360	0	
3	 4	 1	 4	sample109	1905	3447	2056	63222	0	
3	 4	 1	 5	sample109	1057	2599	1028	40092	0	
3	 4	 1	 6	control	366	1908	256	61680	0	
3	 4	 2	 1	sample110	3300	4842	3340	106398	0	
3	 4	 2	 2	sample110	2211	3753	2312	109482	0	
3	 4	 2	 3	sample110	1954	3238	1800	51360	0	
3	 4	 2	 4	sample110	1628	2912	1542	19260	0	
3	 4	 2	 5	sample110	1190	2474	1028	55212	0	
3	 4	 2	 6	control	2432	3716	2314	102720	0	
3	 4	 3	 1	sample111	4396	5938	4882	101772	0	
3	 4	 3	 2	sample111	4286	5828	4882	95604	0	
3	 4	 3	 3	sample111	3027	4311	3084	102720	0	
3	 4	 3	 4	sample111	2025	3309	2056	84744	0	
3	 4	 3	 5	sample111	1318	2602	1286	51360	0	
3	 4	 3	 6	control	84.1	1368	0	51360	0	
3	 4	 4	 1	sample112	2035	3319	2056	92448	0	
3	 4	 4	 2	sample112	2052	3336	2056	66768	0	
3	 4	 4	 3	sample112	1673	2957	1800	68052	0	
3	 4	 4	 4	sample112	701	1985	514	51360	0	
3	 4	 4	 5	sample112	508	1792	514	51360	0	
3	 4	 4	 6	control	553	1837	514	51360	0	
3	 5	 1	 1	sample113	3374	5172	3598	127658	0	
3	 5	 1	 2	sample113	4001	5543	3854	118734	0	
3	 5	 1	 3	sample113	3022	4564	3084	64764	0	
3	 5	 1	 4	sample113	2109	3651	2312	74016	0	
3	 5	 1	 5	sample113	1541	3083	1542	61680	0	
3	 5	 1	 6	control	456	1998	256	61680	0	
3	 5	 2	 1	sample114	2462	4004	2312	114108	0	
3	 5	 2	 2	sample114	1795	3337	1798	127986	0	
3	 5	 2	 3	sample114	1636	2920	1542	66768	0	
3	 5	 2	 4	sample114	1202	2486	1028	51360	0	
3	 5	 2	 5	sample114	1258	2542	1286	60348	0	
3	 5	 2	 6	control	2545	4087	3084	114108	0	
3	 5	 3	 1	sample115	1886	3170	2056	106572	0	
3	 5	 3	 2	sample115	1611	2895	1542	38520	0	
3	 5	 3	 3	sample115	1249	2533	1286	53928	0	
3	 5	 3	 4	sample115	1046	2330	1028	57780	0	
3	 5	 3	 5	sample115	649	1933	514	51360	0	
3	 5	 3	 6	control	135	1677	0	55512	0	
3	 5	 4	 1	sample116	1405	2689	1286	57780	0	
3	 5	 4	 2	sample116	1231	2515	1286	66768	0	
3	 5	 4	 3	sample116	1165	2449	1286	62916	0	
3	 5	 4	 4	sample116	998	2282	772	21828	0	
3	 5	 4	 5	sample116	515	1799	258	46224	0	
3	 5	 4	 6	control	1247	2789	1284	52428	0	
3	 6	 1	 1	sample117	3977	5519	3598	107940	0	
3	 6	 1	 2	sample117	3840	5382	3856	101772	0	
3	 6	 1	 3	sample117	2407	3949	2314	97146	0	
3	 6	 1	 4	sample117	1583	3383	1542	79200	0	
3	 6	 1	 5	sample117	1162	2962	1284	82800	0	
3	 6	 1	 6	control	398	2198	256	72000	0	
3	 6	 2	 1	sample118	1818	3104	1798	50154	0	
3	 6	 2	 2	sample118	2257	3543	2312	65586	0	
3	 6	 2	 3	sample118	1119	2661	1028	74016	0	
3	 6	 2	 4	sample118	1045	2587	1028	70932	0	
3	 6	 2	 5	sample118	929	2471	1028	55512	0	
3	 6	 2	 6	control	2131	3673	2314	90978	0	
3	 6	 3	 1	sample119	3120	4406	3084	81018	0	
3	 6	 3	 2	sample119	2391	3677	2570	79732	0	
3	 6	 3	 3	sample119	1778	3320	1800	72474	0	
3	 6	 3	 4	sample119	1198	2740	1286	72474	0	
3	 6	 3	 5	sample119	630	2172	514	61680	0	
3	 6	 3	 6	control	270	1812	258	61680	0	
3	 6	 4	 1	sample120	2675	3961	2570	84876	0	
3	 6	 4	 2	sample120	1947	3233	2056	97736	0	
3	 6	 4	 3	sample120	1196	2738	1286	61680	0	
3	 6	 4	 4	sample120	649	2191	514	61680	0	
3	 6	 4	 5	sample120	438	1980	258	61680	0	
3	 6	 4	 6	control	823	2365	772	61680	0	
3	 7	 1	 1	sample121	3361	5417	3084	162424	0	
3	 7	 1	 2	sample121	3718	5518	4112	176400	0	
3	 7	 1	 3	sample121	3008	4808	3084	79200	0	
3	 7	 1	 4	sample121	2237	4037	1798	30600	0	
3	 7	 1	 5	sample121	938	2738	770	72000	0	
3	 7	 1	 6	control	83.1	1883	0	72000	0	
3	 7	 2	 1	sample122	2441	4241	2570	54000	0	
3	 7	 2	 2	sample122	1625	3425	1798	72000	0	
3	 7	 2	 3	sample122	1131	2673	1286	61680	0	
3	 7	 2	 4	sample122	862	2404	772	61680	0	
3	 7	 2	 5	sample122	733	2275	772	61680	0	
3	 7	 2	 6	control	2470	4012	2570	118734	0	
3	 7	 3	 1	sample123	2990	4790	3084	124200	0	
3	 7	 3	 2	sample123	2795	4337	2828	107940	0	
3	 7	 3	 3	sample123	1842	3384	1800	75558	0	
3	 7	 3	 4	sample123	1094	2636	1028	72474	0	
3	 7	 3	 5	sample123	367	1909	258	61680	0	
3	 7	 3	 6	control	-13.24	1273	0	51440	0	
3	 7	 4	 1	sample124	4630	6172	5140	115650	0	
3	 7	 4	 2	sample124	3544	5086	3598	115650	0	
3	 7	 4	 3	sample124	2707	4249	2570	121818	0	
3	 7	 4	 4	sample124	1175	2717	1028	78642	0	
3	 7	 4	 5	sample124	1042	2328	1028	66872	0	
3	 7	 4	 6	control	1252	2538	770	51440	0	
3	 8	 1	 1	sample125	4670	6726	4368	178872	0	
3	 8	 1	 2	sample125	4770	6826	4882	160368	0	
3	 8	 1	 3	sample125	3393	5449	3598	152144	0	
3	 8	 1	 4	sample125	2378	4176	2314	79112	0	
3	 8	 1	 5	sample125	1471	3269	1542	64728	0	
3	 8	 1	 6	control	449	1991	514	61680	0	
3	 8	 2	 1	sample126	3521	5319	3598	125860	0	
3	 8	 2	 2	sample126	3821	5619	4626	120466	0	
3	 8	 2	 3	sample126	2297	4095	2314	167214	0	
3	 8	 2	 4	sample126	1683	3225	1798	78642	0	
3	 8	 2	 5	sample126	1111	2653	1028	66306	0	
3	 8	 2	 6	control	2300	3842	2570	123360	0	
3	 8	 3	 1	sample127	3525	5323	3856	125860	0	
3	 8	 3	 2	sample127	1806	3604	1800	133052	0	
3	 8	 3	 3	sample127	1737	3279	1798	115650	0	
3	 8	 3	 4	sample127	1692	2976	1800	61632	0	
3	 8	 3	 5	sample127	829	2113	772	51360	0	
3	 8	 3	 6	control	123	1407	0	51360	0	
3	 8	 4	 1	sample128	2795	4593	3084	140244	0	
3	 8	 4	 2	sample128	2279	3821	2056	117192	0	
3	 8	 4	 3	sample128	1866	3408	1798	94062	0	
3	 8	 4	 4	sample128	623	2165	514	61680	0	
3	 8	 4	 5	sample128	604	1888	514	51360	0	
3	 8	 4	 6	control	1452	2736	1542	51360	0	
3	 9	 1	 1	sample129	2607	4149	2312	137238	0	
3	 9	 1	 2	sample129	2947	4489	3084	118734	0	
3	 9	 1	 3	sample129	2406	3948	2312	72474	0	
3	 9	 1	 4	sample129	1451	2735	1542	61632	0	
3	 9	 1	 5	sample129	1068	2352	1028	50076	0	
3	 9	 1	 6	control	309	1593	258	51360	0	
3	 9	 2	 1	sample130	3109	4651	3340	94062	0	
3	 9	 2	 2	sample130	3236	4778	3340	98688	0	
3	 9	 2	 3	sample130	2556	3840	2570	89880	0	
3	 9	 2	 4	sample130	1440	2468	1542	49344	0	
3	 9	 2	 5	sample130	1106	2390	1028	55212	0	
3	 9	 2	 6	control	1673	2957	1542	109140	0	
3	 9	 3	 1	sample131	1849	3133	1800	73188	0	
3	 9	 3	 2	sample131	1067	2351	1028	51360	0	
3	 9	 3	 3	sample131	1175	2459	1028	56496	0	
3	 9	 3	 4	sample131	1307	2335	1284	46260	0	
3	 9	 3	 5	sample131	552	1580	514	41120	0	
3	 9	 3	 6	control	250	1278	256	41120	0	
3	 9	 4	 1	sample132	4822	6106	5140	96300	0	
3	 9	 4	 2	sample132	3015	4299	2828	104004	0	
3	 9	 4	 3	sample132	2382	3666	2314	105288	0	
3	 9	 4	 4	sample132	836	2120	772	51360	0	
3	 9	 4	 5	sample132	867	1895	770	41120	0	
3	 9	 4	 6	control	1194	2222	1028	41120	0	
3	 10	 1	 1	sample133	5444	7242	5398	149234	0	
3	 10	 1	 2	sample133	4597	6653	4626	148032	0	
3	 10	 1	 3	sample133	2722	4778	2570	141864	0	
3	 10	 1	 4	sample133	2450	4248	2570	91698	0	
3	 10	 1	 5	sample133	1622	3420	1800	80910	0	
3	 10	 1	 6	control	386	2184	258	71920	0	
3	 10	 2	 1	sample134	3234	5032	3342	120466	0	
3	 10	 2	 2	sample134	2376	4174	2570	133052	0	
3	 10	 2	 3	sample134	1542	3340	1542	95294	0	
3	 10	 2	 4	sample134	1604	3146	1542	75558	0	
3	 10	 2	 5	sample134	1456	2998	1284	69390	0	
3	 10	 2	 6	control	2662	4204	3084	98688	0	
3	 10	 3	 1	sample135	2376	4174	2570	125860	0	
3	 10	 3	 2	sample135	2770	4312	2826	104856	0	
3	 10	 3	 3	sample135	1600	3398	1542	71920	0	
3	 10	 3	 4	sample135	1403	2945	1542	80184	0	
3	 10	 3	 5	sample135	796	2338	770	61680	0	
3	 10	 3	 6	control	109	1651	0	61680	0	
3	 10	 4	 1	sample136	3022	4564	3340	115650	0	
3	 10	 4	 2	sample136	2729	4271	2570	77100	0	
3	 10	 4	 3	sample136	1764	3306	1798	80184	0	
3	 10	 4	 4	sample136	1245	2787	1028	60138	0	
3	 10	 4	 5	sample136	777	2319	770	61680	0	
3	 10	 4	 6	control	1494	3036	1284	75558	0	
3	 11	 1	 1	sample137	4500	6812	4884	159528	0	
3	 11	 1	 2	sample137	2629	5199	2826	200460	0	
3	 11	 1	 3	sample137	2215	4527	2314	198832	0	
3	 11	 1	 4	sample137	1931	4243	2056	113288	0	
3	 11	 1	 5	sample137	1496	3808	1542	115600	0	
3	 11	 1	 6	control	51.9	2364	0	92480	0	
3	 11	 2	 1	sample138	2754	5066	2828	187272	0	
3	 11	 2	 2	sample138	3128	5440	3856	164152	0	
3	 11	 2	 3	sample138	2279	4591	2314	173400	0	
3	 11	 2	 4	sample138	1489	3801	1542	122536	0	
3	 11	 2	 5	sample138	1335	3647	1542	108664	0	
3	 11	 2	 6	control	2272	4328	2570	143920	0	
3	 11	 3	 1	sample139	2711	4767	3084	119248	0	
3	 11	 3	 2	sample139	2191	4247	2312	82240	0	
3	 11	 3	 3	sample139	1501	3813	1542	99416	0	
3	 11	 3	 4	sample139	1045	3357	1028	110976	0	
3	 11	 3	 5	sample139	636	2692	770	82240	0	
3	 11	 3	 6	control	102	2158	0	82240	0	
3	 11	 4	 1	sample140	2550	4606	2826	137752	0	
3	 11	 4	 2	sample140	2098	4154	2056	150088	0	
3	 11	 4	 3	sample140	1798	3854	1798	74016	0	
3	 11	 4	 4	sample140	790	2846	770	82240	0	
3	 11	 4	 5	sample140	617	2415	514	71920	0	
3	 11	 4	 6	control	1278	3076	1286	124062	0	
3	 12	 1	 1	sample141	2610	4922	2314	182648	0	
3	 12	 1	 2	sample141	1886	4198	2056	171088	0	
3	 12	 1	 3	sample141	1613	3669	1542	96632	0	
3	 12	 1	 4	sample141	878	3190	772	94792	0	
3	 12	 1	 5	sample141	662	2974	514	92480	0	
3	 12	 1	 6	control	308	2878	256	102800	0	
3	 12	 2	 1	sample142	3656	5712	4368	162424	0	
3	 12	 2	 2	sample142	2898	4954	3340	139808	0	
3	 12	 2	 3	sample142	1948	4004	2056	102800	0	
3	 12	 2	 4	sample142	1009	3321	1028	120224	0	
3	 12	 2	 5	sample142	830	3142	772	101728	0	
3	 12	 2	 6	control	1651	4221	1542	102800	0	
3	 12	 3	 1	sample143	2962	5018	3084	139808	0	
3	 12	 3	 2	sample143	3015	5071	3340	154200	0	
3	 12	 3	 3	sample143	2337	4393	2312	108968	0	
3	 12	 3	 4	sample143	1435	3491	1542	94576	0	
3	 12	 3	 5	sample143	476	2788	514	92480	0	
3	 12	 3	 6	control	-205.09	2621	-255.99	113040	0	
3	 12	 4	 1	sample144	1324	3122	1542	71920	0	
3	 12	 4	 2	sample144	1360	3158	1286	80910	0	
3	 12	 4	 3	sample144	777	2833	770	82240	0	
3	 12	 4	 4	sample144	1074	3130	1028	67848	0	
3	 12	 4	 5	sample144	624	2936	514	92480	0	
3	 12	 4	 6	control	1376	4202	1286	96084	0	
4	 1	 1	 1	sample145	2545	4087	2570	111024	0	
4	 1	 1	 2	sample145	2056	3598	2312	114108	0	
4	 1	 1	 3	sample145	1481	3023	1542	72474	0	
4	 1	 1	 4	sample145	1347	2889	1284	50886	0	
4	 1	 1	 5	sample145	829	2371	770	67848	0	
4	 1	 1	 6	control	302	1844	256	61680	0	
4	 1	 2	 1	sample146	2198	3996	2056	35960	0	
4	 1	 2	 2	sample146	1542	3084	1542	66306	0	
4	 1	 2	 3	sample146	1130	2672	1284	30840	0	
4	 1	 2	 4	sample146	687	2229	514	61680	0	
4	 1	 2	 5	sample146	610	2152	514	61680	0	
4	 1	 2	 6	control	1551	3093	1798	120276	0	
4	 1	 3	 1	sample147	2586	4642	2570	94576	0	
4	 1	 3	 2	sample147	2237	4293	2312	84296	0	
4	 1	 3	 3	sample147	1233	3031	1286	88102	0	
4	 1	 3	 4	sample147	760	2558	772	79112	0	
4	 1	 3	 5	sample147	373	2171	258	71920	0	
4	 1	 3	 6	control	179	1721	256	61680	0	
4	 1	 4	 1	sample148	2179	4235	2312	115136	0	
4	 1	 4	 2	sample148	1439	3495	1542	82240	0	
4	 1	 4	 3	sample148	1183	2981	1028	26970	0	
4	 1	 4	 4	sample148	694	2492	514	71920	0	
4	 1	 4	 5	sample148	469	2011	514	61680	0	
4	 1	 4	 6	control	1064	2606	1028	77100	0	
4	 2	 1	 1	sample149	2227	3769	2056	46260	0	
4	 2	 1	 2	sample149	1346	2888	1284	70932	0	
4	 2	 1	 3	sample149	1257	2799	1284	57054	0	
4	 2	 1	 4	sample149	1133	2675	1284	52428	0	
4	 2	 1	 5	sample149	668	2210	770	61680	0	
4	 2	 1	 6	control	289	1831	256	61680	0	
4	 2	 2	 1	sample150	2507	4049	2826	114108	0	
4	 2	 2	 2	sample150	1898	3440	1798	75558	0	
4	 2	 2	 3	sample150	1168	2710	1028	64764	0	
4	 2	 2	 4	sample150	871	2413	770	70932	0	
4	 2	 2	 5	sample150	604	2146	514	61680	0	
4	 2	 2	 6	control	1897	3439	2056	72474	0	
4	 2	 3	 1	sample151	1306	3104	1286	68324	0	
4	 2	 3	 2	sample151	1053	2595	1028	61680	0	
4	 2	 3	 3	sample151	738	2280	770	61680	0	
4	 2	 3	 4	sample151	501	2043	514	61680	0	
4	 2	 3	 5	sample151	192	1734	256	61680	0	
4	 2	 3	 6	control	199	1741	256	61680	0	
4	 2	 4	 1	sample152	2410	3952	2570	64764	0	
4	 2	 4	 2	sample152	1388	2672	1286	51360	0	
4	 2	 4	 3	sample152	977	2261	1028	51360	0	
4	 2	 4	 4	sample152	585	1869	514	51360	0	
4	 2	 4	 5	sample152	732	1760	770	41120	0	
4	 2	 4	 6	control	1043	2327	1028	46224	0	
4	 3	 1	 1	sample153	3091	4889	3084	147436	0	
4	 3	 1	 2	sample153	3577	5375	3598	127658	0	
4	 3	 1	 3	sample153	2294	4092	2314	116870	0	
4	 3	 1	 4	sample153	1764	3562	2056	118668	0	
4	 3	 1	 5	sample153	919	2717	772	71920	0	
4	 3	 1	 6	control	45.5	1844	0	71920	0	
4	 3	 2	 1	sample154	2601	4143	2826	63222	0	
4	 3	 2	 2	sample154	2308	3850	2312	86352	0	
4	 3	 2	 3	sample154	1455	3253	1542	84506	0	
4	 3	 2	 4	sample154	843	2641	1028	77314	0	
4	 3	 2	 5	sample154	534	2332	514	71920	0	
4	 3	 2	 6	control	2257	4055	2314	98890	0	
4	 3	 3	 1	sample155	1012	2554	770	50886	0	
4	 3	 3	 2	sample155	758	2300	770	61680	0	
4	 3	 3	 3	sample155	462	2004	514	61680	0	
4	 3	 3	 4	sample155	687	2229	514	61680	0	
4	 3	 3	 5	sample155	206	2004	258	71920	0	
4	 3	 3	 6	control	13.3	1811	0	71920	0	
4	 3	 4	 1	sample156	2080	3364	2314	86028	0	
4	 3	 4	 2	sample156	1930	3214	1800	80892	0	
4	 3	 4	 3	sample156	1589	2873	1542	56496	0	
4	 3	 4	 4	sample156	1273	2557	1286	51360	0	
4	 3	 4	 5	sample156	784	2068	772	51360	0	
4	 3	 4	 6	control	1064	2348	1028	37236	0	
4	 4	 1	 1	sample157	1413	3469	1798	82240	0	
4	 4	 1	 2	sample157	1034	3090	1028	82240	0	
4	 4	 1	 3	sample157	1039	3095	1028	90464	0	
4	 4	 1	 4	sample157	927	2983	1028	94576	0	
4	 4	 1	 5	sample157	807	2863	770	71960	0	
4	 4	 1	 6	control	128	2184	256	82240	0	
4	 4	 2	 1	sample158	2232	4288	2056	98688	0	
4	 4	 2	 2	sample158	2703	4759	2570	102800	0	
4	 4	 2	 3	sample158	1834	3632	1800	79112	0	
4	 4	 2	 4	sample158	912	2968	770	100744	0	
4	 4	 2	 5	sample158	883	2939	770	32896	0	
4	 4	 2	 6	control	2050	4106	2056	88408	0	
4	 4	 3	 1	sample159	3577	5633	3854	131584	0	
4	 4	 3	 2	sample159	2428	4226	2570	116870	0	
4	 4	 3	 3	sample159	2039	4095	2056	127472	0	
4	 4	 3	 4	sample159	1754	3810	1798	94576	0	
4	 4	 3	 5	sample159	1083	3139	1028	86352	0	
4	 4	 3	 6	control	121	2177	0	82240	0	
4	 4	 4	 1	sample160	1956	3498	2056	67848	0	
4	 4	 4	 2	sample160	1588	3130	1542	33924	0	
4	 4	 4	 3	sample160	790	2332	770	61680	0	
4	 4	 4	 4	sample160	835	2377	770	61680	0	
4	 4	 4	 5	sample160	835	2377	770	61680	0	
4	 4	 4	 6	control	1060	2602	1028	61680	0	
4	 5	 1	 1	sample161	3436	4978	3598	115650	0	
4	 5	 1	 2	sample161	2104	3902	2314	125860	0	
4	 5	 1	 3	sample161	1869	3667	1800	93496	0	
4	 5	 1	 4	sample161	1319	3117	1286	82708	0	
4	 5	 1	 5	sample161	1015	2557	1028	61680	0	
4	 5	 1	 6	control	187	1985	258	71920	0	
4	 5	 2	 1	sample162	4391	6189	4626	125860	0	
4	 5	 2	 2	sample162	3494	5292	3856	127658	0	
4	 5	 2	 3	sample162	2699	4497	2828	89900	0	
4	 5	 2	 4	sample162	2067	3609	2056	70932	0	
4	 5	 2	 5	sample162	1843	3385	1798	61680	0	
4	 5	 2	 6	control	2224	4022	2314	77314	0	
4	 5	 3	 1	sample163	3247	5045	3084	151032	0	
4	 5	 3	 2	sample163	2803	4601	2828	75516	0	
4	 5	 3	 3	sample163	1927	3469	2056	80184	0	
4	 5	 3	 4	sample163	1424	2966	1542	70932	0	
4	 5	 3	 5	sample163	738	2280	770	61680	0	
4	 5	 3	 6	control	7	1805	0	71920	0	
4	 5	 4	 1	sample164	2929	3957	2826	92520	0	
4	 5	 4	 2	sample164	2486	3770	2570	124548	0	
4	 5	 4	 3	sample164	2570	3598	2570	54484	0	
4	 5	 4	 4	sample164	1370	2654	1286	66768	0	
4	 5	 4	 5	sample164	1252	2536	1286	59064	0	
4	 5	 4	 6	control	1324	2608	1286	51360	0	
4	 6	 1	 1	sample165	2556	4098	2314	112566	0	
4	 6	 1	 2	sample165	2014	3556	2056	101772	0	
4	 6	 1	 3	sample165	1840	3126	1798	63014	0	
4	 6	 1	 4	sample165	1473	2759	1542	43724	0	
4	 6	 1	 5	sample165	1101	2387	1028	45010	0	
4	 6	 1	 6	control	264	1806	258	61680	0	
4	 6	 2	 1	sample166	2034	3576	2056	143406	0	
4	 6	 2	 2	sample166	2658	4200	2828	72474	0	
4	 6	 2	 3	sample166	1909	3195	1798	65586	0	
4	 6	 2	 4	sample166	929	2471	1028	75558	0	
4	 6	 2	 5	sample166	733	2275	772	30840	0	
4	 6	 2	 6	control	1820	3362	2056	97146	0	
4	 6	 3	 1	sample167	2534	4076	3084	109482	0	
4	 6	 3	 2	sample167	2656	4198	2570	74016	0	
4	 6	 3	 3	sample167	1766	3308	1800	81726	0	
4	 6	 3	 4	sample167	919	2461	1028	61680	0	
4	 6	 3	 5	sample167	552	1838	514	51440	0	
4	 6	 3	 6	control	372	1658	256	51440	0	
4	 6	 4	 1	sample168	2799	4085	2570	96450	0	
4	 6	 4	 2	sample168	1854	3140	1542	65586	0	
4	 6	 4	 3	sample168	1278	2564	1284	51440	0	
4	 6	 4	 4	sample168	983	2269	1028	51440	0	
4	 6	 4	 5	sample168	714	2000	770	46296	0	
4	 6	 4	 6	control	1425	2711	1542	42438	0	
4	 7	 1	 1	sample169	2946	4746	2826	135000	0	
4	 7	 1	 2	sample169	3684	5484	4112	127800	0	
4	 7	 1	 3	sample169	2623	4165	2828	112566	0	
4	 7	 1	 4	sample169	2017	3559	2056	69390	0	
4	 7	 1	 5	sample169	1318	2860	1286	24672	0	
4	 7	 1	 6	control	77.6	1620	0	61680	0	
4	 7	 2	 1	sample170	3752	5294	4112	95604	0	
4	 7	 2	 2	sample170	3192	4734	3856	95604	0	
4	 7	 2	 3	sample170	2712	4254	2570	61680	0	
4	 7	 2	 4	sample170	1809	3095	1798	60442	0	
4	 7	 2	 5	sample170	1102	2388	1028	57870	0	
4	 7	 2	 6	control	2098	3384	2312	86162	0	
4	 7	 3	 1	sample171	2200	3742	2570	118734	0	
4	 7	 3	 2	sample171	2213	3755	2314	98688	0	
4	 7	 3	 3	sample171	1665	2951	1798	61728	0	
4	 7	 3	 4	sample171	965	2251	1028	52726	0	
4	 7	 3	 5	sample171	456	1742	514	51440	0	
4	 7	 3	 6	control	57.3	1343	0	51440	0	
4	 7	 4	 1	sample172	2334	3620	2312	92592	0	
4	 7	 4	 2	sample172	2020	3306	2056	56584	0	
4	 7	 4	 3	sample172	912	2198	770	65586	0	
4	 7	 4	 4	sample172	829	1857	772	41120	0	
4	 7	 4	 5	sample172	547	1575	514	41120	0	
4	 7	 4	 6	control	1313	2341	1286	38036	0	
4	 8	 1	 1	sample173	5001	6799	5398	122264	0	
4	 8	 1	 2	sample173	4748	6546	4626	133052	0	
4	 8	 1	 3	sample173	3400	5198	3856	127658	0	
4	 8	 1	 4	sample173	2528	4326	2828	142042	0	
4	 8	 1	 5	sample173	2331	4129	2570	107880	0	
4	 8	 1	 6	control	244	1786	256	61680	0	
4	 8	 2	 1	sample174	2525	4323	2570	111476	0	
4	 8	 2	 2	sample174	2003	3801	2314	113274	0	
4	 8	 2	 3	sample174	1204	2746	1284	78642	0	
4	 8	 2	 4	sample174	931	2473	1028	37008	0	
4	 8	 2	 5	sample174	732	2274	770	61680	0	
4	 8	 2	 6	control	2142	3684	2312	104856	0	
4	 8	 3	 1	sample175	2561	4103	2570	94062	0	
4	 8	 3	 2	sample175	2071	3613	2056	75558	0	
4	 8	 3	 3	sample175	1758	3300	2056	29298	0	
4	 8	 3	 4	sample175	796	2338	770	61680	0	
4	 8	 3	 5	sample175	237	1779	256	61680	0	
4	 8	 3	 6	control	199	1741	256	61680	0	
4	 8	 4	 1	sample176	1311	2853	1284	60138	0	
4	 8	 4	 2	sample176	1080	2622	1028	52428	0	
4	 8	 4	 3	sample176	687	2229	770	61680	0	
4	 8	 4	 4	sample176	738	2280	770	61680	0	
4	 8	 4	 5	sample176	462	2004	514	61680	0	
4	 8	 4	 6	control	1239	2781	1284	61680	0	
4	 9	 1	 1	sample177	2801	4343	3084	109482	0	
4	 9	 1	 2	sample177	1919	3461	1798	72474	0	
4	 9	 1	 3	sample177	1325	2867	1284	69390	0	
4	 9	 1	 4	sample177	973	2515	1028	72474	0	
4	 9	 1	 5	sample177	945	2229	772	51360	0	
4	 9	 1	 6	control	206	1490	258	51360	0	
4	 9	 2	 1	sample178	2569	4111	2826	97146	0	
4	 9	 2	 2	sample178	2943	4485	3340	98688	0	
4	 9	 2	 3	sample178	2169	3711	2312	66306	0	
4	 9	 2	 4	sample178	1187	2729	1284	77100	0	
4	 9	 2	 5	sample178	822	2364	770	61680	0	
4	 9	 2	 6	control	1525	3067	1798	117192	0	
4	 9	 3	 1	sample179	2332	4130	2314	124062	0	
4	 9	 3	 2	sample179	1726	3524	2056	125860	0	
4	 9	 3	 3	sample179	1989	3787	2056	34162	0	
4	 9	 3	 4	sample179	1499	3041	1542	74016	0	
4	 9	 3	 5	sample179	716	2258	770	50886	0	
4	 9	 3	 6	control	-108.69	1689	0	71920	0	
4	 9	 4	 1	sample180	3163	4961	3342	124062	0	
4	 9	 4	 2	sample180	2425	4223	2828	124062	0	
4	 9	 4	 3	sample180	1255	3053	1286	91698	0	
4	 9	 4	 4	sample180	1454	3252	1542	93496	0	
4	 9	 4	 5	sample180	1118	2916	1286	82708	0	
4	 9	 4	 6	control	1652	3194	1542	67848	0	
4	 10	 1	 1	sample181	2540	4340	2570	124200	0	
4	 10	 1	 2	sample181	2809	4609	2570	129600	0	
4	 10	 1	 3	sample181	2047	3847	2056	115200	0	
4	 10	 1	 4	sample181	1656	3198	1800	66306	0	
4	 10	 1	 5	sample181	924	2466	1028	49344	0	
4	 10	 1	 6	control	315	1857	258	61680	0	
4	 10	 2	 1	sample182	3111	4911	3340	100800	0	
4	 10	 2	 2	sample182	2479	4279	2826	122400	0	
4	 10	 2	 3	sample182	2169	3969	2056	93600	0	
4	 10	 2	 4	sample182	1549	3349	1542	120600	0	
4	 10	 2	 5	sample182	1530	3072	1542	61680	0	
4	 10	 2	 6	control	2094	3636	2056	84810	0	
4	 10	 3	 1	sample183	3138	5194	2828	127472	0	
4	 10	 3	 2	sample183	2628	4684	2828	92520	0	
4	 10	 3	 3	sample183	1802	3602	1798	126000	0	
4	 10	 3	 4	sample183	1497	3297	1284	72000	0	
4	 10	 3	 5	sample183	809	2609	770	72000	0	
4	 10	 3	 6	control	237	2037	256	72000	0	
4	 10	 4	 1	sample184	3049	4849	3084	106200	0	
4	 10	 4	 2	sample184	2589	4389	2312	23400	0	
4	 10	 4	 3	sample184	1685	3485	1542	61200	0	
4	 10	 4	 4	sample184	1034	2834	1028	72000	0	
4	 10	 4	 5	sample184	819	2619	770	28800	0	
4	 10	 4	 6	control	1791	3591	1798	57600	0	
4	 11	 1	 1	sample185	3032	4574	3084	98688	0	
4	 11	 1	 2	sample185	2483	4025	2828	77100	0	
4	 11	 1	 3	sample185	1916	3202	2056	61728	0	
4	 11	 1	 4	sample185	1212	2498	1284	59156	0	
4	 11	 1	 5	sample185	913	1941	772	41120	0	
4	 11	 1	 6	control	187	1215	258	41120	0	
4	 11	 2	 1	sample186	3225	4767	3084	67848	0	
4	 11	 2	 2	sample186	2712	4254	2828	75558	0	
4	 11	 2	 3	sample186	1845	3131	1798	50154	0	
4	 11	 2	 4	sample186	848	2134	770	55298	0	
4	 11	 2	 5	sample186	804	1832	772	41120	0	
4	 11	 2	 6	control	1190	2218	1286	44204	0	
4	 11	 3	 1	sample187	4191	5991	4368	117000	0	
4	 11	 3	 2	sample187	3181	4981	3598	113400	0	
4	 11	 3	 3	sample187	2767	4567	2826	77400	0	
4	 11	 3	 4	sample187	2003	3545	2056	74016	0	
4	 11	 3	 5	sample187	1516	2802	1542	25720	0	
4	 11	 3	 6	control	431	1459	258	41120	0	
4	 11	 4	 1	sample188	3443	5499	3342	78128	0	
4	 11	 4	 2	sample188	2910	4710	3084	72000	0	
4	 11	 4	 3	sample188	1856	3656	1798	72000	0	
4	 11	 4	 4	sample188	973	2773	1028	68400	0	
4	 11	 4	 5	sample188	827	2369	772	35466	0	
4	 11	 4	 6	control	1291	2577	1284	50154	0	
4	 12	 1	 1	sample189	1437	3235	1286	39556	0	
4	 12	 1	 2	sample189	1051	2849	1028	80910	0	
4	 12	 1	 3	sample189	792	2590	772	66526	0	
4	 12	 1	 4	sample189	385	2441	256	82240	0	
4	 12	 1	 5	sample189	481	2537	514	82240	0	
4	 12	 1	 6	control	353	2923	256	102800	0	
4	 12	 2	 1	sample190	1603	3145	1542	89436	0	
4	 12	 2	 2	sample190	1533	3075	1284	97146	0	
4	 12	 2	 3	sample190	894	2692	772	71920	0	
4	 12	 2	 4	sample190	1148	2946	1028	26970	0	
4	 12	 2	 5	sample190	1113	3169	1028	30840	0	
4	 12	 2	 6	control	2512	5082	1798	46260	0	
4	 12	 3	 1	sample191	1278	3076	1028	59334	0	
4	 12	 3	 2	sample191	1350	3148	1286	71920	0	
4	 12	 3	 3	sample191	1345	3143	1028	53940	0	
4	 12	 3	 4	sample191	579	2377	514	71920	0	
4	 12	 3	 5	sample191	1889	3945	2056	41120	0	
4	 12	 3	 6	control	295	2865	0	102800	0	
4	 12	 4	 1	sample192	2165	3963	2056	46748	0	
4	 12	 4	 2	sample192	1080	2878	772	71920	0	
4	 12	 4	 3	sample192	707	2505	514	71920	0	
4	 12	 4	 4	sample192	736	2792	514	45232	0	
4	 12	 4	 5	sample192	494	2550	256	82240	0	
4	 12	 4	 6	control	1183	3495	1028	57800	0	
