MicroVigene	 Version	 2501
Culture	en-US
9/28/2006 5:07:16 PM
Roi Row	 4	 Roi Col	 12	 Main Row	 4	 Main Col	 6	 Sub Row	 1	 Sub Col	 1
Main Row	 Main Col	 Sub Row	 Sub Col	  GeneID	mean_net	 mean_total	 median_net	 vol_bkg	 vol_dust	 
1	 1	 1	 1	sample1	5654	7848	6102	160162	0	
1	 1	 1	 2	sample1	4244	6370	4888	165828	0	
1	 1	 1	 3	sample1	3839	5775	4300	143264	0	
1	 1	 1	 4	sample1	3212	4926	3328	125122	0	
1	 1	 1	 5	sample1	2034	3720	2094	79242	0	
1	 1	 1	 6	control	293	2145	226	74080	0	
1	 1	 2	 1	sample2	922	2684	760	70480	0	
1	 1	 2	 2	sample2	1740	3504	1626	77616	0	
1	 1	 2	 3	sample2	1201	2779	1022	63120	0	
1	 1	 2	 4	sample2	629	2175	524	61840	0	
1	 1	 2	 5	sample2	420	2010	414	63600	0	
1	 1	 2	 6	control	802	2490	750	67520	0	
1	 1	 3	 1	sample3	5624	7252	6502	110704	0	
1	 1	 3	 2	sample3	4185	5749	4320	132940	0	
1	 1	 3	 3	sample3	3631	5081	3656	126150	0	
1	 1	 3	 4	sample3	1798	3254	1758	133952	0	
1	 1	 3	 5	sample3	640	2126	610	59440	0	
1	 1	 3	 6	control	273	1779	262	60240	0	
1	 1	 4	 1	sample4	5779	7243	5992	109800	0	
1	 1	 4	 2	sample4	3182	4626	3130	98192	0	
1	 1	 4	 3	sample4	2685	3963	2688	108630	0	
1	 1	 4	 4	sample4	1635	2837	1664	63706	0	
1	 1	 4	 5	sample4	602	1882	632	51200	0	
1	 1	 4	 6	control	500	1810	418	52400	0	
1	 2	 1	 1	sample5	2183	4121	2106	102714	0	
1	 2	 1	 2	sample5	2003	3979	2052	98800	0	
1	 2	 1	 3	sample5	1600	3548	1660	91556	0	
1	 2	 1	 4	sample5	938	2852	882	76560	0	
1	 2	 1	 5	sample5	728	2554	534	73040	0	
1	 2	 1	 6	control	235	1997	26	70480	0	
1	 2	 2	 1	sample6	8611	10361	8800	136500	0	
1	 2	 2	 2	sample6	6499	8275	6868	163392	0	
1	 2	 2	 3	sample6	5214	7010	5952	152660	0	
1	 2	 2	 4	sample6	4408	6094	4524	158484	0	
1	 2	 2	 5	sample6	4091	5687	4382	138852	0	
1	 2	 2	 6	control	1088	2610	1066	60880	0	
1	 2	 3	 1	sample7	1832	3394	1708	112464	0	
1	 2	 3	 2	sample7	1606	3126	1370	60800	0	
1	 2	 3	 3	sample7	859	2439	794	63200	0	
1	 2	 3	 4	sample7	657	2165	632	60320	0	
1	 2	 3	 5	sample7	398	1852	272	58160	0	
1	 2	 3	 6	control	141	1579	30	57520	0	
1	 2	 4	 1	sample8	1090	2450	1054	54400	0	
1	 2	 4	 2	sample8	294	1718	214	56960	0	
1	 2	 4	 3	sample8	679	2105	696	57040	0	
1	 2	 4	 4	sample8	393	1743	266	54000	0	
1	 2	 4	 5	sample8	320	1618	146	51920	0	
1	 2	 4	 6	control	719	2055	604	53440	0	
1	 3	 1	 1	sample9	4704	6264	4702	95160	0	
1	 3	 1	 2	sample9	3817	5281	4288	101016	0	
1	 3	 1	 3	sample9	3011	4447	3480	90468	0	
1	 3	 1	 4	sample9	2114	3578	1954	99552	0	
1	 3	 1	 5	sample9	1289	2739	1348	52200	0	
1	 3	 1	 6	control	234	1668	274	57360	0	
1	 3	 2	 1	sample10	472	1800	436	53120	0	
1	 3	 2	 2	sample10	953	2237	940	51360	0	
1	 3	 2	 3	sample10	634	1858	598	48960	0	
1	 3	 2	 4	sample10	620	1798	608	47120	0	
1	 3	 2	 5	sample10	351	1605	252	50160	0	
1	 3	 2	 6	control	1173	2455	1156	39742	0	
1	 3	 3	 1	sample11	3061	4233	2522	65632	0	
1	 3	 3	 2	sample11	2344	3450	2304	54194	0	
1	 3	 3	 3	sample11	1815	2909	1860	44854	0	
1	 3	 3	 4	sample11	1425	2475	1362	50400	0	
1	 3	 3	 5	sample11	747	1795	674	41920	0	
1	 3	 3	 6	control	158	1288	148	45200	0	
1	 3	 4	 1	sample12	2040	3128	1964	54400	0	
1	 3	 4	 2	sample12	1562	2760	1588	50316	0	
1	 3	 4	 3	sample12	2685	3737	2400	67328	0	
1	 3	 4	 4	sample12	1891	2931	1982	48880	0	
1	 3	 4	 5	sample12	669	1687	652	40720	0	
1	 3	 4	 6	control	666	1712	616	41840	0	
1	 4	 1	 1	sample13	3103	5381	3056	111622	0	
1	 4	 1	 2	sample13	3312	5630	3390	120536	0	
1	 4	 1	 3	sample13	2183	4479	2060	112504	0	
1	 4	 1	 4	sample13	1066	3326	894	90400	0	
1	 4	 1	 5	sample13	881	3049	908	86720	0	
1	 4	 1	 6	control	507	2607	356	84000	0	
1	 4	 2	 1	sample14	4286	6414	4434	155344	0	
1	 4	 2	 2	sample14	3215	5383	3352	184280	0	
1	 4	 2	 3	sample14	2366	4556	2502	105120	0	
1	 4	 2	 4	sample14	1802	3860	1820	94668	0	
1	 4	 2	 5	sample14	1248	3150	1278	81786	0	
1	 4	 2	 6	control	1076	2908	1120	42136	0	
1	 4	 3	 1	sample15	4776	6758	4858	154596	0	
1	 4	 3	 2	sample15	3629	5581	3934	204960	0	
1	 4	 3	 3	sample15	3315	5267	3522	156160	0	
1	 4	 3	 4	sample15	2688	4456	2734	136136	0	
1	 4	 3	 5	sample15	1652	3440	1616	82248	0	
1	 4	 3	 6	control	378	2120	306	69680	0	
1	 4	 4	 1	sample16	6786	8676	7132	35910	0	
1	 4	 4	 2	sample16	2863	4761	3048	125268	0	
1	 4	 4	 3	sample16	4599	6393	4366	148902	0	
1	 4	 4	 4	sample16	2250	3914	2274	86528	0	
1	 4	 4	 5	sample16	773	2455	632	67280	0	
1	 4	 4	 6	control	406	2056	220	66000	0	
1	 5	 1	 1	sample17	1993	3831	1836	130498	0	
1	 5	 1	 2	sample17	2160	3972	2188	157644	0	
1	 5	 1	 3	sample17	1563	3409	1502	90454	0	
1	 5	 1	 4	sample17	1040	3026	966	81426	0	
1	 5	 1	 5	sample17	633	2653	686	80800	0	
1	 5	 1	 6	control	182	2160	150	79120	0	
1	 5	 2	 1	sample18	1003	2723	902	46440	0	
1	 5	 2	 2	sample18	1195	2841	1214	65840	0	
1	 5	 2	 3	sample18	637	2291	680	66160	0	
1	 5	 2	 4	sample18	226	1940	218	68560	0	
1	 5	 2	 5	sample18	199	1943	124	69760	0	
1	 5	 2	 6	control	798	2498	712	68000	0	
1	 5	 3	 1	sample19	4237	5789	4024	111744	0	
1	 5	 3	 2	sample19	2521	4045	2140	172212	0	
1	 5	 3	 3	sample19	2731	4259	2762	116128	0	
1	 5	 3	 4	sample19	1600	3056	1366	71344	0	
1	 5	 3	 5	sample19	654	2166	640	60480	0	
1	 5	 3	 6	control	192	1666	222	58960	0	
1	 5	 4	 1	sample20	876	2318	884	30282	0	
1	 5	 4	 2	sample20	498	1964	418	58640	0	
1	 5	 4	 3	sample20	359	1771	310	56480	0	
1	 5	 4	 4	sample20	253	1743	150	59600	0	
1	 5	 4	 5	sample20	250	1740	150	59600	0	
1	 5	 4	 6	control	257	1699	256	57680	0	
1	 6	 1	 1	sample21	1058	2668	996	72450	0	
1	 6	 1	 2	sample21	949	2557	820	64320	0	
1	 6	 1	 3	sample21	778	2402	628	64960	0	
1	 6	 1	 4	sample21	605	2205	488	64000	0	
1	 6	 1	 5	sample21	384	1966	158	63280	0	
1	 6	 1	 6	control	381	1961	228	63200	0	
1	 6	 2	 1	sample22	1601	2849	1546	98592	0	
1	 6	 2	 2	sample22	1131	2455	1212	67524	0	
1	 6	 2	 3	sample22	1349	2625	1264	62524	0	
1	 6	 2	 4	sample22	659	1903	610	49760	0	
1	 6	 2	 5	sample22	529	1783	416	50160	0	
1	 6	 2	 6	control	796	2056	734	50400	0	
1	 6	 3	 1	sample23	3425	4449	3270	72704	0	
1	 6	 3	 2	sample23	2478	3508	2540	82400	0	
1	 6	 3	 3	sample23	2299	3405	2266	94010	0	
1	 6	 3	 4	sample23	1536	2630	1534	109400	0	
1	 6	 3	 5	sample23	827	1945	772	44720	0	
1	 6	 3	 6	control	217	1381	112	46560	0	
1	 6	 4	 1	sample24	1380	2438	1472	71944	0	
1	 6	 4	 2	sample24	892	1926	786	41360	0	
1	 6	 4	 3	sample24	846	1846	700	40000	0	
1	 6	 4	 4	sample24	377	1473	252	43840	0	
1	 6	 4	 5	sample24	389	1497	248	44320	0	
1	 6	 4	 6	control	418	1594	238	47040	0	
1	 7	 1	 1	sample25	2481	4095	2278	82314	0	
1	 7	 1	 2	sample25	3014	4628	3092	77472	0	
1	 7	 1	 3	sample25	2333	3891	2394	82574	0	
1	 7	 1	 4	sample25	1168	2772	1242	80200	0	
1	 7	 1	 5	sample25	1193	2795	956	33642	0	
1	 7	 1	 6	control	459	2025	324	62640	0	
1	 7	 2	 1	sample26	1132	2334	1024	48080	0	
1	 7	 2	 2	sample26	1193	2461	1246	55792	0	
1	 7	 2	 3	sample26	810	2014	678	48160	0	
1	 7	 2	 4	sample26	760	1918	614	46320	0	
1	 7	 2	 5	sample26	580	1798	374	48720	0	
1	 7	 2	 6	control	1338	2546	1194	26576	0	
1	 7	 3	 1	sample27	788	1902	650	44560	0	
1	 7	 3	 2	sample27	496	1682	416	47440	0	
1	 7	 3	 3	sample27	658	1760	378	44080	0	
1	 7	 3	 4	sample27	529	1571	372	41680	0	
1	 7	 3	 5	sample27	376	1384	278	40320	0	
1	 7	 3	 6	control	608	1668	508	42400	0	
1	 7	 4	 1	sample28	3402	4500	3216	48312	0	
1	 7	 4	 2	sample28	3327	4211	3278	124644	0	
1	 7	 4	 3	sample28	2612	3504	2508	77604	0	
1	 7	 4	 4	sample28	1910	2856	1886	91762	0	
1	 7	 4	 5	sample28	459	1411	498	38080	0	
1	 7	 4	 6	control	397	1291	352	35760	0	
1	 8	 1	 1	sample29	2474	8268	2474	278112	0	
1	 8	 1	 2	sample29	4296	10114	4306	290900	0	
1	 8	 1	 3	sample29	2071	7765	1978	239148	0	
1	 8	 1	 4	sample29	1114	6784	1042	226800	0	
1	 8	 1	 5	sample29	580	6244	538	203904	0	
1	 8	 1	 6	control	247	5797	258	199800	0	
1	 8	 2	 1	sample30	700	6166	686	218640	0	
1	 8	 2	 2	sample30	883	6389	790	220240	0	
1	 8	 2	 3	sample30	697	6157	656	218400	0	
1	 8	 2	 4	sample30	543	5867	530	212960	0	
1	 8	 2	 5	sample30	510	5758	450	188928	0	
1	 8	 2	 6	control	668	5900	680	188352	0	
1	 8	 3	 1	sample31	8627	13981	8792	374780	0	
1	 8	 3	 2	sample31	5477	10907	5350	374670	0	
1	 8	 3	 3	sample31	5103	10451	5190	417144	0	
1	 8	 3	 4	sample31	3680	8898	3530	266118	0	
1	 8	 3	 5	sample31	2333	7387	2182	257754	0	
1	 8	 3	 6	control	262	5218	268	168504	0	
1	 8	 4	 1	sample32	1383	6525	1308	205680	0	
1	 8	 4	 2	sample32	937	6119	808	176188	0	
1	 8	 4	 3	sample32	704	5856	730	175168	0	
1	 8	 4	 4	sample32	457	5591	480	174556	0	
1	 8	 4	 5	sample32	409	5383	354	159168	0	
1	 8	 4	 6	control	394	5324	228	197200	0	
1	 9	 1	 1	sample33	1260	6734	1248	218960	0	
1	 9	 1	 2	sample33	921	6353	910	217280	0	
1	 9	 1	 3	sample33	759	6173	730	216560	0	
1	 9	 1	 4	sample33	823	6161	598	213520	0	
1	 9	 1	 5	sample33	510	5866	500	214240	0	
1	 9	 1	 6	control	309	5677	182	214720	0	
1	 9	 2	 1	sample34	1542	6732	1580	166080	0	
1	 9	 2	 2	sample34	1830	6926	1734	224224	0	
1	 9	 2	 3	sample34	1165	6265	1060	204000	0	
1	 9	 2	 4	sample34	1063	6081	986	200720	0	
1	 9	 2	 5	sample34	659	5761	642	204080	0	
1	 9	 2	 6	control	877	5971	942	203760	0	
1	 9	 3	 1	sample35	2435	7467	2228	266696	0	
1	 9	 3	 2	sample35	1641	6583	1630	247100	0	
1	 9	 3	 3	sample35	1360	6272	1470	196480	0	
1	 9	 3	 4	sample35	874	5776	816	196080	0	
1	 9	 3	 5	sample35	716	5682	618	198640	0	
1	 9	 3	 6	control	84.1	5006	2	196880	0	
1	 9	 4	 1	sample36	3135	8067	2712	261396	0	
1	 9	 4	 2	sample36	1264	6184	1164	196800	0	
1	 9	 4	 3	sample36	945	5901	924	198240	0	
1	 9	 4	 4	sample36	576	5460	536	195360	0	
1	 9	 4	 5	sample36	442	5338	390	195840	0	
1	 9	 4	 6	control	541	5449	446	196320	0	
1	 10	 1	 1	sample37	1171	2607	1220	57440	0	
1	 10	 1	 2	sample37	984	2388	790	56160	0	
1	 10	 1	 3	sample37	987	2383	898	55840	0	
1	 10	 1	 4	sample37	552	2028	462	59040	0	
1	 10	 1	 5	sample37	555	2115	302	62400	0	
1	 10	 1	 6	control	417	1987	232	62800	0	
1	 10	 2	 1	sample38	1078	2098	996	40800	0	
1	 10	 2	 2	sample38	794	1794	718	40000	0	
1	 10	 2	 3	sample38	809	1897	540	43520	0	
1	 10	 2	 4	sample38	822	2018	868	29900	0	
1	 10	 2	 5	sample38	672	1904	432	49280	0	
1	 10	 2	 6	control	1033	2319	900	57870	0	
1	 10	 3	 1	sample39	1631	2495	1624	56160	0	
1	 10	 3	 2	sample39	1352	2248	1290	19712	0	
1	 10	 3	 3	sample39	805	1669	658	34560	0	
1	 10	 3	 4	sample39	529	1529	466	40000	0	
1	 10	 3	 5	sample39	434	1466	254	41280	0	
1	 10	 3	 6	control	387	1457	202	42800	0	
1	 10	 4	 1	sample40	2130	3010	1830	49280	0	
1	 10	 4	 2	sample40	1313	2131	1022	32720	0	
1	 10	 4	 3	sample40	1955	2727	1816	30880	0	
1	 10	 4	 4	sample40	606	1546	432	37600	0	
1	 10	 4	 5	sample40	529	1509	260	39200	0	
1	 10	 4	 6	control	524	1586	384	42480	0	
1	 11	 1	 1	sample41	2806	4856	2798	143500	0	
1	 11	 1	 2	sample41	2331	4341	2368	102510	0	
1	 11	 1	 3	sample41	1807	3873	1828	101234	0	
1	 11	 1	 4	sample41	1364	3354	1258	101490	0	
1	 11	 1	 5	sample41	1085	3107	972	82902	0	
1	 11	 1	 6	control	297	2287	266	79600	0	
1	 11	 2	 1	sample42	2581	4281	2546	110500	0	
1	 11	 2	 2	sample42	2454	4120	2562	111622	0	
1	 11	 2	 3	sample42	2074	3730	2054	79488	0	
1	 11	 2	 4	sample42	1564	3212	1456	80752	0	
1	 11	 2	 5	sample42	1084	2786	1040	68080	0	
1	 11	 2	 6	control	1018	2742	1002	49996	0	
1	 11	 3	 1	sample43	1942	3398	1692	100464	0	
1	 11	 3	 2	sample43	1550	3026	1538	106272	0	
1	 11	 3	 3	sample43	1957	3449	1858	99964	0	
1	 11	 3	 4	sample43	921	2347	778	57040	0	
1	 11	 3	 5	sample43	667	2127	504	58400	0	
1	 11	 3	 6	control	313	1803	250	59600	0	
1	 11	 4	 1	sample44	4500	6004	4766	117312	0	
1	 11	 4	 2	sample44	4177	5635	4344	104976	0	
1	 11	 4	 3	sample44	2979	4407	3054	111384	0	
1	 11	 4	 4	sample44	1943	3297	1996	69054	0	
1	 11	 4	 5	sample44	1545	2915	1556	87680	0	
1	 11	 4	 6	control	527	1865	470	53520	0	
1	 12	 1	 1	sample45	2290	3894	2050	97844	0	
1	 12	 1	 2	sample45	1871	3451	2010	101120	0	
1	 12	 1	 3	sample45	1849	3567	1856	58412	0	
1	 12	 1	 4	sample45	1112	2896	996	35680	0	
1	 12	 1	 5	sample45	810	2740	768	61760	0	
1	 12	 1	 6	control	406	2596	312	87600	0	
1	 12	 2	 1	sample46	366	1654	254	51520	0	
1	 12	 2	 2	sample46	330	1618	258	51520	0	
1	 12	 2	 3	sample46	441	1799	374	54320	0	
1	 12	 2	 4	sample46	319	1743	208	56960	0	
1	 12	 2	 5	sample46	414	1916	348	60080	0	
1	 12	 2	 6	control	591	2379	474	71520	0	
1	 12	 3	 1	sample47	1987	3013	1836	70794	0	
1	 12	 3	 2	sample47	1155	2211	1088	66528	0	
1	 12	 3	 3	sample47	1299	2395	1328	76720	0	
1	 12	 3	 4	sample47	660	1846	626	47440	0	
1	 12	 3	 5	sample47	573	1871	490	51920	0	
1	 12	 3	 6	control	309	1859	294	62000	0	
1	 12	 4	 1	sample48	1255	2083	1184	43056	0	
1	 12	 4	 2	sample48	533	1441	440	36320	0	
1	 12	 4	 3	sample48	1043	2005	1016	25974	0	
1	 12	 4	 4	sample48	283	1325	272	41680	0	
1	 12	 4	 5	sample48	366	1520	316	46160	0	
1	 12	 4	 6	control	510	1912	482	56080	0	
2	 1	 1	 1	sample49	5697	8013	5222	159804	0	
2	 1	 1	 2	sample49	4121	6285	4154	173120	0	
2	 1	 1	 3	sample49	3333	5535	3562	173958	0	
2	 1	 1	 4	sample49	2694	4980	2922	173736	0	
2	 1	 1	 5	sample49	2028	4368	1964	182520	0	
2	 1	 1	 6	control	364	2888	138	100960	0	
2	 1	 2	 1	sample50	1950	4366	1812	157040	0	
2	 1	 2	 2	sample50	2450	4774	2574	188244	0	
2	 1	 2	 3	sample50	1941	4285	1654	157048	0	
2	 1	 2	 4	sample50	1861	4247	1790	121686	0	
2	 1	 2	 5	sample50	1121	3591	1106	98800	0	
2	 1	 2	 6	control	1394	3956	1324	89670	0	
2	 1	 3	 1	sample51	6751	9179	7072	199096	0	
2	 1	 3	 2	sample51	4947	7261	4712	240656	0	
2	 1	 3	 3	sample51	3776	6088	3840	240448	0	
2	 1	 3	 4	sample51	3683	6017	3806	219396	0	
2	 1	 3	 5	sample51	1620	4002	1544	116718	0	
2	 1	 3	 6	control	228	2810	22	103280	0	
2	 1	 4	 1	sample52	2067	4271	2046	121220	0	
2	 1	 4	 2	sample52	988	3128	946	85600	0	
2	 1	 4	 3	sample52	1067	3231	1084	86560	0	
2	 1	 4	 4	sample52	593	2833	542	89600	0	
2	 1	 4	 5	sample52	560	2906	500	93840	0	
2	 1	 4	 6	control	1142	3676	698	101360	0	
2	 2	 1	 1	sample53	8103	10251	8178	148212	0	
2	 2	 1	 2	sample53	6100	8282	7022	165832	0	
2	 2	 1	 3	sample53	6533	8761	6898	147048	0	
2	 2	 1	 4	sample53	3809	5969	4192	162000	0	
2	 2	 1	 5	sample53	3176	5250	3188	145180	0	
2	 2	 1	 6	control	285	2365	258	83200	0	
2	 2	 2	 1	sample54	2317	4483	2476	123462	0	
2	 2	 2	 2	sample54	2380	4496	2428	129076	0	
2	 2	 2	 3	sample54	1659	3763	1750	84160	0	
2	 2	 2	 4	sample54	1409	3491	1384	83280	0	
2	 2	 2	 5	sample54	940	2942	898	80080	0	
2	 2	 2	 6	control	590	2638	556	81920	0	
2	 2	 3	 1	sample55	1596	3780	1212	87360	0	
2	 2	 3	 2	sample55	2261	4375	2290	105700	0	
2	 2	 3	 3	sample55	1486	3590	1248	84160	0	
2	 2	 3	 4	sample55	836	2994	902	86320	0	
2	 2	 3	 5	sample55	435	2601	286	86640	0	
2	 2	 3	 6	control	203	2457	216	90160	0	
2	 2	 4	 1	sample56	4108	6230	3120	127320	0	
2	 2	 4	 2	sample56	3206	5432	2806	104622	0	
2	 2	 4	 3	sample56	2549	4811	2286	169650	0	
2	 2	 4	 4	sample56	1886	4130	1660	116688	0	
2	 2	 4	 5	sample56	861	3115	880	90160	0	
2	 2	 4	 6	control	852	2836	652	79360	0	
2	 3	 1	 1	sample57	4719	6863	4730	169376	0	
2	 3	 1	 2	sample57	4402	6540	4922	166764	0	
2	 3	 1	 3	sample57	3518	5538	3386	155540	0	
2	 3	 1	 4	sample57	1960	3894	1938	87030	0	
2	 3	 1	 5	sample57	1678	3632	1592	78160	0	
2	 3	 1	 6	control	193	2097	160	76160	0	
2	 3	 2	 1	sample58	1314	3518	1316	88160	0	
2	 3	 2	 2	sample58	1380	3596	1304	88640	0	
2	 3	 2	 3	sample58	1057	3161	1120	84160	0	
2	 3	 2	 4	sample58	792	2794	902	80080	0	
2	 3	 2	 5	sample58	688	2692	638	80160	0	
2	 3	 2	 6	control	1749	3711	1580	78480	0	
2	 3	 3	 1	sample59	10037	12385	9448	187840	0	
2	 3	 3	 2	sample59	9532	11764	9392	196416	0	
2	 3	 3	 3	sample59	7535	9669	7386	177122	0	
2	 3	 3	 4	sample59	7072	9014	6704	167012	0	
2	 3	 3	 5	sample59	4771	6689	4930	141932	0	
2	 3	 3	 6	control	196	2108	226	76480	0	
2	 3	 4	 1	sample60	752	2848	644	83840	0	
2	 3	 4	 2	sample60	654	2628	700	78960	0	
2	 3	 4	 3	sample60	504	2404	502	76000	0	
2	 3	 4	 4	sample60	411	2283	298	74880	0	
2	 3	 4	 5	sample60	390	2284	370	75760	0	
2	 3	 4	 6	control	463	2351	470	75520	0	
2	 4	 1	 1	sample61	1314	3650	1106	93440	0	
2	 4	 1	 2	sample61	1125	3469	1070	93760	0	
2	 4	 1	 3	sample61	909	3353	888	97760	0	
2	 4	 1	 4	sample61	708	3174	712	98640	0	
2	 4	 1	 5	sample61	338	2880	370	101680	0	
2	 4	 1	 6	control	335	2983	366	105920	0	
2	 4	 2	 1	sample62	9352	11780	10206	179672	0	
2	 4	 2	 2	sample62	7199	9653	7836	157056	0	
2	 4	 2	 3	sample62	5878	8320	6184	192918	0	
2	 4	 2	 4	sample62	3583	6025	3418	188034	0	
2	 4	 2	 5	sample62	2877	5347	3044	106210	0	
2	 4	 2	 6	control	1714	4308	1714	59662	0	
2	 4	 3	 1	sample63	2614	4954	2658	159120	0	
2	 4	 3	 2	sample63	2613	4961	2240	197232	0	
2	 4	 3	 3	sample63	2363	4813	2274	117600	0	
2	 4	 3	 4	sample63	1416	3836	1380	96800	0	
2	 4	 3	 5	sample63	487	2837	510	94000	0	
2	 4	 3	 6	control	151	2611	128	98400	0	
2	 4	 4	 1	sample64	5980	8328	6268	154968	0	
2	 4	 4	 2	sample64	4964	7320	4738	162564	0	
2	 4	 4	 3	sample64	3149	5637	2540	129376	0	
2	 4	 4	 4	sample64	826	3230	800	96160	0	
2	 4	 4	 5	sample64	432	2870	376	97520	0	
2	 4	 4	 6	control	438	2928	452	99600	0	
2	 5	 1	 1	sample65	8516	11494	8130	181658	0	
2	 5	 1	 2	sample65	8498	11358	7954	277420	0	
2	 5	 1	 3	sample65	6432	9066	6202	218622	0	
2	 5	 1	 4	sample65	5141	7731	5182	183890	0	
2	 5	 1	 5	sample65	3255	5825	2996	226160	0	
2	 5	 1	 6	control	543	3181	278	105520	0	
2	 5	 2	 1	sample66	2932	5764	2540	113280	0	
2	 5	 2	 2	sample66	2589	5305	2618	108640	0	
2	 5	 2	 3	sample66	1794	4380	1824	106026	0	
2	 5	 2	 4	sample66	1238	3762	1106	100960	0	
2	 5	 2	 5	sample66	1091	3579	1040	99520	0	
2	 5	 2	 6	control	1818	4326	1740	52668	0	
2	 5	 3	 1	sample67	3462	6104	3456	174372	0	
2	 5	 3	 2	sample67	2204	4790	2000	204294	0	
2	 5	 3	 3	sample67	2035	4507	2250	163152	0	
2	 5	 3	 4	sample67	1548	3938	1560	95600	0	
2	 5	 3	 5	sample67	923	3271	760	93920	0	
2	 5	 3	 6	control	440	2752	308	92480	0	
2	 5	 4	 1	sample68	5667	8249	5246	193650	0	
2	 5	 4	 2	sample68	3052	5574	3214	186628	0	
2	 5	 4	 3	sample68	994	3430	940	97440	0	
2	 5	 4	 4	sample68	1192	3406	1010	88560	0	
2	 5	 4	 5	sample68	985	3097	738	84480	0	
2	 5	 4	 6	control	748	2910	570	86480	0	
2	 6	 1	 1	sample69	9462	11792	9878	191060	0	
2	 6	 1	 2	sample69	8449	10809	9108	186440	0	
2	 6	 1	 3	sample69	8299	10675	9444	182952	0	
2	 6	 1	 4	sample69	6368	8650	6708	164304	0	
2	 6	 1	 5	sample69	4582	6632	5090	168100	0	
2	 6	 1	 6	control	332	2242	306	76400	0	
2	 6	 2	 1	sample70	7250	9512	7598	174174	0	
2	 6	 2	 2	sample70	5734	8064	6366	184070	0	
2	 6	 2	 3	sample70	4461	6685	4570	182368	0	
2	 6	 2	 4	sample70	3523	5629	3388	170586	0	
2	 6	 2	 5	sample70	2226	4174	2200	163632	0	
2	 6	 2	 6	control	1835	3581	1764	48888	0	
2	 6	 3	 1	sample71	5219	7297	5392	149616	0	
2	 6	 3	 2	sample71	4590	6688	4324	174134	0	
2	 6	 3	 3	sample71	3248	5312	3090	179568	0	
2	 6	 3	 4	sample71	3152	5060	3234	135468	0	
2	 6	 3	 5	sample71	2249	3989	2160	85260	0	
2	 6	 3	 6	control	23.4	1747	-31.99	68960	0	
2	 6	 4	 1	sample72	1973	3837	1730	95064	0	
2	 6	 4	 2	sample72	1141	3013	884	74880	0	
2	 6	 4	 3	sample72	531	2395	586	74560	0	
2	 6	 4	 4	sample72	517	2227	500	68400	0	
2	 6	 4	 5	sample72	386	2038	238	66080	0	
2	 6	 4	 6	control	514	2194	446	67200	0	
2	 7	 1	 1	sample73	1043	2277	980	49360	0	
2	 7	 1	 2	sample73	788	2004	768	48640	0	
2	 7	 1	 3	sample73	830	2048	818	48720	0	
2	 7	 1	 4	sample73	355	1667	338	52480	0	
2	 7	 1	 5	sample73	402	1652	358	50000	0	
2	 7	 1	 6	control	466	1796	438	47880	0	
2	 7	 2	 1	sample74	1802	2910	1876	75344	0	
2	 7	 2	 2	sample74	2182	3280	2208	74664	0	
2	 7	 2	 3	sample74	1350	2480	1392	38420	0	
2	 7	 2	 4	sample74	966	2184	1058	37758	0	
2	 7	 2	 5	sample74	968	2114	986	26358	0	
2	 7	 2	 6	control	1238	2442	1236	37324	0	
2	 7	 3	 1	sample75	363	1409	340	41840	0	
2	 7	 3	 2	sample75	504	1542	512	41520	0	
2	 7	 3	 3	sample75	1208	2294	1254	32580	0	
2	 7	 3	 4	sample75	563	1683	574	44800	0	
2	 7	 3	 5	sample75	336	1432	336	43840	0	
2	 7	 3	 6	control	209	1279	240	38520	0	
2	 7	 4	 1	sample76	3502	4524	2506	70518	0	
2	 7	 4	 2	sample76	2330	3404	2146	80550	0	
2	 7	 4	 3	sample76	1120	2246	1086	45040	0	
2	 7	 4	 4	sample76	832	1936	914	44160	0	
2	 7	 4	 5	sample76	482	1582	468	44000	0	
2	 7	 4	 6	control	353	1465	300	40032	0	
2	 8	 1	 1	sample77	6703	9439	6538	221616	0	
2	 8	 1	 2	sample77	7254	10092	8130	215688	0	
2	 8	 1	 3	sample77	4168	6934	3954	201918	0	
2	 8	 1	 4	sample77	3512	6216	3580	208208	0	
2	 8	 1	 5	sample77	2055	4663	2008	112144	0	
2	 8	 1	 6	control	213	2617	150	96160	0	
2	 8	 2	 1	sample78	6704	9314	7026	193140	0	
2	 8	 2	 2	sample78	5588	8200	6242	203736	0	
2	 8	 2	 3	sample78	2643	5225	2724	224634	0	
2	 8	 2	 4	sample78	2971	5515	3160	127200	0	
2	 8	 2	 5	sample78	2387	4787	2220	124800	0	
2	 8	 2	 6	control	534	2830	590	82656	0	
2	 8	 3	 1	sample79	2229	4695	1954	101106	0	
2	 8	 3	 2	sample79	1578	4098	1648	128520	0	
2	 8	 3	 3	sample79	1036	3436	1020	96000	0	
2	 8	 3	 4	sample79	748	3154	780	67368	0	
2	 8	 3	 5	sample79	421	2725	382	64512	0	
2	 8	 3	 6	control	345	2565	274	71040	0	
2	 8	 4	 1	sample80	1575	3931	1352	65968	0	
2	 8	 4	 2	sample80	676	3044	626	80512	0	
2	 8	 4	 3	sample80	420	2752	410	79288	0	
2	 8	 4	 4	sample80	282	2614	258	79288	0	
2	 8	 4	 5	sample80	305	2567	294	76908	0	
2	 8	 4	 6	control	429	2563	438	76824	0	
2	 9	 1	 1	sample81	6981	9017	6802	146592	0	
2	 9	 1	 2	sample81	6476	8442	6794	145484	0	
2	 9	 1	 3	sample81	6625	8605	7364	136620	0	
2	 9	 1	 4	sample81	4420	6402	4734	132794	0	
2	 9	 1	 5	sample81	2534	4482	2740	103244	0	
2	 9	 1	 6	control	218	2156	120	77520	0	
2	 9	 2	 1	sample82	764	2582	778	72720	0	
2	 9	 2	 2	sample82	1340	3122	1360	71280	0	
2	 9	 2	 3	sample82	796	2686	764	75600	0	
2	 9	 2	 4	sample82	707	2631	722	76960	0	
2	 9	 2	 5	sample82	519	2401	444	75280	0	
2	 9	 2	 6	control	622	2524	582	76080	0	
2	 9	 3	 1	sample83	2327	4087	1884	56320	0	
2	 9	 3	 2	sample83	796	2468	732	66880	0	
2	 9	 3	 3	sample83	652	2352	598	68000	0	
2	 9	 3	 4	sample83	353	2125	472	70880	0	
2	 9	 3	 5	sample83	261	2047	164	71440	0	
2	 9	 3	 6	control	156	2036	234	75200	0	
2	 9	 4	 1	sample84	3087	4811	2872	63788	0	
2	 9	 4	 2	sample84	773	2489	746	68640	0	
2	 9	 4	 3	sample84	528	2268	430	69600	0	
2	 9	 4	 4	sample84	467	2235	494	70720	0	
2	 9	 4	 5	sample84	251	2043	300	71680	0	
2	 9	 4	 6	control	444	2258	474	72560	0	
2	 10	 1	 1	sample85	2212	3378	2236	61798	0	
2	 10	 1	 2	sample85	2654	3764	2686	85470	0	
2	 10	 1	 3	sample85	2437	3685	2462	54912	0	
2	 10	 1	 4	sample85	1289	2511	1332	48880	0	
2	 10	 1	 5	sample85	919	2135	746	48640	0	
2	 10	 1	 6	control	482	1788	268	52240	0	
2	 10	 2	 1	sample86	2159	3331	1914	71492	0	
2	 10	 2	 2	sample86	2498	3622	2458	75308	0	
2	 10	 2	 3	sample86	1947	3017	1890	51360	0	
2	 10	 2	 4	sample86	1350	2506	1232	57800	0	
2	 10	 2	 5	sample86	1098	2278	948	51920	0	
2	 10	 2	 6	control	715	1959	530	49760	0	
2	 10	 3	 1	sample87	1067	2099	998	41280	0	
2	 10	 3	 2	sample87	577	1607	332	41200	0	
2	 10	 3	 3	sample87	694	1660	526	38640	0	
2	 10	 3	 4	sample87	554	1600	412	41840	0	
2	 10	 3	 5	sample87	450	1678	240	49120	0	
2	 10	 3	 6	control	417	1653	282	49440	0	
2	 10	 4	 1	sample88	1234	2266	940	41280	0	
2	 10	 4	 2	sample88	498	1532	376	41360	0	
2	 10	 4	 3	sample88	691	1603	492	36480	0	
2	 10	 4	 4	sample88	646	1582	450	37440	0	
2	 10	 4	 5	sample88	407	1539	184	45280	0	
2	 10	 4	 6	control	482	1640	340	46320	0	
2	 11	 1	 1	sample89	5619	7653	6088	154584	0	
2	 11	 1	 2	sample89	4416	6386	4872	193060	0	
2	 11	 1	 3	sample89	3271	5265	3398	169490	0	
2	 11	 1	 4	sample89	2560	4534	2514	96726	0	
2	 11	 1	 5	sample89	1604	3528	1638	100048	0	
2	 11	 1	 6	control	36.9	1983	52	77840	0	
2	 11	 2	 1	sample90	892	2822	858	77200	0	
2	 11	 2	 2	sample90	708	2620	662	76480	0	
2	 11	 2	 3	sample90	735	2641	606	76240	0	
2	 11	 2	 4	sample90	496	2394	456	75920	0	
2	 11	 2	 5	sample90	556	2460	452	76160	0	
2	 11	 2	 6	control	501	2405	488	76160	0	
2	 11	 3	 1	sample91	2071	3921	1972	92500	0	
2	 11	 3	 2	sample91	1451	3313	1488	80066	0	
2	 11	 3	 3	sample91	690	2548	606	74320	0	
2	 11	 3	 4	sample91	552	2366	416	72560	0	
2	 11	 3	 5	sample91	503	2333	324	73200	0	
2	 11	 3	 6	control	306	2220	148	76560	0	
2	 11	 4	 1	sample92	1946	3846	1854	39900	0	
2	 11	 4	 2	sample92	1624	3290	1348	128282	0	
2	 11	 4	 3	sample92	1029	2689	1054	66400	0	
2	 11	 4	 4	sample92	605	2321	490	68640	0	
2	 11	 4	 5	sample92	347	2183	270	73440	0	
2	 11	 4	 6	control	669	2415	558	69840	0	
2	 12	 1	 1	sample93	6288	8570	6958	152894	0	
2	 12	 1	 2	sample93	5316	7550	5540	136274	0	
2	 12	 1	 3	sample93	4024	6408	4618	145424	0	
2	 12	 1	 4	sample93	3840	6248	4424	144480	0	
2	 12	 1	 5	sample93	2622	5042	2842	128260	0	
2	 12	 1	 6	control	271	2823	278	102080	0	
2	 12	 2	 1	sample94	1515	3753	1478	38046	0	
2	 12	 2	 2	sample94	2163	4399	1970	49192	0	
2	 12	 2	 3	sample94	822	3168	804	93840	0	
2	 12	 2	 4	sample94	842	3238	792	95840	0	
2	 12	 2	 5	sample94	783	3207	838	96960	0	
2	 12	 2	 6	control	882	3474	866	103680	0	
2	 12	 3	 1	sample95	7978	10160	8186	122192	0	
2	 12	 3	 2	sample95	3830	5982	3484	75320	0	
2	 12	 3	 3	sample95	2872	5122	2880	126000	0	
2	 12	 3	 4	sample95	2541	4835	2624	112406	0	
2	 12	 3	 5	sample95	1803	4205	1624	120100	0	
2	 12	 3	 6	control	204	2832	194	105120	0	
2	 12	 4	 1	sample96	3126	5142	3282	112896	0	
2	 12	 4	 2	sample96	1532	3550	1716	80720	0	
2	 12	 4	 3	sample96	810	2956	804	85840	0	
2	 12	 4	 4	sample96	446	2678	396	89280	0	
2	 12	 4	 5	sample96	405	2813	422	96320	0	
2	 12	 4	 6	control	511	3201	480	107600	0	
3	 1	 1	 1	sample97	7307	9305	6706	145854	0	
3	 1	 1	 2	sample97	7327	9229	8292	138846	0	
3	 1	 1	 3	sample97	4098	6068	4148	147750	0	
3	 1	 1	 4	sample97	3236	5308	3450	130536	0	
3	 1	 1	 5	sample97	2191	4195	2012	86172	0	
3	 1	 1	 6	control	162	2266	82	84160	0	
3	 1	 2	 1	sample98	6962	9112	7224	174150	0	
3	 1	 2	 2	sample98	6128	8146	6712	145296	0	
3	 1	 2	 3	sample98	544	2490	436	77840	0	
3	 1	 2	 4	sample98	2472	4454	2482	105046	0	
3	 1	 2	 5	sample98	1818	3892	1814	85034	0	
3	 1	 2	 6	control	1231	3453	1310	88880	0	
3	 1	 3	 1	sample99	9510	11662	9650	157096	0	
3	 1	 3	 2	sample99	4072	5974	4080	140748	0	
3	 1	 3	 3	sample99	3784	5652	3730	97136	0	
3	 1	 3	 4	sample99	3546	5460	3688	91872	0	
3	 1	 3	 5	sample99	2067	4049	1842	89190	0	
3	 1	 3	 6	control	140	2242	106	84080	0	
3	 1	 4	 1	sample100	1212	3048	858	73440	0	
3	 1	 4	 2	sample100	521	2163	456	65680	0	
3	 1	 4	 3	sample100	548	2178	558	65200	0	
3	 1	 4	 4	sample100	476	2196	410	68800	0	
3	 1	 4	 5	sample100	326	2126	242	72000	0	
3	 1	 4	 6	control	595	2571	474	79040	0	
3	 2	 1	 1	sample101	8379	11193	9218	225120	0	
3	 2	 1	 2	sample101	7943	10809	8634	220682	0	
3	 2	 1	 3	sample101	7086	9868	7894	203086	0	
3	 2	 1	 4	sample101	5181	7715	5528	187516	0	
3	 2	 1	 5	sample101	3026	5412	2798	219512	0	
3	 2	 1	 6	control	71.5	2393	32	92880	0	
3	 2	 2	 1	sample102	6748	9642	6872	208368	0	
3	 2	 2	 2	sample102	5537	8373	5746	249568	0	
3	 2	 2	 3	sample102	3734	6486	3722	220160	0	
3	 2	 2	 4	sample102	3574	6010	3602	129108	0	
3	 2	 2	 5	sample102	2437	4777	2520	119340	0	
3	 2	 2	 6	control	1243	3489	1212	89840	0	
3	 2	 3	 1	sample103	10874	13746	10988	201040	0	
3	 2	 3	 2	sample103	8960	11768	9384	204984	0	
3	 2	 3	 3	sample103	5383	8041	5522	194034	0	
3	 2	 3	 4	sample103	3577	5955	3498	192618	0	
3	 2	 3	 5	sample103	1197	3399	1182	88080	0	
3	 2	 3	 6	control	158	2294	60	85440	0	
3	 2	 4	 1	sample104	4192	6786	4688	158234	0	
3	 2	 4	 2	sample104	4770	7358	4536	168220	0	
3	 2	 4	 3	sample104	4229	6647	4286	188604	0	
3	 2	 4	 4	sample104	1517	3737	1452	88800	0	
3	 2	 4	 5	sample104	627	2779	504	86080	0	
3	 2	 4	 6	control	545	2603	492	82320	0	
3	 3	 1	 1	sample105	4385	5921	4400	109056	0	
3	 3	 1	 2	sample105	5465	6975	5068	113250	0	
3	 3	 1	 3	sample105	4543	5841	4188	99946	0	
3	 3	 1	 4	sample105	2109	3451	2104	67100	0	
3	 3	 1	 5	sample105	1670	3166	1662	59840	0	
3	 3	 1	 6	control	388	1908	174	60800	0	
3	 3	 2	 1	sample106	2682	4168	2438	57954	0	
3	 3	 2	 2	sample106	1994	3478	1980	59360	0	
3	 3	 2	 3	sample106	1745	3149	1740	23868	0	
3	 3	 2	 4	sample106	802	2142	726	53600	0	
3	 3	 2	 5	sample106	545	2065	332	60800	0	
3	 3	 2	 6	control	1445	2971	1356	30520	0	
3	 3	 3	 1	sample107	1867	3235	1780	62928	0	
3	 3	 3	 2	sample107	1258	2586	1264	53120	0	
3	 3	 3	 3	sample107	1268	2464	1160	32292	0	
3	 3	 3	 4	sample107	594	1800	398	48240	0	
3	 3	 3	 5	sample107	603	1867	452	50560	0	
3	 3	 3	 6	control	530	1888	354	54320	0	
3	 3	 4	 1	sample108	1688	3014	1676	75582	0	
3	 3	 4	 2	sample108	799	2057	864	50320	0	
3	 3	 4	 3	sample108	804	1948	782	45760	0	
3	 3	 4	 4	sample108	827	1967	606	45600	0	
3	 3	 4	 5	sample108	448	1740	228	51680	0	
3	 3	 4	 6	control	644	2056	354	56480	0	
3	 4	 1	 1	sample109	5477	8335	5578	217208	0	
3	 4	 1	 2	sample109	10104	13038	10712	269928	0	
3	 4	 1	 3	sample109	8119	11151	7646	248624	0	
3	 4	 1	 4	sample109	5325	8227	5064	235062	0	
3	 4	 1	 5	sample109	3272	6134	3176	143100	0	
3	 4	 1	 6	control	201	2985	124	100224	0	
3	 4	 2	 1	sample110	6349	9217	6664	195024	0	
3	 4	 2	 2	sample110	5268	8184	5668	218700	0	
3	 4	 2	 3	sample110	3881	6829	4184	144452	0	
3	 4	 2	 4	sample110	2298	5174	2370	126544	0	
3	 4	 2	 5	sample110	1792	4590	1678	111920	0	
3	 4	 2	 6	control	1345	4153	1394	112320	0	
3	 4	 3	 1	sample111	5161	7909	3854	123660	0	
3	 4	 3	 2	sample111	5727	8547	5570	194580	0	
3	 4	 3	 3	sample111	2611	5459	2692	176576	0	
3	 4	 3	 4	sample111	1998	4760	2022	77336	0	
3	 4	 3	 5	sample111	625	3239	608	88876	0	
3	 4	 3	 6	control	161	2777	114	94176	0	
3	 4	 4	 1	sample112	6499	9227	5764	182776	0	
3	 4	 4	 2	sample112	6816	9524	7406	194976	0	
3	 4	 4	 3	sample112	4575	7365	4560	147870	0	
3	 4	 4	 4	sample112	2618	5246	2418	105120	0	
3	 4	 4	 5	sample112	1324	3940	1180	104640	0	
3	 4	 4	 6	control	348	2990	192	89828	0	
3	 5	 1	 1	sample113	2603	4887	2444	175868	0	
3	 5	 1	 2	sample113	4313	6567	3746	207368	0	
3	 5	 1	 3	sample113	2384	4494	2310	168800	0	
3	 5	 1	 4	sample113	1884	3882	1856	79920	0	
3	 5	 1	 5	sample113	1291	3245	1270	66436	0	
3	 5	 1	 6	control	342	2290	134	77920	0	
3	 5	 2	 1	sample114	1710	3948	1602	91758	0	
3	 5	 2	 2	sample114	1363	3573	1434	90610	0	
3	 5	 2	 3	sample114	970	3108	822	85520	0	
3	 5	 2	 4	sample114	584	2650	490	82640	0	
3	 5	 2	 5	sample114	550	2528	416	79120	0	
3	 5	 2	 6	control	906	2854	854	77920	0	
3	 5	 3	 1	sample115	4236	6424	4378	159724	0	
3	 5	 3	 2	sample115	3250	5436	3198	201112	0	
3	 5	 3	 3	sample115	3290	5376	3708	183568	0	
3	 5	 3	 4	sample115	2160	4156	2114	93812	0	
3	 5	 3	 5	sample115	1819	3759	1632	91180	0	
3	 5	 3	 6	control	323	2275	208	78080	0	
3	 5	 4	 1	sample116	4085	6225	4036	156220	0	
3	 5	 4	 2	sample116	4039	6169	4078	144840	0	
3	 5	 4	 3	sample116	2985	4993	2620	174696	0	
3	 5	 4	 4	sample116	1795	3765	1586	92590	0	
3	 5	 4	 5	sample116	550	2428	322	75120	0	
3	 5	 4	 6	control	551	2299	296	69920	0	
3	 6	 1	 1	sample117	1570	3218	1560	136784	0	
3	 6	 1	 2	sample117	2349	4063	2430	114838	0	
3	 6	 1	 3	sample117	1442	3244	1430	86496	0	
3	 6	 1	 4	sample117	833	2659	850	73040	0	
3	 6	 1	 5	sample117	658	2438	630	71200	0	
3	 6	 1	 6	control	332	2140	280	72320	0	
3	 6	 2	 1	sample118	1853	3585	1616	91796	0	
3	 6	 2	 2	sample118	6111	7849	5996	106018	0	
3	 6	 2	 3	sample118	3776	5526	3900	126000	0	
3	 6	 2	 4	sample118	2872	4566	3018	113498	0	
3	 6	 2	 5	sample118	1977	3759	1912	69498	0	
3	 6	 2	 6	control	793	2577	812	71360	0	
3	 6	 3	 1	sample119	5110	6720	5212	104650	0	
3	 6	 3	 2	sample119	4999	6649	5166	108900	0	
3	 6	 3	 3	sample119	2845	4479	2766	124184	0	
3	 6	 3	 4	sample119	2206	3822	2324	77568	0	
3	 6	 3	 5	sample119	773	2399	788	65040	0	
3	 6	 3	 6	control	249	1975	116	69040	0	
3	 6	 4	 1	sample120	1468	2976	1352	36192	0	
3	 6	 4	 2	sample120	641	2201	538	62400	0	
3	 6	 4	 3	sample120	592	2202	556	64400	0	
3	 6	 4	 4	sample120	425	2003	284	63120	0	
3	 6	 4	 5	sample120	532	2180	314	65920	0	
3	 6	 4	 6	control	514	2232	476	68720	0	
3	 7	 1	 1	sample121	2109	3801	1940	116748	0	
3	 7	 1	 2	sample121	2570	4234	2448	141440	0	
3	 7	 1	 3	sample121	1895	3587	2092	87984	0	
3	 7	 1	 4	sample121	1254	2940	1112	67440	0	
3	 7	 1	 5	sample121	574	2262	494	67520	0	
3	 7	 1	 6	control	144	1832	124	67520	0	
3	 7	 2	 1	sample122	5687	7325	6126	124488	0	
3	 7	 2	 2	sample122	4893	6671	5414	124460	0	
3	 7	 2	 3	sample122	2494	4206	2512	145520	0	
3	 7	 2	 4	sample122	2348	4074	2430	91478	0	
3	 7	 2	 5	sample122	1935	3661	2058	75944	0	
3	 7	 2	 6	control	1310	2976	1308	66640	0	
3	 7	 3	 1	sample123	1635	3211	1592	70920	0	
3	 7	 3	 2	sample123	1349	3017	1296	66720	0	
3	 7	 3	 3	sample123	654	2270	514	64640	0	
3	 7	 3	 4	sample123	155	1773	132	64720	0	
3	 7	 3	 5	sample123	163	1735	76	62880	0	
3	 7	 3	 6	control	18.8	1589	16	62800	0	
3	 7	 4	 1	sample124	5456	6956	5150	102000	0	
3	 7	 4	 2	sample124	3667	5249	3372	113904	0	
3	 7	 4	 3	sample124	1752	3326	1460	62960	0	
3	 7	 4	 4	sample124	768	2308	522	61600	0	
3	 7	 4	 5	sample124	363	1827	328	58560	0	
3	 7	 4	 6	control	38.8	1503	106	58560	0	
3	 8	 1	 1	sample125	2922	4592	2614	125250	0	
3	 8	 1	 2	sample125	3911	5531	3886	129600	0	
3	 8	 1	 3	sample125	2247	3813	2282	114318	0	
3	 8	 1	 4	sample125	1263	2625	1286	54480	0	
3	 8	 1	 5	sample125	994	2338	1042	53760	0	
3	 8	 1	 6	control	174	1402	116	49120	0	
3	 8	 2	 1	sample126	1432	3096	1306	43264	0	
3	 8	 2	 2	sample126	703	2317	714	64560	0	
3	 8	 2	 3	sample126	834	2256	942	56880	0	
3	 8	 2	 4	sample126	498	1878	452	55200	0	
3	 8	 2	 5	sample126	398	1710	374	52480	0	
3	 8	 2	 6	control	1496	2760	1618	22752	0	
3	 8	 3	 1	sample127	4068	5622	3256	66822	0	
3	 8	 3	 2	sample127	2071	3531	2136	102200	0	
3	 8	 3	 3	sample127	1170	2514	1140	55104	0	
3	 8	 3	 4	sample127	812	2088	764	51040	0	
3	 8	 3	 5	sample127	384	1652	410	50720	0	
3	 8	 3	 6	control	187	1437	262	50000	0	
3	 8	 4	 1	sample128	1782	3146	1546	64108	0	
3	 8	 4	 2	sample128	698	2086	630	55520	0	
3	 8	 4	 3	sample128	1104	2424	928	52800	0	
3	 8	 4	 4	sample128	485	1715	346	49200	0	
3	 8	 4	 5	sample128	440	1646	386	48240	0	
3	 8	 4	 6	control	337	1575	294	49520	0	
3	 9	 1	 1	sample129	1357	2955	1162	70312	0	
3	 9	 1	 2	sample129	2036	3690	2220	79392	0	
3	 9	 1	 3	sample129	1309	2995	1178	85986	0	
3	 9	 1	 4	sample129	846	2568	740	68880	0	
3	 9	 1	 5	sample129	444	2298	304	74160	0	
3	 9	 1	 6	control	271	2235	194	78560	0	
3	 9	 2	 1	sample130	1036	2702	772	66640	0	
3	 9	 2	 2	sample130	835	2593	616	70320	0	
3	 9	 2	 3	sample130	1181	2939	1048	72078	0	
3	 9	 2	 4	sample130	658	2540	490	75280	0	
3	 9	 2	 5	sample130	634	2552	478	76720	0	
3	 9	 2	 6	control	1311	3393	1218	74952	0	
3	 9	 3	 1	sample131	4202	5882	4176	100800	0	
3	 9	 3	 2	sample131	4014	5712	4014	127350	0	
3	 9	 3	 3	sample131	3078	4792	2984	116552	0	
3	 9	 3	 4	sample131	2893	4655	3088	118054	0	
3	 9	 3	 5	sample131	2861	4793	2764	102396	0	
3	 9	 3	 6	control	334	2228	122	75760	0	
3	 9	 4	 1	sample132	2343	3961	1674	84136	0	
3	 9	 4	 2	sample132	1406	3070	1040	36608	0	
3	 9	 4	 3	sample132	833	2425	642	63680	0	
3	 9	 4	 4	sample132	679	2271	540	63680	0	
3	 9	 4	 5	sample132	565	2275	332	68400	0	
3	 9	 4	 6	control	630	2440	544	72400	0	
3	 10	 1	 1	sample133	4940	7484	4534	203520	0	
3	 10	 1	 2	sample133	5579	8099	5290	194040	0	
3	 10	 1	 3	sample133	3695	6061	3622	163254	0	
3	 10	 1	 4	sample133	1980	4362	2076	104808	0	
3	 10	 1	 5	sample133	1933	4241	1830	92320	0	
3	 10	 1	 6	control	457	2749	342	91680	0	
3	 10	 2	 1	sample134	8266	10834	8430	210576	0	
3	 10	 2	 2	sample134	7814	10376	8346	179340	0	
3	 10	 2	 3	sample134	6252	8616	6686	177300	0	
3	 10	 2	 4	sample134	4242	6614	3986	189760	0	
3	 10	 2	 5	sample134	3501	5863	3200	207856	0	
3	 10	 2	 6	control	1061	3375	892	92560	0	
3	 10	 3	 1	sample135	1938	4392	1740	98160	0	
3	 10	 3	 2	sample135	1258	3710	1352	98080	0	
3	 10	 3	 3	sample135	682	2976	542	91760	0	
3	 10	 3	 4	sample135	666	2998	652	93280	0	
3	 10	 3	 5	sample135	462	2778	318	92640	0	
3	 10	 3	 6	control	313	2685	308	94880	0	
3	 10	 4	 1	sample136	4742	7158	5048	140128	0	
3	 10	 4	 2	sample136	4833	7139	4150	205234	0	
3	 10	 4	 3	sample136	4491	6659	4296	158264	0	
3	 10	 4	 4	sample136	2315	4429	2366	107814	0	
3	 10	 4	 5	sample136	910	3034	782	84960	0	
3	 10	 4	 6	control	734	2868	580	85360	0	
3	 11	 1	 1	sample137	4085	5551	3864	112882	0	
3	 11	 1	 2	sample137	4362	5966	4954	134736	0	
3	 11	 1	 3	sample137	3315	4701	3450	105336	0	
3	 11	 1	 4	sample137	2221	3559	2284	61548	0	
3	 11	 1	 5	sample137	1301	2617	1318	51324	0	
3	 11	 1	 6	control	347	1731	304	55360	0	
3	 11	 2	 1	sample138	2403	3987	2404	63360	0	
3	 11	 2	 2	sample138	3204	4804	3560	118400	0	
3	 11	 2	 3	sample138	2498	4056	2472	79458	0	
3	 11	 2	 4	sample138	1055	2487	1020	57280	0	
3	 11	 2	 5	sample138	1129	2705	1066	34672	0	
3	 11	 2	 6	control	714	2208	742	59760	0	
3	 11	 3	 1	sample139	5882	7450	6242	98784	0	
3	 11	 3	 2	sample139	5074	6620	5324	117496	0	
3	 11	 3	 3	sample139	3777	5387	4062	127190	0	
3	 11	 3	 4	sample139	4244	5936	3836	65988	0	
3	 11	 3	 5	sample139	1685	3443	1640	73836	0	
3	 11	 3	 6	control	310	2050	254	69600	0	
3	 11	 4	 1	sample140	1468	2750	1290	41024	0	
3	 11	 4	 2	sample140	488	1726	442	49520	0	
3	 11	 4	 3	sample140	443	1791	384	53920	0	
3	 11	 4	 4	sample140	235	1657	260	56880	0	
3	 11	 4	 5	sample140	345	1895	284	62000	0	
3	 11	 4	 6	control	329	2121	244	71680	0	
3	 12	 1	 1	sample141	1285	2915	1220	65200	0	
3	 12	 1	 2	sample141	760	2442	708	67280	0	
3	 12	 1	 3	sample141	662	2402	664	69600	0	
3	 12	 1	 4	sample141	463	2337	402	74960	0	
3	 12	 1	 5	sample141	415	2473	510	82320	0	
3	 12	 1	 6	control	366	2732	324	94640	0	
3	 12	 2	 1	sample142	2191	4005	2138	74374	0	
3	 12	 2	 2	sample142	2056	3896	1846	104880	0	
3	 12	 2	 3	sample142	1490	3364	1510	84330	0	
3	 12	 2	 4	sample142	765	2731	776	78640	0	
3	 12	 2	 5	sample142	981	3051	1008	82800	0	
3	 12	 2	 6	control	1011	3247	942	89440	0	
3	 12	 3	 1	sample143	9471	11577	9380	111618	0	
3	 12	 3	 2	sample143	4543	6505	4802	196200	0	
3	 12	 3	 3	sample143	4963	6941	4490	136482	0	
3	 12	 3	 4	sample143	3690	5692	3760	120120	0	
3	 12	 3	 5	sample143	1319	3373	1206	82160	0	
3	 12	 3	 6	control	228	2594	210	94640	0	
3	 12	 4	 1	sample144	6744	8776	6734	180848	0	
3	 12	 4	 2	sample144	6719	8605	6886	154652	0	
3	 12	 4	 3	sample144	4657	6567	4732	135610	0	
3	 12	 4	 4	sample144	2614	4546	2880	137172	0	
3	 12	 4	 5	sample144	2535	4581	2466	90024	0	
3	 12	 4	 6	control	456	2884	510	97120	0	
4	 1	 1	 1	sample145	1323	2283	1274	41280	0	
4	 1	 1	 2	sample145	2151	3159	2070	43344	0	
4	 1	 1	 3	sample145	1065	2001	1064	37440	0	
4	 1	 1	 4	sample145	679	1591	628	32832	0	
4	 1	 1	 5	sample145	529	1479	508	34200	0	
4	 1	 1	 6	control	-34.99	1049	-11.99	39024	0	
4	 1	 2	 1	sample146	2362	3526	2252	75660	0	
4	 1	 2	 2	sample146	2631	3815	2750	81696	0	
4	 1	 2	 3	sample146	1968	3080	2054	58936	0	
4	 1	 2	 4	sample146	1479	2555	1570	53800	0	
4	 1	 2	 5	sample146	1177	2339	1186	44156	0	
4	 1	 2	 6	control	961	2141	1036	47200	0	
4	 1	 3	 1	sample147	1445	2983	1454	64596	0	
4	 1	 3	 2	sample147	1278	2814	1214	75264	0	
4	 1	 3	 3	sample147	1138	2486	1076	26960	0	
4	 1	 3	 4	sample147	538	1828	506	46440	0	
4	 1	 3	 5	sample147	209	1565	192	48816	0	
4	 1	 3	 6	control	110	1480	134	46580	0	
4	 1	 4	 1	sample148	5656	7198	5798	90978	0	
4	 1	 4	 2	sample148	4503	5975	4906	100096	0	
4	 1	 4	 3	sample148	3229	4523	3536	111284	0	
4	 1	 4	 4	sample148	3589	4781	3268	48872	0	
4	 1	 4	 5	sample148	2567	3691	2496	57324	0	
4	 1	 4	 6	control	863	1959	668	43840	0	
4	 2	 1	 1	sample149	8626	10578	9376	142496	0	
4	 2	 1	 2	sample149	7910	9848	8708	143412	0	
4	 2	 1	 3	sample149	5757	7527	6220	129210	0	
4	 2	 1	 4	sample149	4141	5775	4934	120916	0	
4	 2	 1	 5	sample149	3257	4845	3452	122276	0	
4	 2	 1	 6	control	335	1899	282	62560	0	
4	 2	 2	 1	sample150	6350	8380	6478	146160	0	
4	 2	 2	 2	sample150	4955	6963	5334	130520	0	
4	 2	 2	 3	sample150	3287	5153	3302	82104	0	
4	 2	 2	 4	sample150	2357	4045	2124	79336	0	
4	 2	 2	 5	sample150	1269	2955	1112	67440	0	
4	 2	 2	 6	control	995	2689	988	67760	0	
4	 2	 3	 1	sample151	625	2597	586	78880	0	
4	 2	 3	 2	sample151	535	2425	478	75600	0	
4	 2	 3	 3	sample151	536	2336	436	72000	0	
4	 2	 3	 4	sample151	468	2176	456	68320	0	
4	 2	 3	 5	sample151	351	2057	312	68240	0	
4	 2	 3	 6	control	242	1980	232	69520	0	
4	 2	 4	 1	sample152	801	2529	754	69120	0	
4	 2	 4	 2	sample152	793	2375	818	63280	0	
4	 2	 4	 3	sample152	564	2162	552	63920	0	
4	 2	 4	 4	sample152	437	2021	412	63360	0	
4	 2	 4	 5	sample152	417	1931	416	60560	0	
4	 2	 4	 6	control	1072	2580	926	60320	0	
4	 3	 1	 1	sample153	2725	3949	2610	48960	0	
4	 3	 1	 2	sample153	4231	5429	4332	62296	0	
4	 3	 1	 3	sample153	2306	3310	2418	50200	0	
4	 3	 1	 4	sample153	1652	2688	1606	50764	0	
4	 3	 1	 5	sample153	877	1937	860	42400	0	
4	 3	 1	 6	control	191	1289	206	43920	0	
4	 3	 2	 1	sample154	2684	4212	2384	68760	0	
4	 3	 2	 2	sample154	2499	3913	2466	59388	0	
4	 3	 2	 3	sample154	1989	3281	1704	59432	0	
4	 3	 2	 4	sample154	1195	2437	1142	57132	0	
4	 3	 2	 5	sample154	758	2008	838	50000	0	
4	 3	 2	 6	control	1019	2271	1070	50080	0	
4	 3	 3	 1	sample155	4707	6349	4592	124792	0	
4	 3	 3	 2	sample155	3936	5638	4460	134458	0	
4	 3	 3	 3	sample155	4026	5652	3978	86178	0	
4	 3	 3	 4	sample155	2760	4350	2886	74730	0	
4	 3	 3	 5	sample155	1385	2915	1420	71910	0	
4	 3	 3	 6	control	244	1720	244	59040	0	
4	 3	 4	 1	sample156	4615	5841	4862	49040	0	
4	 3	 4	 2	sample156	3914	5284	3922	47950	0	
4	 3	 4	 3	sample156	2595	4149	2626	77700	0	
4	 3	 4	 4	sample156	1336	2972	1276	80164	0	
4	 3	 4	 5	sample156	699	2349	694	66000	0	
4	 3	 4	 6	control	365	2007	326	65680	0	
4	 4	 1	 1	sample157	7312	9602	7354	155720	0	
4	 4	 1	 2	sample157	6824	9140	7710	166752	0	
4	 4	 1	 3	sample157	4953	7299	5524	168912	0	
4	 4	 1	 4	sample157	5475	7753	6542	154904	0	
4	 4	 1	 5	sample157	2888	5008	3044	156880	0	
4	 4	 1	 6	control	258	2378	268	84800	0	
4	 4	 2	 1	sample158	1457	3951	1292	49880	0	
4	 4	 2	 2	sample158	602	3048	586	97840	0	
4	 4	 2	 3	sample158	524	2922	504	95920	0	
4	 4	 2	 4	sample158	396	2744	270	93920	0	
4	 4	 2	 5	sample158	327	2609	344	91280	0	
4	 4	 2	 6	control	730	3016	666	91440	0	
4	 4	 3	 1	sample159	5357	8051	5448	169722	0	
4	 4	 3	 2	sample159	2850	5476	2812	165438	0	
4	 4	 3	 3	sample159	2570	5144	2598	113256	0	
4	 4	 3	 4	sample159	1093	3621	1020	101120	0	
4	 4	 3	 5	sample159	423	2869	344	97840	0	
4	 4	 3	 6	control	253	2669	290	96640	0	
4	 4	 4	 1	sample160	4628	7504	5006	192692	0	
4	 4	 4	 2	sample160	3860	6746	4324	193362	0	
4	 4	 4	 3	sample160	3420	6200	3594	147340	0	
4	 4	 4	 4	sample160	2298	4982	2438	131516	0	
4	 4	 4	 5	sample160	1865	4383	1962	133454	0	
4	 4	 4	 6	control	466	2904	484	97520	0	
4	 5	 1	 1	sample161	2160	3352	2012	89400	0	
4	 5	 1	 2	sample161	2239	3415	2202	87024	0	
4	 5	 1	 3	sample161	2076	3162	2110	57558	0	
4	 5	 1	 4	sample161	1393	2457	1448	73416	0	
4	 5	 1	 5	sample161	812	1860	658	41920	0	
4	 5	 1	 6	control	288	1302	36	40560	0	
4	 5	 2	 1	sample162	5238	6538	4718	100100	0	
4	 5	 2	 2	sample162	3176	4486	3466	111350	0	
4	 5	 2	 3	sample162	2918	4142	2982	90576	0	
4	 5	 2	 4	sample162	1692	2866	1888	96268	0	
4	 5	 2	 5	sample162	1167	2319	1144	40320	0	
4	 5	 2	 6	control	1089	2213	990	44960	0	
4	 5	 3	 1	sample163	2648	4154	2496	99396	0	
4	 5	 3	 2	sample163	1299	2771	1168	54464	0	
4	 5	 3	 3	sample163	956	2364	868	56320	0	
4	 5	 3	 4	sample163	454	1884	314	57200	0	
4	 5	 3	 5	sample163	606	1922	406	52640	0	
4	 5	 3	 6	control	326	1630	236	52160	0	
4	 5	 4	 1	sample164	5044	6488	4746	89528	0	
4	 5	 4	 2	sample164	3138	4516	2758	74412	0	
4	 5	 4	 3	sample164	2411	3751	2370	112560	0	
4	 5	 4	 4	sample164	1807	3237	1874	71500	0	
4	 5	 4	 5	sample164	1290	2602	1166	48544	0	
4	 5	 4	 6	control	586	1794	528	48320	0	
4	 6	 1	 1	sample165	2887	5203	3022	173700	0	
4	 6	 1	 2	sample165	4022	6212	4202	170820	0	
4	 6	 1	 3	sample165	3318	5500	3496	148376	0	
4	 6	 1	 4	sample165	1857	4065	1976	156768	0	
4	 6	 1	 5	sample165	1365	3541	1392	113152	0	
4	 6	 1	 6	control	141	2231	158	71060	0	
4	 6	 2	 1	sample166	2059	4481	1872	155008	0	
4	 6	 2	 2	sample166	1197	3557	1106	99120	0	
4	 6	 2	 3	sample166	1068	3424	1104	115444	0	
4	 6	 2	 4	sample166	692	2990	620	91920	0	
4	 6	 2	 5	sample166	631	2935	552	82944	0	
4	 6	 2	 6	control	656	2870	578	79704	0	
4	 6	 3	 1	sample167	3539	6143	3662	166656	0	
4	 6	 3	 2	sample167	1980	4560	1964	79980	0	
4	 6	 3	 3	sample167	1137	3701	1086	102560	0	
4	 6	 3	 4	sample167	599	3069	568	98800	0	
4	 6	 3	 5	sample167	280	2794	262	90504	0	
4	 6	 3	 6	control	228	2704	196	89136	0	
4	 6	 4	 1	sample168	884	3296	876	96480	0	
4	 6	 4	 2	sample168	700	3102	574	81668	0	
4	 6	 4	 3	sample168	491	2903	336	82008	0	
4	 6	 4	 4	sample168	1277	3585	1274	55392	0	
4	 6	 4	 5	sample168	699	3007	408	73856	0	
4	 6	 4	 6	control	1771	4067	346	91840	0	
4	 7	 1	 1	sample169	1014	2118	868	40848	0	
4	 7	 1	 2	sample169	1525	2623	1424	36234	0	
4	 7	 1	 3	sample169	1714	2802	1798	42432	0	
4	 7	 1	 4	sample169	894	1970	922	38736	0	
4	 7	 1	 5	sample169	476	1554	490	43120	0	
4	 7	 1	 6	control	401	1525	362	44960	0	
4	 7	 2	 1	sample170	1202	2386	1124	60384	0	
4	 7	 2	 2	sample170	1698	2848	1722	46000	0	
4	 7	 2	 3	sample170	825	2033	812	42280	0	
4	 7	 2	 4	sample170	678	1852	698	46960	0	
4	 7	 2	 5	sample170	548	1696	490	45920	0	
4	 7	 2	 6	control	591	1821	492	49200	0	
4	 7	 3	 1	sample171	3246	4604	3554	95060	0	
4	 7	 3	 2	sample171	2716	4010	2350	50466	0	
4	 7	 3	 3	sample171	1921	3175	2166	55176	0	
4	 7	 3	 4	sample171	857	2173	780	52640	0	
4	 7	 3	 5	sample171	574	1862	568	51520	0	
4	 7	 3	 6	control	360	1630	360	50800	0	
4	 7	 4	 1	sample172	650	1778	568	45120	0	
4	 7	 4	 2	sample172	548	1610	490	42480	0	
4	 7	 4	 3	sample172	436	1544	370	44320	0	
4	 7	 4	 4	sample172	487	1593	374	44240	0	
4	 7	 4	 5	sample172	566	1652	492	43440	0	
4	 7	 4	 6	control	440	1584	318	45760	0	
4	 8	 1	 1	sample173	7567	9345	7766	122682	0	
4	 8	 1	 2	sample173	6741	8503	7396	118054	0	
4	 8	 1	 3	sample173	3265	4993	3412	133056	0	
4	 8	 1	 4	sample173	3028	4690	3032	179496	0	
4	 8	 1	 5	sample173	2335	3867	2482	124092	0	
4	 8	 1	 6	control	151	1631	94	59200	0	
4	 8	 2	 1	sample174	3426	5234	3526	122944	0	
4	 8	 2	 2	sample174	2918	4748	3154	117120	0	
4	 8	 2	 3	sample174	1560	3416	1438	77952	0	
4	 8	 2	 4	sample174	1260	3028	1234	70720	0	
4	 8	 2	 5	sample174	814	2470	804	66240	0	
4	 8	 2	 6	control	862	2444	812	63280	0	
4	 8	 3	 1	sample175	1461	3289	1498	74948	0	
4	 8	 3	 2	sample175	574	2388	540	72560	0	
4	 8	 3	 3	sample175	425	2223	486	71920	0	
4	 8	 3	 4	sample175	302	2088	256	71440	0	
4	 8	 3	 5	sample175	275	1961	364	67440	0	
4	 8	 3	 6	control	93.9	1776	36	67280	0	
4	 8	 4	 1	sample176	3024	4576	2734	96224	0	
4	 8	 4	 2	sample176	1928	3506	2156	82056	0	
4	 8	 4	 3	sample176	2257	3773	2360	78832	0	
4	 8	 4	 4	sample176	1866	3432	1842	81432	0	
4	 8	 4	 5	sample176	1106	2650	1158	61760	0	
4	 8	 4	 6	control	591	2179	578	63520	0	
4	 9	 1	 1	sample177	3196	4290	3262	71110	0	
4	 9	 1	 2	sample177	4102	5162	4426	91160	0	
4	 9	 1	 3	sample177	2525	3653	2472	92496	0	
4	 9	 1	 4	sample177	2083	3123	2216	81120	0	
4	 9	 1	 5	sample177	1046	2110	1056	45752	0	
4	 9	 1	 6	control	172	1180	210	40320	0	
4	 9	 2	 1	sample178	3046	4178	3254	53204	0	
4	 9	 2	 2	sample178	2371	3559	2268	81972	0	
4	 9	 2	 3	sample178	2693	3861	2762	57232	0	
4	 9	 2	 4	sample178	1749	2879	1870	48590	0	
4	 9	 2	 5	sample178	1019	2139	996	44800	0	
4	 9	 2	 6	control	477	1563	460	43440	0	
4	 9	 3	 1	sample179	1968	3272	1574	67808	0	
4	 9	 3	 2	sample179	1162	2512	1062	54000	0	
4	 9	 3	 3	sample179	766	2100	836	53360	0	
4	 9	 3	 4	sample179	438	1748	426	52400	0	
4	 9	 3	 5	sample179	286	1554	308	50720	0	
4	 9	 3	 6	control	98.7	1335	40	49440	0	
4	 9	 4	 1	sample180	4103	5477	4118	83814	0	
4	 9	 4	 2	sample180	3996	5334	4000	96336	0	
4	 9	 4	 3	sample180	2586	3898	2368	65600	0	
4	 9	 4	 4	sample180	1208	2456	1168	62400	0	
4	 9	 4	 5	sample180	688	2016	684	53120	0	
4	 9	 4	 6	control	329	1615	294	51440	0	
4	 10	 1	 1	sample181	992	2368	960	55040	0	
4	 10	 1	 2	sample181	1682	2992	1612	52400	0	
4	 10	 1	 3	sample181	1100	2378	1088	26838	0	
4	 10	 1	 4	sample181	620	1876	548	50240	0	
4	 10	 1	 5	sample181	400	1646	350	49840	0	
4	 10	 1	 6	control	282	1482	256	48000	0	
4	 10	 2	 1	sample182	5628	7094	6182	87960	0	
4	 10	 2	 2	sample182	4313	5747	4992	84606	0	
4	 10	 2	 3	sample182	3093	4409	3480	89488	0	
4	 10	 2	 4	sample182	2412	3742	2536	97090	0	
4	 10	 2	 5	sample182	1929	3231	1906	62496	0	
4	 10	 2	 6	control	1062	2312	1062	20000	0	
4	 10	 3	 1	sample183	2723	4291	2772	79968	0	
4	 10	 3	 2	sample183	939	2469	984	61200	0	
4	 10	 3	 3	sample183	964	2448	810	59360	0	
4	 10	 3	 4	sample183	422	1948	418	61040	0	
4	 10	 3	 5	sample183	315	1801	300	59440	0	
4	 10	 3	 6	control	210	1686	148	59040	0	
4	 10	 4	 1	sample184	766	2272	684	60240	0	
4	 10	 4	 2	sample184	584	2146	634	62480	0	
4	 10	 4	 3	sample184	526	1998	454	58880	0	
4	 10	 4	 4	sample184	475	2035	398	62400	0	
4	 10	 4	 5	sample184	474	2026	422	62080	0	
4	 10	 4	 6	control	745	2379	614	65360	0	
4	 11	 1	 1	sample185	1371	2311	1232	38540	0	
4	 11	 1	 2	sample185	1094	2096	1028	49098	0	
4	 11	 1	 3	sample185	1035	1979	1036	33040	0	
4	 11	 1	 4	sample185	736	1740	704	40160	0	
4	 11	 1	 5	sample185	481	1555	436	42960	0	
4	 11	 1	 6	control	186	1390	188	48160	0	
4	 11	 2	 1	sample186	2427	3523	2212	24112	0	
4	 11	 2	 2	sample186	1370	2436	1260	44772	0	
4	 11	 2	 3	sample186	581	1763	510	47280	0	
4	 11	 2	 4	sample186	577	1681	608	44160	0	
4	 11	 2	 5	sample186	379	1549	360	46800	0	
4	 11	 2	 6	control	327	1687	276	54400	0	
4	 11	 3	 1	sample187	4670	5952	3766	75638	0	
4	 11	 3	 2	sample187	2807	4099	2676	86564	0	
4	 11	 3	 3	sample187	2139	3435	2108	108864	0	
4	 11	 3	 4	sample187	524	1682	492	46320	0	
4	 11	 3	 5	sample187	530	1686	536	46240	0	
4	 11	 3	 6	control	167	1441	154	50960	0	
4	 11	 4	 1	sample188	1862	3318	1302	58240	0	
4	 11	 4	 2	sample188	1354	2778	1152	56960	0	
4	 11	 4	 3	sample188	612	2042	536	57200	0	
4	 11	 4	 4	sample188	416	1800	456	55360	0	
4	 11	 4	 5	sample188	383	1783	376	56000	0	
4	 11	 4	 6	control	414	1826	280	56480	0	
4	 12	 1	 1	sample189	625	1943	466	52720	0	
4	 12	 1	 2	sample189	508	1906	462	55920	0	
4	 12	 1	 3	sample189	477	1989	316	60480	0	
4	 12	 1	 4	sample189	311	1927	202	64640	0	
4	 12	 1	 5	sample189	432	2242	226	72400	0	
4	 12	 1	 6	control	385	2379	366	79760	0	
4	 12	 2	 1	sample190	5506	7016	5868	98150	0	
4	 12	 2	 2	sample190	4675	6225	4826	110050	0	
4	 12	 2	 3	sample190	3306	4942	3384	137424	0	
4	 12	 2	 4	sample190	2876	4552	3068	147488	0	
4	 12	 2	 5	sample190	2688	4582	2738	142050	0	
4	 12	 2	 6	control	800	2806	766	80240	0	
4	 12	 3	 1	sample191	1801	3221	1614	65320	0	
4	 12	 3	 2	sample191	1375	2823	1396	57920	0	
4	 12	 3	 3	sample191	766	2336	618	62800	0	
4	 12	 3	 4	sample191	448	2124	280	67040	0	
4	 12	 3	 5	sample191	4800	6664	4006	35416	0	
4	 12	 3	 6	control	418	2518	186	84000	0	
4	 12	 4	 1	sample192	1314	2776	946	58480	0	
4	 12	 4	 2	sample192	553	2013	378	58400	0	
4	 12	 4	 3	sample192	511	2111	224	64000	0	
4	 12	 4	 4	sample192	368	2074	208	68240	0	
4	 12	 4	 5	sample192	433	2273	252	73600	0	
4	 12	 4	 6	control	434	2504	340	82800	0	
