MicroVigene	 Version	 2501
Culture	en-US
9/30/2006 10:03:06 AM
Roi Row	 4	 Roi Col	 12	 Main Row	 4	 Main Col	 6	 Sub Row	 1	 Sub Col	 1
Main Row	 Main Col	 Sub Row	 Sub Col	  GeneID	mean_net	 mean_total	 median_net	 vol_bkg	 vol_dust	 
1	 1	 1	 1	sample1	688	4800	514	164480	0	
1	 1	 1	 2	sample1	-256.54	3855	-513.99	164480	0	
1	 1	 1	 3	sample1	-160.99	4209	-257.99	174800	0	
1	 1	 1	 4	sample1	141	4511	256	174800	0	
1	 1	 1	 5	sample1	823	4935	772	164480	0	
1	 1	 1	 6	control	738	4850	772	94576	0	
1	 1	 2	 1	sample2	1061	4659	1028	143920	0	
1	 1	 2	 2	sample2	700	4042	514	133680	0	
1	 1	 2	 3	sample2	481	3823	514	133680	0	
1	 1	 2	 4	sample2	661	4003	514	133680	0	
1	 1	 2	 5	sample2	534	3618	514	123360	0	
1	 1	 2	 6	control	2169	5511	2312	257334	0	
1	 1	 3	 1	sample3	2287	5371	2314	148032	0	
1	 1	 3	 2	sample3	1846	4674	2056	138572	0	
1	 1	 3	 3	sample3	1263	4091	1284	138572	0	
1	 1	 3	 4	sample3	1130	3958	1284	113120	0	
1	 1	 3	 5	sample3	675	3245	772	102800	0	
1	 1	 3	 6	control	405	2975	514	102800	0	
1	 1	 4	 1	sample4	3355	6183	3598	243208	0	
1	 1	 4	 2	sample4	2144	4714	1800	264710	0	
1	 1	 4	 3	sample4	1523	4093	1542	136210	0	
1	 1	 4	 4	sample4	976	3290	1028	92560	0	
1	 1	 4	 5	sample4	885	2941	1028	88408	0	
1	 1	 4	 6	control	981	3037	1028	88408	0	
1	 2	 1	 1	sample5	5486	9598	5396	82240	0	
1	 2	 1	 2	sample5	3559	7157	3084	143920	0	
1	 2	 1	 3	sample5	2735	6075	2828	120240	0	
1	 2	 1	 4	sample5	1979	5063	2056	123360	0	
1	 2	 1	 5	sample5	1671	4497	1800	90432	0	
1	 2	 1	 6	control	815	3385	770	102800	0	
1	 2	 2	 1	sample6	1915	5255	2056	133600	0	
1	 2	 2	 2	sample6	1440	4266	1286	113040	0	
1	 2	 2	 3	sample6	1279	3849	1284	128500	0	
1	 2	 2	 4	sample6	1246	3558	1286	60112	0	
1	 2	 2	 5	sample6	764	2820	770	82240	0	
1	 2	 2	 6	control	2676	4474	2828	118668	0	
1	 2	 3	 1	sample7	2040	4610	1798	210740	0	
1	 2	 3	 2	sample7	2885	5197	3084	154904	0	
1	 2	 3	 3	sample7	2036	4092	2056	160368	0	
1	 2	 3	 4	sample7	1536	3334	1542	68324	0	
1	 2	 3	 5	sample7	1138	2680	1028	53970	0	
1	 2	 3	 6	control	475	2017	514	61680	0	
1	 2	 4	 1	sample8	2023	4079	1798	131584	0	
1	 2	 4	 2	sample8	1628	3426	1542	43152	0	
1	 2	 4	 3	sample8	1261	3059	1286	37758	0	
1	 2	 4	 4	sample8	713	2255	256	61680	0	
1	 2	 4	 5	sample8	746	2030	514	51360	0	
1	 2	 4	 6	control	960	2244	772	77040	0	
1	 3	 1	 1	sample9	3264	6348	3598	185040	0	
1	 3	 1	 2	sample9	2600	5428	2826	166852	0	
1	 3	 1	 3	sample9	2141	4711	2314	156770	0	
1	 3	 1	 4	sample9	1543	4113	1542	115650	0	
1	 3	 1	 5	sample9	1100	3414	1028	90246	0	
1	 3	 1	 6	control	520	2834	514	92560	0	
1	 3	 2	 1	sample10	2133	4703	2314	120790	0	
1	 3	 2	 2	sample10	2884	5198	2826	134212	0	
1	 3	 2	 3	sample10	2037	4093	2056	135696	0	
1	 3	 2	 4	sample10	1423	3479	1286	88408	0	
1	 3	 2	 5	sample10	913	2969	772	82240	0	
1	 3	 2	 6	control	2029	4085	2056	117192	0	
1	 3	 3	 1	sample11	2274	4330	2314	133640	0	
1	 3	 3	 2	sample11	1799	3855	1800	94576	0	
1	 3	 3	 3	sample11	1503	3303	1284	72000	0	
1	 3	 3	 4	sample11	870	2670	770	55800	0	
1	 3	 3	 5	sample11	621	2421	514	55800	0	
1	 3	 3	 6	control	154	1954	256	72000	0	
1	 3	 4	 1	sample12	1831	3631	1798	113400	0	
1	 3	 4	 2	sample12	1120	2920	1028	45000	0	
1	 3	 4	 3	sample12	937	2479	772	69390	0	
1	 3	 4	 4	sample12	450	1992	258	61680	0	
1	 3	 4	 5	sample12	418	1960	258	61680	0	
1	 3	 4	 6	control	694	2236	514	61680	0	
1	 4	 1	 1	sample13	4300	6870	4370	190180	0	
1	 4	 1	 2	sample13	3733	6047	3854	180492	0	
1	 4	 1	 3	sample13	2371	4685	2312	212888	0	
1	 4	 1	 4	sample13	1932	4246	2056	120328	0	
1	 4	 1	 5	sample13	1454	3768	1284	108758	0	
1	 4	 1	 6	control	521	3091	258	102800	0	
1	 4	 2	 1	sample14	2703	4759	3084	148032	0	
1	 4	 2	 2	sample14	1993	4049	2056	158312	0	
1	 4	 2	 3	sample14	1857	3913	2056	137752	0	
1	 4	 2	 4	sample14	1681	3737	1800	102800	0	
1	 4	 2	 5	sample14	1297	3353	1286	92520	0	
1	 4	 2	 6	control	2243	4299	2314	150088	0	
1	 4	 3	 1	sample15	1457	3257	1542	142200	0	
1	 4	 3	 2	sample15	1273	3073	1284	79200	0	
1	 4	 3	 3	sample15	1227	3027	1284	64800	0	
1	 4	 3	 4	sample15	938	2738	770	72000	0	
1	 4	 3	 5	sample15	713	2513	770	72000	0	
1	 4	 3	 6	control	520	2320	256	72000	0	
1	 4	 4	 1	sample16	2635	4177	2828	141864	0	
1	 4	 4	 2	sample16	1535	3077	1542	111024	0	
1	 4	 4	 3	sample16	1285	2827	1286	72474	0	
1	 4	 4	 4	sample16	1022	2564	772	61680	0	
1	 4	 4	 5	sample16	719	2519	514	72000	0	
1	 4	 4	 6	control	1207	3007	1028	72000	0	
1	 5	 1	 1	sample17	2686	4742	2570	108968	0	
1	 5	 1	 2	sample17	1936	3992	1798	88408	0	
1	 5	 1	 3	sample17	1266	3578	1286	120224	0	
1	 5	 1	 4	sample17	1177	3489	1028	120224	0	
1	 5	 1	 5	sample17	1011	3323	1028	101728	0	
1	 5	 1	 6	control	553	2865	514	92480	0	
1	 5	 2	 1	sample18	1760	3302	1798	72474	0	
1	 5	 2	 2	sample18	2524	4066	2312	78642	0	
1	 5	 2	 3	sample18	1836	3634	1800	88102	0	
1	 5	 2	 4	sample18	1033	2831	1028	93496	0	
1	 5	 2	 5	sample18	887	2685	772	71920	0	
1	 5	 2	 6	control	2221	4019	2314	109678	0	
1	 5	 3	 1	sample19	2750	4034	2828	110424	0	
1	 5	 3	 2	sample19	2324	3608	2314	93732	0	
1	 5	 3	 3	sample19	1714	2998	1800	80892	0	
1	 5	 3	 4	sample19	1449	2733	1542	66768	0	
1	 5	 3	 5	sample19	868	2152	1028	57780	0	
1	 5	 3	 6	control	296	1580	258	51360	0	
1	 5	 4	 1	sample20	1707	2991	1542	50076	0	
1	 5	 4	 2	sample20	930	2214	772	43656	0	
1	 5	 4	 3	sample20	903	2187	772	52644	0	
1	 5	 4	 4	sample20	431	1715	258	51360	0	
1	 5	 4	 5	sample20	857	2141	772	30816	0	
1	 5	 4	 6	control	1052	2080	770	21588	0	
1	 6	 1	 1	sample21	3079	5391	2828	104040	0	
1	 6	 1	 2	sample21	3049	5619	2826	115650	0	
1	 6	 1	 3	sample21	1702	4272	1798	123360	0	
1	 6	 1	 4	sample21	1045	3615	1028	115650	0	
1	 6	 1	 5	sample21	698	3268	770	82240	0	
1	 6	 1	 6	control	559	2871	514	92480	0	
1	 6	 2	 1	sample22	2130	3928	2056	88102	0	
1	 6	 2	 2	sample22	2724	4522	2570	138446	0	
1	 6	 2	 3	sample22	2560	4358	2570	136648	0	
1	 6	 2	 4	sample22	1510	3308	1542	71920	0	
1	 6	 2	 5	sample22	1356	3154	1286	71920	0	
1	 6	 2	 6	control	1578	3376	1542	52142	0	
1	 6	 3	 1	sample23	1009	2293	1028	51360	0	
1	 6	 3	 2	sample23	771	2055	772	51360	0	
1	 6	 3	 3	sample23	932	2216	1028	51360	0	
1	 6	 3	 4	sample23	669	1953	514	51360	0	
1	 6	 3	 5	sample23	636	1920	514	51360	0	
1	 6	 3	 6	control	508	1792	514	51360	0	
1	 6	 4	 1	sample24	1360	2388	1284	52428	0	
1	 6	 4	 2	sample24	1057	2085	1028	26728	0	
1	 6	 4	 3	sample24	921	1949	1028	29812	0	
1	 6	 4	 4	sample24	462	1490	256	41120	0	
1	 6	 4	 5	sample24	507	1535	514	41120	0	
1	 6	 4	 6	control	706	1734	514	41120	0	
1	 7	 1	 1	sample25	6462	9032	5912	197890	0	
1	 7	 1	 2	sample25	4846	7416	4112	195320	0	
1	 7	 1	 3	sample25	4093	6663	3856	133640	0	
1	 7	 1	 4	sample25	2284	5112	2056	130088	0	
1	 7	 1	 5	sample25	1805	4375	1800	113080	0	
1	 7	 1	 6	control	418	2988	258	102800	0	
1	 7	 2	 1	sample26	1584	3640	1542	102800	0	
1	 7	 2	 2	sample26	1357	3413	1286	102800	0	
1	 7	 2	 3	sample26	1375	3431	1286	82240	0	
1	 7	 2	 4	sample26	804	2860	772	82240	0	
1	 7	 2	 5	sample26	656	2712	772	82240	0	
1	 7	 2	 6	control	1863	3663	2056	72000	0	
1	 7	 3	 1	sample27	1624	3424	1542	90000	0	
1	 7	 3	 2	sample27	1459	3259	1284	95400	0	
1	 7	 3	 3	sample27	1018	2818	1028	93600	0	
1	 7	 3	 4	sample27	778	2320	772	61680	0	
1	 7	 3	 5	sample27	463	2005	514	61680	0	
1	 7	 3	 6	control	257	1799	258	61680	0	
1	 7	 4	 1	sample28	1028	2314	1028	60442	0	
1	 7	 4	 2	sample28	629	1915	514	51440	0	
1	 7	 4	 3	sample28	836	2378	772	61680	0	
1	 7	 4	 4	sample28	803	2089	514	51440	0	
1	 7	 4	 5	sample28	513	1799	514	51440	0	
1	 7	 4	 6	control	1174	2460	1028	27006	0	
1	 8	 1	 1	sample29	4032	6602	4112	123360	0	
1	 8	 1	 2	sample29	2835	5405	3084	179900	0	
1	 8	 1	 3	sample29	2296	4610	2312	106444	0	
1	 8	 1	 4	sample29	1577	3891	1798	118014	0	
1	 8	 1	 5	sample29	955	3269	1028	106444	0	
1	 8	 1	 6	control	314	2628	256	92560	0	
1	 8	 2	 1	sample30	2555	4611	2570	102800	0	
1	 8	 2	 2	sample30	2439	4495	2570	92520	0	
1	 8	 2	 3	sample30	1991	4047	2056	96632	0	
1	 8	 2	 4	sample30	1336	3392	1286	104856	0	
1	 8	 2	 5	sample30	1319	3119	1284	81000	0	
1	 8	 2	 6	control	1839	3639	1798	79200	0	
1	 8	 3	 1	sample31	2599	4399	2570	79200	0	
1	 8	 3	 2	sample31	1816	3358	1800	70932	0	
1	 8	 3	 3	sample31	1488	2774	1542	43724	0	
1	 8	 3	 4	sample31	1017	2303	1028	63014	0	
1	 8	 3	 5	sample31	681	1967	770	63014	0	
1	 8	 3	 6	control	218	1504	256	51440	0	
1	 8	 4	 1	sample32	3460	4746	3340	115740	0	
1	 8	 4	 2	sample32	1606	2892	1542	106738	0	
1	 8	 4	 3	sample32	1967	2995	1800	50372	0	
1	 8	 4	 4	sample32	939	1967	772	41120	0	
1	 8	 4	 5	sample32	950	1978	772	23644	0	
1	 8	 4	 6	control	939	1967	772	41120	0	
1	 9	 1	 1	sample33	1966	4280	2056	92560	0	
1	 9	 1	 2	sample33	1640	3954	1542	90246	0	
1	 9	 1	 3	sample33	1047	3361	1028	92560	0	
1	 9	 1	 4	sample33	925	3239	1028	92560	0	
1	 9	 1	 5	sample33	894	3208	770	57850	0	
1	 9	 1	 6	control	411	2725	256	92560	0	
1	 9	 2	 1	sample34	3072	4872	3084	118800	0	
1	 9	 2	 2	sample34	3298	5098	3084	140400	0	
1	 9	 2	 3	sample34	2811	4611	2570	115200	0	
1	 9	 2	 4	sample34	2193	4249	2056	92520	0	
1	 9	 2	 5	sample34	1737	3537	1798	82800	0	
1	 9	 2	 6	control	2149	3949	2056	59400	0	
1	 9	 3	 1	sample35	1690	2976	1798	57870	0	
1	 9	 3	 2	sample35	1391	2677	1284	52726	0	
1	 9	 3	 3	sample35	720	2262	514	61680	0	
1	 9	 3	 4	sample35	906	2192	770	51440	0	
1	 9	 3	 5	sample35	796	2082	770	51440	0	
1	 9	 3	 6	control	360	1902	258	61680	0	
1	 9	 4	 1	sample36	2601	3629	2056	85324	0	
1	 9	 4	 2	sample36	2180	3208	2056	29812	0	
1	 9	 4	 3	sample36	1638	2666	1542	52428	0	
1	 9	 4	 4	sample36	1050	2078	772	24672	0	
1	 9	 4	 5	sample36	810	1838	772	41120	0	
1	 9	 4	 6	control	1325	2353	1028	26728	0	
1	 10	 1	 1	sample37	2898	4954	2826	156256	0	
1	 10	 1	 2	sample37	3259	5057	3084	84506	0	
1	 10	 1	 3	sample37	1658	3456	1542	71920	0	
1	 10	 1	 4	sample37	1126	2924	1028	80910	0	
1	 10	 1	 5	sample37	1061	2859	1028	70122	0	
1	 10	 1	 6	control	232	2030	0	71920	0	
1	 10	 2	 1	sample38	2222	3764	2056	109482	0	
1	 10	 2	 2	sample38	2056	3598	1542	124902	0	
1	 10	 2	 3	sample38	1774	3316	1542	80184	0	
1	 10	 2	 4	sample38	1064	2606	1284	75558	0	
1	 10	 2	 5	sample38	674	2216	514	61680	0	
1	 10	 2	 6	control	1739	3281	1798	92520	0	
1	 10	 3	 1	sample39	4724	6008	4370	84744	0	
1	 10	 3	 2	sample39	2620	3904	2570	86028	0	
1	 10	 3	 3	sample39	1448	2732	1286	107856	0	
1	 10	 3	 4	sample39	1065	2093	770	42148	0	
1	 10	 3	 5	sample39	392	1676	258	51360	0	
1	 10	 3	 6	control	116	1400	0	51360	0	
1	 10	 4	 1	sample40	1394	2422	1542	41120	0	
1	 10	 4	 2	sample40	793	1821	770	35980	0	
1	 10	 4	 3	sample40	726	1754	770	41120	0	
1	 10	 4	 4	sample40	469	1497	256	41120	0	
1	 10	 4	 5	sample40	353	1381	256	41120	0	
1	 10	 4	 6	control	828	1856	770	41120	0	
1	 11	 1	 1	sample41	1697	3753	1542	250832	0	
1	 11	 1	 2	sample41	1401	3457	1284	86352	0	
1	 11	 1	 3	sample41	1214	3270	1284	90464	0	
1	 11	 1	 4	sample41	1290	3346	1284	92520	0	
1	 11	 1	 5	sample41	958	3270	772	92480	0	
1	 11	 1	 6	control	405	2717	258	92480	0	
1	 11	 2	 1	sample42	2086	3628	2056	115650	0	
1	 11	 2	 2	sample42	1707	3249	1542	117192	0	
1	 11	 2	 3	sample42	1491	3033	1542	70932	0	
1	 11	 2	 4	sample42	1418	2960	1284	74016	0	
1	 11	 2	 5	sample42	943	2741	1028	75516	0	
1	 11	 2	 6	control	2047	3845	2056	95294	0	
1	 11	 3	 1	sample43	2271	3555	2570	101436	0	
1	 11	 3	 2	sample43	1986	3270	1800	121980	0	
1	 11	 3	 3	sample43	1650	2934	1800	64200	0	
1	 11	 3	 4	sample43	1340	2624	1286	60348	0	
1	 11	 3	 5	sample43	847	2389	1028	72474	0	
1	 11	 3	 6	control	199	1741	0	61680	0	
1	 11	 4	 1	sample44	3906	5190	3598	123264	0	
1	 11	 4	 2	sample44	2649	3933	2570	109140	0	
1	 11	 4	 3	sample44	1513	2797	1542	101436	0	
1	 11	 4	 4	sample44	1218	2502	1286	107856	0	
1	 11	 4	 5	sample44	1275	2559	1286	64200	0	
1	 11	 4	 6	control	1139	2681	1028	106398	0	
1	 12	 1	 1	sample45	2457	4771	2312	94874	0	
1	 12	 1	 2	sample45	1416	3730	1284	94874	0	
1	 12	 1	 3	sample45	1273	3843	1286	102800	0	
1	 12	 1	 4	sample45	940	3768	1028	115948	0	
1	 12	 1	 5	sample45	829	3913	514	123360	0	
1	 12	 1	 6	control	579	4177	514	143920	0	
1	 12	 2	 1	sample46	1350	3150	1284	120600	0	
1	 12	 2	 2	sample46	2200	4000	2056	45000	0	
1	 12	 2	 3	sample46	1855	3911	1800	86352	0	
1	 12	 2	 4	sample46	1052	3366	1028	120328	0	
1	 12	 2	 5	sample46	859	3429	772	105370	0	
1	 12	 2	 6	control	1976	5060	2056	107940	0	
1	 12	 3	 1	sample47	1744	3030	1798	60442	0	
1	 12	 3	 2	sample47	1259	2801	1028	74016	0	
1	 12	 3	 3	sample47	1285	2827	1286	70932	0	
1	 12	 3	 4	sample47	770	2570	514	72000	0	
1	 12	 3	 5	sample47	771	2827	772	76072	0	
1	 12	 3	 6	control	277	2847	258	102800	0	
1	 12	 4	 1	sample48	3591	4877	3340	97736	0	
1	 12	 4	 2	sample48	2141	3427	2056	81018	0	
1	 12	 4	 3	sample48	2472	3758	2312	84876	0	
1	 12	 4	 4	sample48	1760	3302	1542	89436	0	
1	 12	 4	 5	sample48	1240	3296	1286	69904	0	
1	 12	 4	 6	control	2133	4703	2056	69390	0	
2	 1	 1	 1	sample49	3321	5635	3084	122642	0	
2	 1	 1	 2	sample49	1717	3773	1542	108968	0	
2	 1	 1	 3	sample49	1155	3211	1028	108968	0	
2	 1	 1	 4	sample49	1269	3069	1284	86400	0	
2	 1	 1	 5	sample49	1365	2907	1542	60138	0	
2	 1	 1	 6	control	694	2236	514	46260	0	
2	 1	 2	 1	sample50	2328	4384	2314	106912	0	
2	 1	 2	 2	sample50	3486	5286	3340	95400	0	
2	 1	 2	 3	sample50	2720	4520	2826	95400	0	
2	 1	 2	 4	sample50	1692	3234	1542	77100	0	
2	 1	 2	 5	sample50	1245	2787	1286	67848	0	
2	 1	 2	 6	control	2979	4265	3084	47582	0	
2	 1	 3	 1	sample51	787	2587	770	57600	0	
2	 1	 3	 2	sample51	135	1677	0	61680	0	
2	 1	 3	 3	sample51	372	1658	256	51440	0	
2	 1	 3	 4	sample51	998	2284	1028	33436	0	
2	 1	 3	 5	sample51	359	1645	256	51440	0	
2	 1	 3	 6	control	192	1478	256	51440	0	
2	 1	 4	 1	sample52	1380	2922	1286	75558	0	
2	 1	 4	 2	sample52	1072	2358	1028	66872	0	
2	 1	 4	 3	sample52	457	1999	514	61680	0	
2	 1	 4	 4	sample52	857	1885	772	21588	0	
2	 1	 4	 5	sample52	669	1697	514	30840	0	
2	 1	 4	 6	control	1111	2139	1028	25700	0	
2	 2	 1	 1	sample53	1542	3856	1542	85618	0	
2	 2	 1	 2	sample53	1135	3449	1028	111072	0	
2	 2	 1	 3	sample53	994	3308	1028	106444	0	
2	 2	 1	 4	sample53	1028	3084	1028	92520	0	
2	 2	 1	 5	sample53	836	2892	514	82240	0	
2	 2	 1	 6	control	399	2455	258	82240	0	
2	 2	 2	 1	sample54	2648	4962	2312	189748	0	
2	 2	 2	 2	sample54	3355	5669	3340	161980	0	
2	 2	 2	 3	sample54	2380	4436	2570	143920	0	
2	 2	 2	 4	sample54	1741	3797	1800	135696	0	
2	 2	 2	 5	sample54	1532	3588	1542	98688	0	
2	 2	 2	 6	control	1743	3799	1542	121304	0	
2	 2	 3	 1	sample55	5882	8196	6168	145782	0	
2	 2	 3	 2	sample55	5244	7300	5398	137752	0	
2	 2	 3	 3	sample55	3187	4987	3340	111600	0	
2	 2	 3	 4	sample55	1781	3581	1798	135000	0	
2	 2	 3	 5	sample55	1396	3196	1284	95400	0	
2	 2	 3	 6	control	179	1979	256	72000	0	
2	 2	 4	 1	sample56	1506	3562	1286	189152	0	
2	 2	 4	 2	sample56	1799	3599	1798	82800	0	
2	 2	 4	 3	sample56	867	2667	770	72000	0	
2	 2	 4	 4	sample56	637	2179	514	61680	0	
2	 2	 4	 5	sample56	701	2243	514	61680	0	
2	 2	 4	 6	control	823	2365	772	61680	0	
2	 3	 1	 1	sample57	5354	7410	5140	168592	0	
2	 3	 1	 2	sample57	3806	5862	3342	170648	0	
2	 3	 1	 3	sample57	3484	5284	3598	151200	0	
2	 3	 1	 4	sample57	2165	3965	2056	147600	0	
2	 3	 1	 5	sample57	1349	3149	1284	72000	0	
2	 3	 1	 6	control	340	2140	256	72000	0	
2	 3	 2	 1	sample58	1624	3680	1542	156256	0	
2	 3	 2	 2	sample58	2122	3922	2056	145800	0	
2	 3	 2	 3	sample58	2138	3938	2312	95400	0	
2	 3	 2	 4	sample58	1930	3472	1800	81726	0	
2	 3	 2	 5	sample58	1337	2879	1286	61680	0	
2	 3	 2	 6	control	3077	4877	3854	135000	0	
2	 3	 3	 1	sample59	3116	4916	3340	129600	0	
2	 3	 3	 2	sample59	2848	4648	3084	129600	0	
2	 3	 3	 3	sample59	1738	3280	1542	103314	0	
2	 3	 3	 4	sample59	1215	2757	1286	61680	0	
2	 3	 3	 5	sample59	1024	2566	1028	80184	0	
2	 3	 3	 6	control	219	1761	0	61680	0	
2	 3	 4	 1	sample60	1313	2855	1286	129528	0	
2	 3	 4	 2	sample60	956	2498	772	49344	0	
2	 3	 4	 3	sample60	790	2076	770	51440	0	
2	 3	 4	 4	sample60	597	1883	256	51440	0	
2	 3	 4	 5	sample60	507	1793	256	51440	0	
2	 3	 4	 6	control	706	1992	514	51440	0	
2	 4	 1	 1	sample61	2498	4040	2056	121818	0	
2	 4	 1	 2	sample61	2550	3834	2570	95016	0	
2	 4	 1	 3	sample61	2066	3608	2312	75558	0	
2	 4	 1	 4	sample61	1339	2881	1284	80184	0	
2	 4	 1	 5	sample61	975	2517	770	75558	0	
2	 4	 1	 6	control	391	1933	256	61680	0	
2	 4	 2	 1	sample62	1189	2473	1286	51360	0	
2	 4	 2	 2	sample62	1305	2589	1286	51360	0	
2	 4	 2	 3	sample62	1196	2480	1028	51360	0	
2	 4	 2	 4	sample62	655	2197	770	61680	0	
2	 4	 2	 5	sample62	966	2508	770	38550	0	
2	 4	 2	 6	control	2070	3612	2056	106398	0	
2	 4	 3	 1	sample63	1922	3206	1800	80892	0	
2	 4	 3	 2	sample63	2261	3545	2314	62916	0	
2	 4	 3	 3	sample63	1131	2415	1028	57780	0	
2	 4	 3	 4	sample63	822	2106	772	59064	0	
2	 4	 3	 5	sample63	714	1998	772	51360	0	
2	 4	 3	 6	control	147	1689	0	61680	0	
2	 4	 4	 1	sample64	946	2230	1028	60348	0	
2	 4	 4	 2	sample64	360	1644	258	51360	0	
2	 4	 4	 3	sample64	457	1741	514	51360	0	
2	 4	 4	 4	sample64	373	1657	258	51360	0	
2	 4	 4	 5	sample64	495	1779	258	51360	0	
2	 4	 4	 6	control	873	2415	514	61680	0	
2	 5	 1	 1	sample65	1349	3147	1286	167214	0	
2	 5	 1	 2	sample65	1852	3394	1542	95604	0	
2	 5	 1	 3	sample65	1428	2970	1542	115650	0	
2	 5	 1	 4	sample65	1461	3003	1542	24672	0	
2	 5	 1	 5	sample65	942	2484	770	64764	0	
2	 5	 1	 6	control	501	2043	256	61680	0	
2	 5	 2	 1	sample66	3120	4662	3084	107940	0	
2	 5	 2	 2	sample66	3021	4563	3084	107940	0	
2	 5	 2	 3	sample66	1786	3328	1542	155742	0	
2	 5	 2	 4	sample66	1435	2977	1542	107940	0	
2	 5	 2	 5	sample66	1300	2842	1284	101772	0	
2	 5	 2	 6	control	1891	3433	1542	94062	0	
2	 5	 3	 1	sample67	1848	3390	1798	118734	0	
2	 5	 3	 2	sample67	1558	3100	1542	121818	0	
2	 5	 3	 3	sample67	1021	2563	1028	61680	0	
2	 5	 3	 4	sample67	848	2390	770	61680	0	
2	 5	 3	 5	sample67	790	2332	770	61680	0	
2	 5	 3	 6	control	173	1715	256	61680	0	
2	 5	 4	 1	sample68	4741	6283	4112	164994	0	
2	 5	 4	 2	sample68	1745	3287	1798	134154	0	
2	 5	 4	 3	sample68	1780	3322	1798	129528	0	
2	 5	 4	 4	sample68	1117	2659	1028	123360	0	
2	 5	 4	 5	sample68	1480	3022	1284	32382	0	
2	 5	 4	 6	control	1119	2403	772	51360	0	
2	 6	 1	 1	sample69	1658	3200	1798	118734	0	
2	 6	 1	 2	sample69	1330	2872	1542	114108	0	
2	 6	 1	 3	sample69	1442	2984	1542	115650	0	
2	 6	 1	 4	sample69	1189	2731	1028	78642	0	
2	 6	 1	 5	sample69	1291	2833	1284	61680	0	
2	 6	 1	 6	control	623	2165	514	61680	0	
2	 6	 2	 1	sample70	1604	2888	1542	53928	0	
2	 6	 2	 2	sample70	908	2450	770	112566	0	
2	 6	 2	 3	sample70	1257	2799	1284	29298	0	
2	 6	 2	 4	sample70	896	2438	770	69390	0	
2	 6	 2	 5	sample70	683	2225	514	77100	0	
2	 6	 2	 6	control	2308	3850	2312	92520	0	
2	 6	 3	 1	sample71	1071	2613	1284	126444	0	
2	 6	 3	 2	sample71	1385	2927	1284	63222	0	
2	 6	 3	 3	sample71	1011	2553	1028	70932	0	
2	 6	 3	 4	sample71	830	2372	770	66306	0	
2	 6	 3	 5	sample71	876	2418	770	60138	0	
2	 6	 3	 6	control	489	2031	514	32382	0	
2	 6	 4	 1	sample72	1697	3239	1798	171162	0	
2	 6	 4	 2	sample72	1075	2617	1028	83268	0	
2	 6	 4	 3	sample72	983	2525	1028	70932	0	
2	 6	 4	 4	sample72	783	2325	770	61680	0	
2	 6	 4	 5	sample72	1346	2888	1028	32382	0	
2	 6	 4	 6	control	909	2451	770	57054	0	
2	 7	 1	 1	sample73	3513	5311	3084	151032	0	
2	 7	 1	 2	sample73	2319	4117	1800	169012	0	
2	 7	 1	 3	sample73	2259	4057	2056	134850	0	
2	 7	 1	 4	sample73	1527	3325	1542	91698	0	
2	 7	 1	 5	sample73	1168	2710	1028	64764	0	
2	 7	 1	 6	control	655	2197	256	61680	0	
2	 7	 2	 1	sample74	2071	3613	2056	78642	0	
2	 7	 2	 2	sample74	1825	3367	1798	103314	0	
2	 7	 2	 3	sample74	1300	2842	1284	104856	0	
2	 7	 2	 4	sample74	1201	2743	1284	70932	0	
2	 7	 2	 5	sample74	938	2480	770	61680	0	
2	 7	 2	 6	control	1559	3101	1542	111024	0	
2	 7	 3	 1	sample75	636	2178	256	61680	0	
2	 7	 3	 2	sample75	681	2223	514	61680	0	
2	 7	 3	 3	sample75	925	2467	770	61680	0	
2	 7	 3	 4	sample75	513	2055	514	61680	0	
2	 7	 3	 5	sample75	417	1959	256	61680	0	
2	 7	 3	 6	control	598	1882	514	51360	0	
2	 7	 4	 1	sample76	4719	6261	4626	109482	0	
2	 7	 4	 2	sample76	1759	3301	1542	138780	0	
2	 7	 4	 3	sample76	1363	2905	1284	121818	0	
2	 7	 4	 4	sample76	738	2280	514	61680	0	
2	 7	 4	 5	sample76	693	2235	256	61680	0	
2	 7	 4	 6	control	1188	2472	772	26964	0	
2	 8	 1	 1	sample77	3664	5206	3340	124902	0	
2	 8	 1	 2	sample77	3510	5052	3084	112566	0	
2	 8	 1	 3	sample77	2927	4469	2826	149574	0	
2	 8	 1	 4	sample77	1324	3122	1028	84506	0	
2	 8	 1	 5	sample77	962	2504	770	72474	0	
2	 8	 1	 6	control	584	2126	514	61680	0	
2	 8	 2	 1	sample78	854	2396	770	70932	0	
2	 8	 2	 2	sample78	1147	2689	1028	63222	0	
2	 8	 2	 3	sample78	1073	2615	1028	26214	0	
2	 8	 2	 4	sample78	848	2132	772	60348	0	
2	 8	 2	 5	sample78	778	2062	772	51360	0	
2	 8	 2	 6	control	1358	2642	1028	123264	0	
2	 8	 3	 1	sample79	2014	3556	2056	115650	0	
2	 8	 3	 2	sample79	1646	3188	1542	75558	0	
2	 8	 3	 3	sample79	1359	2643	1286	53928	0	
2	 8	 3	 4	sample79	1133	2417	1028	47508	0	
2	 8	 3	 5	sample79	778	2062	514	51360	0	
2	 8	 3	 6	control	450	1734	258	51360	0	
2	 8	 4	 1	sample80	2114	3398	2056	86028	0	
2	 8	 4	 2	sample80	1357	2641	1028	124548	0	
2	 8	 4	 3	sample80	945	2229	1028	51360	0	
2	 8	 4	 4	sample80	643	1927	514	51360	0	
2	 8	 4	 5	sample80	515	1799	258	51360	0	
2	 8	 4	 6	control	1016	2300	772	26964	0	
2	 9	 1	 1	sample81	1334	2618	1286	53928	0	
2	 9	 1	 2	sample81	1244	2528	1286	62916	0	
2	 9	 1	 3	sample81	1043	2327	1028	44940	0	
2	 9	 1	 4	sample81	791	2075	772	51360	0	
2	 9	 1	 5	sample81	881	2165	772	51360	0	
2	 9	 1	 6	control	914	2198	772	23112	0	
2	 9	 2	 1	sample82	2683	3967	2828	93732	0	
2	 9	 2	 2	sample82	3664	4948	3856	86028	0	
2	 9	 2	 3	sample82	3373	4657	3342	83460	0	
2	 9	 2	 4	sample82	2630	3914	2828	66768	0	
2	 9	 2	 5	sample82	1387	2671	1286	84744	0	
2	 9	 2	 6	control	2424	3708	2314	62916	0	
2	 9	 3	 1	sample83	2089	3373	1800	101436	0	
2	 9	 3	 2	sample83	1951	3235	2056	84744	0	
2	 9	 3	 3	sample83	1503	2787	1542	59064	0	
2	 9	 3	 4	sample83	1178	2462	1028	55212	0	
2	 9	 3	 5	sample83	703	1987	772	52644	0	
2	 9	 3	 6	control	380	1664	258	51360	0	
2	 9	 4	 1	sample84	2094	3378	1800	88596	0	
2	 9	 4	 2	sample84	1411	2695	1286	60348	0	
2	 9	 4	 3	sample84	839	2123	772	59064	0	
2	 9	 4	 4	sample84	566	1850	514	51360	0	
2	 9	 4	 5	sample84	572	1856	514	51360	0	
2	 9	 4	 6	control	1028	2312	1028	21828	0	
2	 10	 1	 1	sample85	2363	4677	1798	222144	0	
2	 10	 1	 2	sample85	3174	5488	3084	164294	0	
2	 10	 1	 3	sample85	2096	4410	2056	161980	0	
2	 10	 1	 4	sample85	1066	3380	1028	92560	0	
2	 10	 1	 5	sample85	1231	3545	1028	55536	0	
2	 10	 1	 6	control	354	2924	0	102800	0	
2	 10	 2	 1	sample86	1449	3763	1542	180492	0	
2	 10	 2	 2	sample86	1424	3738	1542	106444	0	
2	 10	 2	 3	sample86	1097	3411	1284	111072	0	
2	 10	 2	 4	sample86	957	3271	770	92560	0	
2	 10	 2	 5	sample86	584	2898	514	92560	0	
2	 10	 2	 6	control	1830	4400	1542	172190	0	
2	 10	 3	 1	sample87	2264	4578	2312	185120	0	
2	 10	 3	 2	sample87	1623	3679	1542	98688	0	
2	 10	 3	 3	sample87	1310	3366	1286	86352	0	
2	 10	 3	 4	sample87	610	2924	514	92560	0	
2	 10	 3	 5	sample87	475	2789	514	92560	0	
2	 10	 3	 6	control	212	2782	0	102800	0	
2	 10	 4	 1	sample88	1938	4252	1798	161980	0	
2	 10	 4	 2	sample88	1374	3430	1286	78128	0	
2	 10	 4	 3	sample88	328	2384	258	82240	0	
2	 10	 4	 4	sample88	25.4	2339	256	92560	0	
2	 10	 4	 5	sample88	282	2596	256	92560	0	
2	 10	 4	 6	control	263	2577	256	92560	0	
2	 11	 1	 1	sample89	2801	4085	3084	110424	0	
2	 11	 1	 2	sample89	1939	3481	2312	126444	0	
2	 11	 1	 3	sample89	1728	3012	1800	120696	0	
2	 11	 1	 4	sample89	1559	2843	1800	100152	0	
2	 11	 1	 5	sample89	1342	2884	1542	55512	0	
2	 11	 1	 6	control	237	1779	256	61680	0	
2	 11	 2	 1	sample90	2408	3692	2570	118128	0	
2	 11	 2	 2	sample90	2867	4151	2570	109140	0	
2	 11	 2	 3	sample90	2282	3566	1800	124548	0	
2	 11	 2	 4	sample90	2003	3287	2056	68052	0	
2	 11	 2	 5	sample90	1450	2734	1286	50076	0	
2	 11	 2	 6	control	1660	3202	1284	140322	0	
2	 11	 3	 1	sample91	3157	4441	3084	105288	0	
2	 11	 3	 2	sample91	1920	3204	1800	106572	0	
2	 11	 3	 3	sample91	1700	2984	1800	89880	0	
2	 11	 3	 4	sample91	1490	3032	1542	61680	0	
2	 11	 3	 5	sample91	740	2282	514	38550	0	
2	 11	 3	 6	control	207	1749	256	55512	0	
2	 11	 4	 1	sample92	1463	2747	1286	104004	0	
2	 11	 4	 2	sample92	1008	2292	1028	32100	0	
2	 11	 4	 3	sample92	664	1948	514	46224	0	
2	 11	 4	 4	sample92	321	1863	256	55512	0	
2	 11	 4	 5	sample92	756	2298	514	55512	0	
2	 11	 4	 6	control	1272	2814	1284	61680	0	
2	 12	 1	 1	sample93	1201	2487	1284	51440	0	
2	 12	 1	 2	sample93	1079	2365	1028	45010	0	
2	 12	 1	 3	sample93	956	2498	772	49344	0	
2	 12	 1	 4	sample93	743	2543	770	68400	0	
2	 12	 1	 5	sample93	861	2917	772	82240	0	
2	 12	 1	 6	control	398	3226	256	113120	0	
2	 12	 2	 1	sample94	1498	2784	1542	52726	0	
2	 12	 2	 2	sample94	1630	2916	1542	33436	0	
2	 12	 2	 3	sample94	1112	2654	1286	61680	0	
2	 12	 2	 4	sample94	771	2571	770	55800	0	
2	 12	 2	 5	sample94	687	3001	770	92560	0	
2	 12	 2	 6	control	1575	4659	1800	123360	0	
2	 12	 3	 1	sample95	2321	3863	2314	109482	0	
2	 12	 3	 2	sample95	1221	2763	1028	74016	0	
2	 12	 3	 3	sample95	1501	3043	1542	66306	0	
2	 12	 3	 4	sample95	912	2712	770	72000	0	
2	 12	 3	 5	sample95	578	2892	514	92560	0	
2	 12	 3	 6	control	187	3271	258	123360	0	
2	 12	 4	 1	sample96	1419	2961	1286	86352	0	
2	 12	 4	 2	sample96	1048	2590	1028	61680	0	
2	 12	 4	 3	sample96	379	2179	514	72000	0	
2	 12	 4	 4	sample96	998	3054	772	51400	0	
2	 12	 4	 5	sample96	418	2988	258	102800	0	
2	 12	 4	 6	control	1124	4466	1028	133680	0	
3	 1	 1	 1	sample97	3358	5156	3598	143840	0	
3	 1	 1	 2	sample97	2304	4102	2314	93496	0	
3	 1	 1	 3	sample97	2134	3676	2056	70932	0	
3	 1	 1	 4	sample97	1799	3341	1798	81726	0	
3	 1	 1	 5	sample97	1400	2684	1286	60348	0	
3	 1	 1	 6	control	392	1676	258	51360	0	
3	 1	 2	 1	sample98	4761	6303	5396	120276	0	
3	 1	 2	 2	sample98	3388	4930	3598	141864	0	
3	 1	 2	 3	sample98	603	2145	514	61680	0	
3	 1	 2	 4	sample98	2271	3813	2312	77100	0	
3	 1	 2	 5	sample98	1930	3214	1800	68052	0	
3	 1	 2	 6	control	1280	2564	1286	65484	0	
3	 1	 3	 1	sample99	2401	3943	2312	112566	0	
3	 1	 3	 2	sample99	1778	3062	1800	105288	0	
3	 1	 3	 3	sample99	1773	3057	1800	62916	0	
3	 1	 3	 4	sample99	1870	3154	2056	93732	0	
3	 1	 3	 5	sample99	1590	2874	1542	62916	0	
3	 1	 3	 6	control	258	1542	258	51360	0	
3	 1	 4	 1	sample100	3523	4807	3598	105288	0	
3	 1	 4	 2	sample100	1937	3221	2056	112992	0	
3	 1	 4	 3	sample100	1590	2618	1542	54484	0	
3	 1	 4	 4	sample100	1340	2368	1284	47288	0	
3	 1	 4	 5	sample100	797	1825	770	40092	0	
3	 1	 4	 6	control	1395	2423	1028	35980	0	
3	 2	 1	 1	sample101	1562	3360	1542	46748	0	
3	 2	 1	 2	sample101	1035	2833	1028	71920	0	
3	 2	 1	 3	sample101	1285	3083	1286	71920	0	
3	 2	 1	 4	sample101	857	2655	772	43152	0	
3	 2	 1	 5	sample101	681	2223	514	61680	0	
3	 2	 1	 6	control	404	1946	256	61680	0	
3	 2	 2	 1	sample102	733	2531	772	71920	0	
3	 2	 2	 2	sample102	585	2383	514	71920	0	
3	 2	 2	 3	sample102	624	2422	772	71920	0	
3	 2	 2	 4	sample102	747	2545	772	75516	0	
3	 2	 2	 5	sample102	533	2075	514	61680	0	
3	 2	 2	 6	control	2211	3753	2312	109482	0	
3	 2	 3	 1	sample103	7024	8566	6938	115650	0	
3	 2	 3	 2	sample103	5406	6948	5396	121818	0	
3	 2	 3	 3	sample103	4074	5616	4112	94062	0	
3	 2	 3	 4	sample103	3322	4864	3084	109482	0	
3	 2	 3	 5	sample103	2327	3869	2570	111024	0	
3	 2	 3	 6	control	109	1651	0	61680	0	
3	 2	 4	 1	sample104	1675	2959	1542	111708	0	
3	 2	 4	 2	sample104	1337	2621	1286	64200	0	
3	 2	 4	 3	sample104	861	2145	772	51360	0	
3	 2	 4	 4	sample104	572	1856	514	51360	0	
3	 2	 4	 5	sample104	694	1978	514	51360	0	
3	 2	 4	 6	control	1463	2747	1286	33384	0	
3	 3	 1	 1	sample105	1976	3518	2056	118734	0	
3	 3	 1	 2	sample105	1486	3028	1542	121818	0	
3	 3	 1	 3	sample105	1689	2973	1800	65484	0	
3	 3	 1	 4	sample105	1038	2322	1028	66768	0	
3	 3	 1	 5	sample105	983	2525	1028	35466	0	
3	 3	 1	 6	control	513	2055	514	32382	0	
3	 3	 2	 1	sample106	2715	4257	2312	138780	0	
3	 3	 2	 2	sample106	2431	3973	2312	137238	0	
3	 3	 2	 3	sample106	1956	3240	1800	114276	0	
3	 3	 2	 4	sample106	1643	2927	1542	65484	0	
3	 3	 2	 5	sample106	1345	2629	1286	55212	0	
3	 3	 2	 6	control	2063	3347	2314	96300	0	
3	 3	 3	 1	sample107	1994	3536	2056	115650	0	
3	 3	 3	 2	sample107	1731	3273	1798	134154	0	
3	 3	 3	 3	sample107	1855	3139	1800	65484	0	
3	 3	 3	 4	sample107	1173	2457	1286	52644	0	
3	 3	 3	 5	sample107	861	2145	772	59064	0	
3	 3	 3	 6	control	200	1484	258	51360	0	
3	 3	 4	 1	sample108	4190	5474	4626	127116	0	
3	 3	 4	 2	sample108	1728	3012	1542	101436	0	
3	 3	 4	 3	sample108	1819	3103	1800	66768	0	
3	 3	 4	 4	sample108	1236	2520	1028	26964	0	
3	 3	 4	 5	sample108	998	2282	1028	32100	0	
3	 3	 4	 6	control	598	1882	514	51360	0	
3	 4	 1	 1	sample109	1782	3324	1542	118734	0	
3	 4	 1	 2	sample109	2604	3888	2570	97584	0	
3	 4	 1	 3	sample109	1502	3044	1542	80184	0	
3	 4	 1	 4	sample109	995	2537	1028	61680	0	
3	 4	 1	 5	sample109	809	2351	770	61680	0	
3	 4	 1	 6	control	257	2055	258	71920	0	
3	 4	 2	 1	sample110	1534	3076	1798	100230	0	
3	 4	 2	 2	sample110	1431	2715	1542	106572	0	
3	 4	 2	 3	sample110	1820	3104	1800	47508	0	
3	 4	 2	 4	sample110	1116	2400	1028	48792	0	
3	 4	 2	 5	sample110	902	2444	770	63222	0	
3	 4	 2	 6	control	1633	3175	1542	134154	0	
3	 4	 3	 1	sample111	2014	3298	2056	93732	0	
3	 4	 3	 2	sample111	1615	2899	1542	73188	0	
3	 4	 3	 3	sample111	1337	2621	1286	51360	0	
3	 4	 3	 4	sample111	967	2251	772	53928	0	
3	 4	 3	 5	sample111	974	2258	772	42372	0	
3	 4	 3	 6	control	463	1747	258	51360	0	
3	 4	 4	 1	sample112	1301	2585	1286	104004	0	
3	 4	 4	 2	sample112	1076	2360	1028	55212	0	
3	 4	 4	 3	sample112	1094	2378	1028	65484	0	
3	 4	 4	 4	sample112	694	1978	514	51360	0	
3	 4	 4	 5	sample112	720	2004	514	51360	0	
3	 4	 4	 6	control	861	2403	514	52428	0	
3	 5	 1	 1	sample113	3252	4794	3084	115650	0	
3	 5	 1	 2	sample113	4428	5970	3856	121818	0	
3	 5	 1	 3	sample113	2557	4099	2056	118734	0	
3	 5	 1	 4	sample113	1924	3210	1798	102880	0	
3	 5	 1	 5	sample113	1490	2776	1542	64300	0	
3	 5	 1	 6	control	290	1832	0	61680	0	
3	 5	 2	 1	sample114	1657	2943	1542	65586	0	
3	 5	 2	 2	sample114	1606	2892	1542	61728	0	
3	 5	 2	 3	sample114	1204	2490	1284	61728	0	
3	 5	 2	 4	sample114	1045	2331	1028	55298	0	
3	 5	 2	 5	sample114	684	2226	772	72474	0	
3	 5	 2	 6	control	1618	3160	1542	115650	0	
3	 5	 3	 1	sample115	1224	2510	1284	60442	0	
3	 5	 3	 2	sample115	963	2249	1028	51440	0	
3	 5	 3	 3	sample115	854	2140	770	47582	0	
3	 5	 3	 4	sample115	655	1941	514	51440	0	
3	 5	 3	 5	sample115	835	2121	770	51440	0	
3	 5	 3	 6	control	219	1761	0	61680	0	
3	 5	 4	 1	sample116	134	1420	0	51440	0	
3	 5	 4	 2	sample116	603	1889	514	51440	0	
3	 5	 4	 3	sample116	546	1832	514	51440	0	
3	 5	 4	 4	sample116	501	1787	256	51440	0	
3	 5	 4	 5	sample116	1015	2301	770	27006	0	
3	 5	 4	 6	control	937	2479	772	43176	0	
3	 6	 1	 1	sample117	1364	2648	1542	92448	0	
3	 6	 1	 2	sample117	1876	3160	1800	60348	0	
3	 6	 1	 3	sample117	1303	2845	1284	64764	0	
3	 6	 1	 4	sample117	637	2179	514	77100	0	
3	 6	 1	 5	sample117	681	2223	514	61680	0	
3	 6	 1	 6	control	629	2171	514	61680	0	
3	 6	 2	 1	sample118	2570	3854	2828	68052	0	
3	 6	 2	 2	sample118	2811	4095	3342	97584	0	
3	 6	 2	 3	sample118	1593	3135	1542	138780	0	
3	 6	 2	 4	sample118	1442	2984	1542	131070	0	
3	 6	 2	 5	sample118	1542	3084	1542	53970	0	
3	 6	 2	 6	control	1824	3622	1800	115072	0	
3	 6	 3	 1	sample119	2771	4055	2828	82176	0	
3	 6	 3	 2	sample119	1873	3415	2056	95604	0	
3	 6	 3	 3	sample119	1471	3013	1542	61680	0	
3	 6	 3	 4	sample119	1202	2744	1028	72474	0	
3	 6	 3	 5	sample119	870	2668	772	70122	0	
3	 6	 3	 6	control	386	2184	258	71920	0	
3	 6	 4	 1	sample120	1795	3079	1800	79608	0	
3	 6	 4	 2	sample120	1360	2644	1286	57780	0	
3	 6	 4	 3	sample120	860	2402	770	75558	0	
3	 6	 4	 4	sample120	756	2298	770	55512	0	
3	 6	 4	 5	sample120	328	2126	258	71920	0	
3	 6	 4	 6	control	864	2662	772	44950	0	
3	 7	 1	 1	sample121	3264	5062	3342	125860	0	
3	 7	 1	 2	sample121	3655	5453	3084	140244	0	
3	 7	 1	 3	sample121	2493	4291	2314	154628	0	
3	 7	 1	 4	sample121	1783	3325	2056	74016	0	
3	 7	 1	 5	sample121	1072	2614	1028	61680	0	
3	 7	 1	 6	control	173	1715	0	61680	0	
3	 7	 2	 1	sample122	1834	3890	1798	88408	0	
3	 7	 2	 2	sample122	1437	3235	1286	143840	0	
3	 7	 2	 3	sample122	1034	2576	1028	63222	0	
3	 7	 2	 4	sample122	695	2237	770	63222	0	
3	 7	 2	 5	sample122	565	2107	514	38550	0	
3	 7	 2	 6	control	2407	3691	2570	95016	0	
3	 7	 3	 1	sample123	3422	5220	3598	125860	0	
3	 7	 3	 2	sample123	3091	4633	2826	104856	0	
3	 7	 3	 3	sample123	1268	2810	1028	141864	0	
3	 7	 3	 4	sample123	1022	2564	1028	75558	0	
3	 7	 3	 5	sample123	743	2285	770	70932	0	
3	 7	 3	 6	control	76.5	1619	0	61680	0	
3	 7	 4	 1	sample124	4058	5600	4368	103314	0	
3	 7	 4	 2	sample124	1441	2983	1284	126444	0	
3	 7	 4	 3	sample124	1135	2677	1028	77100	0	
3	 7	 4	 4	sample124	539	2081	514	61680	0	
3	 7	 4	 5	sample124	616	2158	514	61680	0	
3	 7	 4	 6	control	809	2351	770	61680	0	
3	 8	 1	 1	sample125	2900	4442	2826	118734	0	
3	 8	 1	 2	sample125	2693	4235	2570	124902	0	
3	 8	 1	 3	sample125	1744	3286	1798	80184	0	
3	 8	 1	 4	sample125	874	2416	770	72474	0	
3	 8	 1	 5	sample125	1173	2457	1286	41088	0	
3	 8	 1	 6	control	257	1541	258	51360	0	
3	 8	 2	 1	sample126	2408	3950	2312	103314	0	
3	 8	 2	 2	sample126	2530	4072	2312	111024	0	
3	 8	 2	 3	sample126	1830	3372	1542	112566	0	
3	 8	 2	 4	sample126	1433	2717	1286	60348	0	
3	 8	 2	 5	sample126	913	2197	772	51360	0	
3	 8	 2	 6	control	2075	3359	2056	89880	0	
3	 8	 3	 1	sample127	3590	5132	3598	111024	0	
3	 8	 3	 2	sample127	2393	3935	2570	118734	0	
3	 8	 3	 3	sample127	1535	3077	1542	118734	0	
3	 8	 3	 4	sample127	1297	2839	1284	61680	0	
3	 8	 3	 5	sample127	1414	2698	1542	35952	0	
3	 8	 3	 6	control	282	1310	256	41120	0	
3	 8	 4	 1	sample128	3125	4667	3340	134154	0	
3	 8	 4	 2	sample128	1425	3223	1542	129456	0	
3	 8	 4	 3	sample128	1960	3502	1542	107940	0	
3	 8	 4	 4	sample128	558	2100	514	61680	0	
3	 8	 4	 5	sample128	489	1773	514	51360	0	
3	 8	 4	 6	control	534	1818	514	51360	0	
3	 9	 1	 1	sample129	1978	3520	1800	126444	0	
3	 9	 1	 2	sample129	2134	3676	2056	127986	0	
3	 9	 1	 3	sample129	1493	3035	1542	120276	0	
3	 9	 1	 4	sample129	1052	2594	1028	67848	0	
3	 9	 1	 5	sample129	855	2397	772	61680	0	
3	 9	 1	 6	control	759	2301	772	30840	0	
3	 9	 2	 1	sample130	1963	3505	1800	131070	0	
3	 9	 2	 2	sample130	3866	5152	3854	87448	0	
3	 9	 2	 3	sample130	2506	4048	2314	117192	0	
3	 9	 2	 4	sample130	1395	2937	1542	61680	0	
3	 9	 2	 5	sample130	1302	2588	1284	95164	0	
3	 9	 2	 6	control	2351	3637	2570	93878	0	
3	 9	 3	 1	sample131	1297	2583	1284	52726	0	
3	 9	 3	 2	sample131	642	1928	514	51440	0	
3	 9	 3	 3	sample131	1141	2427	1028	43724	0	
3	 9	 3	 4	sample131	942	2228	1028	50154	0	
3	 9	 3	 5	sample131	687	1973	770	51440	0	
3	 9	 3	 6	control	430	1716	256	51440	0	
3	 9	 4	 1	sample132	2827	4369	2570	124902	0	
3	 9	 4	 2	sample132	1451	2993	1542	64764	0	
3	 9	 4	 3	sample132	1262	2548	1284	59156	0	
3	 9	 4	 4	sample132	629	1915	514	51440	0	
3	 9	 4	 5	sample132	777	2063	770	51440	0	
3	 9	 4	 6	control	976	2262	770	51440	0	
3	 10	 1	 1	sample133	2663	4205	2570	124902	0	
3	 10	 1	 2	sample133	2524	4066	2570	120276	0	
3	 10	 1	 3	sample133	1592	3134	1800	80184	0	
3	 10	 1	 4	sample133	1107	2649	1028	75558	0	
3	 10	 1	 5	sample133	859	2401	772	67848	0	
3	 10	 1	 6	control	514	2056	514	61680	0	
3	 10	 2	 1	sample134	1616	3158	1542	112566	0	
3	 10	 2	 2	sample134	1524	3066	1542	104856	0	
3	 10	 2	 3	sample134	967	2509	1028	38550	0	
3	 10	 2	 4	sample134	919	2461	1028	61680	0	
3	 10	 2	 5	sample134	643	2185	772	70932	0	
3	 10	 2	 6	control	1997	3539	2056	106398	0	
3	 10	 3	 1	sample135	2216	3758	2056	109482	0	
3	 10	 3	 2	sample135	2611	4153	2056	98688	0	
3	 10	 3	 3	sample135	1164	2706	1286	61680	0	
3	 10	 3	 4	sample135	1488	3030	1542	29298	0	
3	 10	 3	 5	sample135	624	2166	514	61680	0	
3	 10	 3	 6	control	534	2076	258	20046	0	
3	 10	 4	 1	sample136	1393	2935	1286	124902	0	
3	 10	 4	 2	sample136	1212	2754	1286	64764	0	
3	 10	 4	 3	sample136	704	2246	772	81726	0	
3	 10	 4	 4	sample136	367	1909	258	61680	0	
3	 10	 4	 5	sample136	847	2389	772	37008	0	
3	 10	 4	 6	control	1312	2854	1286	44718	0	
3	 11	 1	 1	sample137	2982	4782	3084	145800	0	
3	 11	 1	 2	sample137	2566	4366	2570	144000	0	
3	 11	 1	 3	sample137	1655	3455	1542	171000	0	
3	 11	 1	 4	sample137	1411	3467	1542	88408	0	
3	 11	 1	 5	sample137	879	3193	770	104130	0	
3	 11	 1	 6	control	385	2699	256	92560	0	
3	 11	 2	 1	sample138	2133	3933	1798	131400	0	
3	 11	 2	 2	sample138	2453	4253	2312	138600	0	
3	 11	 2	 3	sample138	2079	3879	2056	136800	0	
3	 11	 2	 4	sample138	1291	3347	1286	92520	0	
3	 11	 2	 5	sample138	938	3252	770	92560	0	
3	 11	 2	 6	control	2031	4345	2056	168922	0	
3	 11	 3	 1	sample139	953	2753	770	106200	0	
3	 11	 3	 2	sample139	887	2687	1028	95400	0	
3	 11	 3	 3	sample139	1004	2804	1028	79200	0	
3	 11	 3	 4	sample139	553	2609	514	96632	0	
3	 11	 3	 5	sample139	737	2793	772	30840	0	
3	 11	 3	 6	control	328	2384	258	82240	0	
3	 11	 4	 1	sample140	1331	3131	1284	118800	0	
3	 11	 4	 2	sample140	1170	2970	1028	68400	0	
3	 11	 4	 3	sample140	630	2686	514	82240	0	
3	 11	 4	 4	sample140	598	2654	514	82240	0	
3	 11	 4	 5	sample140	366	2680	514	92560	0	
3	 11	 4	 6	control	1542	3856	1542	46280	0	
3	 12	 1	 1	sample141	3283	4825	3342	114108	0	
3	 12	 1	 2	sample141	1900	3700	1798	163800	0	
3	 12	 1	 3	sample141	1825	3881	1800	82240	0	
3	 12	 1	 4	sample141	1242	3298	1286	96632	0	
3	 12	 1	 5	sample141	1140	3710	1028	100230	0	
3	 12	 1	 6	control	372	3714	256	133680	0	
3	 12	 2	 1	sample142	4765	6307	4884	137238	0	
3	 12	 2	 2	sample142	3350	5150	3340	142200	0	
3	 12	 2	 3	sample142	1850	3906	1542	197376	0	
3	 12	 2	 4	sample142	1588	3902	1542	101816	0	
3	 12	 2	 5	sample142	1485	4313	1542	90496	0	
3	 12	 2	 6	control	1757	5099	1798	123654	0	
3	 12	 3	 1	sample143	1620	2906	1542	63014	0	
3	 12	 3	 2	sample143	1707	3249	1542	72474	0	
3	 12	 3	 3	sample143	1341	3141	1284	81000	0	
3	 12	 3	 4	sample143	949	3005	1028	59624	0	
3	 12	 3	 5	sample143	425	2995	258	102800	0	
3	 12	 3	 6	control	134	3476	256	133680	0	
3	 12	 4	 1	sample144	398	1684	514	51440	0	
3	 12	 4	 2	sample144	277	1819	258	61680	0	
3	 12	 4	 3	sample144	219	1761	258	61680	0	
3	 12	 4	 4	sample144	637	2693	514	82240	0	
3	 12	 4	 5	sample144	219	2789	258	102800	0	
3	 12	 4	 6	control	1020	4362	1028	106944	0	
4	 1	 1	 1	sample145	2096	3638	1798	137238	0	
4	 1	 1	 2	sample145	1895	3693	2056	134850	0	
4	 1	 1	 3	sample145	1481	3537	1542	104856	0	
4	 1	 1	 4	sample145	1240	3296	1284	82240	0	
4	 1	 1	 5	sample145	823	2879	1028	90464	0	
4	 1	 1	 6	control	269	2325	256	82240	0	
4	 1	 2	 1	sample146	656	2198	514	58596	0	
4	 1	 2	 2	sample146	875	2417	770	75558	0	
4	 1	 2	 3	sample146	296	2094	258	71920	0	
4	 1	 2	 4	sample146	89.4	2145	0	82240	0	
4	 1	 2	 5	sample146	506	2562	514	71960	0	
4	 1	 2	 6	control	1719	3775	1798	172704	0	
4	 1	 3	 1	sample147	1157	2955	1028	93496	0	
4	 1	 3	 2	sample147	849	2647	772	95294	0	
4	 1	 3	 3	sample147	629	2685	514	82240	0	
4	 1	 3	 4	sample147	668	2724	514	82240	0	
4	 1	 3	 5	sample147	771	2827	770	32896	0	
4	 1	 3	 6	control	327	2383	256	82240	0	
4	 1	 4	 1	sample148	1094	2378	1028	60348	0	
4	 1	 4	 2	sample148	752	2036	772	51360	0	
4	 1	 4	 3	sample148	791	2333	770	38550	0	
4	 1	 4	 4	sample148	425	2223	258	71920	0	
4	 1	 4	 5	sample148	354	2152	258	71920	0	
4	 1	 4	 6	control	752	2808	770	84296	0	
4	 2	 1	 1	sample149	1077	2619	1028	72474	0	
4	 2	 1	 2	sample149	891	2433	770	72474	0	
4	 2	 1	 3	sample149	905	2447	770	61680	0	
4	 2	 1	 4	sample149	881	2423	770	64764	0	
4	 2	 1	 5	sample149	706	2248	514	61680	0	
4	 2	 1	 6	control	206	2004	0	71920	0	
4	 2	 2	 1	sample150	1555	3097	1542	120276	0	
4	 2	 2	 2	sample150	1380	2922	1542	115650	0	
4	 2	 2	 3	sample150	929	2471	770	117192	0	
4	 2	 2	 4	sample150	830	2372	770	66306	0	
4	 2	 2	 5	sample150	706	2248	514	61680	0	
4	 2	 2	 6	control	1523	3321	1542	143840	0	
4	 2	 3	 1	sample151	1632	3174	1542	104856	0	
4	 2	 3	 2	sample151	1645	3187	1798	80184	0	
4	 2	 3	 3	sample151	992	2790	1028	88102	0	
4	 2	 3	 4	sample151	825	2367	770	72474	0	
4	 2	 3	 5	sample151	706	2248	514	61680	0	
4	 2	 3	 6	control	45.5	1844	0	71920	0	
4	 2	 4	 1	sample152	2265	3807	2570	117192	0	
4	 2	 4	 2	sample152	1173	2715	1028	95604	0	
4	 2	 4	 3	sample152	891	2433	770	78642	0	
4	 2	 4	 4	sample152	430	1972	514	61680	0	
4	 2	 4	 5	sample152	379	1921	256	61680	0	
4	 2	 4	 6	control	772	2570	772	64728	0	
4	 3	 1	 1	sample153	1945	3487	1542	149574	0	
4	 3	 1	 2	sample153	2174	3716	2056	131070	0	
4	 3	 1	 3	sample153	1639	3181	1542	111024	0	
4	 3	 1	 4	sample153	1549	3091	1542	63222	0	
4	 3	 1	 5	sample153	887	2429	1028	61680	0	
4	 3	 1	 6	control	283	1825	258	61680	0	
4	 3	 2	 1	sample154	1747	3289	1542	75558	0	
4	 3	 2	 2	sample154	1534	3334	1542	120600	0	
4	 3	 2	 3	sample154	1490	3290	1284	27000	0	
4	 3	 2	 4	sample154	817	2617	770	90000	0	
4	 3	 2	 5	sample154	713	2513	770	72000	0	
4	 3	 2	 6	control	1902	3958	1800	133640	0	
4	 3	 3	 1	sample155	1017	2559	1028	66306	0	
4	 3	 3	 2	sample155	616	2416	514	72000	0	
4	 3	 3	 3	sample155	488	2288	514	72000	0	
4	 3	 3	 4	sample155	481	2281	514	72000	0	
4	 3	 3	 5	sample155	411	2211	256	72000	0	
4	 3	 3	 6	control	142	2198	258	82240	0	
4	 3	 4	 1	sample156	2145	3945	2056	160200	0	
4	 3	 4	 2	sample156	2063	3863	2056	135000	0	
4	 3	 4	 3	sample156	2292	4092	2312	68400	0	
4	 3	 4	 4	sample156	1186	2986	1028	84600	0	
4	 3	 4	 5	sample156	534	2590	514	82240	0	
4	 3	 4	 6	control	630	2686	514	82240	0	
4	 4	 1	 1	sample157	1573	2859	1542	52726	0	
4	 4	 1	 2	sample157	1409	2695	1542	42438	0	
4	 4	 1	 3	sample157	1195	2481	1284	59156	0	
4	 4	 1	 4	sample157	933	2475	772	66306	0	
4	 4	 1	 5	sample157	678	2220	514	67848	0	
4	 4	 1	 6	control	296	1838	258	61680	0	
4	 4	 2	 1	sample158	1474	3016	1542	121818	0	
4	 4	 2	 2	sample158	2014	3556	2056	111024	0	
4	 4	 2	 3	sample158	1820	3362	2056	77100	0	
4	 4	 2	 4	sample158	1304	2846	1286	63222	0	
4	 4	 2	 5	sample158	836	2378	772	67848	0	
4	 4	 2	 6	control	1788	3588	1798	131400	0	
4	 4	 3	 1	sample159	2402	3944	2570	103314	0	
4	 4	 3	 2	sample159	1912	3454	2056	74016	0	
4	 4	 3	 3	sample159	1200	3000	1028	153000	0	
4	 4	 3	 4	sample159	1445	3245	1542	72000	0	
4	 4	 3	 5	sample159	925	2725	1028	81000	0	
4	 4	 3	 6	control	283	2339	258	82240	0	
4	 4	 4	 1	sample160	1598	3140	1542	64764	0	
4	 4	 4	 2	sample160	1300	3100	1284	61200	0	
4	 4	 4	 3	sample160	907	2707	1028	84600	0	
4	 4	 4	 4	sample160	687	2487	770	72000	0	
4	 4	 4	 5	sample160	412	2468	258	82240	0	
4	 4	 4	 6	control	1718	3774	1800	45232	0	
4	 5	 1	 1	sample161	2472	3500	2570	80184	0	
4	 5	 1	 2	sample161	2082	3110	2314	84296	0	
4	 5	 1	 3	sample161	1627	2655	1542	75044	0	
4	 5	 1	 4	sample161	1589	2617	1800	51400	0	
4	 5	 1	 5	sample161	1049	2077	1028	39064	0	
4	 5	 1	 6	control	276	1562	256	51440	0	
4	 5	 2	 1	sample162	2790	4076	3084	90020	0	
4	 5	 2	 2	sample162	2513	3799	2826	87448	0	
4	 5	 2	 3	sample162	2172	3458	2312	93878	0	
4	 5	 2	 4	sample162	1607	2893	1542	65586	0	
4	 5	 2	 5	sample162	1401	2687	1542	54012	0	
4	 5	 2	 6	control	2255	3797	2570	107940	0	
4	 5	 3	 1	sample163	5594	7136	5654	117192	0	
4	 5	 3	 2	sample163	3486	5028	3342	112566	0	
4	 5	 3	 3	sample163	2271	3813	2314	112566	0	
4	 5	 3	 4	sample163	1478	3020	1542	111024	0	
4	 5	 3	 5	sample163	1182	2724	1286	72474	0	
4	 5	 3	 6	control	258	1800	258	61680	0	
4	 5	 4	 1	sample164	5040	6840	4882	126000	0	
4	 5	 4	 2	sample164	3118	4918	3084	145800	0	
4	 5	 4	 3	sample164	2914	4714	2826	95400	0	
4	 5	 4	 4	sample164	1572	3372	1542	91800	0	
4	 5	 4	 5	sample164	998	2798	1028	77400	0	
4	 5	 4	 6	control	1227	3027	1028	72000	0	
4	 6	 1	 1	sample165	2493	3779	2570	95164	0	
4	 6	 1	 2	sample165	1759	3301	1800	126444	0	
4	 6	 1	 3	sample165	1531	2817	1542	96450	0	
4	 6	 1	 4	sample165	1099	2385	1028	97736	0	
4	 6	 1	 5	sample165	1238	2524	1284	28292	0	
4	 6	 1	 6	control	711	2253	772	26214	0	
4	 6	 2	 1	sample166	4207	5749	4112	121818	0	
4	 6	 2	 2	sample166	3817	5359	4112	112566	0	
4	 6	 2	 3	sample166	2554	4096	2314	123360	0	
4	 6	 2	 4	sample166	1810	3096	1542	86162	0	
4	 6	 2	 5	sample166	1401	2943	1542	61680	0	
4	 6	 2	 6	control	2644	4186	2570	64764	0	
4	 6	 3	 1	sample167	1775	3575	1798	118800	0	
4	 6	 3	 2	sample167	1606	3406	1542	93600	0	
4	 6	 3	 3	sample167	1382	2924	1542	74016	0	
4	 6	 3	 4	sample167	727	2269	772	61680	0	
4	 6	 3	 5	sample167	750	2292	772	53970	0	
4	 6	 3	 6	control	263	2063	256	72000	0	
4	 6	 4	 1	sample168	3842	5642	3854	151200	0	
4	 6	 4	 2	sample168	1192	2992	1028	165600	0	
4	 6	 4	 3	sample168	1940	3482	1800	81726	0	
4	 6	 4	 4	sample168	1238	2780	1286	75558	0	
4	 6	 4	 5	sample168	881	2423	1028	61680	0	
4	 6	 4	 6	control	1504	3046	1542	61680	0	
4	 7	 1	 1	sample169	894	2436	1028	70932	0	
4	 7	 1	 2	sample169	1199	2741	1028	118734	0	
4	 7	 1	 3	sample169	1296	2838	1286	72474	0	
4	 7	 1	 4	sample169	1143	2685	1028	55512	0	
4	 7	 1	 5	sample169	532	2074	514	66306	0	
4	 7	 1	 6	control	367	1909	258	61680	0	
4	 7	 2	 1	sample170	1626	3168	1542	114108	0	
4	 7	 2	 2	sample170	2150	3692	2056	118734	0	
4	 7	 2	 3	sample170	1580	3380	1542	84600	0	
4	 7	 2	 4	sample170	1121	2663	1028	77100	0	
4	 7	 2	 5	sample170	782	2324	772	75558	0	
4	 7	 2	 6	control	1663	3205	1800	121818	0	
4	 7	 3	 1	sample171	2722	4522	2826	136800	0	
4	 7	 3	 2	sample171	2518	4060	2314	106398	0	
4	 7	 3	 3	sample171	1550	3350	1542	111600	0	
4	 7	 3	 4	sample171	1165	2965	1028	77400	0	
4	 7	 3	 5	sample171	1090	2632	1028	77100	0	
4	 7	 3	 6	control	373	1915	258	61680	0	
4	 7	 4	 1	sample172	3019	4561	3084	120276	0	
4	 7	 4	 2	sample172	1796	3338	1542	109482	0	
4	 7	 4	 3	sample172	1741	3283	1800	81726	0	
4	 7	 4	 4	sample172	1058	2600	1028	80184	0	
4	 7	 4	 5	sample172	783	2325	772	67848	0	
4	 7	 4	 6	control	1373	2659	1284	74588	0	
4	 8	 1	 1	sample173	8343	10141	10024	140244	0	
4	 8	 1	 2	sample173	6169	7967	6426	156426	0	
4	 8	 1	 3	sample173	4983	6781	5912	143840	0	
4	 8	 1	 4	sample173	4786	6584	5140	147436	0	
4	 8	 1	 5	sample173	3245	5043	3084	138446	0	
4	 8	 1	 6	control	385	1927	256	61680	0	
4	 8	 2	 1	sample174	2136	4192	2056	104856	0	
4	 8	 2	 2	sample174	1873	3671	2056	125860	0	
4	 8	 2	 3	sample174	1221	3019	1286	86304	0	
4	 8	 2	 4	sample174	1090	2888	1028	82708	0	
4	 8	 2	 5	sample174	849	2647	772	71920	0	
4	 8	 2	 6	control	2245	4043	2570	107880	0	
4	 8	 3	 1	sample175	1944	4000	2056	141864	0	
4	 8	 3	 2	sample175	1322	3378	1284	98688	0	
4	 8	 3	 3	sample175	1586	3384	1542	84506	0	
4	 8	 3	 4	sample175	771	2827	770	82240	0	
4	 8	 3	 5	sample175	874	2672	772	71920	0	
4	 8	 3	 6	control	502	2300	514	71920	0	
4	 8	 4	 1	sample176	1645	3443	1542	71920	0	
4	 8	 4	 2	sample176	1201	3257	1284	82240	0	
4	 8	 4	 3	sample176	643	2441	514	71920	0	
4	 8	 4	 4	sample176	977	2775	1028	71920	0	
4	 8	 4	 5	sample176	688	2486	514	71920	0	
4	 8	 4	 6	control	1676	3218	1542	61680	0	
4	 9	 1	 1	sample177	1751	3037	1798	96450	0	
4	 9	 1	 2	sample177	1428	2970	1286	72474	0	
4	 9	 1	 3	sample177	1441	2727	1284	65586	0	
4	 9	 1	 4	sample177	936	1964	1028	40092	0	
4	 9	 1	 5	sample177	526	1812	514	51440	0	
4	 9	 1	 6	control	789	1817	772	15420	0	
4	 9	 2	 1	sample178	1243	2785	1028	74016	0	
4	 9	 2	 2	sample178	1146	2688	1286	124902	0	
4	 9	 2	 3	sample178	1327	2869	1286	75558	0	
4	 9	 2	 4	sample178	783	2069	770	51440	0	
4	 9	 2	 5	sample178	578	1864	514	51440	0	
4	 9	 2	 6	control	1875	3161	1542	86162	0	
4	 9	 3	 1	sample179	1999	3541	2056	97146	0	
4	 9	 3	 2	sample179	1836	3378	1800	64764	0	
4	 9	 3	 3	sample179	1242	2784	1286	72474	0	
4	 9	 3	 4	sample179	939	2481	1028	35466	0	
4	 9	 3	 5	sample179	786	2072	770	42438	0	
4	 9	 3	 6	control	555	2097	514	29298	0	
4	 9	 4	 1	sample180	3508	5050	3598	109482	0	
4	 9	 4	 2	sample180	2530	4072	2570	137238	0	
4	 9	 4	 3	sample180	1724	3266	1800	131070	0	
4	 9	 4	 4	sample180	1011	2553	1028	66306	0	
4	 9	 4	 5	sample180	791	2333	772	61680	0	
4	 9	 4	 6	control	1494	3036	1542	74016	0	
4	 10	 1	 1	sample181	2530	4072	2570	106398	0	
4	 10	 1	 2	sample181	3005	4547	2828	104856	0	
4	 10	 1	 3	sample181	1771	3057	1284	120884	0	
4	 10	 1	 4	sample181	1767	3053	1798	51440	0	
4	 10	 1	 5	sample181	1230	2772	1028	43176	0	
4	 10	 1	 6	control	476	2018	514	61680	0	
4	 10	 2	 1	sample182	2038	3580	1800	124902	0	
4	 10	 2	 2	sample182	2277	3819	2570	98688	0	
4	 10	 2	 3	sample182	1861	3403	2056	109482	0	
4	 10	 2	 4	sample182	1845	3387	1800	78642	0	
4	 10	 2	 5	sample182	1290	3090	1284	75600	0	
4	 10	 2	 6	control	1668	3468	1798	102600	0	
4	 10	 3	 1	sample183	4415	6215	4626	118800	0	
4	 10	 3	 2	sample183	2685	4485	2826	120600	0	
4	 10	 3	 3	sample183	2428	4228	2312	108000	0	
4	 10	 3	 4	sample183	2137	3937	1798	73800	0	
4	 10	 3	 5	sample183	881	2937	772	82240	0	
4	 10	 3	 6	control	90.5	2147	0	82240	0	
4	 10	 4	 1	sample184	2031	3831	1798	113400	0	
4	 10	 4	 2	sample184	1467	3267	1542	86400	0	
4	 10	 4	 3	sample184	1143	3199	1028	96632	0	
4	 10	 4	 4	sample184	936	2992	772	80184	0	
4	 10	 4	 5	sample184	456	2770	256	92560	0	
4	 10	 4	 6	control	1517	3831	1542	71734	0	
4	 11	 1	 1	sample185	1374	2916	1542	123360	0	
4	 11	 1	 2	sample185	1572	3114	1542	77100	0	
4	 11	 1	 3	sample185	1154	2952	1028	91698	0	
4	 11	 1	 4	sample185	818	2616	772	70122	0	
4	 11	 1	 5	sample185	335	2133	258	71920	0	
4	 11	 1	 6	control	494	2036	256	61680	0	
4	 11	 2	 1	sample186	3466	5264	3342	118668	0	
4	 11	 2	 2	sample186	2596	4394	2570	143840	0	
4	 11	 2	 3	sample186	1466	3264	1286	145638	0	
4	 11	 2	 4	sample186	960	2758	772	80910	0	
4	 11	 2	 5	sample186	939	2737	1028	41354	0	
4	 11	 2	 6	control	1063	2605	1028	121818	0	
4	 11	 3	 1	sample187	2108	4164	2312	131584	0	
4	 11	 3	 2	sample187	1734	3532	1800	113274	0	
4	 11	 3	 3	sample187	1343	3141	1286	71920	0	
4	 11	 3	 4	sample187	598	2396	772	71920	0	
4	 11	 3	 5	sample187	417	1959	256	61680	0	
4	 11	 3	 6	control	-122.69	1419	-257.99	61680	0	
4	 11	 4	 1	sample188	1310	3622	1286	73984	0	
4	 11	 4	 2	sample188	1169	3481	1286	76296	0	
4	 11	 4	 3	sample188	798	3110	772	110976	0	
4	 11	 4	 4	sample188	482	2794	258	92480	0	
4	 11	 4	 5	sample188	168	2480	258	92480	0	
4	 11	 4	 6	control	674	2730	770	82240	0	
4	 12	 1	 1	sample189	1440	2982	1286	151116	0	
4	 12	 1	 2	sample189	1839	3381	1800	80184	0	
4	 12	 1	 3	sample189	1154	2954	1028	91800	0	
4	 12	 1	 4	sample189	693	2493	770	77400	0	
4	 12	 1	 5	sample189	274	2588	256	67106	0	
4	 12	 1	 6	control	283	2853	258	102800	0	
4	 12	 2	 1	sample190	706	1734	772	48316	0	
4	 12	 2	 2	sample190	612	1898	514	60442	0	
4	 12	 2	 3	sample190	206	1748	258	38550	0	
4	 12	 2	 4	sample190	180	1722	258	61680	0	
4	 12	 2	 5	sample190	57.3	1857	0	72000	0	
4	 12	 2	 6	control	591	2905	514	92560	0	
4	 12	 3	 1	sample191	373	1401	258	41120	0	
4	 12	 3	 2	sample191	783	1811	772	23644	0	
4	 12	 3	 3	sample191	862	1890	772	20560	0	
4	 12	 3	 4	sample191	167	1453	0	51440	0	
4	 12	 3	 5	sample191	450	1992	258	61680	0	
4	 12	 3	 6	control	-89.49	1967	0	82240	0	
4	 12	 4	 1	sample192	680	2480	514	30600	0	
4	 12	 4	 2	sample192	192	1992	256	72000	0	
4	 12	 4	 3	sample192	269	2069	256	72000	0	
4	 12	 4	 4	sample192	269	2069	256	72000	0	
4	 12	 4	 5	sample192	39	2095	0	82240	0	
4	 12	 4	 6	control	475	2789	514	92560	0	
