MicroVigene	 Version	 2501
Culture	en-US
9/30/2006 10:26:50 AM
Roi Row	 4	 Roi Col	 12	 Main Row	 4	 Main Col	 6	 Sub Row	 1	 Sub Col	 1
Main Row	 Main Col	 Sub Row	 Sub Col	  GeneID	mean_net	 mean_total	 median_net	 vol_bkg	 vol_dust	 
1	 1	 1	 1	sample1	689	1453	680	27504	0	
1	 1	 1	 2	sample1	323	1679	242	54240	0	
1	 1	 1	 3	sample1	209	2351	132	85680	0	
1	 1	 1	 4	sample1	1297	3913	1286	104640	0	
1	 1	 1	 5	sample1	-80.09	3602	-85.99	147280	0	
1	 1	 1	 6	control	-616.39	3872	-703.99	179520	0	
1	 1	 2	 1	sample2	1054	3474	1032	87120	0	
1	 1	 2	 2	sample2	266	3472	308	128240	0	
1	 1	 2	 3	sample2	355	3631	566	131040	0	
1	 1	 2	 4	sample2	-276.04	4686	-253.99	198480	0	
1	 1	 2	 5	sample2	35.3	4699	-75.99	186560	0	
1	 1	 2	 6	control	2470	7142	2400	228928	0	
1	 1	 3	 1	sample3	-441.16	3045	-355.99	125496	0	
1	 1	 3	 2	sample3	-590.69	3637	-403.99	169120	0	
1	 1	 3	 3	sample3	-1.39	4779	316	191200	0	
1	 1	 3	 4	sample3	21.8	4656	-119.99	185360	0	
1	 1	 3	 5	sample3	1185	5817	1134	213072	0	
1	 1	 3	 6	control	258	4690	218	177280	0	
1	 1	 4	 1	sample4	1668	5518	1406	161700	0	
1	 1	 4	 2	sample4	1947	6459	1940	171456	0	
1	 1	 4	 3	sample4	1289	6605	1206	191376	0	
1	 1	 4	 4	sample4	1156	6432	1294	174108	0	
1	 1	 4	 5	sample4	1608	6656	1594	196872	0	
1	 1	 4	 6	control	2303	7127	2314	207432	0	
1	 2	 1	 1	sample5	4337	6991	4298	135354	0	
1	 2	 1	 2	sample5	2667	4875	2716	112608	0	
1	 2	 1	 3	sample5	1880	3688	1966	83168	0	
1	 2	 1	 4	sample5	914	2502	898	53992	0	
1	 2	 1	 5	sample5	1062	2564	1028	72096	0	
1	 2	 1	 6	control	1238	2162	1222	24024	0	
1	 2	 2	 1	sample6	2387	4953	2554	135998	0	
1	 2	 2	 2	sample6	1627	3765	1616	76968	0	
1	 2	 2	 3	sample6	337	2211	134	67464	0	
1	 2	 2	 4	sample6	1147	2803	1226	66240	0	
1	 2	 2	 5	sample6	1104	2274	1138	25740	0	
1	 2	 2	 6	control	1838	2702	1732	87264	0	
1	 2	 3	 1	sample7	4338	6800	4332	219118	0	
1	 2	 3	 2	sample7	3480	5756	3330	113800	0	
1	 2	 3	 3	sample7	2248	4204	2234	99756	0	
1	 2	 3	 4	sample7	1435	3071	1420	52352	0	
1	 2	 3	 5	sample7	1778	3082	1772	36512	0	
1	 2	 3	 6	control	1000	2274	988	29302	0	
1	 2	 4	 1	sample8	3761	6481	3684	133280	0	
1	 2	 4	 2	sample8	1825	4363	1818	91368	0	
1	 2	 4	 3	sample8	1849	4267	1978	128154	0	
1	 2	 4	 4	sample8	1381	3577	1448	87840	0	
1	 2	 4	 5	sample8	1326	3438	1408	99264	0	
1	 2	 4	 6	control	1765	3713	1754	89608	0	
1	 3	 1	 1	sample9	2254	3786	2232	75068	0	
1	 3	 1	 2	sample9	1893	3345	2046	116160	0	
1	 3	 1	 3	sample9	1634	3056	1630	55458	0	
1	 3	 1	 4	sample9	1204	2420	1344	48640	0	
1	 3	 1	 5	sample9	861	1913	810	42080	0	
1	 3	 1	 6	control	567	1447	484	35200	0	
1	 3	 2	 1	sample10	3097	5083	3348	137034	0	
1	 3	 2	 2	sample10	2542	4306	2602	116424	0	
1	 3	 2	 3	sample10	2126	3616	2290	107280	0	
1	 3	 2	 4	sample10	1561	2787	1670	33102	0	
1	 3	 2	 5	sample10	1017	1993	986	21472	0	
1	 3	 2	 6	control	2575	3401	2698	46256	0	
1	 3	 3	 1	sample11	3885	6029	3798	132928	0	
1	 3	 3	 2	sample11	3016	4880	3384	83880	0	
1	 3	 3	 3	sample11	2546	4158	2656	64480	0	
1	 3	 3	 4	sample11	1299	2597	1442	38940	0	
1	 3	 3	 5	sample11	930	1970	1016	41600	0	
1	 3	 3	 6	control	685	1535	576	34000	0	
1	 3	 4	 1	sample12	3718	6486	3758	157776	0	
1	 3	 4	 2	sample12	3202	5712	3136	92870	0	
1	 3	 4	 3	sample12	2713	4823	2836	130820	0	
1	 3	 4	 4	sample12	1683	3483	1628	57600	0	
1	 3	 4	 5	sample12	1157	2729	1048	45588	0	
1	 3	 4	 6	control	1876	3296	1720	46860	0	
1	 4	 1	 1	sample13	2729	4201	2996	141312	0	
1	 4	 1	 2	sample13	2524	3918	2590	69700	0	
1	 4	 1	 3	sample13	1956	3160	2074	60200	0	
1	 4	 1	 4	sample13	1438	2406	1494	42592	0	
1	 4	 1	 5	sample13	1090	2170	1180	38880	0	
1	 4	 1	 6	control	699	1739	652	30160	0	
1	 4	 2	 1	sample14	2269	3803	2306	79768	0	
1	 4	 2	 2	sample14	1735	3077	1834	63074	0	
1	 4	 2	 3	sample14	1477	2693	1462	52288	0	
1	 4	 2	 4	sample14	1183	2247	1166	46816	0	
1	 4	 2	 5	sample14	971	2061	924	41420	0	
1	 4	 2	 6	control	2731	3879	2502	44772	0	
1	 4	 3	 1	sample15	2019	3655	2026	68712	0	
1	 4	 3	 2	sample15	1607	3047	1638	64800	0	
1	 4	 3	 3	sample15	1467	2747	1504	67840	0	
1	 4	 3	 4	sample15	1288	2462	1290	24654	0	
1	 4	 3	 5	sample15	1043	2269	1060	49040	0	
1	 4	 3	 6	control	640	2004	542	54560	0	
1	 4	 4	 1	sample16	3192	5108	3342	153280	0	
1	 4	 4	 2	sample16	2780	4532	2780	77088	0	
1	 4	 4	 3	sample16	2472	4204	2482	91796	0	
1	 4	 4	 4	sample16	1688	3220	1608	73536	0	
1	 4	 4	 5	sample16	1182	2722	1148	53900	0	
1	 4	 4	 6	control	1973	3525	1392	66736	0	
1	 5	 1	 1	sample17	4480	5356	4684	72708	0	
1	 5	 1	 2	sample17	3452	4562	3660	89910	0	
1	 5	 1	 3	sample17	3354	4552	3322	61098	0	
1	 5	 1	 4	sample17	2805	4167	2764	72186	0	
1	 5	 1	 5	sample17	2056	3672	2064	85648	0	
1	 5	 1	 6	control	614	2518	570	76160	0	
1	 5	 2	 1	sample18	2260	3214	2324	49608	0	
1	 5	 2	 2	sample18	2754	3978	2898	52632	0	
1	 5	 2	 3	sample18	2009	3295	1938	66872	0	
1	 5	 2	 4	sample18	1341	2797	1298	71344	0	
1	 5	 2	 5	sample18	1270	2962	1254	86292	0	
1	 5	 2	 6	control	3873	5867	3912	127616	0	
1	 5	 3	 1	sample19	2126	3272	2272	58446	0	
1	 5	 3	 2	sample19	1863	3171	1772	65400	0	
1	 5	 3	 3	sample19	1697	3171	1626	64856	0	
1	 5	 3	 4	sample19	1369	2933	1424	78200	0	
1	 5	 3	 5	sample19	1095	2821	1040	84574	0	
1	 5	 3	 6	control	797	2725	716	69408	0	
1	 5	 4	 1	sample20	2250	3626	2116	72928	0	
1	 5	 4	 2	sample20	1904	3410	1918	63252	0	
1	 5	 4	 3	sample20	1434	3008	1440	75552	0	
1	 5	 4	 4	sample20	1253	2925	1328	75240	0	
1	 5	 4	 5	sample20	1023	2889	904	46650	0	
1	 5	 4	 6	control	1104	3166	902	82480	0	
1	 6	 1	 1	sample21	4013	5259	3956	112140	0	
1	 6	 1	 2	sample21	3400	4912	3282	142128	0	
1	 6	 1	 3	sample21	3017	4555	3096	73824	0	
1	 6	 1	 4	sample21	2091	3581	2230	65560	0	
1	 6	 1	 5	sample21	1915	3287	1802	23324	0	
1	 6	 1	 6	control	1043	2767	972	34480	0	
1	 6	 2	 1	sample22	4758	6106	4842	113232	0	
1	 6	 2	 2	sample22	4761	6393	4868	133824	0	
1	 6	 2	 3	sample22	4364	5958	4434	125926	0	
1	 6	 2	 4	sample22	3251	4843	3288	70048	0	
1	 6	 2	 5	sample22	2509	4171	2416	84762	0	
1	 6	 2	 6	control	3142	4998	3052	113216	0	
1	 6	 3	 1	sample23	1013	2217	944	43344	0	
1	 6	 3	 2	sample23	433	1863	342	51480	0	
1	 6	 3	 3	sample23	782	2248	766	68902	0	
1	 6	 3	 4	sample23	1040	2664	1000	42224	0	
1	 6	 3	 5	sample23	839	2491	866	79296	0	
1	 6	 3	 6	control	983	2827	1008	60852	0	
1	 6	 4	 1	sample24	2293	3483	2330	60690	0	
1	 6	 4	 2	sample24	1954	3508	1918	80808	0	
1	 6	 4	 3	sample24	1120	2840	1092	68800	0	
1	 6	 4	 4	sample24	1384	3274	1434	90720	0	
1	 6	 4	 5	sample24	1129	3145	1102	62496	0	
1	 6	 4	 6	control	1108	3362	986	90160	0	
1	 7	 1	 1	sample25	5531	6737	5136	104922	0	
1	 7	 1	 2	sample25	4291	5795	4250	129344	0	
1	 7	 1	 3	sample25	3357	4939	3554	123396	0	
1	 7	 1	 4	sample25	2714	4190	2618	69372	0	
1	 7	 1	 5	sample25	1773	2979	1782	54270	0	
1	 7	 1	 6	control	583	1631	626	20960	0	
1	 7	 2	 1	sample26	3477	4869	3658	73776	0	
1	 7	 2	 2	sample26	2480	4174	2620	88088	0	
1	 7	 2	 3	sample26	1912	3608	1986	86496	0	
1	 7	 2	 4	sample26	1374	2788	1408	72114	0	
1	 7	 2	 5	sample26	1345	2641	1394	50544	0	
1	 7	 2	 6	control	3546	4744	3898	47920	0	
1	 7	 3	 1	sample27	3041	4377	3038	69472	0	
1	 7	 3	 2	sample27	2249	3767	2284	78936	0	
1	 7	 3	 3	sample27	1814	3408	1756	84482	0	
1	 7	 3	 4	sample27	1252	2752	1216	73500	0	
1	 7	 3	 5	sample27	776	2180	832	50544	0	
1	 7	 3	 6	control	898	2180	854	44870	0	
1	 7	 4	 1	sample28	1449	3169	1562	68800	0	
1	 7	 4	 2	sample28	1565	3413	1528	94248	0	
1	 7	 4	 3	sample28	986	2740	844	59636	0	
1	 7	 4	 4	sample28	1431	3007	1380	83528	0	
1	 7	 4	 5	sample28	865	2545	762	67200	0	
1	 7	 4	 6	control	1171	2775	1140	70576	0	
1	 8	 1	 1	sample29	5476	7308	5524	150224	0	
1	 8	 1	 2	sample29	4152	5824	4134	137104	0	
1	 8	 1	 3	sample29	3519	5047	3636	108488	0	
1	 8	 1	 4	sample29	2969	4453	3060	99428	0	
1	 8	 1	 5	sample29	2140	3314	2322	43438	0	
1	 8	 1	 6	control	788	1762	758	38960	0	
1	 8	 2	 1	sample30	4202	6354	4164	107600	0	
1	 8	 2	 2	sample30	3705	5797	3882	106692	0	
1	 8	 2	 3	sample30	2550	4376	2614	96778	0	
1	 8	 2	 4	sample30	1922	3582	1904	68060	0	
1	 8	 2	 5	sample30	1657	3001	1728	53760	0	
1	 8	 2	 6	control	2360	3504	2512	78936	0	
1	 8	 3	 1	sample31	4081	6425	4306	178144	0	
1	 8	 3	 2	sample31	3839	6023	4000	107016	0	
1	 8	 3	 3	sample31	2904	4828	2836	96200	0	
1	 8	 3	 4	sample31	2193	3877	2198	72412	0	
1	 8	 3	 5	sample31	1366	2950	1274	60192	0	
1	 8	 3	 6	control	1164	2524	1214	23120	0	
1	 8	 4	 1	sample32	3601	6305	3796	221728	0	
1	 8	 4	 2	sample32	2945	5465	2870	100800	0	
1	 8	 4	 3	sample32	2517	4789	2482	111328	0	
1	 8	 4	 4	sample32	2221	4331	2284	109720	0	
1	 8	 4	 5	sample32	1134	3114	1190	69300	0	
1	 8	 4	 6	control	1556	3356	1522	93600	0	
1	 9	 1	 1	sample33	2089	3037	2132	48348	0	
1	 9	 1	 2	sample33	1787	2801	1750	48672	0	
1	 9	 1	 3	sample33	1423	2231	1294	29088	0	
1	 9	 1	 4	sample33	1319	2005	1216	34300	0	
1	 9	 1	 5	sample33	1163	1999	1004	37620	0	
1	 9	 1	 6	control	813	1925	762	24464	0	
1	 9	 2	 1	sample34	3172	4486	3176	107748	0	
1	 9	 2	 2	sample34	2807	4127	2972	120120	0	
1	 9	 2	 3	sample34	2250	3454	2310	93912	0	
1	 9	 2	 4	sample34	1653	2769	1724	99324	0	
1	 9	 2	 5	sample34	1495	2759	1474	109968	0	
1	 9	 2	 6	control	3022	4386	3084	103664	0	
1	 9	 3	 1	sample35	2003	3551	2146	125388	0	
1	 9	 3	 2	sample35	1971	3713	1962	92326	0	
1	 9	 3	 3	sample35	1442	3052	1438	141680	0	
1	 9	 3	 4	sample35	1631	3171	1706	61600	0	
1	 9	 3	 5	sample35	1461	3069	1444	67536	0	
1	 9	 3	 6	control	1049	2871	972	67414	0	
1	 9	 4	 1	sample36	3517	5519	3722	166166	0	
1	 9	 4	 2	sample36	2720	4872	2856	144184	0	
1	 9	 4	 3	sample36	2268	4496	2378	182696	0	
1	 9	 4	 4	sample36	2215	4373	2374	194220	0	
1	 9	 4	 5	sample36	1784	4148	1748	99288	0	
1	 9	 4	 6	control	2242	4612	2330	170640	0	
1	 10	 1	 1	sample37	3312	4574	3020	109794	0	
1	 10	 1	 2	sample37	2888	4384	2988	119680	0	
1	 10	 1	 3	sample37	2278	3992	2276	121694	0	
1	 10	 1	 4	sample37	2257	4277	2308	96960	0	
1	 10	 1	 5	sample37	1500	3818	1536	115900	0	
1	 10	 1	 6	control	745	3427	712	107280	0	
1	 10	 2	 1	sample38	3177	4843	2836	138278	0	
1	 10	 2	 2	sample38	2606	4562	2642	140832	0	
1	 10	 2	 3	sample38	3256	5434	3180	115434	0	
1	 10	 2	 4	sample38	2344	4734	2342	126670	0	
1	 10	 2	 5	sample38	2059	4759	2082	118800	0	
1	 10	 2	 6	control	3517	6571	3616	222942	0	
1	 10	 3	 1	sample39	6140	8174	6362	156618	0	
1	 10	 3	 2	sample39	3588	5778	3482	168630	0	
1	 10	 3	 3	sample39	3188	5590	3098	192160	0	
1	 10	 3	 4	sample39	2139	4727	2118	137164	0	
1	 10	 3	 5	sample39	1520	4424	1564	142296	0	
1	 10	 3	 6	control	1036	4322	1000	118296	0	
1	 10	 4	 1	sample40	2678	4980	2698	122006	0	
1	 10	 4	 2	sample40	2045	4373	2230	107088	0	
1	 10	 4	 3	sample40	2147	4575	2120	109260	0	
1	 10	 4	 4	sample40	1579	4261	1572	131418	0	
1	 10	 4	 5	sample40	1341	4245	1288	121968	0	
1	 10	 4	 6	control	2577	5905	2476	123136	0	
1	 11	 1	 1	sample41	3233	4347	3378	57928	0	
1	 11	 1	 2	sample41	2094	3776	2226	89146	0	
1	 11	 1	 3	sample41	2242	4272	2292	99470	0	
1	 11	 1	 4	sample41	2074	4398	2184	116200	0	
1	 11	 1	 5	sample41	1436	4236	1444	114800	0	
1	 11	 1	 6	control	644	3594	554	118000	0	
1	 11	 2	 1	sample42	3067	4779	2684	70192	0	
1	 11	 2	 2	sample42	2510	4668	2518	107900	0	
1	 11	 2	 3	sample42	2964	5480	2818	85544	0	
1	 11	 2	 4	sample42	1965	4727	2012	132576	0	
1	 11	 2	 5	sample42	1887	4895	1840	135360	0	
1	 11	 2	 6	control	4170	7358	4842	261416	0	
1	 11	 3	 1	sample43	6379	8443	5808	183696	0	
1	 11	 3	 2	sample43	5678	8150	5516	195288	0	
1	 11	 3	 3	sample43	4617	7375	5118	217882	0	
1	 11	 3	 4	sample43	4470	7506	4496	127512	0	
1	 11	 3	 5	sample43	2897	6287	3152	176280	0	
1	 11	 3	 6	control	1074	4542	1182	117912	0	
1	 11	 4	 1	sample44	5345	7433	5528	102312	0	
1	 11	 4	 2	sample44	3594	6194	3720	132600	0	
1	 11	 4	 3	sample44	3441	6305	3398	134608	0	
1	 11	 4	 4	sample44	2860	6058	2846	127920	0	
1	 11	 4	 5	sample44	2391	5901	2354	182520	0	
1	 11	 4	 6	control	3428	7172	3416	153504	0	
1	 12	 1	 1	sample45	3922	4918	4246	75696	0	
1	 12	 1	 2	sample45	3181	4261	3172	79920	0	
1	 12	 1	 3	sample45	2548	3584	2844	71484	0	
1	 12	 1	 4	sample45	2332	3516	2498	69856	0	
1	 12	 1	 5	sample45	1621	2905	1816	84744	0	
1	 12	 1	 6	control	1196	2672	1092	53136	0	
1	 12	 2	 1	sample46	2963	4471	3072	96512	0	
1	 12	 2	 2	sample46	3235	4821	3360	96746	0	
1	 12	 2	 3	sample46	3243	4671	3460	102816	0	
1	 12	 2	 4	sample46	2433	3881	2522	94120	0	
1	 12	 2	 5	sample46	1801	3205	1906	78624	0	
1	 12	 2	 6	control	4348	5834	4358	95104	0	
1	 12	 3	 1	sample47	4091	5895	4592	128084	0	
1	 12	 3	 2	sample47	3322	5216	3736	121216	0	
1	 12	 3	 3	sample47	2576	4478	3012	129336	0	
1	 12	 3	 4	sample47	2114	3854	2402	99180	0	
1	 12	 3	 5	sample47	2110	3742	2134	65280	0	
1	 12	 3	 6	control	1263	3039	1132	58608	0	
1	 12	 4	 1	sample48	4601	6757	4704	133672	0	
1	 12	 4	 2	sample48	3859	6201	4290	126468	0	
1	 12	 4	 3	sample48	3698	6038	4002	156780	0	
1	 12	 4	 4	sample48	3172	5442	2914	174790	0	
1	 12	 4	 5	sample48	2522	4970	2570	112608	0	
1	 12	 4	 6	control	4406	6786	4734	147560	0	
2	 1	 1	 1	sample49	2842	4872	2888	107590	0	
2	 1	 1	 2	sample49	2459	4641	2542	113464	0	
2	 1	 1	 3	sample49	2186	4686	2436	125000	0	
2	 1	 1	 4	sample49	2122	4760	2288	121348	0	
2	 1	 1	 5	sample49	1144	3766	1144	104880	0	
2	 1	 1	 6	control	700	3066	734	94640	0	
2	 1	 2	 1	sample50	4838	7626	4940	223040	0	
2	 1	 2	 2	sample50	4898	7996	5362	235448	0	
2	 1	 2	 3	sample50	4709	7945	4978	171508	0	
2	 1	 2	 4	sample50	3772	7198	3992	161022	0	
2	 1	 2	 5	sample50	3163	6469	3444	152076	0	
2	 1	 2	 6	control	4096	7062	4528	139402	0	
2	 1	 3	 1	sample51	-1936.49	1590	-1915.99	141040	0	
2	 1	 3	 2	sample51	-1814.59	1783	-2455.99	143920	0	
2	 1	 3	 3	sample51	-345.05	3295	-527.99	131040	0	
2	 1	 3	 4	sample51	683	4439	760	135216	0	
2	 1	 3	 5	sample51	1953	5793	2070	122880	0	
2	 1	 3	 6	control	1310	4670	1290	104160	0	
2	 1	 4	 1	sample52	2478	6764	2552	192870	0	
2	 1	 4	 2	sample52	2043	6103	2002	170520	0	
2	 1	 4	 3	sample52	-146.84	3807	-255.99	158160	0	
2	 1	 4	 4	sample52	943	4825	1010	155280	0	
2	 1	 4	 5	sample52	1896	5480	1892	189952	0	
2	 1	 4	 6	control	3018	6466	3092	168952	0	
2	 2	 1	 1	sample53	2205	3913	2394	150304	0	
2	 2	 1	 2	sample53	2297	4001	2324	57936	0	
2	 2	 1	 3	sample53	2256	3894	2206	26208	0	
2	 2	 1	 4	sample53	1525	3013	1680	101184	0	
2	 2	 1	 5	sample53	1370	2728	1424	57036	0	
2	 2	 1	 6	control	1033	2215	966	47280	0	
2	 2	 2	 1	sample54	3313	5437	3524	155052	0	
2	 2	 2	 2	sample54	3105	5055	3286	132600	0	
2	 2	 2	 3	sample54	2411	4295	2568	131880	0	
2	 2	 2	 4	sample54	1856	3672	1922	87168	0	
2	 2	 2	 5	sample54	1802	3342	1896	66220	0	
2	 2	 2	 6	control	2888	4282	3186	87822	0	
2	 2	 3	 1	sample55	6053	8357	6192	184320	0	
2	 2	 3	 2	sample55	4138	6316	4082	213444	0	
2	 2	 3	 3	sample55	3061	5145	3312	154216	0	
2	 2	 3	 4	sample55	2288	4232	2438	138024	0	
2	 2	 3	 5	sample55	1594	3298	1584	80088	0	
2	 2	 3	 6	control	444	1974	454	61200	0	
2	 2	 4	 1	sample56	4095	6575	4406	143840	0	
2	 2	 4	 2	sample56	3235	5499	3288	124520	0	
2	 2	 4	 3	sample56	2672	4754	2876	162396	0	
2	 2	 4	 4	sample56	1909	3881	1806	100572	0	
2	 2	 4	 5	sample56	1007	2669	1028	66480	0	
2	 2	 4	 6	control	2059	3555	1912	59840	0	
2	 3	 1	 1	sample57	5120	7262	5516	192780	0	
2	 3	 1	 2	sample57	4492	6400	4630	177444	0	
2	 3	 1	 3	sample57	3485	5125	3682	131200	0	
2	 3	 1	 4	sample57	2813	4131	3036	135754	0	
2	 3	 1	 5	sample57	2248	3428	2314	101480	0	
2	 3	 1	 6	control	959	1913	968	38160	0	
2	 3	 2	 1	sample58	5140	7584	5230	127088	0	
2	 3	 2	 2	sample58	4332	6608	4282	118352	0	
2	 3	 2	 3	sample58	3572	5506	3562	100568	0	
2	 3	 2	 4	sample58	2631	4345	2502	82272	0	
2	 3	 2	 5	sample58	2209	3731	2284	77622	0	
2	 3	 2	 6	control	4442	5778	5044	96192	0	
2	 3	 3	 1	sample59	4338	7022	4856	257664	0	
2	 3	 3	 2	sample59	4056	6586	4464	230230	0	
2	 3	 3	 3	sample59	4325	6569	4332	112200	0	
2	 3	 3	 4	sample59	3149	5159	3140	102510	0	
2	 3	 3	 5	sample59	2479	4233	2348	73668	0	
2	 3	 3	 6	control	822	2538	768	68640	0	
2	 3	 4	 1	sample60	2822	5232	2916	106040	0	
2	 3	 4	 2	sample60	1659	4033	1790	94960	0	
2	 3	 4	 3	sample60	1650	3920	1558	97610	0	
2	 3	 4	 4	sample60	1544	3652	1494	86428	0	
2	 3	 4	 5	sample60	521	2533	466	80480	0	
2	 3	 4	 6	control	1821	3767	1416	83678	0	
2	 4	 1	 1	sample61	4716	5968	4726	93900	0	
2	 4	 1	 2	sample61	3744	4886	3854	84508	0	
2	 4	 1	 3	sample61	2984	3986	3234	64128	0	
2	 4	 1	 4	sample61	2368	3322	2570	55332	0	
2	 4	 1	 5	sample61	2025	3083	2058	44436	0	
2	 4	 1	 6	control	868	1896	898	41120	0	
2	 4	 2	 1	sample62	2461	4135	2558	85374	0	
2	 4	 2	 2	sample62	1993	3623	2060	68460	0	
2	 4	 2	 3	sample62	1487	3085	1548	79900	0	
2	 4	 2	 4	sample62	1148	2728	1150	72680	0	
2	 4	 2	 5	sample62	1330	2858	1386	64176	0	
2	 4	 2	 6	control	3849	5467	3922	105170	0	
2	 4	 3	 1	sample63	5025	7155	5396	106500	0	
2	 4	 3	 2	sample63	4055	6057	4420	106106	0	
2	 4	 3	 3	sample63	3368	5284	3424	80472	0	
2	 4	 3	 4	sample63	2211	4133	2246	86490	0	
2	 4	 3	 5	sample63	1714	3680	1860	96334	0	
2	 4	 3	 6	control	1127	3151	1100	46552	0	
2	 4	 4	 1	sample64	1930	4202	1940	97696	0	
2	 4	 4	 2	sample64	2068	4316	2132	105656	0	
2	 4	 4	 3	sample64	1339	3601	1344	113100	0	
2	 4	 4	 4	sample64	1326	3614	1328	93808	0	
2	 4	 4	 5	sample64	1200	3568	1100	89984	0	
2	 4	 4	 6	control	1253	3755	1230	100080	0	
2	 5	 1	 1	sample65	4466	5612	4650	97410	0	
2	 5	 1	 2	sample65	3651	4957	3606	108398	0	
2	 5	 1	 3	sample65	3181	4539	3122	93702	0	
2	 5	 1	 4	sample65	2862	4150	3020	60536	0	
2	 5	 1	 5	sample65	2059	3357	2174	59708	0	
2	 5	 1	 6	control	588	2092	554	54144	0	
2	 5	 2	 1	sample66	4061	5887	3902	87648	0	
2	 5	 2	 2	sample66	3892	5842	4028	97500	0	
2	 5	 2	 3	sample66	3490	5430	3356	97000	0	
2	 5	 2	 4	sample66	2677	4551	2832	65590	0	
2	 5	 2	 5	sample66	2379	4251	2312	76752	0	
2	 5	 2	 6	control	4346	6310	4170	119804	0	
2	 5	 3	 1	sample67	2372	4546	2466	115222	0	
2	 5	 3	 2	sample67	2113	4415	2150	87476	0	
2	 5	 3	 3	sample67	1681	3957	1682	111524	0	
2	 5	 3	 4	sample67	1413	3639	1426	106848	0	
2	 5	 3	 5	sample67	777	2949	786	78192	0	
2	 5	 3	 6	control	470	2710	438	76160	0	
2	 5	 4	 1	sample68	5030	7802	5244	138600	0	
2	 5	 4	 2	sample68	3339	6141	3378	148506	0	
2	 5	 4	 3	sample68	2141	5015	2002	132204	0	
2	 5	 4	 4	sample68	1923	4481	1886	127900	0	
2	 5	 4	 5	sample68	1242	3682	1072	68320	0	
2	 5	 4	 6	control	1131	3669	976	101520	0	
2	 6	 1	 1	sample69	2996	4162	3208	110770	0	
2	 6	 1	 2	sample69	2575	3889	2884	105120	0	
2	 6	 1	 3	sample69	2897	4359	2866	71638	0	
2	 6	 1	 4	sample69	2712	4308	2696	67032	0	
2	 6	 1	 5	sample69	2026	3616	2220	69960	0	
2	 6	 1	 6	control	928	2734	840	45150	0	
2	 6	 2	 1	sample70	2269	3897	2398	73260	0	
2	 6	 2	 2	sample70	1959	3705	1898	76824	0	
2	 6	 2	 3	sample70	1357	3083	1334	88026	0	
2	 6	 2	 4	sample70	1153	2979	1124	73040	0	
2	 6	 2	 5	sample70	1034	2918	994	79128	0	
2	 6	 2	 6	control	2690	4728	2696	75406	0	
2	 6	 3	 1	sample71	1906	3758	1994	90748	0	
2	 6	 3	 2	sample71	1591	3481	1560	96390	0	
2	 6	 3	 3	sample71	1502	3440	1602	77520	0	
2	 6	 3	 4	sample71	1541	3587	1480	73656	0	
2	 6	 3	 5	sample71	1423	3507	1524	39596	0	
2	 6	 3	 6	control	425	2741	428	92640	0	
2	 6	 4	 1	sample72	3721	5733	3650	146876	0	
2	 6	 4	 2	sample72	3437	5615	3526	100188	0	
2	 6	 4	 3	sample72	2494	4878	2398	126352	0	
2	 6	 4	 4	sample72	1761	4265	1666	120192	0	
2	 6	 4	 5	sample72	1144	3668	1002	58052	0	
2	 6	 4	 6	control	1737	4491	1664	110160	0	
2	 7	 1	 1	sample73	5045	6491	5324	133032	0	
2	 7	 1	 2	sample73	3732	5226	3746	125496	0	
2	 7	 1	 3	sample73	3276	4758	3626	112632	0	
2	 7	 1	 4	sample73	2480	4026	2622	102036	0	
2	 7	 1	 5	sample73	1793	3295	1830	124666	0	
2	 7	 1	 6	control	998	2550	968	62080	0	
2	 7	 2	 1	sample74	2895	4553	2950	130982	0	
2	 7	 2	 2	sample74	2792	4630	2800	124984	0	
2	 7	 2	 3	sample74	2194	4038	2316	141988	0	
2	 7	 2	 4	sample74	2076	3890	2054	74374	0	
2	 7	 2	 5	sample74	2112	3962	2162	81400	0	
2	 7	 2	 6	control	3653	5617	3892	115876	0	
2	 7	 3	 1	sample75	973	2853	718	75200	0	
2	 7	 3	 2	sample75	1242	3152	1196	78310	0	
2	 7	 3	 3	sample75	1431	3401	1364	80770	0	
2	 7	 3	 4	sample75	1408	3508	1494	77700	0	
2	 7	 3	 5	sample75	1149	3371	1110	91102	0	
2	 7	 3	 6	control	1177	3429	1112	74316	0	
2	 7	 4	 1	sample76	3232	5584	3284	166992	0	
2	 7	 4	 2	sample76	2784	5330	2912	122208	0	
2	 7	 4	 3	sample76	1866	4382	1912	133348	0	
2	 7	 4	 4	sample76	1611	4183	1710	131172	0	
2	 7	 4	 5	sample76	876	3510	786	105360	0	
2	 7	 4	 6	control	2022	4710	1996	107520	0	
2	 8	 1	 1	sample77	5362	6708	5128	117102	0	
2	 8	 1	 2	sample77	5035	6371	5278	101536	0	
2	 8	 1	 3	sample77	3586	4874	3938	94024	0	
2	 8	 1	 4	sample77	2612	3732	2872	71680	0	
2	 8	 1	 5	sample77	1745	2765	1848	87720	0	
2	 8	 1	 6	control	1051	1991	1162	15040	0	
2	 8	 2	 1	sample78	2086	3820	2202	124848	0	
2	 8	 2	 2	sample78	1982	3846	1972	78288	0	
2	 8	 2	 3	sample78	1468	3170	1376	81696	0	
2	 8	 2	 4	sample78	1474	3072	1506	76704	0	
2	 8	 2	 5	sample78	1116	2702	1000	63440	0	
2	 8	 2	 6	control	3107	4563	3304	104832	0	
2	 8	 3	 1	sample79	3798	5912	4050	186032	0	
2	 8	 3	 2	sample79	3969	6135	4188	108300	0	
2	 8	 3	 3	sample79	3376	5584	3572	101568	0	
2	 8	 3	 4	sample79	2510	4524	2526	90630	0	
2	 8	 3	 5	sample79	2088	4012	2008	36556	0	
2	 8	 3	 6	control	812	2702	852	75600	0	
2	 8	 4	 1	sample80	2757	5405	2662	129752	0	
2	 8	 4	 2	sample80	2335	4949	2330	130700	0	
2	 8	 4	 3	sample80	1760	4364	1814	124992	0	
2	 8	 4	 4	sample80	1834	4500	1788	47988	0	
2	 8	 4	 5	sample80	943	3451	896	90288	0	
2	 8	 4	 6	control	2495	5059	2038	112816	0	
2	 9	 1	 1	sample81	2423	3481	2596	84640	0	
2	 9	 1	 2	sample81	1673	2801	1708	100392	0	
2	 9	 1	 3	sample81	1709	2789	1706	81000	0	
2	 9	 1	 4	sample81	1517	2625	1652	69804	0	
2	 9	 1	 5	sample81	1458	2424	1512	59892	0	
2	 9	 1	 6	control	1291	2263	1336	28188	0	
2	 9	 2	 1	sample82	5026	6606	5354	113760	0	
2	 9	 2	 2	sample82	4675	6269	4820	97234	0	
2	 9	 2	 3	sample82	4090	5694	4388	105864	0	
2	 9	 2	 4	sample82	2984	4456	3434	113344	0	
2	 9	 2	 5	sample82	2054	3510	2300	104832	0	
2	 9	 2	 6	control	2620	4080	2798	89060	0	
2	 9	 3	 1	sample83	4726	6738	4734	138828	0	
2	 9	 3	 2	sample83	3233	5249	3334	151200	0	
2	 9	 3	 3	sample83	3441	5391	3528	87750	0	
2	 9	 3	 4	sample83	2450	4260	2426	94120	0	
2	 9	 3	 5	sample83	1804	3646	1762	75522	0	
2	 9	 3	 6	control	1011	2911	974	41800	0	
2	 9	 4	 1	sample84	4080	6824	4584	194824	0	
2	 9	 4	 2	sample84	3150	5828	3266	96408	0	
2	 9	 4	 3	sample84	2589	5057	2470	125868	0	
2	 9	 4	 4	sample84	2181	4689	2294	115368	0	
2	 9	 4	 5	sample84	1203	3593	1168	93210	0	
2	 9	 4	 6	control	1728	3944	1694	108584	0	
2	 10	 1	 1	sample85	4240	5428	4002	105732	0	
2	 10	 1	 2	sample85	4200	5400	4198	105600	0	
2	 10	 1	 3	sample85	3174	4366	3334	88208	0	
2	 10	 1	 4	sample85	1745	3219	1854	138556	0	
2	 10	 1	 5	sample85	1965	3617	2058	41300	0	
2	 10	 1	 6	control	605	2511	548	76240	0	
2	 10	 2	 1	sample86	2352	3976	2298	123424	0	
2	 10	 2	 2	sample86	2732	4436	2936	78384	0	
2	 10	 2	 3	sample86	2190	3904	2274	90842	0	
2	 10	 2	 4	sample86	2029	3787	2092	86142	0	
2	 10	 2	 5	sample86	1224	3142	1304	76720	0	
2	 10	 2	 6	control	3601	5771	3652	177940	0	
2	 10	 3	 1	sample87	4103	5979	3976	159460	0	
2	 10	 3	 2	sample87	3783	5803	3838	101000	0	
2	 10	 3	 3	sample87	2577	4573	2616	79840	0	
2	 10	 3	 4	sample87	2151	4147	2242	101796	0	
2	 10	 3	 5	sample87	1386	3426	1492	81600	0	
2	 10	 3	 6	control	618	2914	570	91840	0	
2	 10	 4	 1	sample88	3392	5780	3852	214920	0	
2	 10	 4	 2	sample88	2711	5037	2788	113974	0	
2	 10	 4	 3	sample88	2264	4636	2430	120972	0	
2	 10	 4	 4	sample88	1631	4013	1636	123864	0	
2	 10	 4	 5	sample88	510	2920	642	96400	0	
2	 10	 4	 6	control	1845	4299	1796	127608	0	
2	 11	 1	 1	sample89	3836	4954	4240	105092	0	
2	 11	 1	 2	sample89	3734	5254	3806	80560	0	
2	 11	 1	 3	sample89	3089	4809	3288	87720	0	
2	 11	 1	 4	sample89	2901	4891	2918	91540	0	
2	 11	 1	 5	sample89	2528	4930	2654	105688	0	
2	 11	 1	 6	control	1264	3942	1260	91052	0	
2	 11	 2	 1	sample90	3850	5324	3890	128238	0	
2	 11	 2	 2	sample90	3838	5484	3700	83946	0	
2	 11	 2	 3	sample90	4364	6238	4566	97448	0	
2	 11	 2	 4	sample90	3353	5381	3474	107484	0	
2	 11	 2	 5	sample90	2429	4829	2506	112800	0	
2	 11	 2	 6	control	4298	6958	4228	162260	0	
2	 11	 3	 1	sample91	5489	7137	5692	151616	0	
2	 11	 3	 2	sample91	4241	6079	4464	97414	0	
2	 11	 3	 3	sample91	2804	4644	3028	158240	0	
2	 11	 3	 4	sample91	2900	4954	3092	108862	0	
2	 11	 3	 5	sample91	1770	4108	2054	114562	0	
2	 11	 3	 6	control	941	3555	1034	104560	0	
2	 11	 4	 1	sample92	2829	4377	2788	61920	0	
2	 11	 4	 2	sample92	2383	4181	2414	91698	0	
2	 11	 4	 3	sample92	1987	3945	2048	90068	0	
2	 11	 4	 4	sample92	1626	3802	1824	91392	0	
2	 11	 4	 5	sample92	1230	3698	1320	98720	0	
2	 11	 4	 6	control	4492	7356	4470	80192	0	
2	 12	 1	 1	sample93	2769	4285	3134	112184	0	
2	 12	 1	 2	sample93	2465	4285	2656	123760	0	
2	 12	 1	 3	sample93	2192	4182	2308	117410	0	
2	 12	 1	 4	sample93	2357	4447	2442	87780	0	
2	 12	 1	 5	sample93	1851	3797	1962	77840	0	
2	 12	 1	 6	control	1279	2897	1308	50158	0	
2	 12	 2	 1	sample94	4308	5876	4436	100352	0	
2	 12	 2	 2	sample94	4322	6114	4640	109312	0	
2	 12	 2	 3	sample94	4061	5811	4222	112000	0	
2	 12	 2	 4	sample94	3858	5654	4126	122128	0	
2	 12	 2	 5	sample94	2803	4419	3022	105040	0	
2	 12	 2	 6	control	5275	6805	6014	81090	0	
2	 12	 3	 1	sample95	4415	5859	4782	86640	0	
2	 12	 3	 2	sample95	2374	4024	2670	112200	0	
2	 12	 3	 3	sample95	2966	4616	2878	94050	0	
2	 12	 3	 4	sample95	2179	3791	2326	93496	0	
2	 12	 3	 5	sample95	1549	3147	1606	87890	0	
2	 12	 3	 6	control	1114	2698	1048	55440	0	
2	 12	 4	 1	sample96	3633	5211	4146	104148	0	
2	 12	 4	 2	sample96	3075	4809	3426	100572	0	
2	 12	 4	 3	sample96	2628	4456	2836	107852	0	
2	 12	 4	 4	sample96	2145	3971	2174	74866	0	
2	 12	 4	 5	sample96	2120	3962	2084	71838	0	
2	 12	 4	 6	control	3318	5206	3054	105728	0	
3	 1	 1	 1	sample97	4163	6795	4506	231616	0	
3	 1	 1	 2	sample97	3357	5917	3600	204800	0	
3	 1	 1	 3	sample97	3293	5511	3658	173004	0	
3	 1	 1	 4	sample97	2927	4813	3188	143336	0	
3	 1	 1	 5	sample97	1744	3474	1836	181650	0	
3	 1	 1	 6	control	764	2488	794	68960	0	
3	 1	 2	 1	sample98	4848	7436	5294	238096	0	
3	 1	 2	 2	sample98	4352	6684	4798	195888	0	
3	 1	 2	 3	sample98	1492	3546	1478	98592	0	
3	 1	 2	 4	sample98	2605	4491	2692	99958	0	
3	 1	 2	 5	sample98	1930	3780	2116	164650	0	
3	 1	 2	 6	control	3950	5774	4320	156864	0	
3	 1	 3	 1	sample99	-89.59	2444	-443.99	101360	0	
3	 1	 3	 2	sample99	1021	3079	776	82320	0	
3	 1	 3	 3	sample99	2406	4352	2342	101192	0	
3	 1	 3	 4	sample99	2577	4487	2878	179540	0	
3	 1	 3	 5	sample99	2631	4663	2722	142240	0	
3	 1	 3	 6	control	860	3072	812	88480	0	
3	 1	 4	 1	sample100	3550	5658	3384	160208	0	
3	 1	 4	 2	sample100	2703	4523	3070	131040	0	
3	 1	 4	 3	sample100	2531	4355	2532	96672	0	
3	 1	 4	 4	sample100	1831	3795	1938	78560	0	
3	 1	 4	 5	sample100	1882	4212	1942	104850	0	
3	 1	 4	 6	control	3187	5727	3502	175260	0	
3	 2	 1	 1	sample101	2356	3904	2658	119196	0	
3	 2	 1	 2	sample101	1884	3256	2048	107016	0	
3	 2	 1	 3	sample101	1841	3021	1864	83780	0	
3	 2	 1	 4	sample101	1455	2565	1520	87690	0	
3	 2	 1	 5	sample101	1338	2348	1360	35350	0	
3	 2	 1	 6	control	1314	2338	1334	21504	0	
3	 2	 2	 1	sample102	535	2443	624	76320	0	
3	 2	 2	 2	sample102	1433	3451	1336	80720	0	
3	 2	 2	 3	sample102	835	2807	856	78880	0	
3	 2	 2	 4	sample102	1244	2906	1192	66480	0	
3	 2	 2	 5	sample102	1228	2846	1164	64720	0	
3	 2	 2	 6	control	5037	6655	5680	121350	0	
3	 2	 3	 1	sample103	5858	8434	5714	273056	0	
3	 2	 3	 2	sample103	5215	8181	5134	249144	0	
3	 2	 3	 3	sample103	4985	7775	5188	234360	0	
3	 2	 3	 4	sample103	4026	6444	4002	212784	0	
3	 2	 3	 5	sample103	3432	5732	3504	142600	0	
3	 2	 3	 6	control	1381	3713	1324	58300	0	
3	 2	 4	 1	sample104	5160	8068	5238	139584	0	
3	 2	 4	 2	sample104	4456	7670	4424	151058	0	
3	 2	 4	 3	sample104	2712	5820	2718	127428	0	
3	 2	 4	 4	sample104	2443	5607	2392	164528	0	
3	 2	 4	 5	sample104	1812	5002	1876	143550	0	
3	 2	 4	 6	control	3055	6269	3030	170342	0	
3	 3	 1	 1	sample105	3267	4545	3308	103518	0	
3	 3	 1	 2	sample105	2797	4183	3090	106722	0	
3	 3	 1	 3	sample105	2354	3572	2606	91350	0	
3	 3	 1	 4	sample105	1796	3028	1944	82544	0	
3	 3	 1	 5	sample105	1910	3080	1892	46800	0	
3	 3	 1	 6	control	871	2037	792	46640	0	
3	 3	 2	 1	sample106	5130	7176	5356	171864	0	
3	 3	 2	 2	sample106	4478	6350	4344	147888	0	
3	 3	 2	 3	sample106	3367	5201	3410	159558	0	
3	 3	 2	 4	sample106	2724	4524	2916	90000	0	
3	 3	 2	 5	sample106	1866	3636	1994	81420	0	
3	 3	 2	 6	control	3201	5017	3106	143464	0	
3	 3	 3	 1	sample107	4475	7185	4684	135500	0	
3	 3	 3	 2	sample107	3103	5659	3156	102240	0	
3	 3	 3	 3	sample107	2494	4940	2584	117408	0	
3	 3	 3	 4	sample107	1934	4206	2012	109056	0	
3	 3	 3	 5	sample107	1634	3834	1586	101200	0	
3	 3	 3	 6	control	1487	3749	1506	49764	0	
3	 3	 4	 1	sample108	4251	7681	4622	154350	0	
3	 3	 4	 2	sample108	2385	5565	2412	127200	0	
3	 3	 4	 3	sample108	2997	6249	3046	126828	0	
3	 3	 4	 4	sample108	1924	4850	1668	140448	0	
3	 3	 4	 5	sample108	1269	4149	1062	115200	0	
3	 3	 4	 6	control	2762	5752	2492	110630	0	
3	 4	 1	 1	sample109	4311	5469	4064	93798	0	
3	 4	 1	 2	sample109	5391	6727	5782	105544	0	
3	 4	 1	 3	sample109	4181	5463	4496	89740	0	
3	 4	 1	 4	sample109	2696	3960	2936	94800	0	
3	 4	 1	 5	sample109	2138	3486	2292	103796	0	
3	 4	 1	 6	control	1010	2384	962	54960	0	
3	 4	 2	 1	sample110	4210	6430	4198	115440	0	
3	 4	 2	 2	sample110	3054	5250	3642	184464	0	
3	 4	 2	 3	sample110	2895	4965	2970	109710	0	
3	 4	 2	 4	sample110	2246	4240	2342	91724	0	
3	 4	 2	 5	sample110	2026	3996	2008	90620	0	
3	 4	 2	 6	control	4718	6680	4866	135378	0	
3	 4	 3	 1	sample111	10593	13529	10868	223136	0	
3	 4	 3	 2	sample111	7530	10280	7688	214500	0	
3	 4	 3	 3	sample111	6575	9207	6516	197400	0	
3	 4	 3	 4	sample111	4678	7330	5012	201552	0	
3	 4	 3	 5	sample111	3940	6558	3888	117810	0	
3	 4	 3	 6	control	1322	3828	1288	90216	0	
3	 4	 4	 1	sample112	3110	6426	3148	175748	0	
3	 4	 4	 2	sample112	2687	6029	2732	173784	0	
3	 4	 4	 3	sample112	1621	4925	1596	118944	0	
3	 4	 4	 4	sample112	1831	5101	1860	173310	0	
3	 4	 4	 5	sample112	1938	5180	1962	123196	0	
3	 4	 4	 6	control	3335	6525	3456	108460	0	
3	 5	 1	 1	sample113	4949	6101	4890	99072	0	
3	 5	 1	 2	sample113	5673	6937	5562	102384	0	
3	 5	 1	 3	sample113	3435	4611	3510	87024	0	
3	 5	 1	 4	sample113	2615	3779	2886	75660	0	
3	 5	 1	 5	sample113	2059	3153	2270	88614	0	
3	 5	 1	 6	control	959	2045	872	43440	0	
3	 5	 2	 1	sample114	3131	4963	3350	73280	0	
3	 5	 2	 2	sample114	3105	4885	3246	71200	0	
3	 5	 2	 3	sample114	2066	3684	2074	69574	0	
3	 5	 2	 4	sample114	1386	2944	1500	76342	0	
3	 5	 2	 5	sample114	1610	3168	1580	65436	0	
3	 5	 2	 6	control	3850	5418	4024	117600	0	
3	 5	 3	 1	sample115	1945	4203	2122	108384	0	
3	 5	 3	 2	sample115	876	3132	820	90240	0	
3	 5	 3	 3	sample115	1150	3372	1222	99990	0	
3	 5	 3	 4	sample115	952	3096	1004	85760	0	
3	 5	 3	 5	sample115	1430	3620	1470	100740	0	
3	 5	 3	 6	control	739	2965	758	89040	0	
3	 5	 4	 1	sample116	1464	4232	1522	121792	0	
3	 5	 4	 2	sample116	905	3589	962	107360	0	
3	 5	 4	 3	sample116	652	3318	638	106640	0	
3	 5	 4	 4	sample116	931	3603	874	106880	0	
3	 5	 4	 5	sample116	713	3355	770	105680	0	
3	 5	 4	 6	control	2122	4814	2052	104988	0	
3	 6	 1	 1	sample117	3652	4704	3936	77848	0	
3	 6	 1	 2	sample117	3462	4742	3488	93440	0	
3	 6	 1	 3	sample117	2716	4106	2910	95910	0	
3	 6	 1	 4	sample117	2306	3846	2362	61600	0	
3	 6	 1	 5	sample117	2069	3685	2196	75952	0	
3	 6	 1	 6	control	1166	2902	1124	69440	0	
3	 6	 2	 1	sample118	3283	4869	3560	103090	0	
3	 6	 2	 2	sample118	3226	5042	3480	123488	0	
3	 6	 2	 3	sample118	3179	5037	3134	98474	0	
3	 6	 2	 4	sample118	2377	4433	2582	98688	0	
3	 6	 2	 5	sample118	2296	4408	2412	105600	0	
3	 6	 2	 6	control	4060	6374	4604	143468	0	
3	 6	 3	 1	sample119	5223	7537	5578	106444	0	
3	 6	 3	 2	sample119	3795	6181	3892	121686	0	
3	 6	 3	 3	sample119	3078	5640	3124	130662	0	
3	 6	 3	 4	sample119	2903	5581	2982	104442	0	
3	 6	 3	 5	sample119	2169	4909	2312	117820	0	
3	 6	 3	 6	control	1350	4350	1304	102000	0	
3	 6	 4	 1	sample120	3752	6448	3888	113232	0	
3	 6	 4	 2	sample120	3355	6165	3526	120830	0	
3	 6	 4	 3	sample120	2817	5639	2966	143922	0	
3	 6	 4	 4	sample120	2267	5247	2326	110260	0	
3	 6	 4	 5	sample120	2156	5172	1974	72384	0	
3	 6	 4	 6	control	2422	5730	2598	155476	0	
3	 7	 1	 1	sample121	5741	6765	5752	90112	0	
3	 7	 1	 2	sample121	5519	6733	5884	95906	0	
3	 7	 1	 3	sample121	4001	5303	4178	92442	0	
3	 7	 1	 4	sample121	2964	4238	3232	78988	0	
3	 7	 1	 5	sample121	2283	3535	2384	56340	0	
3	 7	 1	 6	control	679	2015	608	53440	0	
3	 7	 2	 1	sample122	3756	5448	3710	84600	0	
3	 7	 2	 2	sample122	3082	5010	3064	102184	0	
3	 7	 2	 3	sample122	1773	3619	1818	97838	0	
3	 7	 2	 4	sample122	1741	3579	1688	90062	0	
3	 7	 2	 5	sample122	1585	3421	1518	77112	0	
3	 7	 2	 6	control	4737	6591	5020	129780	0	
3	 7	 3	 1	sample123	5795	8065	6058	213380	0	
3	 7	 3	 2	sample123	5575	8043	5972	113528	0	
3	 7	 3	 3	sample123	4066	6456	3996	95600	0	
3	 7	 3	 4	sample123	2930	5262	2710	93280	0	
3	 7	 3	 5	sample123	1927	4243	1958	101904	0	
3	 7	 3	 6	control	790	3162	858	94880	0	
3	 7	 4	 1	sample124	4594	7456	4810	217512	0	
3	 7	 4	 2	sample124	4368	7198	4620	138670	0	
3	 7	 4	 3	sample124	2664	5468	2684	148612	0	
3	 7	 4	 4	sample124	2321	5131	2446	148930	0	
3	 7	 4	 5	sample124	1876	4584	1620	108320	0	
3	 7	 4	 6	control	2541	5245	2500	137904	0	
3	 8	 1	 1	sample125	5644	7318	5338	157356	0	
3	 8	 1	 2	sample125	6056	7964	6194	162180	0	
3	 8	 1	 3	sample125	4629	6585	4752	148656	0	
3	 8	 1	 4	sample125	3365	5243	3544	131460	0	
3	 8	 1	 5	sample125	2700	4584	2900	158256	0	
3	 8	 1	 6	control	881	2721	876	73600	0	
3	 8	 2	 1	sample126	6933	9495	6670	189588	0	
3	 8	 2	 2	sample126	5974	8514	6074	182880	0	
3	 8	 2	 3	sample126	4880	7270	5118	174470	0	
3	 8	 2	 4	sample126	2720	4992	2668	186304	0	
3	 8	 2	 5	sample126	2487	4761	2662	159180	0	
3	 8	 2	 6	control	4824	6988	5650	166628	0	
3	 8	 3	 1	sample127	3794	6680	3830	242424	0	
3	 8	 3	 2	sample127	2980	5932	2926	156456	0	
3	 8	 3	 3	sample127	2670	5340	2820	240300	0	
3	 8	 3	 4	sample127	2564	5128	2582	187172	0	
3	 8	 3	 5	sample127	2440	4900	2402	98400	0	
3	 8	 3	 6	control	1104	3618	1136	100560	0	
3	 8	 4	 1	sample128	4917	7967	5330	247050	0	
3	 8	 4	 2	sample128	3700	6756	3650	149744	0	
3	 8	 4	 3	sample128	3157	6029	3140	261352	0	
3	 8	 4	 4	sample128	2410	5182	2400	144144	0	
3	 8	 4	 5	sample128	1385	4057	1410	106880	0	
3	 8	 4	 6	control	2645	5235	2700	191660	0	
3	 9	 1	 1	sample129	3406	5944	3280	205578	0	
3	 9	 1	 2	sample129	3640	6240	3568	205400	0	
3	 9	 1	 3	sample129	2367	4789	2616	203448	0	
3	 9	 1	 4	sample129	2007	4293	2238	150876	0	
3	 9	 1	 5	sample129	1825	4001	1744	104448	0	
3	 9	 1	 6	control	674	2704	680	81200	0	
3	 9	 2	 1	sample130	7046	10136	7784	247200	0	
3	 9	 2	 2	sample130	6367	9461	6506	222768	0	
3	 9	 2	 3	sample130	4455	7307	4166	236716	0	
3	 9	 2	 4	sample130	3381	6107	3570	133574	0	
3	 9	 2	 5	sample130	2921	5453	2850	182304	0	
3	 9	 2	 6	control	4211	6527	4370	157488	0	
3	 9	 3	 1	sample131	218	3608	62	135600	0	
3	 9	 3	 2	sample131	-649.49	2633	-1161.99	131280	0	
3	 9	 3	 3	sample131	1563	4681	1676	162136	0	
3	 9	 3	 4	sample131	1279	4159	1472	115200	0	
3	 9	 3	 5	sample131	1494	4184	1488	134500	0	
3	 9	 3	 6	control	926	3576	878	106000	0	
3	 9	 4	 1	sample132	5285	8699	4958	249222	0	
3	 9	 4	 2	sample132	4130	7312	4162	235468	0	
3	 9	 4	 3	sample132	5063	8449	5342	179458	0	
3	 9	 4	 4	sample132	2857	5923	3016	147168	0	
3	 9	 4	 5	sample132	1727	4635	1864	154124	0	
3	 9	 4	 6	control	3220	6040	3288	132540	0	
3	 10	 1	 1	sample133	6285	8253	5966	171216	0	
3	 10	 1	 2	sample133	6074	7728	6180	130666	0	
3	 10	 1	 3	sample133	3769	5263	3838	104580	0	
3	 10	 1	 4	sample133	2833	4147	2938	93294	0	
3	 10	 1	 5	sample133	2263	3507	2380	110716	0	
3	 10	 1	 6	control	702	2038	672	53440	0	
3	 10	 2	 1	sample134	4720	7146	5030	87336	0	
3	 10	 2	 2	sample134	2970	5194	2990	180144	0	
3	 10	 2	 3	sample134	2576	4634	2758	109074	0	
3	 10	 2	 4	sample134	2160	3984	2194	96672	0	
3	 10	 2	 5	sample134	2467	4285	2638	65448	0	
3	 10	 2	 6	control	3672	5550	3738	133338	0	
3	 10	 3	 1	sample135	4934	7552	4864	233002	0	
3	 10	 3	 2	sample135	4100	6594	4084	219472	0	
3	 10	 3	 3	sample135	3014	5284	2748	90800	0	
3	 10	 3	 4	sample135	2646	4846	2582	94600	0	
3	 10	 3	 5	sample135	1748	3922	1574	93482	0	
3	 10	 3	 6	control	748	3028	580	91200	0	
3	 10	 4	 1	sample136	3214	5860	3158	177282	0	
3	 10	 4	 2	sample136	2929	5529	2768	174200	0	
3	 10	 4	 3	sample136	2239	4825	2408	103440	0	
3	 10	 4	 4	sample136	1429	3961	1450	101280	0	
3	 10	 4	 5	sample136	1482	3944	1508	123100	0	
3	 10	 4	 6	control	3065	5779	3112	124844	0	
3	 11	 1	 1	sample137	3327	4359	3398	112488	0	
3	 11	 1	 2	sample137	3503	4799	3724	115344	0	
3	 11	 1	 3	sample137	2921	4321	3116	103600	0	
3	 11	 1	 4	sample137	2247	3671	2358	101104	0	
3	 11	 1	 5	sample137	2426	3966	2512	77000	0	
3	 11	 1	 6	control	1141	3015	1098	73086	0	
3	 11	 2	 1	sample138	3288	4974	3534	133194	0	
3	 11	 2	 2	sample138	3728	5596	3778	123288	0	
3	 11	 2	 3	sample138	2810	4716	3040	179164	0	
3	 11	 2	 4	sample138	2685	4611	2576	94374	0	
3	 11	 2	 5	sample138	2470	4562	2562	110876	0	
3	 11	 2	 6	control	4191	6523	4504	160908	0	
3	 11	 3	 1	sample139	3469	5731	3404	119886	0	
3	 11	 3	 2	sample139	2542	4742	2544	116600	0	
3	 11	 3	 3	sample139	2355	4609	2296	105938	0	
3	 11	 3	 4	sample139	2567	4833	2506	99704	0	
3	 11	 3	 5	sample139	1854	4374	1868	123480	0	
3	 11	 3	 6	control	1202	3882	1098	75040	0	
3	 11	 4	 1	sample140	3466	5980	3378	108102	0	
3	 11	 4	 2	sample140	2916	5528	2954	117540	0	
3	 11	 4	 3	sample140	2813	5567	2870	134946	0	
3	 11	 4	 4	sample140	1983	4799	1892	132352	0	
3	 11	 4	 5	sample140	1933	4937	1864	105140	0	
3	 11	 4	 6	control	4069	7281	4392	109208	0	
3	 12	 1	 1	sample141	4819	5797	5248	82152	0	
3	 12	 1	 2	sample141	3686	4934	3618	113568	0	
3	 12	 1	 3	sample141	2923	4349	3190	116932	0	
3	 12	 1	 4	sample141	2232	3758	2582	122080	0	
3	 12	 1	 5	sample141	2580	4224	2586	85488	0	
3	 12	 1	 6	control	1348	3042	1332	77924	0	
3	 12	 2	 1	sample142	4926	6524	4838	119850	0	
3	 12	 2	 2	sample142	4309	6153	4842	141988	0	
3	 12	 2	 3	sample142	3692	5672	3828	198000	0	
3	 12	 2	 4	sample142	3263	5247	3752	164672	0	
3	 12	 2	 5	sample142	2785	4765	2920	158400	0	
3	 12	 2	 6	control	5031	7051	5106	153520	0	
3	 12	 3	 1	sample143	4240	6166	4182	173340	0	
3	 12	 3	 2	sample143	3835	6015	4592	180940	0	
3	 12	 3	 3	sample143	3066	5316	3312	148500	0	
3	 12	 3	 4	sample143	2697	4955	2612	110642	0	
3	 12	 3	 5	sample143	2548	4778	2524	109270	0	
3	 12	 3	 6	control	1197	3595	1146	71940	0	
3	 12	 4	 1	sample144	3088	5314	3310	164724	0	
3	 12	 4	 2	sample144	2770	5252	3026	166294	0	
3	 12	 4	 3	sample144	2312	4840	2276	133984	0	
3	 12	 4	 4	sample144	2654	5226	2614	133744	0	
3	 12	 4	 5	sample144	2017	4709	2034	142676	0	
3	 12	 4	 6	control	3107	5911	3116	224320	0	
4	 1	 1	 1	sample145	4423	7465	4494	273780	0	
4	 1	 1	 2	sample145	3946	6714	4430	202064	0	
4	 1	 1	 3	sample145	3480	6472	3694	200464	0	
4	 1	 1	 4	sample145	2795	5843	3012	204216	0	
4	 1	 1	 5	sample145	2913	6157	2918	139492	0	
4	 1	 1	 6	control	1310	5058	1166	138676	0	
4	 1	 2	 1	sample146	818	4350	856	130684	0	
4	 1	 2	 2	sample146	91.2	3211	12	124800	0	
4	 1	 2	 3	sample146	-817.54	1944	-1047.99	110480	0	
4	 1	 2	 4	sample146	1366	4120	1378	145962	0	
4	 1	 2	 5	sample146	1691	4671	1522	131120	0	
4	 1	 2	 6	control	4361	7601	4816	236520	0	
4	 1	 3	 1	sample147	4445	8387	4586	204984	0	
4	 1	 3	 2	sample147	4110	7760	4162	167900	0	
4	 1	 3	 3	sample147	1913	4505	1852	121824	0	
4	 1	 3	 4	sample147	2038	4504	2050	73980	0	
4	 1	 3	 5	sample147	1518	4072	1672	102160	0	
4	 1	 3	 6	control	1063	3985	1042	116880	0	
4	 1	 4	 1	sample148	359	4575	254	168640	0	
4	 1	 4	 2	sample148	998	4568	962	142800	0	
4	 1	 4	 3	sample148	-794.54	1537	-1283.99	93280	0	
4	 1	 4	 4	sample148	668	2674	732	80240	0	
4	 1	 4	 5	sample148	1241	3223	1220	103064	0	
4	 1	 4	 6	control	3230	5400	3068	93310	0	
4	 2	 1	 1	sample149	4382	7906	4720	162104	0	
4	 2	 1	 2	sample149	3592	7232	3750	145600	0	
4	 2	 1	 3	sample149	2892	6686	3174	166936	0	
4	 2	 1	 4	sample149	2706	6554	2768	161616	0	
4	 2	 1	 5	sample149	2237	6193	2218	197800	0	
4	 2	 1	 6	control	1333	5393	1214	121800	0	
4	 2	 2	 1	sample150	5116	8176	5362	146880	0	
4	 2	 2	 2	sample150	4716	8030	5078	132560	0	
4	 2	 2	 3	sample150	2959	6253	3142	151524	0	
4	 2	 2	 4	sample150	2777	6157	2782	148720	0	
4	 2	 2	 5	sample150	2324	5788	2360	135096	0	
4	 2	 2	 6	control	5474	8964	5824	143090	0	
4	 2	 3	 1	sample151	3635	5873	3808	85044	0	
4	 2	 3	 2	sample151	2907	5419	2922	108016	0	
4	 2	 3	 3	sample151	2745	5289	2750	99216	0	
4	 2	 3	 4	sample151	2234	4828	2152	106354	0	
4	 2	 3	 5	sample151	1644	4328	1592	104676	0	
4	 2	 3	 6	control	1052	3708	1068	95616	0	
4	 2	 4	 1	sample152	4417	5975	4740	77900	0	
4	 2	 4	 2	sample152	3164	4782	3434	76046	0	
4	 2	 4	 3	sample152	3509	5211	3610	32338	0	
4	 2	 4	 4	sample152	2472	4108	2440	85072	0	
4	 2	 4	 5	sample152	1923	3671	1934	82156	0	
4	 2	 4	 6	control	3852	5548	3884	67840	0	
4	 3	 1	 1	sample153	7810	12064	8414	170160	0	
4	 3	 1	 2	sample153	7988	12228	8350	178080	0	
4	 3	 1	 3	sample153	6676	10860	7230	142256	0	
4	 3	 1	 4	sample153	5414	9396	5826	119460	0	
4	 3	 1	 5	sample153	3451	7329	3564	139608	0	
4	 3	 1	 6	control	1035	4921	884	155440	0	
4	 3	 2	 1	sample154	4823	8555	5112	179136	0	
4	 3	 2	 2	sample154	5230	8968	5412	153258	0	
4	 3	 2	 3	sample154	3313	6957	3464	182200	0	
4	 3	 2	 4	sample154	3001	6529	3032	148176	0	
4	 3	 2	 5	sample154	2302	5702	2332	156400	0	
4	 3	 2	 6	control	5235	8703	5872	190740	0	
4	 3	 3	 1	sample155	2215	5075	2224	143000	0	
4	 3	 3	 2	sample155	1868	4580	1798	108480	0	
4	 3	 3	 3	sample155	1543	4205	1540	55902	0	
4	 3	 3	 4	sample155	1265	3899	1286	105360	0	
4	 3	 3	 5	sample155	1509	3955	1440	97840	0	
4	 3	 3	 6	control	1198	3710	1188	100480	0	
4	 3	 4	 1	sample156	5096	6938	5340	90258	0	
4	 3	 4	 2	sample156	3712	5226	4002	116578	0	
4	 3	 4	 3	sample156	3949	5473	4000	76200	0	
4	 3	 4	 4	sample156	2711	4381	2742	73480	0	
4	 3	 4	 5	sample156	1810	3322	1920	75600	0	
4	 3	 4	 6	control	3593	5035	3756	56238	0	
4	 4	 1	 1	sample157	3333	7743	3022	339570	0	
4	 4	 1	 2	sample157	3025	7351	3104	224952	0	
4	 4	 1	 3	sample157	3358	7606	3630	186912	0	
4	 4	 1	 4	sample157	2987	7257	3328	153720	0	
4	 4	 1	 5	sample157	2222	6422	2162	138600	0	
4	 4	 1	 6	control	988	5072	958	163360	0	
4	 4	 2	 1	sample158	5197	9277	5524	306000	0	
4	 4	 2	 2	sample158	5152	9218	5372	191102	0	
4	 4	 2	 3	sample158	3613	7491	3568	267582	0	
4	 4	 2	 4	sample158	3042	6814	3258	165968	0	
4	 4	 2	 5	sample158	2504	6236	2728	123156	0	
4	 4	 2	 6	control	4383	8077	4682	243804	0	
4	 4	 3	 1	sample159	3395	6435	3252	252320	0	
4	 4	 3	 2	sample159	3021	6069	3192	231648	0	
4	 4	 3	 3	sample159	2806	5736	2986	222680	0	
4	 4	 3	 4	sample159	2451	5361	2692	136770	0	
4	 4	 3	 5	sample159	2113	4865	2098	110080	0	
4	 4	 3	 6	control	1436	4270	1408	87854	0	
4	 4	 4	 1	sample160	2683	4411	2562	120960	0	
4	 4	 4	 2	sample160	2800	4436	2626	99796	0	
4	 4	 4	 3	sample160	1441	3109	1470	65052	0	
4	 4	 4	 4	sample160	1886	3404	1948	72864	0	
4	 4	 4	 5	sample160	1356	2850	1350	59760	0	
4	 4	 4	 6	control	2821	4425	2614	75388	0	
4	 5	 1	 1	sample161	4854	9830	5224	393104	0	
4	 5	 1	 2	sample161	4456	9362	4690	382668	0	
4	 5	 1	 3	sample161	3802	8496	4312	347356	0	
4	 5	 1	 4	sample161	3642	8134	3860	179680	0	
4	 5	 1	 5	sample161	2797	7033	2816	105900	0	
4	 5	 1	 6	control	817	4893	782	163040	0	
4	 5	 2	 1	sample162	4037	8845	4360	389448	0	
4	 5	 2	 2	sample162	4974	9784	5420	230880	0	
4	 5	 2	 3	sample162	4721	9137	5110	203136	0	
4	 5	 2	 4	sample162	3245	7129	3410	201968	0	
4	 5	 2	 5	sample162	2002	5610	2082	165968	0	
4	 5	 2	 6	control	4096	7390	4438	250344	0	
4	 5	 3	 1	sample163	6243	10081	6052	310878	0	
4	 5	 3	 2	sample163	3974	7612	4024	341972	0	
4	 5	 3	 3	sample163	4241	7501	4294	166260	0	
4	 5	 3	 4	sample163	2950	5880	3018	208030	0	
4	 5	 3	 5	sample163	2585	5181	2738	98648	0	
4	 5	 3	 6	control	596	2954	512	94320	0	
4	 5	 4	 1	sample164	4415	6567	4396	161400	0	
4	 5	 4	 2	sample164	3721	5717	3724	149700	0	
4	 5	 4	 3	sample164	2839	4969	2974	110760	0	
4	 5	 4	 4	sample164	2652	4594	2782	102926	0	
4	 5	 4	 5	sample164	1995	3785	2030	82340	0	
4	 5	 4	 6	control	2283	3805	2344	88276	0	
4	 6	 1	 1	sample165	5063	9991	5134	379456	0	
4	 6	 1	 2	sample165	4742	9538	5110	374088	0	
4	 6	 1	 3	sample165	4421	8965	4546	213568	0	
4	 6	 1	 4	sample165	3293	7615	3836	267964	0	
4	 6	 1	 5	sample165	2107	6531	2172	203504	0	
4	 6	 1	 6	control	778	5196	748	176720	0	
4	 6	 2	 1	sample166	5127	9361	5042	334486	0	
4	 6	 2	 2	sample166	4491	8507	4836	281120	0	
4	 6	 2	 3	sample166	3986	7768	3830	200446	0	
4	 6	 2	 4	sample166	3013	6701	2952	180712	0	
4	 6	 2	 5	sample166	2038	5534	2028	139840	0	
4	 6	 2	 6	control	4393	7785	4794	244224	0	
4	 6	 3	 1	sample167	4001	7359	4070	258566	0	
4	 6	 3	 2	sample167	2987	6033	3216	255864	0	
4	 6	 3	 3	sample167	3032	5828	2968	134208	0	
4	 6	 3	 4	sample167	2013	4671	2060	132900	0	
4	 6	 3	 5	sample167	1715	4321	1662	88604	0	
4	 6	 3	 6	control	1091	3685	1070	88196	0	
4	 6	 4	 1	sample168	3175	5451	3298	170700	0	
4	 6	 4	 2	sample168	2782	4850	2730	140624	0	
4	 6	 4	 3	sample168	2656	4520	2596	95064	0	
4	 6	 4	 4	sample168	1790	3570	1768	94340	0	
4	 6	 4	 5	sample168	1316	2968	1344	77644	0	
4	 6	 4	 6	control	2460	3918	2364	81648	0	
4	 7	 1	 1	sample169	5313	10059	4876	379680	0	
4	 7	 1	 2	sample169	4465	9295	4900	342930	0	
4	 7	 1	 3	sample169	3745	8647	4008	250002	0	
4	 7	 1	 4	sample169	3087	7973	3210	239414	0	
4	 7	 1	 5	sample169	2194	7166	2210	208824	0	
4	 7	 1	 6	control	1257	6381	1222	122976	0	
4	 7	 2	 1	sample170	4546	8244	4508	340216	0	
4	 7	 2	 2	sample170	4086	7768	4026	265104	0	
4	 7	 2	 3	sample170	3828	7616	4056	196976	0	
4	 7	 2	 4	sample170	3393	7215	3644	198744	0	
4	 7	 2	 5	sample170	2452	6310	2566	177468	0	
4	 7	 2	 6	control	4747	8849	5180	270732	0	
4	 7	 3	 1	sample171	5286	7924	5274	203126	0	
4	 7	 3	 2	sample171	4243	7037	4266	231902	0	
4	 7	 3	 3	sample171	2868	5718	3016	230850	0	
4	 7	 3	 4	sample171	2278	5192	2412	212722	0	
4	 7	 3	 5	sample171	1935	4985	1856	122000	0	
4	 7	 3	 6	control	1494	4558	1252	91920	0	
4	 7	 4	 1	sample172	3556	5022	3820	108484	0	
4	 7	 4	 2	sample172	2818	4434	3130	124432	0	
4	 7	 4	 3	sample172	2518	4062	2586	129696	0	
4	 7	 4	 4	sample172	2500	4096	2456	63840	0	
4	 7	 4	 5	sample172	1711	3609	1698	68328	0	
4	 7	 4	 6	control	2679	4709	2564	103530	0	
4	 8	 1	 1	sample173	10464	16210	11406	304538	0	
4	 8	 1	 2	sample173	8959	14633	9948	289374	0	
4	 8	 1	 3	sample173	8969	14003	9306	246666	0	
4	 8	 1	 4	sample173	7508	12282	7856	300762	0	
4	 8	 1	 5	sample173	6704	11220	7056	207736	0	
4	 8	 1	 6	control	767	5151	710	157824	0	
4	 8	 2	 1	sample174	5622	9870	5932	220896	0	
4	 8	 2	 2	sample174	4883	9123	5026	203520	0	
4	 8	 2	 3	sample174	3331	7447	3440	214032	0	
4	 8	 2	 4	sample174	3289	7411	3318	74196	0	
4	 8	 2	 5	sample174	2425	6441	2592	176704	0	
4	 8	 2	 6	control	6485	10513	6656	96672	0	
4	 8	 3	 1	sample175	5330	8214	4968	141316	0	
4	 8	 3	 2	sample175	3463	6593	3696	134590	0	
4	 8	 3	 3	sample175	2942	6134	3142	159600	0	
4	 8	 3	 4	sample175	2012	5528	2052	151188	0	
4	 8	 3	 5	sample175	1790	5270	1794	139200	0	
4	 8	 3	 6	control	1103	4723	1092	123080	0	
4	 8	 4	 1	sample176	3988	5580	4532	108256	0	
4	 8	 4	 2	sample176	3907	5719	4220	76104	0	
4	 8	 4	 3	sample176	2487	4521	2594	81360	0	
4	 8	 4	 4	sample176	1784	4132	1952	93920	0	
4	 8	 4	 5	sample176	2165	4623	2188	95862	0	
4	 8	 4	 6	control	3339	5945	3258	104240	0	
4	 9	 1	 1	sample177	3860	7162	4140	254254	0	
4	 9	 1	 2	sample177	4004	7308	4210	138768	0	
4	 9	 1	 3	sample177	3481	6755	3476	140782	0	
4	 9	 1	 4	sample177	2393	5635	2370	162100	0	
4	 9	 1	 5	sample177	1773	4833	1766	113220	0	
4	 9	 1	 6	control	1200	4182	1156	83496	0	
4	 9	 2	 1	sample178	3758	6892	3630	225648	0	
4	 9	 2	 2	sample178	2820	5954	2786	216246	0	
4	 9	 2	 3	sample178	3763	6835	3758	122880	0	
4	 9	 2	 4	sample178	2816	5830	2904	150700	0	
4	 9	 2	 5	sample178	2356	5234	2324	132388	0	
4	 9	 2	 6	control	4058	6778	4134	182240	0	
4	 9	 3	 1	sample179	3564	6460	3772	257744	0	
4	 9	 3	 2	sample179	3206	6076	3460	249690	0	
4	 9	 3	 3	sample179	2569	5337	2560	135632	0	
4	 9	 3	 4	sample179	2733	5263	3010	179630	0	
4	 9	 3	 5	sample179	2699	5049	2738	115150	0	
4	 9	 3	 6	control	1176	3370	1176	100924	0	
4	 9	 4	 1	sample180	3532	5420	3542	149152	0	
4	 9	 4	 2	sample180	3207	5067	3562	148800	0	
4	 9	 4	 3	sample180	2744	4508	2704	93492	0	
4	 9	 4	 4	sample180	2251	3983	2242	88332	0	
4	 9	 4	 5	sample180	1652	3348	1652	32224	0	
4	 9	 4	 6	control	1952	3416	2144	90768	0	
4	 10	 1	 1	sample181	5553	9415	5740	297374	0	
4	 10	 1	 2	sample181	5951	10051	6198	295200	0	
4	 10	 1	 3	sample181	5804	9890	6186	163440	0	
4	 10	 1	 4	sample181	3946	8252	4156	189464	0	
4	 10	 1	 5	sample181	2722	7134	2776	163244	0	
4	 10	 1	 6	control	1556	6182	1288	87894	0	
4	 10	 2	 1	sample182	4914	8572	4876	175584	0	
4	 10	 2	 2	sample182	4730	8358	4860	159632	0	
4	 10	 2	 3	sample182	3981	7521	4176	162840	0	
4	 10	 2	 4	sample182	3094	6666	3356	160740	0	
4	 10	 2	 5	sample182	2750	6404	2870	142506	0	
4	 10	 2	 6	control	4910	8856	4682	217030	0	
4	 10	 3	 1	sample183	5326	8182	5408	231336	0	
4	 10	 3	 2	sample183	4708	7480	5184	135828	0	
4	 10	 3	 3	sample183	3189	5925	3302	199728	0	
4	 10	 3	 4	sample183	3035	5745	3196	108400	0	
4	 10	 3	 5	sample183	1943	4989	1860	121840	0	
4	 10	 3	 6	control	1031	4399	1016	134720	0	
4	 10	 4	 1	sample184	3563	5323	3624	107360	0	
4	 10	 4	 2	sample184	2799	4419	2790	100440	0	
4	 10	 4	 3	sample184	2307	3975	2300	118428	0	
4	 10	 4	 4	sample184	1925	3721	2070	59268	0	
4	 10	 4	 5	sample184	1478	3534	1540	82240	0	
4	 10	 4	 6	control	2994	5486	2806	84728	0	
4	 11	 1	 1	sample185	5016	8630	5002	173472	0	
4	 11	 1	 2	sample185	4474	8582	4518	201292	0	
4	 11	 1	 3	sample185	4299	8569	4414	170800	0	
4	 11	 1	 4	sample185	3709	8233	3670	180960	0	
4	 11	 1	 5	sample185	2407	7137	2388	160820	0	
4	 11	 1	 6	control	1459	6463	1446	90072	0	
4	 11	 2	 1	sample186	7474	10810	7922	156792	0	
4	 11	 2	 2	sample186	5369	8953	6130	225792	0	
4	 11	 2	 3	sample186	4799	8649	4902	192500	0	
4	 11	 2	 4	sample186	3411	7659	3724	212400	0	
4	 11	 2	 5	sample186	3087	7661	3064	196682	0	
4	 11	 2	 6	control	5490	10400	5686	206220	0	
4	 11	 3	 1	sample187	4355	7005	4660	204050	0	
4	 11	 3	 2	sample187	4197	7331	4572	222514	0	
4	 11	 3	 3	sample187	4291	7989	4188	184900	0	
4	 11	 3	 4	sample187	3222	7586	3160	205108	0	
4	 11	 3	 5	sample187	2753	7549	2762	206228	0	
4	 11	 3	 6	control	1068	6038	1122	198800	0	
4	 11	 4	 1	sample188	3358	5028	3546	68470	0	
4	 11	 4	 2	sample188	2725	4983	2864	90320	0	
4	 11	 4	 3	sample188	3035	6535	3192	140000	0	
4	 11	 4	 4	sample188	2140	7400	2150	231440	0	
4	 11	 4	 5	sample188	1667	6699	1634	155992	0	
4	 11	 4	 6	control	3815	8287	3858	178880	0	
4	 12	 1	 1	sample189	3723	7207	3930	310076	0	
4	 12	 1	 2	sample189	3495	7181	3370	294880	0	
4	 12	 1	 3	sample189	3010	6564	3394	273658	0	
4	 12	 1	 4	sample189	2388	5892	2606	245280	0	
4	 12	 1	 5	sample189	1857	5535	1896	194934	0	
4	 12	 1	 6	control	1423	5655	1432	169280	0	
4	 12	 2	 1	sample190	3038	6562	2870	370020	0	
4	 12	 2	 2	sample190	4014	7744	4188	290940	0	
4	 12	 2	 3	sample190	2759	6333	2868	189422	0	
4	 12	 2	 4	sample190	1891	5185	1870	174582	0	
4	 12	 2	 5	sample190	1974	5262	2070	263040	0	
4	 12	 2	 6	control	4799	8573	5026	283050	0	
4	 12	 3	 1	sample191	-575.99	3314	-631.99	155600	0	
4	 12	 3	 2	sample191	331	4479	344	165920	0	
4	 12	 3	 3	sample191	856	4908	1136	214756	0	
4	 12	 3	 4	sample191	1708	5122	1896	170700	0	
4	 12	 3	 5	sample191	2289	5367	2038	184680	0	
4	 12	 3	 6	control	851	4327	820	139040	0	
4	 12	 4	 1	sample192	4059	6549	4184	179280	0	
4	 12	 4	 2	sample192	3398	6456	3646	244640	0	
4	 12	 4	 3	sample192	2806	6412	3226	191118	0	
4	 12	 4	 4	sample192	2362	5946	2514	172032	0	
4	 12	 4	 5	sample192	1293	4643	1404	167500	0	
4	 12	 4	 6	control	3399	7065	3536	234624	0	
