MicroVigene	 Version	 2501
Culture	en-US
9/30/2006 11:00:18 AM
Roi Row	 4	 Roi Col	 12	 Main Row	 4	 Main Col	 6	 Sub Row	 1	 Sub Col	 1
Main Row	 Main Col	 Sub Row	 Sub Col	  GeneID	mean_net	 mean_total	 median_net	 vol_bkg	 vol_dust	 
1	 1	 1	 1	sample1	796	3880	770	123360	0	
1	 1	 1	 2	sample1	-442.84	1869	-513.99	92480	0	
1	 1	 1	 3	sample1	727	2525	772	71920	0	
1	 1	 1	 4	sample1	809	2351	770	61680	0	
1	 1	 1	 5	sample1	237	1779	256	61680	0	
1	 1	 1	 6	control	70.2	1612	0	61680	0	
1	 1	 2	 1	sample2	1414	5268	1286	154160	0	
1	 1	 2	 2	sample2	746	3572	772	113040	0	
1	 1	 2	 3	sample2	970	3026	1028	82240	0	
1	 1	 2	 4	sample2	899	2441	770	61680	0	
1	 1	 2	 5	sample2	912	2454	1028	61680	0	
1	 1	 2	 6	control	6419	7703	6940	98868	0	
1	 1	 3	 1	sample3	2163	5247	2056	132612	0	
1	 1	 3	 2	sample3	1954	4780	2056	113040	0	
1	 1	 3	 3	sample3	2268	4324	2312	82240	0	
1	 1	 3	 4	sample3	1491	3289	1286	71920	0	
1	 1	 3	 5	sample3	1170	2968	1028	71920	0	
1	 1	 3	 6	control	122	1664	256	61680	0	
1	 1	 4	 1	sample4	4028	6084	4626	82240	0	
1	 1	 4	 2	sample4	3300	5612	3342	99416	0	
1	 1	 4	 3	sample4	2094	4150	2056	82240	0	
1	 1	 4	 4	sample4	1906	3704	1800	95294	0	
1	 1	 4	 5	sample4	1635	3177	1542	80184	0	
1	 1	 4	 6	control	6264	8062	6168	125860	0	
1	 2	 1	 1	sample5	3657	5969	3342	110976	0	
1	 2	 1	 2	sample5	2371	4683	2314	92480	0	
1	 2	 1	 3	sample5	2069	3867	1800	71920	0	
1	 2	 1	 4	sample5	1915	3713	2056	71920	0	
1	 2	 1	 5	sample5	1670	3212	1798	67848	0	
1	 2	 1	 6	control	732	2274	770	61680	0	
1	 2	 2	 1	sample6	572	2884	514	92480	0	
1	 2	 2	 2	sample6	828	2884	770	82240	0	
1	 2	 2	 3	sample6	592	2390	514	71920	0	
1	 2	 2	 4	sample6	282	1824	256	61680	0	
1	 2	 2	 5	sample6	629	2171	770	61680	0	
1	 2	 2	 6	control	6605	8147	6424	134154	0	
1	 2	 3	 1	sample7	3793	6363	3340	128500	0	
1	 2	 3	 2	sample7	2755	4811	2570	102800	0	
1	 2	 3	 3	sample7	1677	3475	1542	71920	0	
1	 2	 3	 4	sample7	1233	2775	1542	61680	0	
1	 2	 3	 5	sample7	854	2396	770	61680	0	
1	 2	 3	 6	control	154	1696	0	61680	0	
1	 2	 4	 1	sample8	3052	5878	2828	113040	0	
1	 2	 4	 2	sample8	1530	3842	1542	92480	0	
1	 2	 4	 3	sample8	1777	3833	1798	98688	0	
1	 2	 4	 4	sample8	1292	3090	1286	71920	0	
1	 2	 4	 5	sample8	964	2762	772	71920	0	
1	 2	 4	 6	control	5543	7341	5398	133052	0	
1	 3	 1	 1	sample9	4770	6568	5398	125860	0	
1	 3	 1	 2	sample9	3878	5420	4368	103314	0	
1	 3	 1	 3	sample9	3265	4807	3084	104856	0	
1	 3	 1	 4	sample9	2276	3818	2570	86352	0	
1	 3	 1	 5	sample9	1520	3062	1542	111024	0	
1	 3	 1	 6	control	668	2210	514	61680	0	
1	 3	 2	 1	sample10	3542	5084	3340	100230	0	
1	 3	 2	 2	sample10	3581	5123	3854	98688	0	
1	 3	 2	 3	sample10	3019	4303	3084	80892	0	
1	 3	 2	 4	sample10	2459	3743	2570	50076	0	
1	 3	 2	 5	sample10	1447	2989	1542	70932	0	
1	 3	 2	 6	control	7204	8746	7710	90978	0	
1	 3	 3	 1	sample11	2518	4060	2570	77100	0	
1	 3	 3	 2	sample11	2514	4056	2570	21588	0	
1	 3	 3	 3	sample11	1763	3305	1798	67848	0	
1	 3	 3	 4	sample11	886	2428	770	61680	0	
1	 3	 3	 5	sample11	732	2274	770	61680	0	
1	 3	 3	 6	control	500	2042	514	61680	0	
1	 3	 4	 1	sample12	1914	3712	1800	84506	0	
1	 3	 4	 2	sample12	1202	3000	1286	71920	0	
1	 3	 4	 3	sample12	1568	3366	1542	53940	0	
1	 3	 4	 4	sample12	675	2473	514	71920	0	
1	 3	 4	 5	sample12	527	2325	514	71920	0	
1	 3	 4	 6	control	3793	5591	3856	111476	0	
1	 4	 1	 1	sample13	6461	8003	5912	132612	0	
1	 4	 1	 2	sample13	5859	7145	6424	96450	0	
1	 4	 1	 3	sample13	3818	5104	3854	99022	0	
1	 4	 1	 4	sample13	2762	4048	2826	56584	0	
1	 4	 1	 5	sample13	2781	3809	2828	45232	0	
1	 4	 1	 6	control	726	2012	770	51440	0	
1	 4	 2	 1	sample14	3989	5531	4626	118734	0	
1	 4	 2	 2	sample14	2633	4175	2828	114108	0	
1	 4	 2	 3	sample14	1953	3239	2056	64300	0	
1	 4	 2	 4	sample14	2413	3699	2570	23148	0	
1	 4	 2	 5	sample14	1838	3124	1798	59156	0	
1	 4	 2	 6	control	7331	8617	7966	100308	0	
1	 4	 3	 1	sample15	1176	2718	1028	61680	0	
1	 4	 3	 2	sample15	520	1806	514	51440	0	
1	 4	 3	 3	sample15	694	1980	770	51440	0	
1	 4	 3	 4	sample15	738	2024	770	51440	0	
1	 4	 3	 5	sample15	1227	2513	1284	51440	0	
1	 4	 3	 6	control	534	2076	258	61680	0	
1	 4	 4	 1	sample16	2172	3972	2056	79200	0	
1	 4	 4	 2	sample16	1279	2821	1286	61680	0	
1	 4	 4	 3	sample16	1228	2770	1286	61680	0	
1	 4	 4	 4	sample16	797	2339	772	61680	0	
1	 4	 4	 5	sample16	752	2294	772	61680	0	
1	 4	 4	 6	control	2961	4503	3084	74016	0	
1	 5	 1	 1	sample17	2297	3839	2314	120276	0	
1	 5	 1	 2	sample17	2401	3943	2314	81726	0	
1	 5	 1	 3	sample17	1865	3407	1800	78642	0	
1	 5	 1	 4	sample17	1420	2962	1542	64764	0	
1	 5	 1	 5	sample17	1396	2938	1542	53970	0	
1	 5	 1	 6	control	707	2249	514	61680	0	
1	 5	 2	 1	sample18	3345	5145	3084	95400	0	
1	 5	 2	 2	sample18	2942	4742	2826	140400	0	
1	 5	 2	 3	sample18	2821	4621	2826	90000	0	
1	 5	 2	 4	sample18	1464	3264	1542	90000	0	
1	 5	 2	 5	sample18	1246	3046	1284	72000	0	
1	 5	 2	 6	control	7537	9079	8224	104856	0	
1	 5	 3	 1	sample19	3161	5475	3340	122642	0	
1	 5	 3	 2	sample19	3295	5609	3340	118014	0	
1	 5	 3	 3	sample19	3291	5347	3084	94576	0	
1	 5	 3	 4	sample19	2445	4501	2570	96632	0	
1	 5	 3	 5	sample19	1951	3751	2056	88200	0	
1	 5	 3	 6	control	520	2320	514	72000	0	
1	 5	 4	 1	sample20	2680	5250	2828	102800	0	
1	 5	 4	 2	sample20	2075	4389	2312	92560	0	
1	 5	 4	 3	sample20	1394	3708	1028	92560	0	
1	 5	 4	 4	sample20	939	2995	1028	82240	0	
1	 5	 4	 5	sample20	585	2641	514	82240	0	
1	 5	 4	 6	control	2409	4465	2314	94576	0	
1	 6	 1	 1	sample21	3623	5421	3342	95294	0	
1	 6	 1	 2	sample21	3087	4629	2826	129528	0	
1	 6	 1	 3	sample21	2386	3928	2570	75558	0	
1	 6	 1	 4	sample21	1473	3015	1542	63222	0	
1	 6	 1	 5	sample21	1327	2869	1284	64764	0	
1	 6	 1	 6	control	533	2075	514	61680	0	
1	 6	 2	 1	sample22	2143	4199	2056	108968	0	
1	 6	 2	 2	sample22	2536	4334	2570	79112	0	
1	 6	 2	 3	sample22	2008	3550	2056	109482	0	
1	 6	 2	 4	sample22	983	2525	1028	61680	0	
1	 6	 2	 5	sample22	1259	2801	1028	61680	0	
1	 6	 2	 6	control	7149	8691	7710	101772	0	
1	 6	 3	 1	sample23	398	2454	514	82240	0	
1	 6	 3	 2	sample23	90.5	1888	258	71920	0	
1	 6	 3	 3	sample23	475	2017	514	61680	0	
1	 6	 3	 4	sample23	1208	2492	1286	51360	0	
1	 6	 3	 5	sample23	894	2178	772	51360	0	
1	 6	 3	 6	control	444	1728	258	51360	0	
1	 6	 4	 1	sample24	1362	3418	1284	82240	0	
1	 6	 4	 2	sample24	1227	3283	1028	82240	0	
1	 6	 4	 3	sample24	1054	2852	1028	71920	0	
1	 6	 4	 4	sample24	681	2223	514	61680	0	
1	 6	 4	 5	sample24	475	2017	256	61680	0	
1	 6	 4	 6	control	1705	3247	1798	160368	0	
1	 7	 1	 1	sample25	5914	7970	4882	168592	0	
1	 7	 1	 2	sample25	4698	6754	4368	174760	0	
1	 7	 1	 3	sample25	3748	5804	3598	143920	0	
1	 7	 1	 4	sample25	2679	4477	2828	68324	0	
1	 7	 1	 5	sample25	2167	3965	2056	62930	0	
1	 7	 1	 6	control	733	2531	514	71920	0	
1	 7	 2	 1	sample26	2416	4472	2312	96632	0	
1	 7	 2	 2	sample26	2332	4388	2312	108968	0	
1	 7	 2	 3	sample26	1864	3662	1800	71920	0	
1	 7	 2	 4	sample26	1446	3244	1542	71920	0	
1	 7	 2	 5	sample26	1215	3013	1286	71920	0	
1	 7	 2	 6	control	7896	9694	8224	136648	0	
1	 7	 3	 1	sample27	1607	3405	1542	71920	0	
1	 7	 3	 2	sample27	1433	3231	1286	71920	0	
1	 7	 3	 3	sample27	1009	2807	1028	71920	0	
1	 7	 3	 4	sample27	873	2415	770	61680	0	
1	 7	 3	 5	sample27	701	2499	514	71920	0	
1	 7	 3	 6	control	508	2306	514	71920	0	
1	 7	 4	 1	sample28	1239	3295	1028	82240	0	
1	 7	 4	 2	sample28	1054	2852	1028	71920	0	
1	 7	 4	 3	sample28	919	2717	772	71920	0	
1	 7	 4	 4	sample28	694	2492	514	71920	0	
1	 7	 4	 5	sample28	662	2460	514	71920	0	
1	 7	 4	 6	control	3638	5694	2826	197376	0	
1	 8	 1	 1	sample29	2927	4725	3084	93496	0	
1	 8	 1	 2	sample29	2784	4582	3084	160022	0	
1	 8	 1	 3	sample29	2713	4511	2828	84506	0	
1	 8	 1	 4	sample29	1668	3466	1800	91698	0	
1	 8	 1	 5	sample29	1548	3090	1542	61680	0	
1	 8	 1	 6	control	514	2312	514	71920	0	
1	 8	 2	 1	sample30	3029	4827	2570	151032	0	
1	 8	 2	 2	sample30	2868	4666	2570	124062	0	
1	 8	 2	 3	sample30	2632	4174	2826	114108	0	
1	 8	 2	 4	sample30	1871	3413	2056	98688	0	
1	 8	 2	 5	sample30	1932	3474	1798	77100	0	
1	 8	 2	 6	control	7001	8543	7710	107940	0	
1	 8	 3	 1	sample31	2092	3890	2056	79112	0	
1	 8	 3	 2	sample31	1870	3668	1800	71920	0	
1	 8	 3	 3	sample31	1696	3238	1798	77100	0	
1	 8	 3	 4	sample31	1252	2794	1284	61680	0	
1	 8	 3	 5	sample31	732	2274	770	61680	0	
1	 8	 3	 6	control	199	1741	256	61680	0	
1	 8	 4	 1	sample32	3672	5728	3340	150088	0	
1	 8	 4	 2	sample32	2622	4420	2570	89900	0	
1	 8	 4	 3	sample32	2136	3678	2056	74016	0	
1	 8	 4	 4	sample32	1443	2985	1542	80184	0	
1	 8	 4	 5	sample32	591	2133	514	61680	0	
1	 8	 4	 6	control	6147	7689	5396	95604	0	
1	 9	 1	 1	sample33	2616	3900	2314	65484	0	
1	 9	 1	 2	sample33	2320	3604	2314	48792	0	
1	 9	 1	 3	sample33	1754	3038	1800	51360	0	
1	 9	 1	 4	sample33	1600	2884	1542	51360	0	
1	 9	 1	 5	sample33	1509	3051	1542	61680	0	
1	 9	 1	 6	control	1009	2807	772	71920	0	
1	 9	 2	 1	sample34	3852	5136	3342	100152	0	
1	 9	 2	 2	sample34	4008	5292	4112	97584	0	
1	 9	 2	 3	sample34	3349	4633	3598	91164	0	
1	 9	 2	 4	sample34	3287	4571	3342	60348	0	
1	 9	 2	 5	sample34	2533	4075	2570	75558	0	
1	 9	 2	 6	control	8556	10354	9252	136648	0	
1	 9	 3	 1	sample35	1951	2979	1798	43176	0	
1	 9	 3	 2	sample35	1567	2595	1542	41120	0	
1	 9	 3	 3	sample35	1330	2614	1286	51360	0	
1	 9	 3	 4	sample35	772	2056	772	51360	0	
1	 9	 3	 5	sample35	1073	2357	1028	51360	0	
1	 9	 3	 6	control	706	2248	770	61680	0	
1	 9	 4	 1	sample36	3007	4035	3084	79156	0	
1	 9	 4	 2	sample36	2590	3618	2570	52428	0	
1	 9	 4	 3	sample36	2426	3710	2314	61632	0	
1	 9	 4	 4	sample36	1783	3067	1800	61632	0	
1	 9	 4	 5	sample36	1138	2422	1028	51360	0	
1	 9	 4	 6	control	4137	5679	4112	126444	0	
1	 10	 1	 1	sample37	6038	7580	5912	124902	0	
1	 10	 1	 2	sample37	5286	6828	5398	124902	0	
1	 10	 1	 3	sample37	3502	5044	3342	111024	0	
1	 10	 1	 4	sample37	3228	5028	3084	73800	0	
1	 10	 1	 5	sample37	2161	3961	2056	70200	0	
1	 10	 1	 6	control	784	2840	772	82240	0	
1	 10	 2	 1	sample38	2998	4540	2828	118734	0	
1	 10	 2	 2	sample38	2749	4291	2570	106398	0	
1	 10	 2	 3	sample38	2794	4336	2570	81726	0	
1	 10	 2	 4	sample38	2228	3770	2314	78642	0	
1	 10	 2	 5	sample38	1805	3605	1798	72000	0	
1	 10	 2	 6	control	8205	10261	8738	160368	0	
1	 10	 3	 1	sample39	3675	4961	3598	97736	0	
1	 10	 3	 2	sample39	5605	6891	5396	95164	0	
1	 10	 3	 3	sample39	2251	3793	2570	114108	0	
1	 10	 3	 4	sample39	1760	3302	1542	60138	0	
1	 10	 3	 5	sample39	1080	2622	1028	61680	0	
1	 10	 3	 6	control	501	2301	514	72000	0	
1	 10	 4	 1	sample40	1298	2326	1286	41120	0	
1	 10	 4	 2	sample40	931	2217	770	51440	0	
1	 10	 4	 3	sample40	1247	2789	1286	61680	0	
1	 10	 4	 4	sample40	958	2500	772	61680	0	
1	 10	 4	 5	sample40	1054	2596	1028	61680	0	
1	 10	 4	 6	control	5032	6832	5140	133200	0	
1	 11	 1	 1	sample41	4604	6404	5396	151200	0	
1	 11	 1	 2	sample41	3661	5461	3598	95400	0	
1	 11	 1	 3	sample41	3274	5074	3598	131400	0	
1	 11	 1	 4	sample41	2750	4806	3084	102800	0	
1	 11	 1	 5	sample41	1964	4020	2056	96632	0	
1	 11	 1	 6	control	855	2911	772	82240	0	
1	 11	 2	 1	sample42	4773	6315	4626	121818	0	
1	 11	 2	 2	sample42	4032	5574	4112	78642	0	
1	 11	 2	 3	sample42	3189	4731	3342	129528	0	
1	 11	 2	 4	sample42	2281	3823	2314	120276	0	
1	 11	 2	 5	sample42	2056	3856	2056	72000	0	
1	 11	 2	 6	control	8242	10042	9508	127800	0	
1	 11	 3	 1	sample43	2256	3798	2314	123360	0	
1	 11	 3	 2	sample43	1671	3213	1800	61680	0	
1	 11	 3	 3	sample43	1254	2796	1286	61680	0	
1	 11	 3	 4	sample43	1627	2913	1542	42438	0	
1	 11	 3	 5	sample43	881	2423	772	61680	0	
1	 11	 3	 6	control	829	2371	514	61680	0	
1	 11	 4	 1	sample44	4068	5868	4112	149400	0	
1	 11	 4	 2	sample44	2626	4168	2828	135696	0	
1	 11	 4	 3	sample44	2523	4065	2570	134154	0	
1	 11	 4	 4	sample44	2030	3572	2056	118734	0	
1	 11	 4	 5	sample44	1841	3383	1800	57054	0	
1	 11	 4	 6	control	5606	7406	6168	108000	0	
1	 12	 1	 1	sample45	2924	4980	3084	141864	0	
1	 12	 1	 2	sample45	3349	5663	3340	67106	0	
1	 12	 1	 3	sample45	2789	5359	2570	102800	0	
1	 12	 1	 4	sample45	1639	4723	1800	123360	0	
1	 12	 1	 5	sample45	1387	4729	1542	133680	0	
1	 12	 1	 6	control	714	4826	772	164480	0	
1	 12	 2	 1	sample46	2287	3829	2056	75558	0	
1	 12	 2	 2	sample46	2560	4102	2570	74016	0	
1	 12	 2	 3	sample46	3044	5100	3342	131584	0	
1	 12	 2	 4	sample46	2403	4717	2570	92560	0	
1	 12	 2	 5	sample46	1522	4350	1542	113120	0	
1	 12	 2	 6	control	8674	12272	9766	215880	0	
1	 12	 3	 1	sample47	1753	3039	1798	51440	0	
1	 12	 3	 2	sample47	1967	3509	1800	35466	0	
1	 12	 3	 3	sample47	1950	3750	1798	39600	0	
1	 12	 3	 4	sample47	1144	3200	1028	82240	0	
1	 12	 3	 5	sample47	810	3380	772	102800	0	
1	 12	 3	 6	control	605	3689	514	123360	0	
1	 12	 4	 1	sample48	4547	5833	4882	66872	0	
1	 12	 4	 2	sample48	3475	5275	3598	82800	0	
1	 12	 4	 3	sample48	3546	5602	4112	121304	0	
1	 12	 4	 4	sample48	2047	4361	2056	71734	0	
1	 12	 4	 5	sample48	1092	3920	1028	113120	0	
1	 12	 4	 6	control	7916	11000	8482	169620	0	
2	 1	 1	 1	sample49	4676	6474	4626	140244	0	
2	 1	 1	 2	sample49	4062	6118	4368	106912	0	
2	 1	 1	 3	sample49	3367	5937	3340	125930	0	
2	 1	 1	 4	sample49	3683	5739	3854	104856	0	
2	 1	 1	 5	sample49	1800	4112	1800	122536	0	
2	 1	 1	 6	control	887	3199	772	92480	0	
2	 1	 2	 1	sample50	1516	3572	1284	82240	0	
2	 1	 2	 2	sample50	3288	5600	3342	110976	0	
2	 1	 2	 3	sample50	2852	5164	3084	122536	0	
2	 1	 2	 4	sample50	1747	4317	1798	102800	0	
2	 1	 2	 5	sample50	1999	4569	2056	128500	0	
2	 1	 2	 6	control	7423	9993	8480	226160	0	
2	 1	 3	 1	sample51	-577.84	1734	-1027.99	92480	0	
2	 1	 3	 2	sample51	-487.89	1824	-513.99	92480	0	
2	 1	 3	 3	sample51	-726.44	1844	-1027.99	102800	0	
2	 1	 3	 4	sample51	348	3174	258	113040	0	
2	 1	 3	 5	sample51	1272	4356	1284	123360	0	
2	 1	 3	 6	control	1940	5024	1284	123360	0	
2	 1	 4	 1	sample52	2126	4696	2056	102800	0	
2	 1	 4	 2	sample52	1763	4589	1800	138474	0	
2	 1	 4	 3	sample52	540	3366	514	113040	0	
2	 1	 4	 4	sample52	1182	4266	1284	123360	0	
2	 1	 4	 5	sample52	1510	4850	1542	133600	0	
2	 1	 4	 6	control	6083	9681	6168	284242	0	
2	 2	 1	 1	sample53	2456	4256	2570	93600	0	
2	 2	 1	 2	sample53	2172	3458	2056	56584	0	
2	 2	 1	 3	sample53	2089	3375	2312	59156	0	
2	 2	 1	 4	sample53	2106	3134	2056	37008	0	
2	 2	 1	 5	sample53	1663	2949	1798	46296	0	
2	 2	 1	 6	control	1002	2288	1028	51440	0	
2	 2	 2	 1	sample54	6713	8769	7196	104856	0	
2	 2	 2	 2	sample54	4763	6819	5140	131584	0	
2	 2	 2	 3	sample54	3587	5387	3854	131400	0	
2	 2	 2	 4	sample54	3587	5129	3856	70932	0	
2	 2	 2	 5	sample54	3361	4903	3342	61680	0	
2	 2	 2	 6	control	7568	9368	7966	127800	0	
2	 2	 3	 1	sample55	7459	10287	7196	226240	0	
2	 2	 3	 2	sample55	6551	9121	7196	190180	0	
2	 2	 3	 3	sample55	5237	7551	5654	145782	0	
2	 2	 3	 4	sample55	4087	6143	4370	102800	0	
2	 2	 3	 5	sample55	2458	4514	2570	84296	0	
2	 2	 3	 6	control	835	3149	770	92560	0	
2	 2	 4	 1	sample56	2340	5424	2314	151116	0	
2	 2	 4	 2	sample56	1734	4562	1798	101808	0	
2	 2	 4	 3	sample56	1714	4284	1800	38550	0	
2	 2	 4	 4	sample56	810	3380	772	102800	0	
2	 2	 4	 5	sample56	771	3341	514	102800	0	
2	 2	 4	 6	control	5821	8649	5910	130088	0	
2	 3	 1	 1	sample57	7906	9962	8482	172704	0	
2	 3	 1	 2	sample57	7110	9166	7968	164480	0	
2	 3	 1	 3	sample57	5790	7846	6426	160368	0	
2	 3	 1	 4	sample57	4355	6411	4112	150088	0	
2	 3	 1	 5	sample57	3433	5489	3598	162424	0	
2	 3	 1	 6	control	772	2828	772	82240	0	
2	 3	 2	 1	sample58	4941	7769	4626	149884	0	
2	 3	 2	 2	sample58	4674	7244	4884	125930	0	
2	 3	 2	 3	sample58	4083	6653	4370	133640	0	
2	 3	 2	 4	sample58	2747	5317	2570	131070	0	
2	 3	 2	 5	sample58	2025	4339	2056	118014	0	
2	 3	 2	 6	control	8763	11333	9252	190180	0	
2	 3	 3	 1	sample59	3903	7245	3854	177126	0	
2	 3	 3	 2	sample59	3817	6901	4112	163452	0	
2	 3	 3	 3	sample59	2624	5452	2570	147056	0	
2	 3	 3	 4	sample59	1944	4772	1798	149884	0	
2	 3	 3	 5	sample59	1684	4512	1798	127260	0	
2	 3	 3	 6	control	571	3399	514	113120	0	
2	 3	 4	 1	sample60	2431	6029	2570	165508	0	
2	 3	 4	 2	sample60	2043	5385	2312	143706	0	
2	 3	 4	 3	sample60	1028	4370	1028	133680	0	
2	 3	 4	 4	sample60	1035	4119	772	123360	0	
2	 3	 4	 5	sample60	462	3804	514	133680	0	
2	 3	 4	 6	control	2023	5365	1798	133680	0	
2	 4	 1	 1	sample61	4654	6454	4368	127800	0	
2	 4	 1	 2	sample61	3248	5048	2826	154800	0	
2	 4	 1	 3	sample61	3016	4558	3084	109482	0	
2	 4	 1	 4	sample61	1954	3496	1800	77100	0	
2	 4	 1	 5	sample61	1870	3412	2056	67848	0	
2	 4	 1	 6	control	675	2217	514	61680	0	
2	 4	 2	 1	sample62	2576	4632	2570	104856	0	
2	 4	 2	 2	sample62	1946	4002	2056	100744	0	
2	 4	 2	 3	sample62	1683	3739	1542	86352	0	
2	 4	 2	 4	sample62	1452	3252	1542	72000	0	
2	 4	 2	 5	sample62	1124	2924	1028	72000	0	
2	 4	 2	 6	control	8207	10007	8480	109800	0	
2	 4	 3	 1	sample63	2455	5025	2570	131070	0	
2	 4	 3	 2	sample63	2579	4893	2570	120328	0	
2	 4	 3	 3	sample63	1838	4152	1798	104130	0	
2	 4	 3	 4	sample63	1536	3592	1542	82240	0	
2	 4	 3	 5	sample63	1093	3149	1028	82240	0	
2	 4	 3	 6	control	636	2950	514	92560	0	
2	 4	 4	 1	sample64	1541	4369	1542	107464	0	
2	 4	 4	 2	sample64	1800	4370	1800	97660	0	
2	 4	 4	 3	sample64	984	3554	772	102800	0	
2	 4	 4	 4	sample64	707	3277	772	102800	0	
2	 4	 4	 5	sample64	547	3117	514	102800	0	
2	 4	 4	 6	control	2383	5211	1798	113120	0	
2	 5	 1	 1	sample65	2872	4670	2828	82708	0	
2	 5	 1	 2	sample65	2039	3837	2056	160022	0	
2	 5	 1	 3	sample65	2773	4315	2826	74016	0	
2	 5	 1	 4	sample65	1662	3204	1798	72474	0	
2	 5	 1	 5	sample65	1381	2923	1284	61680	0	
2	 5	 1	 6	control	765	2049	772	51360	0	
2	 5	 2	 1	sample66	1588	3900	1542	92480	0	
2	 5	 2	 2	sample66	2122	4178	2056	102800	0	
2	 5	 2	 3	sample66	1814	3870	1798	100744	0	
2	 5	 2	 4	sample66	944	3000	770	82240	0	
2	 5	 2	 5	sample66	1253	3051	1286	71920	0	
2	 5	 2	 6	control	8267	10065	8224	109678	0	
2	 5	 3	 1	sample67	4163	6989	4112	129996	0	
2	 5	 3	 2	sample67	4338	6908	4626	131070	0	
2	 5	 3	 3	sample67	3207	5777	3340	128500	0	
2	 5	 3	 4	sample67	2622	4934	2570	104040	0	
2	 5	 3	 5	sample67	1562	3874	1542	92480	0	
2	 5	 3	 6	control	436	2748	258	83232	0	
2	 5	 4	 1	sample68	6400	9740	6940	167000	0	
2	 5	 4	 2	sample68	3695	7035	4112	160320	0	
2	 5	 4	 3	sample68	3039	6123	2826	160368	0	
2	 5	 4	 4	sample68	2271	5355	2056	154200	0	
2	 5	 4	 5	sample68	1708	4534	1542	79128	0	
2	 5	 4	 6	control	2840	5666	2314	113040	0	
2	 6	 1	 1	sample69	3386	4928	3598	80184	0	
2	 6	 1	 2	sample69	2381	3923	2570	81726	0	
2	 6	 1	 3	sample69	2046	3332	2056	105452	0	
2	 6	 1	 4	sample69	1475	2761	1542	99022	0	
2	 6	 1	 5	sample69	1351	2637	1542	79732	0	
2	 6	 1	 6	control	984	2012	1028	41120	0	
2	 6	 2	 1	sample70	2415	4471	2570	108968	0	
2	 6	 2	 2	sample70	2169	3969	2312	90000	0	
2	 6	 2	 3	sample70	1774	3316	1800	61680	0	
2	 6	 2	 4	sample70	1183	2725	1028	61680	0	
2	 6	 2	 5	sample70	1324	2866	1286	30840	0	
2	 6	 2	 6	control	6119	7661	5912	120276	0	
2	 6	 3	 1	sample71	729	3299	772	92520	0	
2	 6	 3	 2	sample71	1407	3721	1542	97188	0	
2	 6	 3	 3	sample71	1215	3271	1286	82240	0	
2	 6	 3	 4	sample71	1510	3566	1542	80184	0	
2	 6	 3	 5	sample71	1085	2885	1028	72000	0	
2	 6	 3	 6	control	571	2371	514	64800	0	
2	 6	 4	 1	sample72	2424	5508	2570	157284	0	
2	 6	 4	 2	sample72	1734	4562	1798	113120	0	
2	 6	 4	 3	sample72	1142	3712	1286	87380	0	
2	 6	 4	 4	sample72	1095	3409	770	78676	0	
2	 6	 4	 5	sample72	628	3198	258	87380	0	
2	 6	 4	 6	control	2827	5397	2056	102800	0	
2	 7	 1	 1	sample73	4433	6233	4112	144000	0	
2	 7	 1	 2	sample73	3727	5269	3598	117192	0	
2	 7	 1	 3	sample73	3334	4876	3598	104856	0	
2	 7	 1	 4	sample73	2400	3686	2312	64300	0	
2	 7	 1	 5	sample73	2028	3314	2056	59156	0	
2	 7	 1	 6	control	578	1864	514	46296	0	
2	 7	 2	 1	sample74	2246	4302	2314	108968	0	
2	 7	 2	 2	sample74	2862	4918	2828	106912	0	
2	 7	 2	 3	sample74	2105	4161	2314	108968	0	
2	 7	 2	 4	sample74	1731	3531	1798	68400	0	
2	 7	 2	 5	sample74	1148	2948	1028	61200	0	
2	 7	 2	 6	control	9256	11056	10280	117000	0	
2	 7	 3	 1	sample75	918	3232	770	92560	0	
2	 7	 3	 2	sample75	783	3097	770	92560	0	
2	 7	 3	 3	sample75	1368	3682	1284	92560	0	
2	 7	 3	 4	sample75	1021	3077	1028	69904	0	
2	 7	 3	 5	sample75	572	2628	514	74016	0	
2	 7	 3	 6	control	515	2571	514	82240	0	
2	 7	 4	 1	sample76	5907	8735	5910	195132	0	
2	 7	 4	 2	sample76	4197	7025	4112	127260	0	
2	 7	 4	 3	sample76	1940	4768	2056	138572	0	
2	 7	 4	 4	sample76	1639	4209	1286	102800	0	
2	 7	 4	 5	sample76	635	3205	514	87380	0	
2	 7	 4	 6	control	2870	5440	2314	92520	0	
2	 8	 1	 1	sample77	3262	5318	2826	162424	0	
2	 8	 1	 2	sample77	3430	5228	3598	140244	0	
2	 8	 1	 3	sample77	2411	4209	2314	89900	0	
2	 8	 1	 4	sample77	1273	3071	1286	71920	0	
2	 8	 1	 5	sample77	1259	2801	1284	61680	0	
2	 8	 1	 6	control	521	2319	514	71920	0	
2	 8	 2	 1	sample78	2261	4573	2314	113288	0	
2	 8	 2	 2	sample78	1902	4214	2056	104040	0	
2	 8	 2	 3	sample78	1464	3520	1542	82240	0	
2	 8	 2	 4	sample78	1743	3799	1798	57568	0	
2	 8	 2	 5	sample78	1040	3096	1028	82240	0	
2	 8	 2	 6	control	10273	12585	11052	152592	0	
2	 8	 3	 1	sample79	2641	5467	2828	113040	0	
2	 8	 3	 2	sample79	2487	5057	2570	136210	0	
2	 8	 3	 3	sample79	2179	4491	2056	92480	0	
2	 8	 3	 4	sample79	1794	4106	1800	101728	0	
2	 8	 3	 5	sample79	907	3219	772	92480	0	
2	 8	 3	 6	control	380	2692	258	92480	0	
2	 8	 4	 1	sample80	4241	7581	4370	167000	0	
2	 8	 4	 2	sample80	2611	5695	2570	132612	0	
2	 8	 4	 3	sample80	436	3520	514	123360	0	
2	 8	 4	 4	sample80	1124	3694	1028	102800	0	
2	 8	 4	 5	sample80	404	2974	256	102800	0	
2	 8	 4	 6	control	2364	4934	2312	102800	0	
2	 9	 1	 1	sample81	2951	4749	2828	93496	0	
2	 9	 1	 2	sample81	2126	3924	2056	93496	0	
2	 9	 1	 3	sample81	1912	3710	2056	89900	0	
2	 9	 1	 4	sample81	1642	3184	1798	63222	0	
2	 9	 1	 5	sample81	1163	2961	1028	71920	0	
2	 9	 1	 6	control	462	2518	514	82240	0	
2	 9	 2	 1	sample82	5739	8051	5398	134096	0	
2	 9	 2	 2	sample82	4091	6147	4368	127472	0	
2	 9	 2	 3	sample82	4762	6818	4882	34952	0	
2	 9	 2	 4	sample82	2433	4489	2570	135696	0	
2	 9	 2	 5	sample82	2026	3824	2314	75516	0	
2	 9	 2	 6	control	5953	8009	6682	111024	0	
2	 9	 3	 1	sample83	4596	7166	4368	177330	0	
2	 9	 3	 2	sample83	4829	7141	4884	32368	0	
2	 9	 3	 3	sample83	2917	5229	2828	106352	0	
2	 9	 3	 4	sample83	2500	4812	2570	92480	0	
2	 9	 3	 5	sample83	1207	3263	1284	82240	0	
2	 9	 3	 6	control	431	2743	258	92480	0	
2	 9	 4	 1	sample84	3873	6443	4112	177330	0	
2	 9	 4	 2	sample84	2446	5272	2314	98910	0	
2	 9	 4	 3	sample84	1407	3977	1542	102800	0	
2	 9	 4	 4	sample84	1337	3649	1286	92480	0	
2	 9	 4	 5	sample84	611	2923	514	92480	0	
2	 9	 4	 6	control	3322	5892	2570	69390	0	
2	 10	 1	 1	sample85	4488	6800	4112	205768	0	
2	 10	 1	 2	sample85	4737	7049	4370	178024	0	
2	 10	 1	 3	sample85	3278	5590	3342	159528	0	
2	 10	 1	 4	sample85	2391	4961	2312	133640	0	
2	 10	 1	 5	sample85	1890	4460	1798	107940	0	
2	 10	 1	 6	control	534	3360	514	113040	0	
2	 10	 2	 1	sample86	1464	4034	1284	102800	0	
2	 10	 2	 2	sample86	1644	4214	1798	102800	0	
2	 10	 2	 3	sample86	1689	4259	1542	102800	0	
2	 10	 2	 4	sample86	1535	4105	1542	102800	0	
2	 10	 2	 5	sample86	1593	4163	1542	102800	0	
2	 10	 2	 6	control	9212	12296	9766	243636	0	
2	 10	 3	 1	sample87	6115	8685	6168	113080	0	
2	 10	 3	 2	sample87	3323	5893	3340	113080	0	
2	 10	 3	 3	sample87	2137	4707	2056	120790	0	
2	 10	 3	 4	sample87	1742	4568	1800	113040	0	
2	 10	 3	 5	sample87	1163	3989	1028	113040	0	
2	 10	 3	 6	control	327	3411	256	123360	0	
2	 10	 4	 1	sample88	3677	6503	3856	194994	0	
2	 10	 4	 2	sample88	2519	5345	2570	127170	0	
2	 10	 4	 3	sample88	1241	4067	1286	113040	0	
2	 10	 4	 4	sample88	1234	4060	1286	113040	0	
2	 10	 4	 5	sample88	611	3437	514	113040	0	
2	 10	 4	 6	control	3576	6660	3598	262140	0	
2	 11	 1	 1	sample89	7155	8441	8224	113168	0	
2	 11	 1	 2	sample89	5060	6346	5654	117026	0	
2	 11	 1	 3	sample89	4356	5642	4882	108024	0	
2	 11	 1	 4	sample89	5026	6312	5140	64300	0	
2	 11	 1	 5	sample89	3334	4620	3854	95164	0	
2	 11	 1	 6	control	841	2127	770	51440	0	
2	 11	 2	 1	sample90	3947	5747	3598	95400	0	
2	 11	 2	 2	sample90	4030	5572	4112	77100	0	
2	 11	 2	 3	sample90	4330	5616	4368	68158	0	
2	 11	 2	 4	sample90	3701	4987	3854	60442	0	
2	 11	 2	 5	sample90	2482	3768	2570	68158	0	
2	 11	 2	 6	control	7759	9301	8482	106398	0	
2	 11	 3	 1	sample91	5563	7105	5912	146490	0	
2	 11	 3	 2	sample91	4966	6508	4626	72474	0	
2	 11	 3	 3	sample91	3335	4621	3598	63014	0	
2	 11	 3	 4	sample91	3035	4321	3084	61728	0	
2	 11	 3	 5	sample91	1750	3036	1798	61728	0	
2	 11	 3	 6	control	444	1986	514	61680	0	
2	 11	 4	 1	sample92	1106	2648	1028	61680	0	
2	 11	 4	 2	sample92	1118	2404	1028	51440	0	
2	 11	 4	 3	sample92	1104	2390	1284	51440	0	
2	 11	 4	 4	sample92	1182	2468	1028	51440	0	
2	 11	 4	 5	sample92	719	2005	770	51440	0	
2	 11	 4	 6	control	6535	8077	6940	104856	0	
2	 12	 1	 1	sample93	2388	3672	2570	101436	0	
2	 12	 1	 2	sample93	2141	3425	2056	78324	0	
2	 12	 1	 3	sample93	2248	3790	2570	61680	0	
2	 12	 1	 4	sample93	1826	3882	2056	57568	0	
2	 12	 1	 5	sample93	1753	4065	1800	50864	0	
2	 12	 1	 6	control	649	3219	514	102800	0	
2	 12	 2	 1	sample94	1658	2942	1542	51360	0	
2	 12	 2	 2	sample94	2189	3473	2314	44940	0	
2	 12	 2	 3	sample94	2364	3906	2056	69390	0	
2	 12	 2	 4	sample94	1729	3527	1800	71920	0	
2	 12	 2	 5	sample94	2366	4678	2570	113288	0	
2	 12	 2	 6	control	10739	13309	12592	133640	0	
2	 12	 3	 1	sample95	2053	3337	2056	86028	0	
2	 12	 3	 2	sample95	1914	3198	1800	46224	0	
2	 12	 3	 3	sample95	1767	3565	1800	43152	0	
2	 12	 3	 4	sample95	1112	2910	1028	71920	0	
2	 12	 3	 5	sample95	1246	3302	1284	82240	0	
2	 12	 3	 6	control	687	3257	770	102800	0	
2	 12	 4	 1	sample96	2629	3913	2828	78324	0	
2	 12	 4	 2	sample96	1900	3442	2056	58596	0	
2	 12	 4	 3	sample96	2077	3875	2056	66526	0	
2	 12	 4	 4	sample96	718	2774	770	69904	0	
2	 12	 4	 5	sample96	945	3257	1028	78608	0	
2	 12	 4	 6	control	7798	10624	8224	141300	0	
3	 1	 1	 1	sample97	4551	7377	4626	115866	0	
3	 1	 1	 2	sample97	3658	6484	3598	121518	0	
3	 1	 1	 3	sample97	3540	6110	3340	102800	0	
3	 1	 1	 4	sample97	3031	5857	3084	96084	0	
3	 1	 1	 5	sample97	2114	4940	2056	113040	0	
3	 1	 1	 6	control	1175	4259	1028	123360	0	
3	 1	 2	 1	sample98	6035	8861	6168	141300	0	
3	 1	 2	 2	sample98	5414	7984	6424	190180	0	
3	 1	 2	 3	sample98	1910	4222	1800	113288	0	
3	 1	 2	 4	sample98	2944	5514	2826	118220	0	
3	 1	 2	 5	sample98	2971	5797	3084	141300	0	
3	 1	 2	 6	control	7671	10755	7452	163452	0	
3	 1	 3	 1	sample99	797	3109	0	92480	0	
3	 1	 3	 2	sample99	1249	3305	1028	74016	0	
3	 1	 3	 3	sample99	2880	4936	2570	108968	0	
3	 1	 3	 4	sample99	2959	5271	3084	113288	0	
3	 1	 3	 5	sample99	4469	7039	4626	131070	0	
3	 1	 3	 6	control	783	3353	770	102800	0	
3	 1	 4	 1	sample100	3531	4815	3342	59064	0	
3	 1	 4	 2	sample100	2938	4480	3084	70932	0	
3	 1	 4	 3	sample100	2812	4354	2570	81726	0	
3	 1	 4	 4	sample100	1644	3442	1542	95294	0	
3	 1	 4	 5	sample100	1631	3687	1542	82240	0	
3	 1	 4	 6	control	5521	7577	5654	148032	0	
3	 2	 1	 1	sample101	3622	5936	3854	120328	0	
3	 2	 1	 2	sample101	2283	4597	2312	122642	0	
3	 2	 1	 3	sample101	2357	4413	2314	96632	0	
3	 2	 1	 4	sample101	1923	3979	2056	102800	0	
3	 2	 1	 5	sample101	1889	3945	2056	82240	0	
3	 2	 1	 6	control	809	3123	770	92560	0	
3	 2	 2	 1	sample102	854	3168	770	92560	0	
3	 2	 2	 2	sample102	854	3168	770	92560	0	
3	 2	 2	 3	sample102	643	2699	514	82240	0	
3	 2	 2	 4	sample102	1061	3117	1028	82240	0	
3	 2	 2	 5	sample102	1241	3297	1286	82240	0	
3	 2	 2	 6	control	8720	11034	10022	173550	0	
3	 2	 3	 1	sample103	6297	8867	6426	226160	0	
3	 2	 3	 2	sample103	6095	8923	7196	149884	0	
3	 2	 3	 3	sample103	4991	7305	5140	224458	0	
3	 2	 3	 4	sample103	4949	7005	5398	162424	0	
3	 2	 3	 5	sample103	4107	6163	4112	94576	0	
3	 2	 3	 6	control	589	2903	514	78676	0	
3	 2	 4	 1	sample104	2142	4198	2056	92520	0	
3	 2	 4	 2	sample104	1617	3673	1800	78128	0	
3	 2	 4	 3	sample104	1471	3271	1542	72000	0	
3	 2	 4	 4	sample104	1708	3508	1542	91800	0	
3	 2	 4	 5	sample104	679	2479	514	50400	0	
3	 2	 4	 6	control	3435	5491	3084	106912	0	
3	 3	 1	 1	sample105	3210	5010	3340	138600	0	
3	 3	 1	 2	sample105	2842	4642	2826	147600	0	
3	 3	 1	 3	sample105	2497	4039	2828	129528	0	
3	 3	 1	 4	sample105	1755	3555	1798	73800	0	
3	 3	 1	 5	sample105	1349	3149	1542	72000	0	
3	 3	 1	 6	control	758	2558	770	72000	0	
3	 3	 2	 1	sample106	7354	9668	7452	175864	0	
3	 3	 2	 2	sample106	5580	7636	5398	162424	0	
3	 3	 2	 3	sample106	4417	6217	4626	153000	0	
3	 3	 2	 4	sample106	3010	4810	2826	131400	0	
3	 3	 2	 5	sample106	1947	4003	2056	82240	0	
3	 3	 2	 6	control	8076	10132	9252	160368	0	
3	 3	 3	 1	sample107	4839	6895	4626	178872	0	
3	 3	 3	 2	sample107	2805	4861	2570	207656	0	
3	 3	 3	 3	sample107	2729	4785	2828	106912	0	
3	 3	 3	 4	sample107	2069	3869	2312	72000	0	
3	 3	 3	 5	sample107	1003	3059	1028	82240	0	
3	 3	 3	 6	control	553	2609	514	82240	0	
3	 3	 4	 1	sample108	6315	8115	6424	131400	0	
3	 3	 4	 2	sample108	4440	6240	5140	142200	0	
3	 3	 4	 3	sample108	3492	5292	3598	153000	0	
3	 3	 4	 4	sample108	2190	3990	2056	72000	0	
3	 3	 4	 5	sample108	1111	2911	1028	72000	0	
3	 3	 4	 6	control	3483	5283	3340	64800	0	
3	 4	 1	 1	sample109	2881	4423	2828	81726	0	
3	 4	 1	 2	sample109	3182	4724	3598	114108	0	
3	 4	 1	 3	sample109	2909	4195	2826	64300	0	
3	 4	 1	 4	sample109	2109	3395	2056	55298	0	
3	 4	 1	 5	sample109	1582	3124	1542	69390	0	
3	 4	 1	 6	control	887	2429	772	61680	0	
3	 4	 2	 1	sample110	2894	4694	2826	95400	0	
3	 4	 2	 2	sample110	2569	4369	2570	95400	0	
3	 4	 2	 3	sample110	1819	3361	1800	61680	0	
3	 4	 2	 4	sample110	2016	3558	2056	58596	0	
3	 4	 2	 5	sample110	1587	3387	1542	72000	0	
3	 4	 2	 6	control	9297	11097	9766	131400	0	
3	 4	 3	 1	sample111	3325	5125	3598	117000	0	
3	 4	 3	 2	sample111	2152	3952	2056	81000	0	
3	 4	 3	 3	sample111	2541	4083	2314	67848	0	
3	 4	 3	 4	sample111	1870	3412	1800	61680	0	
3	 4	 3	 5	sample111	1130	2930	1028	72000	0	
3	 4	 3	 6	control	719	2519	514	72000	0	
3	 4	 4	 1	sample112	1207	2493	1284	51440	0	
3	 4	 4	 2	sample112	1439	2725	1284	51440	0	
3	 4	 4	 3	sample112	1156	2442	1284	51440	0	
3	 4	 4	 4	sample112	876	2418	772	49344	0	
3	 4	 4	 5	sample112	723	2265	772	49344	0	
3	 4	 4	 6	control	4835	6635	4626	108000	0	
3	 5	 1	 1	sample113	5254	7568	5140	187434	0	
3	 5	 1	 2	sample113	6975	9289	7452	161980	0	
3	 5	 1	 3	sample113	3989	6303	3598	159666	0	
3	 5	 1	 4	sample113	2869	4925	2828	139808	0	
3	 5	 1	 5	sample113	3015	4815	3084	81000	0	
3	 5	 1	 6	control	764	2564	770	72000	0	
3	 5	 2	 1	sample114	2935	5505	3342	128500	0	
3	 5	 2	 2	sample114	3172	5486	3340	120328	0	
3	 5	 2	 3	sample114	1826	4140	2056	108758	0	
3	 5	 2	 4	sample114	1703	3759	1800	98688	0	
3	 5	 2	 5	sample114	1697	3753	1542	82240	0	
3	 5	 2	 6	control	9297	11353	10280	154200	0	
3	 5	 3	 1	sample115	1548	3862	1798	92560	0	
3	 5	 3	 2	sample115	90.4	2146	-255.99	82240	0	
3	 5	 3	 3	sample115	1138	3194	1028	82240	0	
3	 5	 3	 4	sample115	1278	3078	1284	72000	0	
3	 5	 3	 5	sample115	983	3039	1028	82240	0	
3	 5	 3	 6	control	547	2603	514	82240	0	
3	 5	 4	 1	sample116	682	2738	772	82240	0	
3	 5	 4	 2	sample116	1656	3456	1798	81000	0	
3	 5	 4	 3	sample116	1073	2873	1028	72000	0	
3	 5	 4	 4	sample116	616	2416	770	72000	0	
3	 5	 4	 5	sample116	571	2371	514	72000	0	
3	 5	 4	 6	control	2679	4735	2314	224104	0	
3	 6	 1	 1	sample117	3324	5380	3342	154200	0	
3	 6	 1	 2	sample117	3702	5758	3598	148032	0	
3	 6	 1	 3	sample117	2961	5017	3342	154200	0	
3	 6	 1	 4	sample117	1620	3676	1542	82240	0	
3	 6	 1	 5	sample117	2513	4313	2570	73800	0	
3	 6	 1	 6	control	926	2982	772	82240	0	
3	 6	 2	 1	sample118	2083	4397	2056	108758	0	
3	 6	 2	 2	sample118	2417	4731	2570	136526	0	
3	 6	 2	 3	sample118	1317	3631	1284	92560	0	
3	 6	 2	 4	sample118	1894	3950	2056	84296	0	
3	 6	 2	 5	sample118	1693	4007	1798	39338	0	
3	 6	 2	 6	control	10194	12508	10794	145782	0	
3	 6	 3	 1	sample119	3171	5485	3084	182806	0	
3	 6	 3	 2	sample119	2846	5160	2826	92560	0	
3	 6	 3	 3	sample119	2614	4928	2570	92560	0	
3	 6	 3	 4	sample119	2313	4627	2312	67106	0	
3	 6	 3	 5	sample119	1047	3361	1028	92560	0	
3	 6	 3	 6	control	694	3264	514	102800	0	
3	 6	 4	 1	sample120	3348	5404	3342	168592	0	
3	 6	 4	 2	sample120	3659	5715	4112	131584	0	
3	 6	 4	 3	sample120	2041	4097	2056	135696	0	
3	 6	 4	 4	sample120	1440	3496	1286	82240	0	
3	 6	 4	 5	sample120	770	3084	770	92560	0	
3	 6	 4	 6	control	5411	7981	4884	95090	0	
3	 7	 1	 1	sample121	7192	9248	6938	148032	0	
3	 7	 1	 2	sample121	6114	8170	5910	166536	0	
3	 7	 1	 3	sample121	4174	6230	4112	152144	0	
3	 7	 1	 4	sample121	2648	4446	2828	125860	0	
3	 7	 1	 5	sample121	2363	4161	2314	149234	0	
3	 7	 1	 6	control	630	2428	514	71920	0	
3	 7	 2	 1	sample122	3296	5866	3340	102800	0	
3	 7	 2	 2	sample122	2946	5516	3084	105370	0	
3	 7	 2	 3	sample122	2166	4478	2314	92480	0	
3	 7	 2	 4	sample122	1401	3713	1286	92480	0	
3	 7	 2	 5	sample122	849	3161	772	92480	0	
3	 7	 2	 6	control	9282	11594	11052	180336	0	
3	 7	 3	 1	sample123	7052	9878	6940	231732	0	
3	 7	 3	 2	sample123	4534	7360	4370	282600	0	
3	 7	 3	 3	sample123	4271	6841	4626	107940	0	
3	 7	 3	 4	sample123	2501	5071	2570	125930	0	
3	 7	 3	 5	sample123	1727	4297	1798	110510	0	
3	 7	 3	 6	control	115	2685	256	102800	0	
3	 7	 4	 1	sample124	6126	8696	5654	192750	0	
3	 7	 4	 2	sample124	4924	7494	4882	190180	0	
3	 7	 4	 3	sample124	2668	5238	2570	133640	0	
3	 7	 4	 4	sample124	1400	3970	1284	102800	0	
3	 7	 4	 5	sample124	900	3212	1028	92480	0	
3	 7	 4	 6	control	4916	7228	3856	92480	0	
3	 8	 1	 1	sample125	4955	7525	4882	136210	0	
3	 8	 1	 2	sample125	5856	8168	5912	117912	0	
3	 8	 1	 3	sample125	4448	6246	4370	88102	0	
3	 8	 1	 4	sample125	2489	4031	2570	74016	0	
3	 8	 1	 5	sample125	2603	3887	2570	61632	0	
3	 8	 1	 6	control	797	2081	772	51360	0	
3	 8	 2	 1	sample126	12719	16317	13620	277046	0	
3	 8	 2	 2	sample126	11170	14254	12850	231300	0	
3	 8	 2	 3	sample126	9691	12261	10536	203030	0	
3	 8	 2	 4	sample126	7985	10297	8224	168776	0	
3	 8	 2	 5	sample126	6232	8288	5910	156256	0	
3	 8	 2	 6	control	8967	11023	9766	152144	0	
3	 8	 3	 1	sample127	6533	10131	6938	187096	0	
3	 8	 3	 2	sample127	3690	7288	3598	190694	0	
3	 8	 3	 3	sample127	4686	7770	4626	144948	0	
3	 8	 3	 4	sample127	4368	6938	4626	120790	0	
3	 8	 3	 5	sample127	2513	4825	2570	113288	0	
3	 8	 3	 6	control	425	2737	514	92480	0	
3	 8	 4	 1	sample128	6457	9283	6168	113040	0	
3	 8	 4	 2	sample128	3610	6694	3340	123360	0	
3	 8	 4	 3	sample128	4056	7140	4112	129528	0	
3	 8	 4	 4	sample128	1471	4041	1542	102800	0	
3	 8	 4	 5	sample128	552	3122	514	102800	0	
3	 8	 4	 6	control	4912	7482	4112	113080	0	
3	 9	 1	 1	sample129	3624	5422	3598	91698	0	
3	 9	 1	 2	sample129	4310	5852	4626	107940	0	
3	 9	 1	 3	sample129	3258	4800	3084	77100	0	
3	 9	 1	 4	sample129	2236	3520	2056	51360	0	
3	 9	 1	 5	sample129	1825	3109	1800	51360	0	
3	 9	 1	 6	control	682	1966	772	51360	0	
3	 9	 2	 1	sample130	11549	14375	12594	214776	0	
3	 9	 2	 2	sample130	11573	14143	12850	226160	0	
3	 9	 2	 3	sample130	8826	11138	8482	189584	0	
3	 9	 2	 4	sample130	6703	8759	7196	148032	0	
3	 9	 2	 5	sample130	6398	8454	6168	137752	0	
3	 9	 2	 6	control	8297	10095	8738	120466	0	
3	 9	 3	 1	sample131	-404.19	2422	-769.99	113040	0	
3	 9	 3	 2	sample131	-320.74	2505	-769.99	113040	0	
3	 9	 3	 3	sample131	1156	3726	1028	102800	0	
3	 9	 3	 4	sample131	1279	3591	1286	92480	0	
3	 9	 3	 5	sample131	1343	3655	1286	92480	0	
3	 9	 3	 6	control	450	2762	514	92480	0	
3	 9	 4	 1	sample132	2618	5444	2570	121518	0	
3	 9	 4	 2	sample132	1464	4548	1284	123360	0	
3	 9	 4	 3	sample132	1074	3900	1286	113040	0	
3	 9	 4	 4	sample132	989	3559	770	102800	0	
3	 9	 4	 5	sample132	822	3392	770	102800	0	
3	 9	 4	 6	control	5556	8126	5140	128500	0	
3	 10	 1	 1	sample133	3443	4985	3084	135696	0	
3	 10	 1	 2	sample133	3773	5315	3854	117192	0	
3	 10	 1	 3	sample133	2834	4118	2828	51360	0	
3	 10	 1	 4	sample133	1967	3251	1800	51360	0	
3	 10	 1	 5	sample133	1932	3216	1800	39804	0	
3	 10	 1	 6	control	829	2113	1028	51360	0	
3	 10	 2	 1	sample134	2675	4731	2570	104856	0	
3	 10	 2	 2	sample134	2758	4814	3084	131584	0	
3	 10	 2	 3	sample134	2167	3965	2056	91698	0	
3	 10	 2	 4	sample134	1831	3373	1798	61680	0	
3	 10	 2	 5	sample134	1759	3557	1800	79112	0	
3	 10	 2	 6	control	7954	9752	7968	134850	0	
3	 10	 3	 1	sample135	4081	6393	4112	205768	0	
3	 10	 3	 2	sample135	5345	7401	5654	82240	0	
3	 10	 3	 3	sample135	2848	4646	2828	89900	0	
3	 10	 3	 4	sample135	2348	4404	2312	102800	0	
3	 10	 3	 5	sample135	1337	3135	1286	71920	0	
3	 10	 3	 6	control	714	2512	772	71920	0	
3	 10	 4	 1	sample136	1619	4189	1798	102800	0	
3	 10	 4	 2	sample136	1162	3732	1284	102800	0	
3	 10	 4	 3	sample136	1009	3321	1028	92480	0	
3	 10	 4	 4	sample136	899	2955	770	82240	0	
3	 10	 4	 5	sample136	848	2904	770	82240	0	
3	 10	 4	 6	control	5388	7444	5140	125416	0	
3	 11	 1	 1	sample137	7524	9836	8738	184960	0	
3	 11	 1	 2	sample137	5588	7644	6682	176816	0	
3	 11	 1	 3	sample137	4948	7004	5140	145976	0	
3	 11	 1	 4	sample137	3433	5489	3598	131584	0	
3	 11	 1	 5	sample137	2664	4720	2826	172704	0	
3	 11	 1	 6	control	405	2717	258	92480	0	
3	 11	 2	 1	sample138	4625	7195	4626	187610	0	
3	 11	 2	 2	sample138	4853	7423	5140	177330	0	
3	 11	 2	 3	sample138	4915	7227	5140	205768	0	
3	 11	 2	 4	sample138	3451	5763	3598	108664	0	
3	 11	 2	 5	sample138	3259	5571	3342	108664	0	
3	 11	 2	 6	control	8712	11282	10022	179900	0	
3	 11	 3	 1	sample139	3723	6293	2570	100230	0	
3	 11	 3	 2	sample139	2367	4679	2314	122536	0	
3	 11	 3	 3	sample139	2073	4385	2056	108664	0	
3	 11	 3	 4	sample139	1722	4034	1542	92480	0	
3	 11	 3	 5	sample139	1099	3411	1028	92480	0	
3	 11	 3	 6	control	533	3103	514	102800	0	
3	 11	 4	 1	sample140	2474	5044	2570	131070	0	
3	 11	 4	 2	sample140	2099	4411	2056	110976	0	
3	 11	 4	 3	sample140	2273	4585	2314	117912	0	
3	 11	 4	 4	sample140	1118	3430	1028	92480	0	
3	 11	 4	 5	sample140	900	3212	772	92480	0	
3	 11	 4	 6	control	6925	9495	7452	146490	0	
3	 12	 1	 1	sample141	5513	7569	4882	199432	0	
3	 12	 1	 2	sample141	5579	7635	5396	162424	0	
3	 12	 1	 3	sample141	3852	6164	3856	178024	0	
3	 12	 1	 4	sample141	3018	5588	3084	131070	0	
3	 12	 1	 5	sample141	2612	5438	2828	138474	0	
3	 12	 1	 6	control	931	4015	770	123360	0	
3	 12	 2	 1	sample142	5860	8172	6168	173400	0	
3	 12	 2	 2	sample142	4991	7303	5398	159528	0	
3	 12	 2	 3	sample142	4494	6806	4626	210392	0	
3	 12	 2	 4	sample142	3736	6306	4112	190180	0	
3	 12	 2	 5	sample142	3153	5979	3342	127170	0	
3	 12	 2	 6	control	10055	13395	11052	243820	0	
3	 12	 3	 1	sample143	2603	4915	2314	92480	0	
3	 12	 3	 2	sample143	2214	4526	2314	184960	0	
3	 12	 3	 3	sample143	1549	3861	1542	92480	0	
3	 12	 3	 4	sample143	1317	3887	1284	102800	0	
3	 12	 3	 5	sample143	995	4079	1028	123360	0	
3	 12	 3	 6	control	778	4118	772	133600	0	
3	 12	 4	 1	sample144	2442	4754	2828	203456	0	
3	 12	 4	 2	sample144	2374	4686	2828	175712	0	
3	 12	 4	 3	sample144	2298	4610	2314	117912	0	
3	 12	 4	 4	sample144	2068	4638	2056	102800	0	
3	 12	 4	 5	sample144	1784	4610	1800	90432	0	
3	 12	 4	 6	control	7744	11084	8482	257180	0	
4	 1	 1	 1	sample145	3713	5769	3342	92520	0	
4	 1	 1	 2	sample145	3730	5786	3856	172704	0	
4	 1	 1	 3	sample145	2794	4850	2828	108968	0	
4	 1	 1	 4	sample145	2078	4134	2056	98688	0	
4	 1	 1	 5	sample145	2348	4404	2314	106912	0	
4	 1	 1	 6	control	1140	3454	1028	74048	0	
4	 1	 2	 1	sample146	2732	4788	2570	88408	0	
4	 1	 2	 2	sample146	2018	4074	1800	108968	0	
4	 1	 2	 3	sample146	855	2911	258	82240	0	
4	 1	 2	 4	sample146	1829	3885	1800	108968	0	
4	 1	 2	 5	sample146	1526	3582	1286	98688	0	
4	 1	 2	 6	control	7780	9836	7968	160368	0	
4	 1	 3	 1	sample147	1707	3507	1542	50400	0	
4	 1	 3	 2	sample147	1856	3656	1798	72000	0	
4	 1	 3	 3	sample147	1889	3689	1798	72000	0	
4	 1	 3	 4	sample147	1954	3754	1798	68400	0	
4	 1	 3	 5	sample147	1156	2956	1028	36000	0	
4	 1	 3	 6	control	1040	2840	1028	72000	0	
4	 1	 4	 1	sample148	1046	2846	1028	75600	0	
4	 1	 4	 2	sample148	418	1960	514	61680	0	
4	 1	 4	 3	sample148	-140.84	1401	-255.99	61680	0	
4	 1	 4	 4	sample148	520	1806	514	51440	0	
4	 1	 4	 5	sample148	462	1748	514	51440	0	
4	 1	 4	 6	control	4898	6184	5140	104166	0	
4	 2	 1	 1	sample149	3014	5840	3084	113040	0	
4	 2	 1	 2	sample149	2615	5441	2570	113040	0	
4	 2	 1	 3	sample149	2140	4966	2314	113040	0	
4	 2	 1	 4	sample149	2145	4715	2056	102800	0	
4	 2	 1	 5	sample149	1343	4169	1286	113040	0	
4	 2	 1	 6	control	714	3540	514	113040	0	
4	 2	 2	 1	sample150	3414	5984	3340	107940	0	
4	 2	 2	 2	sample150	3201	5771	3084	61680	0	
4	 2	 2	 3	sample150	1811	4381	2056	102800	0	
4	 2	 2	 4	sample150	2301	4613	2314	97104	0	
4	 2	 2	 5	sample150	1565	4135	1542	56540	0	
4	 2	 2	 6	control	8699	11011	9510	164152	0	
4	 2	 3	 1	sample151	2467	4523	2312	82240	0	
4	 2	 3	 2	sample151	2221	4533	2056	108664	0	
4	 2	 3	 3	sample151	2512	4568	2312	82240	0	
4	 2	 3	 4	sample151	1336	3392	1284	92520	0	
4	 2	 3	 5	sample151	668	2724	514	82240	0	
4	 2	 3	 6	control	430	2486	256	82240	0	
4	 2	 4	 1	sample152	4422	5706	4112	56496	0	
4	 2	 4	 2	sample152	2040	3324	1800	59064	0	
4	 2	 4	 3	sample152	2409	3437	2312	41120	0	
4	 2	 4	 4	sample152	1942	2970	2056	53456	0	
4	 2	 4	 5	sample152	1357	2641	1286	64200	0	
4	 2	 4	 6	control	5602	6886	6168	82176	0	
4	 3	 1	 1	sample153	2424	5766	2312	147048	0	
4	 3	 1	 2	sample153	4054	7396	4368	163758	0	
4	 3	 1	 3	sample153	3216	6300	3084	132612	0	
4	 3	 1	 4	sample153	2558	5642	2828	123360	0	
4	 3	 1	 5	sample153	1697	5039	1798	160416	0	
4	 3	 1	 6	control	546	3888	514	106944	0	
4	 3	 2	 1	sample154	1792	4620	1798	121604	0	
4	 3	 2	 2	sample154	2175	5003	2056	121604	0	
4	 3	 2	 3	sample154	1527	4097	1542	82240	0	
4	 3	 2	 4	sample154	1464	4292	1284	113120	0	
4	 3	 2	 5	sample154	1006	3834	1028	101808	0	
4	 3	 2	 6	control	8307	11391	9252	172704	0	
4	 3	 3	 1	sample155	1355	3669	1284	92560	0	
4	 3	 3	 2	sample155	1835	4149	1798	80990	0	
4	 3	 3	 3	sample155	582	2896	514	78676	0	
4	 3	 3	 4	sample155	1194	3508	1284	78676	0	
4	 3	 3	 5	sample155	813	3127	770	83304	0	
4	 3	 3	 6	control	286	2856	258	92520	0	
4	 3	 4	 1	sample156	4003	5803	3854	93600	0	
4	 3	 4	 2	sample156	3731	5531	3854	90000	0	
4	 3	 4	 3	sample156	2967	4767	3084	79200	0	
4	 3	 4	 4	sample156	2372	3914	2570	67848	0	
4	 3	 4	 5	sample156	1819	3361	1800	61680	0	
4	 3	 4	 6	control	6108	7908	7196	100800	0	
4	 4	 1	 1	sample157	3306	6646	3084	96860	0	
4	 4	 1	 2	sample157	1885	5225	2056	160320	0	
4	 4	 1	 3	sample157	2187	5271	2056	144948	0	
4	 4	 1	 4	sample157	1909	4993	1798	114108	0	
4	 4	 1	 5	sample157	1636	4720	1542	92520	0	
4	 4	 1	 6	control	714	4054	772	133600	0	
4	 4	 2	 1	sample158	4003	7087	4112	160368	0	
4	 4	 2	 2	sample158	3270	6096	3342	121518	0	
4	 4	 2	 3	sample158	2599	5425	2570	127170	0	
4	 4	 2	 4	sample158	1972	4542	2056	102800	0	
4	 4	 2	 5	sample158	1202	4028	1286	113040	0	
4	 4	 2	 6	control	8577	11403	9766	175212	0	
4	 4	 3	 1	sample159	4077	6647	4368	133640	0	
4	 4	 3	 2	sample159	3812	6382	3854	125930	0	
4	 4	 3	 3	sample159	3268	5580	3598	113288	0	
4	 4	 3	 4	sample159	2378	4690	2314	101728	0	
4	 4	 3	 5	sample159	1073	3385	1028	92480	0	
4	 4	 3	 6	control	469	2781	514	92480	0	
4	 4	 4	 1	sample160	2049	3591	2056	61680	0	
4	 4	 4	 2	sample160	1241	3039	1286	71920	0	
4	 4	 4	 3	sample160	301	1843	256	61680	0	
4	 4	 4	 4	sample160	713	2255	770	61680	0	
4	 4	 4	 5	sample160	796	2338	770	61680	0	
4	 4	 4	 6	control	4014	5812	3598	98890	0	
4	 5	 1	 1	sample161	3726	7324	3598	172704	0	
4	 5	 1	 2	sample161	3688	7286	3854	183498	0	
4	 5	 1	 3	sample161	3386	6726	3342	153640	0	
4	 5	 1	 4	sample161	2331	5671	2314	143620	0	
4	 5	 1	 5	sample161	1450	4790	1542	120240	0	
4	 5	 1	 6	control	393	3733	514	120240	0	
4	 5	 2	 1	sample162	5855	9195	6168	136940	0	
4	 5	 2	 2	sample162	5449	8789	5912	150300	0	
4	 5	 2	 3	sample162	4032	7116	4368	160368	0	
4	 5	 2	 4	sample162	3341	6425	3598	135696	0	
4	 5	 2	 5	sample162	2887	5971	2826	52428	0	
4	 5	 2	 6	control	7467	10551	7196	225132	0	
4	 5	 3	 1	sample163	5052	7878	5140	146952	0	
4	 5	 3	 2	sample163	4112	6938	4370	124344	0	
4	 5	 3	 3	sample163	2334	5160	2570	141300	0	
4	 5	 3	 4	sample163	2484	5054	2570	123360	0	
4	 5	 3	 5	sample163	1631	4201	1542	125930	0	
4	 5	 3	 6	control	449	3019	514	102800	0	
4	 5	 4	 1	sample164	4186	5984	4626	75516	0	
4	 5	 4	 2	sample164	3984	5782	3598	53940	0	
4	 5	 4	 3	sample164	2118	3916	2056	82708	0	
4	 5	 4	 4	sample164	2615	4413	2056	71920	0	
4	 5	 4	 5	sample164	1536	3334	1542	71920	0	
4	 5	 4	 6	control	4689	6487	4626	88102	0	
4	 6	 1	 1	sample165	2640	5466	2570	135648	0	
4	 6	 1	 2	sample165	3290	6116	3342	127170	0	
4	 6	 1	 3	sample165	2582	5408	2570	124344	0	
4	 6	 1	 4	sample165	1975	4801	2056	115866	0	
4	 6	 1	 5	sample165	1582	4666	1542	98688	0	
4	 6	 1	 6	control	848	3932	770	123360	0	
4	 6	 2	 1	sample166	4925	7495	4112	203030	0	
4	 6	 2	 2	sample166	5238	8064	4884	141300	0	
4	 6	 2	 3	sample166	3813	6383	3598	128500	0	
4	 6	 2	 4	sample166	2277	4847	2570	131070	0	
4	 6	 2	 5	sample166	1988	4558	2056	97660	0	
4	 6	 2	 6	control	8357	11183	8738	203472	0	
4	 6	 3	 1	sample167	2016	4328	2056	117912	0	
4	 6	 3	 2	sample167	1835	4147	1800	101728	0	
4	 6	 3	 3	sample167	1235	3547	1028	83232	0	
4	 6	 3	 4	sample167	907	3219	1028	83232	0	
4	 6	 3	 5	sample167	733	3045	772	92480	0	
4	 6	 3	 6	control	565	3135	514	102800	0	
4	 6	 4	 1	sample168	3644	5186	3598	67848	0	
4	 6	 4	 2	sample168	2729	4271	2826	77100	0	
4	 6	 4	 3	sample168	1978	3520	2056	61680	0	
4	 6	 4	 4	sample168	1374	2916	1284	61680	0	
4	 6	 4	 5	sample168	1193	2991	1286	64728	0	
4	 6	 4	 6	control	3851	5649	3598	95294	0	
4	 7	 1	 1	sample169	2340	5424	2312	144948	0	
4	 7	 1	 2	sample169	2640	5724	2826	123360	0	
4	 7	 1	 3	sample169	2326	5152	2314	113040	0	
4	 7	 1	 4	sample169	2211	5037	2314	113040	0	
4	 7	 1	 5	sample169	1413	4497	1542	123360	0	
4	 7	 1	 6	control	759	4099	772	133600	0	
4	 7	 2	 1	sample170	3015	5841	3084	146952	0	
4	 7	 2	 2	sample170	3868	6438	3854	100230	0	
4	 7	 2	 3	sample170	2333	4903	2312	128500	0	
4	 7	 2	 4	sample170	2117	4687	2056	118220	0	
4	 7	 2	 5	sample170	1683	4253	1798	102800	0	
4	 7	 2	 6	control	9164	11990	10794	220428	0	
4	 7	 3	 1	sample171	2276	4588	1800	94792	0	
4	 7	 3	 2	sample171	2266	4836	2312	128500	0	
4	 7	 3	 3	sample171	1433	3745	1286	92480	0	
4	 7	 3	 4	sample171	1350	3662	1286	92480	0	
4	 7	 3	 5	sample171	977	3289	1028	92480	0	
4	 7	 3	 6	control	533	3103	514	102800	0	
4	 7	 4	 1	sample172	2882	4424	3084	100230	0	
4	 7	 4	 2	sample172	2488	4286	2314	89900	0	
4	 7	 4	 3	sample172	1973	3771	1800	71920	0	
4	 7	 4	 4	sample172	1523	3321	1286	71920	0	
4	 7	 4	 5	sample172	1093	2891	1028	71920	0	
4	 7	 4	 6	control	4636	6434	4626	98890	0	
4	 8	 1	 1	sample173	10793	15419	11050	212796	0	
4	 8	 1	 2	sample173	8068	12694	8994	245178	0	
4	 8	 1	 3	sample173	9426	13280	9766	165722	0	
4	 8	 1	 4	sample173	6925	10779	7454	281342	0	
4	 8	 1	 5	sample173	6610	10208	6938	179900	0	
4	 8	 1	 6	control	688	4028	772	133600	0	
4	 8	 2	 1	sample174	2821	6419	2826	161910	0	
4	 8	 2	 2	sample174	2544	6142	2570	143920	0	
4	 8	 2	 3	sample174	1882	5222	1800	103540	0	
4	 8	 2	 4	sample174	1554	4638	1542	123360	0	
4	 8	 2	 5	sample174	1323	4407	1284	123360	0	
4	 8	 2	 6	control	8302	11386	9252	222048	0	
4	 8	 3	 1	sample175	5341	8167	4626	141300	0	
4	 8	 3	 2	sample175	3291	6375	3340	160368	0	
4	 8	 3	 3	sample175	2815	5641	3084	113040	0	
4	 8	 3	 4	sample175	2313	5139	2314	141300	0	
4	 8	 3	 5	sample175	1170	3996	1286	113040	0	
4	 8	 3	 6	control	444	3270	514	113040	0	
4	 8	 4	 1	sample176	1599	3655	1542	82240	0	
4	 8	 4	 2	sample176	1529	3585	1542	82240	0	
4	 8	 4	 3	sample176	-546.69	1509	-771.99	82240	0	
4	 8	 4	 4	sample176	199	2255	256	82240	0	
4	 8	 4	 5	sample176	835	2891	770	82240	0	
4	 8	 4	 6	control	5814	7870	5910	98688	0	
4	 9	 1	 1	sample177	3713	7055	3598	66840	0	
4	 9	 1	 2	sample177	2472	5814	2570	150390	0	
4	 9	 1	 3	sample177	2362	5704	2312	103602	0	
4	 9	 1	 4	sample177	2410	5494	2570	123360	0	
4	 9	 1	 5	sample177	1591	4933	1542	70182	0	
4	 9	 1	 6	control	912	4254	770	133680	0	
4	 9	 2	 1	sample178	2162	5504	2056	120312	0	
4	 9	 2	 2	sample178	2046	5130	2056	74016	0	
4	 9	 2	 3	sample178	2427	5511	2314	132612	0	
4	 9	 2	 4	sample178	1877	4705	1798	130088	0	
4	 9	 2	 5	sample178	1452	4280	1542	113120	0	
4	 9	 2	 6	control	9606	12690	10794	197376	0	
4	 9	 3	 1	sample179	1260	4344	1286	123360	0	
4	 9	 3	 2	sample179	1587	4671	1542	123360	0	
4	 9	 3	 3	sample179	1252	4080	1284	113120	0	
4	 9	 3	 4	sample179	1491	4061	1542	102800	0	
4	 9	 3	 5	sample179	1286	3856	1286	102800	0	
4	 9	 3	 6	control	592	3162	514	102800	0	
4	 9	 4	 1	sample180	4388	6958	4370	110510	0	
4	 9	 4	 2	sample180	4171	6485	4368	99502	0	
4	 9	 4	 3	sample180	2155	4469	2056	101816	0	
4	 9	 4	 4	sample180	1995	4051	2056	94576	0	
4	 9	 4	 5	sample180	1927	3727	1798	72000	0	
4	 9	 4	 6	control	4781	6581	4882	95400	0	
4	 10	 1	 1	sample181	5802	9142	5654	133600	0	
4	 10	 1	 2	sample181	6466	9806	6940	213760	0	
4	 10	 1	 3	sample181	4848	7932	5140	185040	0	
4	 10	 1	 4	sample181	4064	7148	4368	132612	0	
4	 10	 1	 5	sample181	3090	6174	2826	123360	0	
4	 10	 1	 6	control	841	3925	770	123360	0	
4	 10	 2	 1	sample182	5434	8774	5654	233800	0	
4	 10	 2	 2	sample182	5263	8347	5910	218964	0	
4	 10	 2	 3	sample182	4741	7825	5140	212796	0	
4	 10	 2	 4	sample182	4237	7321	4368	138780	0	
4	 10	 2	 5	sample182	3889	6715	3856	107388	0	
4	 10	 2	 6	control	8618	11702	9508	185040	0	
4	 10	 3	 1	sample183	6992	9818	7710	178038	0	
4	 10	 3	 2	sample183	4313	7139	4626	192168	0	
4	 10	 3	 3	sample183	3913	6483	4368	169620	0	
4	 10	 3	 4	sample183	2893	5463	3084	89950	0	
4	 10	 3	 5	sample183	1593	4163	1542	102800	0	
4	 10	 3	 6	control	547	3373	258	113040	0	
4	 10	 4	 1	sample184	4323	6121	4370	118668	0	
4	 10	 4	 2	sample184	2599	4397	2828	115072	0	
4	 10	 4	 3	sample184	2660	4458	2570	71920	0	
4	 10	 4	 4	sample184	2125	3923	2056	80910	0	
4	 10	 4	 5	sample184	1144	2942	1028	71920	0	
4	 10	 4	 6	control	5609	7665	5140	106912	0	
4	 11	 1	 1	sample185	3587	6413	3856	124344	0	
4	 11	 1	 2	sample185	3334	5904	3598	197890	0	
4	 11	 1	 3	sample185	3493	6063	3340	107940	0	
4	 11	 1	 4	sample185	3335	5905	3598	110510	0	
4	 11	 1	 5	sample185	1830	4400	1798	105370	0	
4	 11	 1	 6	control	527	3353	514	113040	0	
4	 11	 2	 1	sample186	6474	9300	6682	180864	0	
4	 11	 2	 2	sample186	5441	8011	5654	161910	0	
4	 11	 2	 3	sample186	3802	6372	4112	213310	0	
4	 11	 2	 4	sample186	3940	6510	4112	131070	0	
4	 11	 2	 5	sample186	2915	5741	2828	124344	0	
4	 11	 2	 6	control	9102	11928	9252	178038	0	
4	 11	 3	 1	sample187	4716	7542	5140	243036	0	
4	 11	 3	 2	sample187	5081	7907	5398	206298	0	
4	 11	 3	 3	sample187	4430	7000	4626	172190	0	
4	 11	 3	 4	sample187	3541	6111	3598	82240	0	
4	 11	 3	 5	sample187	3250	6076	3342	118692	0	
4	 11	 3	 6	control	719	3803	770	123360	0	
4	 11	 4	 1	sample188	3012	4810	3084	70122	0	
4	 11	 4	 2	sample188	3213	5011	3342	28768	0	
4	 11	 4	 3	sample188	2344	4142	2314	75516	0	
4	 11	 4	 4	sample188	1555	3867	1542	92480	0	
4	 11	 4	 5	sample188	984	3296	1028	92480	0	
4	 11	 4	 6	control	6677	9247	7710	154200	0	
4	 12	 1	 1	sample189	2595	4137	2570	80184	0	
4	 12	 1	 2	sample189	2958	4500	2570	131070	0	
4	 12	 1	 3	sample189	2717	4259	2828	111024	0	
4	 12	 1	 4	sample189	2104	3904	2312	86400	0	
4	 12	 1	 5	sample189	1626	3682	1542	88408	0	
4	 12	 1	 6	control	738	3052	770	92560	0	
4	 12	 2	 1	sample190	2801	4601	3084	126000	0	
4	 12	 2	 2	sample190	2858	4658	3340	176400	0	
4	 12	 2	 3	sample190	1175	2975	1542	72000	0	
4	 12	 2	 4	sample190	855	2911	772	82240	0	
4	 12	 2	 5	sample190	1707	4021	1798	104130	0	
4	 12	 2	 6	control	7517	10087	8482	187610	0	
4	 12	 3	 1	sample191	648	2962	256	92560	0	
4	 12	 3	 2	sample191	1478	3534	1286	82240	0	
4	 12	 3	 3	sample191	1323	3637	1284	92560	0	
4	 12	 3	 4	sample191	2826	5140	2826	99502	0	
4	 12	 3	 5	sample191	2011	4581	1542	102800	0	
4	 12	 3	 6	control	578	3406	514	113120	0	
4	 12	 4	 1	sample192	2480	4280	2570	72000	0	
4	 12	 4	 2	sample192	1471	3785	1542	92560	0	
4	 12	 4	 3	sample192	816	3386	772	102800	0	
4	 12	 4	 4	sample192	340	3168	514	113120	0	
4	 12	 4	 5	sample192	399	3483	514	123360	0	
4	 12	 4	 6	control	6322	9664	6938	200520	0	
