MicroVigene	 Version	 2650
Culture	en-US
8/16/2006 1:40:56 PM
Roi Row	 4	 Roi Col	 12	 Main Row	 4	 Main Col	 6	 Sub Row	 1	 Sub Col	 1
Main Row	 Main Col	 Sub Row	 Sub Col	  GeneID	mean_net	 mean_total	 median_net	 vol_bkg	 vol_dust	 
1	 1	 1	 1	sample1	11291	15147	12336	304624	0	
1	 1	 1	 2	sample1	11048	14646	13108	298634	0	
1	 1	 1	 3	sample1	8676	12018	8994	294096	0	
1	 1	 1	 4	sample1	6594	9678	6426	249804	0	
1	 1	 1	 5	sample1	4326	7410	4626	215880	0	
1	 1	 1	 6	control	759	3843	514	123360	0	
1	 1	 2	 1	sample2	10277	13361	11308	240552	0	
1	 1	 2	 2	sample2	13025	16109	15164	240552	0	
1	 1	 2	 3	sample2	11792	14620	12850	223412	0	
1	 1	 2	 4	sample2	10393	13221	12078	197960	0	
1	 1	 2	 5	sample2	7636	10206	7710	203030	0	
1	 1	 2	 6	control	10931	13501	12594	197890	0	
1	 1	 3	 1	sample3	7217	10045	7966	203616	0	
1	 1	 3	 2	sample3	5623	8193	6682	187610	0	
1	 1	 3	 3	sample3	4956	7012	5398	137752	0	
1	 1	 3	 4	sample3	3027	5083	3342	145976	0	
1	 1	 3	 5	sample3	2619	4675	2570	174760	0	
1	 1	 3	 6	control	738	3052	514	92560	0	
1	 1	 4	 1	sample4	5384	7954	6168	200460	0	
1	 1	 4	 2	sample4	4972	7028	5654	150088	0	
1	 1	 4	 3	sample4	3661	5461	3854	124200	0	
1	 1	 4	 4	sample4	2352	4152	2570	129600	0	
1	 1	 4	 5	sample4	1673	3473	1542	91800	0	
1	 1	 4	 6	control	8452	10508	8738	123360	0	
1	 2	 1	 1	sample5	6796	10908	6682	349520	0	
1	 2	 1	 2	sample5	6756	10868	6938	324848	0	
1	 2	 1	 3	sample5	5283	8881	5140	302232	0	
1	 2	 1	 4	sample5	3694	7548	3856	281342	0	
1	 2	 1	 5	sample5	2820	6418	3340	284242	0	
1	 2	 1	 6	control	1124	4722	770	143920	0	
1	 2	 2	 1	sample6	12405	16003	13878	266252	0	
1	 2	 2	 2	sample6	10698	14296	11308	262654	0	
1	 2	 2	 3	sample6	11543	14883	12850	267200	0	
1	 2	 2	 4	sample6	11075	14415	12850	260520	0	
1	 2	 2	 5	sample6	8305	11389	7966	262140	0	
1	 2	 2	 6	control	11506	14590	12592	243636	0	
1	 2	 3	 1	sample7	6727	9811	7452	209712	0	
1	 2	 3	 2	sample7	5333	8417	5654	237468	0	
1	 2	 3	 3	sample7	5136	8220	5140	215880	0	
1	 2	 3	 4	sample7	3808	6634	3856	214776	0	
1	 2	 3	 5	sample7	2893	5719	2828	209124	0	
1	 2	 3	 6	control	681	3765	514	123360	0	
1	 2	 4	 1	sample8	6261	9087	6168	220428	0	
1	 2	 4	 2	sample8	3899	6469	4112	208170	0	
1	 2	 4	 3	sample8	4579	7149	4626	213310	0	
1	 2	 4	 4	sample8	3088	5400	3342	161840	0	
1	 2	 4	 5	sample8	2544	5114	2570	128500	0	
1	 2	 4	 6	control	7665	10235	7452	280130	0	
1	 3	 1	 1	sample9	7984	12610	8738	277560	0	
1	 3	 1	 2	sample9	6832	11458	7452	300690	0	
1	 3	 1	 3	sample9	5574	10200	5654	282186	0	
1	 3	 1	 4	sample9	3753	8379	4112	282186	0	
1	 3	 1	 5	sample9	2904	7530	3084	185040	0	
1	 3	 1	 6	control	571	5197	514	185040	0	
1	 3	 2	 1	sample10	5267	9635	5398	266448	0	
1	 3	 2	 2	sample10	7650	11762	7196	246720	0	
1	 3	 2	 3	sample10	6094	10206	7452	259056	0	
1	 3	 2	 4	sample10	4246	8358	4626	250832	0	
1	 3	 2	 5	sample10	2787	6899	2826	316624	0	
1	 3	 2	 6	control	13009	17121	14392	238496	0	
1	 3	 3	 1	sample11	13411	17523	15162	267280	0	
1	 3	 3	 2	sample11	12286	16398	13364	254944	0	
1	 3	 3	 3	sample11	11112	14966	12336	246656	0	
1	 3	 3	 4	sample11	8242	12096	8224	227386	0	
1	 3	 3	 5	sample11	6286	10140	6168	269780	0	
1	 3	 3	 6	control	553	4407	258	154160	0	
1	 3	 4	 1	sample12	14432	18030	15676	226674	0	
1	 3	 4	 2	sample12	12624	16222	13620	230272	0	
1	 3	 4	 3	sample12	14066	17406	15164	210420	0	
1	 3	 4	 4	sample12	11476	14816	11308	200400	0	
1	 3	 4	 5	sample12	7509	10849	7454	187040	0	
1	 3	 4	 6	control	10452	13792	11822	180360	0	
1	 4	 1	 1	sample13	10920	15290	11050	310270	0	
1	 4	 1	 2	sample13	11416	15786	12592	332120	0	
1	 4	 1	 3	sample13	7671	12041	8480	345230	0	
1	 4	 1	 4	sample13	5912	10024	5398	308400	0	
1	 4	 1	 5	sample13	4242	8098	4112	266064	0	
1	 4	 1	 6	control	738	4594	514	154240	0	
1	 4	 2	 1	sample14	6310	10422	6168	275504	0	
1	 4	 2	 2	sample14	5407	9263	5654	281488	0	
1	 4	 2	 3	sample14	4920	8776	5140	266064	0	
1	 4	 2	 4	sample14	3115	6971	3084	343184	0	
1	 4	 2	 5	sample14	2917	6773	3084	250640	0	
1	 4	 2	 6	control	12492	16090	14392	255458	0	
1	 4	 3	 1	sample15	13398	17254	14392	285344	0	
1	 4	 3	 2	sample15	11826	15424	11566	255458	0	
1	 4	 3	 3	sample15	11180	14778	11822	244664	0	
1	 4	 3	 4	sample15	8077	11675	8738	237468	0	
1	 4	 3	 5	sample15	5787	9385	5654	266252	0	
1	 4	 3	 6	control	899	4241	770	133680	0	
1	 4	 4	 1	sample16	12161	15503	11822	260676	0	
1	 4	 4	 2	sample16	10462	13546	10794	218964	0	
1	 4	 4	 3	sample16	11766	14850	13622	237468	0	
1	 4	 4	 4	sample16	7959	11301	7966	230598	0	
1	 4	 4	 5	sample16	6555	9897	6168	217230	0	
1	 4	 4	 6	control	8991	12075	9766	166536	0	
1	 5	 1	 1	sample17	15943	19285	16962	257334	0	
1	 5	 1	 2	sample17	15316	18658	17990	274044	0	
1	 5	 1	 3	sample17	12761	16103	14392	264018	0	
1	 5	 1	 4	sample17	11020	14362	12592	257334	0	
1	 5	 1	 5	sample17	7475	10817	7452	227256	0	
1	 5	 1	 6	control	482	3824	514	133680	0	
1	 5	 2	 1	sample18	4238	7322	4370	252888	0	
1	 5	 2	 2	sample18	6049	9133	5912	218964	0	
1	 5	 2	 3	sample18	5807	8635	5910	203616	0	
1	 5	 2	 4	sample18	3185	6013	2826	229068	0	
1	 5	 2	 5	sample18	2433	5517	2570	225132	0	
1	 5	 2	 6	control	12704	15788	15934	215880	0	
1	 5	 3	 1	sample19	8592	11420	9252	195132	0	
1	 5	 3	 2	sample19	6414	9242	6682	203616	0	
1	 5	 3	 3	sample19	5576	8404	6168	178164	0	
1	 5	 3	 4	sample19	3570	6398	3598	209272	0	
1	 5	 3	 5	sample19	2936	5764	2826	212100	0	
1	 5	 3	 6	control	290	3374	258	123360	0	
1	 5	 4	 1	sample20	5464	8034	5654	190180	0	
1	 5	 4	 2	sample20	3984	6554	3856	190180	0	
1	 5	 4	 3	sample20	3928	6498	4370	190180	0	
1	 5	 4	 4	sample20	2458	5028	2570	123360	0	
1	 5	 4	 5	sample20	1585	4155	1542	123360	0	
1	 5	 4	 6	control	7997	10825	8480	164024	0	
1	 6	 1	 1	sample21	5076	8930	5140	308320	0	
1	 6	 1	 2	sample21	6310	10164	6682	308320	0	
1	 6	 1	 3	sample21	4012	7866	4112	285196	0	
1	 6	 1	 4	sample21	3302	6900	3084	169106	0	
1	 6	 1	 5	sample21	1817	5415	1798	147518	0	
1	 6	 1	 6	control	250	3848	256	143920	0	
1	 6	 2	 1	sample22	12805	16403	13878	269850	0	
1	 6	 2	 2	sample22	15603	19201	16962	302232	0	
1	 6	 2	 3	sample22	14083	17681	15162	291438	0	
1	 6	 2	 4	sample22	12760	16100	13364	267200	0	
1	 6	 2	 5	sample22	11291	14631	12336	243820	0	
1	 6	 2	 6	control	12763	16103	15164	227120	0	
1	 6	 3	 1	sample23	12531	16129	14134	273448	0	
1	 6	 3	 2	sample23	12275	15873	13364	262654	0	
1	 6	 3	 3	sample23	8669	12009	8224	260520	0	
1	 6	 3	 4	sample23	6372	9456	5654	243636	0	
1	 6	 3	 5	sample23	4712	7796	4882	209712	0	
1	 6	 3	 6	control	366	3450	256	123360	0	
1	 6	 4	 1	sample24	14631	17715	15162	237468	0	
1	 6	 4	 2	sample24	11969	15053	12078	225132	0	
1	 6	 4	 3	sample24	12093	15177	13106	222048	0	
1	 6	 4	 4	sample24	7761	10587	7196	217602	0	
1	 6	 4	 5	sample24	5811	8637	5140	209124	0	
1	 6	 4	 6	control	11020	13846	13364	183690	0	
1	 7	 1	 1	sample25	9977	14089	9766	304288	0	
1	 7	 1	 2	sample25	9905	14017	10022	333072	0	
1	 7	 1	 3	sample25	8449	12561	7966	300176	0	
1	 7	 1	 4	sample25	5560	9672	5396	283728	0	
1	 7	 1	 5	sample25	3806	7660	3856	281342	0	
1	 7	 1	 6	control	984	4838	772	154160	0	
1	 7	 2	 1	sample26	14286	17884	15162	255458	0	
1	 7	 2	 2	sample26	14461	18059	16190	266252	0	
1	 7	 2	 3	sample26	13240	16838	15420	277046	0	
1	 7	 2	 4	sample26	10267	13607	10794	250500	0	
1	 7	 2	 5	sample26	8201	11541	8224	253840	0	
1	 7	 2	 6	control	13056	16140	15162	222048	0	
1	 7	 3	 1	sample27	2752	6092	3084	227120	0	
1	 7	 3	 2	sample27	2354	5694	2314	253840	0	
1	 7	 3	 3	sample27	2617	5701	2312	117192	0	
1	 7	 3	 4	sample27	1529	4613	1542	132612	0	
1	 7	 3	 5	sample27	1619	4445	1542	132822	0	
1	 7	 3	 6	control	624	3450	514	113040	0	
1	 7	 4	 1	sample28	14249	17333	15162	240552	0	
1	 7	 4	 2	sample28	11753	14837	12850	231300	0	
1	 7	 4	 3	sample28	10996	13822	12336	209124	0	
1	 7	 4	 4	sample28	8924	11750	8738	211950	0	
1	 7	 4	 5	sample28	5417	7987	5910	164480	0	
1	 7	 4	 6	control	8680	11250	10280	161910	0	
1	 8	 1	 1	sample29	15692	19548	18246	304624	0	
1	 8	 1	 2	sample29	16220	20076	19018	300768	0	
1	 8	 1	 3	sample29	14155	18011	15676	285344	0	
1	 8	 1	 4	sample29	11613	15469	12078	266064	0	
1	 8	 1	 5	sample29	8959	12815	9766	277632	0	
1	 8	 1	 6	control	661	4517	514	154240	0	
1	 8	 2	 1	sample30	6330	9672	6168	217230	0	
1	 8	 2	 2	sample30	7564	10906	8224	223914	0	
1	 8	 2	 3	sample30	7184	10268	7196	246720	0	
1	 8	 2	 4	sample30	4980	8064	4884	246720	0	
1	 8	 2	 5	sample30	4471	7555	4626	203544	0	
1	 8	 2	 6	control	12903	15987	15420	197376	0	
1	 8	 3	 1	sample31	13667	16751	16192	225132	0	
1	 8	 3	 2	sample31	13594	16678	15164	203544	0	
1	 8	 3	 3	sample31	11917	15001	12080	200460	0	
1	 8	 3	 4	sample31	7361	10445	7710	188124	0	
1	 8	 3	 5	sample31	7544	10372	7966	214928	0	
1	 8	 3	 6	control	623	3451	514	113120	0	
1	 8	 4	 1	sample32	7664	10492	8224	192304	0	
1	 8	 4	 2	sample32	5309	8137	4882	183820	0	
1	 8	 4	 3	sample32	6130	8958	6168	195132	0	
1	 8	 4	 4	sample32	3268	6096	3340	189476	0	
1	 8	 4	 5	sample32	2587	5415	2826	127260	0	
1	 8	 4	 6	control	9560	12130	11052	143920	0	
1	 9	 1	 1	sample33	6283	10139	6682	300768	0	
1	 9	 1	 2	sample33	6645	10243	6940	295036	0	
1	 9	 1	 3	sample33	4039	7637	3856	313026	0	
1	 9	 1	 4	sample33	3867	7465	3856	248262	0	
1	 9	 1	 5	sample33	2670	6526	2826	177376	0	
1	 9	 1	 6	control	1016	5128	1028	164480	0	
1	 9	 2	 1	sample34	6149	9233	5912	206628	0	
1	 9	 2	 2	sample34	7778	10862	7968	222048	0	
1	 9	 2	 3	sample34	7137	10221	6940	240552	0	
1	 9	 2	 4	sample34	6304	9388	6168	215880	0	
1	 9	 2	 5	sample34	5195	8537	4882	233940	0	
1	 9	 2	 6	control	12107	15705	12850	266252	0	
1	 9	 3	 1	sample35	13009	15837	13106	200788	0	
1	 9	 3	 2	sample35	10035	12863	9766	178164	0	
1	 9	 3	 3	sample35	8012	10840	8480	175336	0	
1	 9	 3	 4	sample35	6151	8979	6168	172508	0	
1	 9	 3	 5	sample35	5828	8912	5398	228216	0	
1	 9	 3	 6	control	514	3856	514	133680	0	
1	 9	 4	 1	sample36	6635	9463	6168	203616	0	
1	 9	 4	 2	sample36	4935	7763	4882	180992	0	
1	 9	 4	 3	sample36	5242	8070	4882	197960	0	
1	 9	 4	 4	sample36	3162	5990	3598	166852	0	
1	 9	 4	 5	sample36	2227	5055	2312	178164	0	
1	 9	 4	 6	control	10768	13596	12592	169680	0	
1	 10	 1	 1	sample37	10255	13853	11050	266252	0	
1	 10	 1	 2	sample37	11008	14862	12080	292904	0	
1	 10	 1	 3	sample37	8466	12320	8996	258218	0	
1	 10	 1	 4	sample37	5907	9761	6168	242802	0	
1	 10	 1	 5	sample37	3699	7553	3856	296758	0	
1	 10	 1	 6	control	566	4420	258	154160	0	
1	 10	 2	 1	sample38	5512	8852	5140	247160	0	
1	 10	 2	 2	sample38	6325	9665	6940	213760	0	
1	 10	 2	 3	sample38	6144	9742	6168	233870	0	
1	 10	 2	 4	sample38	4407	7747	4626	227120	0	
1	 10	 2	 5	sample38	2672	6270	2570	298634	0	
1	 10	 2	 6	control	12164	15762	14134	226674	0	
1	 10	 3	 1	sample39	12349	15433	13364	234384	0	
1	 10	 3	 2	sample39	11279	14619	12336	237140	0	
1	 10	 3	 3	sample39	8665	12005	8996	210420	0	
1	 10	 3	 4	sample39	3965	7305	3856	227120	0	
1	 10	 3	 5	sample39	3946	7286	4112	247160	0	
1	 10	 3	 6	control	205	3803	256	143920	0	
1	 10	 4	 1	sample40	10952	13522	11822	167050	0	
1	 10	 4	 2	sample40	9739	12565	10280	183690	0	
1	 10	 4	 3	sample40	11702	14528	13364	211950	0	
1	 10	 4	 4	sample40	6826	9652	6940	172386	0	
1	 10	 4	 5	sample40	4767	7851	4626	206628	0	
1	 10	 4	 6	control	9379	12719	9510	197060	0	
1	 11	 1	 1	sample41	7270	11124	8224	285196	0	
1	 11	 1	 2	sample41	6544	10398	7454	308320	0	
1	 11	 1	 3	sample41	4025	7879	4112	350714	0	
1	 11	 1	 4	sample41	2846	6958	3084	324848	0	
1	 11	 1	 5	sample41	2601	6713	2312	201488	0	
1	 11	 1	 6	control	772	5140	514	174720	0	
1	 11	 2	 1	sample42	7107	11219	7710	287840	0	
1	 11	 2	 2	sample42	7622	11476	8224	281342	0	
1	 11	 2	 3	sample42	6772	10626	7196	289050	0	
1	 11	 2	 4	sample42	4402	8000	3854	464142	0	
1	 11	 2	 5	sample42	4063	7917	4112	258218	0	
1	 11	 2	 6	control	13194	17306	15676	287840	0	
1	 11	 3	 1	sample43	12393	16247	13364	281342	0	
1	 11	 3	 2	sample43	13030	17142	14906	316624	0	
1	 11	 3	 3	sample43	10678	14532	11052	281342	0	
1	 11	 3	 4	sample43	9248	12846	8738	241066	0	
1	 11	 3	 5	sample43	9086	12684	9766	273448	0	
1	 11	 3	 6	control	507	4105	514	143920	0	
1	 11	 4	 1	sample44	7904	11244	9510	257180	0	
1	 11	 4	 2	sample44	6453	9793	7710	247160	0	
1	 11	 4	 3	sample44	4840	8180	5398	257180	0	
1	 11	 4	 4	sample44	3313	6397	3084	231300	0	
1	 11	 4	 5	sample44	3289	6629	2570	197060	0	
1	 11	 4	 6	control	10031	13115	10022	185040	0	
1	 12	 1	 1	sample45	14028	17884	15934	262208	0	
1	 12	 1	 2	sample45	14877	18733	15162	242928	0	
1	 12	 1	 3	sample45	12025	15881	14134	262208	0	
1	 12	 1	 4	sample45	9742	13598	10280	250640	0	
1	 12	 1	 5	sample45	6308	10420	6940	250832	0	
1	 12	 1	 6	control	926	5038	514	164480	0	
1	 12	 2	 1	sample46	4923	8521	4626	212282	0	
1	 12	 2	 2	sample46	6187	9785	6940	201488	0	
1	 12	 2	 3	sample46	6120	9718	5912	248262	0	
1	 12	 2	 4	sample46	4208	7806	4370	251860	0	
1	 12	 2	 5	sample46	2978	6834	3084	254496	0	
1	 12	 2	 6	control	11776	15888	13108	226160	0	
1	 12	 3	 1	sample47	11637	14979	12336	200520	0	
1	 12	 3	 2	sample47	11400	14742	12336	193836	0	
1	 12	 3	 3	sample47	10135	13733	11052	215880	0	
1	 12	 3	 4	sample47	7389	10731	7452	190494	0	
1	 12	 3	 5	sample47	5679	9277	6168	223076	0	
1	 12	 3	 6	control	1118	4974	770	154240	0	
1	 12	 4	 1	sample48	7263	9833	7968	149060	0	
1	 12	 4	 2	sample48	6114	8684	6682	133640	0	
1	 12	 4	 3	sample48	6050	8878	6424	172508	0	
1	 12	 4	 4	sample48	3566	6394	3598	161196	0	
1	 12	 4	 5	sample48	2342	5170	2312	147056	0	
1	 12	 4	 6	control	9882	12966	11308	151116	0	
2	 1	 1	 1	sample49	7131	11499	7196	362544	0	
2	 1	 1	 2	sample49	6196	10308	5910	333072	0	
2	 1	 1	 3	sample49	5876	9730	6168	304466	0	
2	 1	 1	 4	sample49	3675	7529	3598	323736	0	
2	 1	 1	 5	sample49	3395	6993	3340	187096	0	
2	 1	 1	 6	control	565	4163	514	143920	0	
2	 1	 2	 1	sample50	12658	16770	13878	304288	0	
2	 1	 2	 2	sample50	13309	17421	13620	333072	0	
2	 1	 2	 3	sample50	13536	17390	15934	339152	0	
2	 1	 2	 4	sample50	12012	15866	12336	339152	0	
2	 1	 2	 5	sample50	11709	15307	11822	295036	0	
2	 1	 2	 6	control	12586	15926	13878	240480	0	
2	 1	 3	 1	sample51	11466	15320	13108	269780	0	
2	 1	 3	 2	sample51	11116	14970	12336	292904	0	
2	 1	 3	 3	sample51	9769	13367	10022	277046	0	
2	 1	 3	 4	sample51	7518	11116	7966	241066	0	
2	 1	 3	 5	sample51	6213	9811	5910	305830	0	
2	 1	 3	 6	control	405	3745	258	133600	0	
2	 1	 4	 1	sample52	13541	16881	15678	310620	0	
2	 1	 4	 2	sample52	12506	15846	12850	273880	0	
2	 1	 4	 3	sample52	10641	13981	10794	257180	0	
2	 1	 4	 4	sample52	8361	11445	8224	231300	0	
2	 1	 4	 5	sample52	5553	8893	5654	177020	0	
2	 1	 4	 6	control	12074	15414	13364	160320	0	
2	 2	 1	 1	sample53	14922	19292	17218	323380	0	
2	 2	 1	 2	sample53	13095	17465	14648	314640	0	
2	 2	 1	 3	sample53	12031	16401	13106	305900	0	
2	 2	 1	 4	sample53	9079	13191	10024	279616	0	
2	 2	 1	 5	sample53	6660	10772	6168	283728	0	
2	 2	 1	 6	control	656	4768	514	164480	0	
2	 2	 2	 1	sample54	6294	10664	6424	284050	0	
2	 2	 2	 2	sample54	6464	10834	6168	340860	0	
2	 2	 2	 3	sample54	5791	10161	5654	301530	0	
2	 2	 2	 4	sample54	4732	8844	5140	250832	0	
2	 2	 2	 5	sample54	2953	7323	3084	284050	0	
2	 2	 2	 6	control	11213	15325	11822	275504	0	
2	 2	 3	 1	sample55	11564	15934	12336	279680	0	
2	 2	 3	 2	sample55	9169	13795	10024	314568	0	
2	 2	 3	 3	sample55	7291	11403	6940	246720	0	
2	 2	 3	 4	sample55	4833	8945	5398	230272	0	
2	 2	 3	 5	sample55	3591	7703	3856	283728	0	
2	 2	 3	 6	control	579	4691	514	164480	0	
2	 2	 4	 1	sample56	16184	20296	16706	296064	0	
2	 2	 4	 2	sample56	14905	19275	16448	305900	0	
2	 2	 4	 3	sample56	14060	18172	14136	279616	0	
2	 2	 4	 4	sample56	12130	15986	12850	250640	0	
2	 2	 4	 5	sample56	7693	11549	7196	242928	0	
2	 2	 4	 6	control	11330	15186	12336	223648	0	
2	 3	 1	 1	sample57	6711	10309	6682	284242	0	
2	 3	 1	 2	sample57	6266	9864	6938	280644	0	
2	 3	 1	 3	sample57	4876	8474	4882	295036	0	
2	 3	 1	 4	sample57	3305	6389	3340	271392	0	
2	 3	 1	 5	sample57	2019	5359	1800	277220	0	
2	 3	 1	 6	control	328	3668	258	133600	0	
2	 3	 2	 1	sample58	4986	8840	4626	281342	0	
2	 3	 2	 2	sample58	6236	9834	6424	255458	0	
2	 3	 2	 3	sample58	4481	8079	4368	320222	0	
2	 3	 2	 4	sample58	3786	7126	3598	270540	0	
2	 3	 2	 5	sample58	2897	6237	2570	270540	0	
2	 3	 2	 6	control	12948	16032	14392	240552	0	
2	 3	 3	 1	sample59	15014	18868	17220	285196	0	
2	 3	 3	 2	sample59	13511	17109	14392	269850	0	
2	 3	 3	 3	sample59	10137	13477	10280	257180	0	
2	 3	 3	 4	sample59	8310	11650	7710	240480	0	
2	 3	 3	 5	sample59	7879	10963	8224	243636	0	
2	 3	 3	 6	control	623	3707	514	123360	0	
2	 3	 4	 1	sample60	5780	9378	5396	269850	0	
2	 3	 4	 2	sample60	3910	7250	4112	220440	0	
2	 3	 4	 3	sample60	3654	6738	3340	252888	0	
2	 3	 4	 4	sample60	2609	5693	2312	280644	0	
2	 3	 4	 5	sample60	2201	5285	2312	141864	0	
2	 3	 4	 6	control	10571	13655	12078	181956	0	
2	 4	 1	 1	sample61	7048	10388	6940	230460	0	
2	 4	 1	 2	sample61	7303	10643	7454	233800	0	
2	 4	 1	 3	sample61	5390	8730	5398	230460	0	
2	 4	 1	 4	sample61	3469	6553	3598	209712	0	
2	 4	 1	 5	sample61	2738	6078	2570	133600	0	
2	 4	 1	 6	control	526	4124	256	143920	0	
2	 4	 2	 1	sample62	12637	15977	13364	197060	0	
2	 4	 2	 2	sample62	11385	14725	12336	213760	0	
2	 4	 2	 3	sample62	9719	13059	9766	237140	0	
2	 4	 2	 4	sample62	7625	10709	8480	215880	0	
2	 4	 2	 5	sample62	5832	8916	5654	212796	0	
2	 4	 2	 6	control	13708	17048	15934	217100	0	
2	 4	 3	 1	sample63	15104	18444	17220	203740	0	
2	 4	 3	 2	sample63	14119	17459	14392	210420	0	
2	 4	 3	 3	sample63	10952	14036	11050	185040	0	
2	 4	 3	 4	sample63	9089	11915	9510	178038	0	
2	 4	 3	 5	sample63	6929	9755	6940	209124	0	
2	 4	 3	 6	control	385	3469	256	123360	0	
2	 4	 4	 1	sample64	13295	16635	14906	223780	0	
2	 4	 4	 2	sample64	11856	14940	12850	206628	0	
2	 4	 4	 3	sample64	9333	12159	9252	189342	0	
2	 4	 4	 4	sample64	6165	8991	5654	194994	0	
2	 4	 4	 5	sample64	3992	6818	3856	186516	0	
2	 4	 4	 6	control	10115	12941	11308	158256	0	
2	 5	 1	 1	sample65	15401	19513	17734	337184	0	
2	 5	 1	 2	sample65	16538	20650	18504	316624	0	
2	 5	 1	 3	sample65	15095	19207	16706	308400	0	
2	 5	 1	 4	sample65	11741	15597	11822	269920	0	
2	 5	 1	 5	sample65	9566	13422	9508	258352	0	
2	 5	 1	 6	control	912	4768	514	154240	0	
2	 5	 2	 1	sample66	13133	16989	13106	258352	0	
2	 5	 2	 2	sample66	13917	17773	15162	273776	0	
2	 5	 2	 3	sample66	13077	16675	13108	273448	0	
2	 5	 2	 4	sample66	10904	14502	10280	277046	0	
2	 5	 2	 5	sample66	8709	12307	8738	251860	0	
2	 5	 2	 6	control	12504	16102	13108	226674	0	
2	 5	 3	 1	sample67	7203	10545	6682	240624	0	
2	 5	 3	 2	sample67	6081	9423	6168	227256	0	
2	 5	 3	 3	sample67	4193	7535	4112	220572	0	
2	 5	 3	 4	sample67	2612	5954	2826	220572	0	
2	 5	 3	 5	sample67	1929	5271	2056	270702	0	
2	 5	 3	 6	control	687	4029	514	133680	0	
2	 5	 4	 1	sample68	6679	9763	7196	222048	0	
2	 5	 4	 2	sample68	3704	6788	3598	246720	0	
2	 5	 4	 3	sample68	4590	7674	4626	218964	0	
2	 5	 4	 4	sample68	3654	6738	3856	212796	0	
2	 5	 4	 5	sample68	2525	5609	2570	206628	0	
2	 5	 4	 6	control	8415	11499	8738	191208	0	
2	 6	 1	 1	sample69	16139	20251	17220	304288	0	
2	 6	 1	 2	sample69	14216	18328	15164	324848	0	
2	 6	 1	 3	sample69	13447	17559	13364	333072	0	
2	 6	 1	 4	sample69	10791	14903	10280	300176	0	
2	 6	 1	 5	sample69	8224	12080	7710	258352	0	
2	 6	 1	 6	control	822	4678	770	154240	0	
2	 6	 2	 1	sample70	12564	16420	13364	242928	0	
2	 6	 2	 2	sample70	11519	15631	12336	300176	0	
2	 6	 2	 3	sample70	10468	14580	10794	304288	0	
2	 6	 2	 4	sample70	8538	12650	8224	300176	0	
2	 6	 2	 5	sample70	6752	10608	5910	266064	0	
2	 6	 2	 6	control	12215	15813	12080	251860	0	
2	 6	 3	 1	sample71	12521	16377	13878	277632	0	
2	 6	 3	 2	sample71	11069	14925	11050	266064	0	
2	 6	 3	 3	sample71	9569	13425	9252	277632	0	
2	 6	 3	 4	sample71	5868	9724	5396	254496	0	
2	 6	 3	 5	sample71	5141	8739	5398	241066	0	
2	 6	 3	 6	control	714	4312	514	143920	0	
2	 6	 4	 1	sample72	16835	20433	18762	298634	0	
2	 6	 4	 2	sample72	12020	15618	11566	295036	0	
2	 6	 4	 3	sample72	13214	16812	14136	251860	0	
2	 6	 4	 4	sample72	10566	14164	9252	255458	0	
2	 6	 4	 5	sample72	8209	11807	7968	244664	0	
2	 6	 4	 6	control	8746	12088	9766	193836	0	
2	 7	 1	 1	sample73	6973	10313	6682	257180	0	
2	 7	 1	 2	sample73	6588	9928	6168	253840	0	
2	 7	 1	 3	sample73	5586	8670	5654	234384	0	
2	 7	 1	 4	sample73	3407	6491	3084	225132	0	
2	 7	 1	 5	sample73	2625	5451	2570	200646	0	
2	 7	 1	 6	control	449	3533	256	123360	0	
2	 7	 2	 1	sample74	13064	16404	13622	240480	0	
2	 7	 2	 2	sample74	14093	17433	14906	223780	0	
2	 7	 2	 3	sample74	13468	16552	14392	234384	0	
2	 7	 2	 4	sample74	12206	15032	12336	200646	0	
2	 7	 2	 5	sample74	8099	10925	8224	203472	0	
2	 7	 2	 6	control	12983	16067	13364	231300	0	
2	 7	 3	 1	sample75	1272	4356	1028	123360	0	
2	 7	 3	 2	sample75	2704	5788	3084	123360	0	
2	 7	 3	 3	sample75	5091	7917	5140	189342	0	
2	 7	 3	 4	sample75	3185	6011	3084	166734	0	
2	 7	 3	 5	sample75	3511	6337	3598	149778	0	
2	 7	 3	 6	control	695	3521	514	113040	0	
2	 7	 4	 1	sample76	6918	9744	7454	206298	0	
2	 7	 4	 2	sample76	5482	8308	6168	189342	0	
2	 7	 4	 3	sample76	4167	6737	4112	177330	0	
2	 7	 4	 4	sample76	2822	5392	2826	161910	0	
2	 7	 4	 5	sample76	1748	4318	1798	118220	0	
2	 7	 4	 6	control	9811	12381	11822	146490	0	
2	 8	 1	 1	sample77	16021	20133	17220	328960	0	
2	 8	 1	 2	sample77	16408	20520	19018	345408	0	
2	 8	 1	 3	sample77	14960	19072	15934	316624	0	
2	 8	 1	 4	sample77	12428	16284	13106	300768	0	
2	 8	 1	 5	sample77	8271	12127	8480	269920	0	
2	 8	 1	 6	control	591	4447	256	154240	0	
2	 8	 2	 1	sample78	12335	16191	12850	250640	0	
2	 8	 2	 2	sample78	11935	15791	12592	269920	0	
2	 8	 2	 3	sample78	10747	14603	12850	300768	0	
2	 8	 2	 4	sample78	8772	12628	10022	285344	0	
2	 8	 2	 5	sample78	6235	9833	5654	251860	0	
2	 8	 2	 6	control	11720	15318	13364	244664	0	
2	 8	 3	 1	sample79	16768	20366	18762	248262	0	
2	 8	 3	 2	sample79	14599	18455	16190	262208	0	
2	 8	 3	 3	sample79	11593	15191	11822	237468	0	
2	 8	 3	 4	sample79	9307	12905	8996	269850	0	
2	 8	 3	 5	sample79	7061	10403	6424	274044	0	
2	 8	 3	 6	control	507	3849	256	133680	0	
2	 8	 4	 1	sample80	9296	12638	8480	233940	0	
2	 8	 4	 2	sample80	6474	9816	6682	227256	0	
2	 8	 4	 3	sample80	6373	9715	6424	233940	0	
2	 8	 4	 4	sample80	4512	7854	4626	227256	0	
2	 8	 4	 5	sample80	2245	5587	2312	230598	0	
2	 8	 4	 6	control	9543	12885	10280	200520	0	
2	 9	 1	 1	sample81	15665	19521	17476	258352	0	
2	 9	 1	 2	sample81	12751	16607	13620	262208	0	
2	 9	 1	 3	sample81	12709	16565	13878	254496	0	
2	 9	 1	 4	sample81	8071	11927	7966	246784	0	
2	 9	 1	 5	sample81	5750	9606	5654	277632	0	
2	 9	 1	 6	control	751	4607	514	154240	0	
2	 9	 2	 1	sample82	11034	14890	11822	242928	0	
2	 9	 2	 2	sample82	13889	17745	15676	254496	0	
2	 9	 2	 3	sample82	12733	16589	14392	246784	0	
2	 9	 2	 4	sample82	10369	14225	11050	254496	0	
2	 9	 2	 5	sample82	8035	11891	7710	231360	0	
2	 9	 2	 6	control	13119	16975	14906	239072	0	
2	 9	 3	 1	sample83	6835	10177	7452	207204	0	
2	 9	 3	 2	sample83	5633	8975	6168	207204	0	
2	 9	 3	 3	sample83	3985	7327	4368	197178	0	
2	 9	 3	 4	sample83	2429	5771	2826	183810	0	
2	 9	 3	 5	sample83	2313	5655	2312	170442	0	
2	 9	 3	 6	control	418	4016	258	143920	0	
2	 9	 4	 1	sample84	7697	11039	7452	213888	0	
2	 9	 4	 2	sample84	5165	8507	5396	237282	0	
2	 9	 4	 3	sample84	4643	7727	4884	191208	0	
2	 9	 4	 4	sample84	3564	6906	3854	207204	0	
2	 9	 4	 5	sample84	1893	5235	2056	190494	0	
2	 9	 4	 6	control	10733	14075	12078	183810	0	
2	 10	 1	 1	sample85	7035	10375	6940	243820	0	
2	 10	 1	 2	sample85	7077	10417	7196	243820	0	
2	 10	 1	 3	sample85	5250	8848	5654	233870	0	
2	 10	 1	 4	sample85	2731	6329	2312	309428	0	
2	 10	 1	 5	sample85	2277	6131	2056	300612	0	
2	 10	 1	 6	control	873	4985	514	164480	0	
2	 10	 2	 1	sample86	13246	16586	13108	217100	0	
2	 10	 2	 2	sample86	11960	15558	12592	233870	0	
2	 10	 2	 3	sample86	14354	18208	14650	204262	0	
2	 10	 2	 4	sample86	8522	12376	7968	269780	0	
2	 10	 2	 5	sample86	5892	9746	5654	250510	0	
2	 10	 2	 6	control	9500	13612	10022	254944	0	
2	 10	 3	 1	sample87	6515	9341	6682	186516	0	
2	 10	 3	 2	sample87	4468	7552	4368	191208	0	
2	 10	 3	 3	sample87	2356	5696	2056	243820	0	
2	 10	 3	 4	sample87	2253	5593	2056	156980	0	
2	 10	 3	 5	sample87	2478	6076	2570	172704	0	
2	 10	 3	 6	control	919	4773	514	154160	0	
2	 10	 4	 1	sample88	5838	8664	6426	178038	0	
2	 10	 4	 2	sample88	3579	6405	3598	183690	0	
2	 10	 4	 3	sample88	3794	6878	4112	197376	0	
2	 10	 4	 4	sample88	2345	5685	2314	220440	0	
2	 10	 4	 5	sample88	2558	5898	2056	133600	0	
2	 10	 4	 6	control	8064	11662	9252	226674	0	
2	 11	 1	 1	sample89	8845	11673	10022	229068	0	
2	 11	 1	 2	sample89	6655	9739	6426	292980	0	
2	 11	 1	 3	sample89	5719	8803	5912	234384	0	
2	 11	 1	 4	sample89	4021	6849	3598	209272	0	
2	 11	 1	 5	sample89	2733	5817	2570	234384	0	
2	 11	 1	 6	control	553	3637	514	123360	0	
2	 11	 2	 1	sample90	4834	7918	4626	240552	0	
2	 11	 2	 2	sample90	5597	8681	5398	222048	0	
2	 11	 2	 3	sample90	5723	8807	5398	252888	0	
2	 11	 2	 4	sample90	3950	7034	3856	225132	0	
2	 11	 2	 5	sample90	2831	5915	2828	222048	0	
2	 11	 2	 6	control	12437	15779	13878	220572	0	
2	 11	 3	 1	sample91	9459	12287	9252	206444	0	
2	 11	 3	 2	sample91	7822	10906	7710	234384	0	
2	 11	 3	 3	sample91	6276	9360	6168	206628	0	
2	 11	 3	 4	sample91	4141	7225	4112	222048	0	
2	 11	 3	 5	sample91	3157	6241	2828	262140	0	
2	 11	 3	 6	control	328	3926	258	143920	0	
2	 11	 4	 1	sample92	11114	13684	11308	200460	0	
2	 11	 4	 2	sample92	11165	13735	11822	179900	0	
2	 11	 4	 3	sample92	9651	12479	10022	209272	0	
2	 11	 4	 4	sample92	6981	9809	6424	206444	0	
2	 11	 4	 5	sample92	3658	6742	3598	212796	0	
2	 11	 4	 6	control	10891	13975	11822	197376	0	
2	 12	 1	 1	sample93	13492	16834	14906	200520	0	
2	 12	 1	 2	sample93	11665	15263	13878	241066	0	
2	 12	 1	 3	sample93	10180	14036	11050	219792	0	
2	 12	 1	 4	sample93	7164	11020	6938	219792	0	
2	 12	 1	 5	sample93	4866	8722	4626	242928	0	
2	 12	 1	 6	control	508	4620	514	164480	0	
2	 12	 2	 1	sample94	10931	14529	12594	237468	0	
2	 12	 2	 2	sample94	12805	16661	13878	200512	0	
2	 12	 2	 3	sample94	11407	15263	12078	227504	0	
2	 12	 2	 4	sample94	10460	14316	11050	219792	0	
2	 12	 2	 5	sample94	8353	12465	8996	222048	0	
2	 12	 2	 6	control	12094	16464	14134	209760	0	
2	 12	 3	 1	sample95	12767	16623	15420	215936	0	
2	 12	 3	 2	sample95	11334	15190	13364	219792	0	
2	 12	 3	 3	sample95	10879	14735	11822	231360	0	
2	 12	 3	 4	sample95	8810	12666	9508	219792	0	
2	 12	 3	 5	sample95	5811	9923	6168	230272	0	
2	 12	 3	 6	control	295	4665	256	174800	0	
2	 12	 4	 1	sample96	14810	18408	16192	212282	0	
2	 12	 4	 2	sample96	12777	16375	15934	226674	0	
2	 12	 4	 3	sample96	11942	15540	13622	201488	0	
2	 12	 4	 4	sample96	9585	13441	10536	208224	0	
2	 12	 4	 5	sample96	6455	10567	6426	217936	0	
2	 12	 4	 6	control	11549	15919	12336	227240	0	
3	 1	 1	 1	sample97	16169	20281	19018	349520	0	
3	 1	 1	 2	sample97	15871	19725	18762	331444	0	
3	 1	 1	 3	sample97	14382	17980	15162	291438	0	
3	 1	 1	 4	sample97	13185	16525	14392	253840	0	
3	 1	 1	 5	sample97	9607	12947	10280	263860	0	
3	 1	 1	 6	control	237	3835	256	143920	0	
3	 1	 2	 1	sample98	6429	10797	7968	358176	0	
3	 1	 2	 2	sample98	5848	9702	6426	312174	0	
3	 1	 2	 3	sample98	1304	4902	1284	143920	0	
3	 1	 2	 4	sample98	2897	6495	2826	183498	0	
3	 1	 2	 5	sample98	2688	6286	2570	187096	0	
3	 1	 2	 6	control	13418	17016	14392	269850	0	
3	 1	 3	 1	sample99	6504	11130	6938	328446	0	
3	 1	 3	 2	sample99	4946	9058	5140	283728	0	
3	 1	 3	 3	sample99	4197	8051	4112	281342	0	
3	 1	 3	 4	sample99	4229	7827	4368	244664	0	
3	 1	 3	 5	sample99	4436	8034	5140	287840	0	
3	 1	 3	 6	control	367	4221	258	154160	0	
3	 1	 4	 1	sample100	5752	10892	6168	400920	0	
3	 1	 4	 2	sample100	4761	9387	4882	448722	0	
3	 1	 4	 3	sample100	4009	8121	3854	328960	0	
3	 1	 4	 4	sample100	3315	7169	3342	300612	0	
3	 1	 4	 5	sample100	1779	5633	2056	192700	0	
3	 1	 4	 6	control	7786	11898	8480	234384	0	
3	 2	 1	 1	sample101	15187	18529	16448	280728	0	
3	 2	 1	 2	sample101	14808	18150	16448	264018	0	
3	 2	 1	 3	sample101	10864	14206	11564	257334	0	
3	 2	 1	 4	sample101	6933	10017	7196	252888	0	
3	 2	 1	 5	sample101	5905	8989	5912	243636	0	
3	 2	 1	 6	control	700	4042	770	133680	0	
3	 2	 2	 1	sample102	12111	15709	14650	266252	0	
3	 2	 2	 2	sample102	10036	13634	10280	284242	0	
3	 2	 2	 3	sample102	9096	12694	9766	295036	0	
3	 2	 2	 4	sample102	6210	9552	5910	264018	0	
3	 2	 2	 5	sample102	4455	7797	4112	277386	0	
3	 2	 2	 6	control	12297	15895	14392	255458	0	
3	 2	 3	 1	sample103	7032	10888	8224	316192	0	
3	 2	 3	 2	sample103	6766	10622	7196	293056	0	
3	 2	 3	 3	sample103	4626	8482	5140	273776	0	
3	 2	 3	 4	sample103	3763	7361	3598	219478	0	
3	 2	 3	 5	sample103	2862	6460	3084	298634	0	
3	 2	 3	 6	control	212	4068	0	154240	0	
3	 2	 4	 1	sample104	16062	20174	17990	320736	0	
3	 2	 4	 2	sample104	13566	17936	14392	349600	0	
3	 2	 4	 3	sample104	12797	16909	13622	316624	0	
3	 2	 4	 4	sample104	8002	11858	6682	308480	0	
3	 2	 4	 5	sample104	7057	10913	6938	250640	0	
3	 2	 4	 6	control	7875	11987	8738	275504	0	
3	 3	 1	 1	sample105	15534	19132	15934	280644	0	
3	 3	 1	 2	sample105	14561	18159	16190	309428	0	
3	 3	 1	 3	sample105	12914	16254	13364	257180	0	
3	 3	 1	 4	sample105	9476	12816	9252	253840	0	
3	 3	 1	 5	sample105	7573	10913	7710	237140	0	
3	 3	 1	 6	control	720	4060	514	133600	0	
3	 3	 2	 1	sample106	7440	11294	7968	300612	0	
3	 3	 2	 2	sample106	6957	10811	6682	289050	0	
3	 3	 2	 3	sample106	6785	10383	6938	259056	0	
3	 3	 2	 4	sample106	4511	8109	4626	266252	0	
3	 3	 2	 5	sample106	3550	6890	3598	247160	0	
3	 3	 2	 6	control	12046	15644	12592	259056	0	
3	 3	 3	 1	sample107	6386	10498	6938	271392	0	
3	 3	 3	 2	sample107	5090	8944	4884	235094	0	
3	 3	 3	 3	sample107	3842	7696	3856	296758	0	
3	 3	 3	 4	sample107	2601	6199	2570	233870	0	
3	 3	 3	 5	sample107	2488	6086	2312	237468	0	
3	 3	 3	 6	control	693	4291	770	143920	0	
3	 3	 4	 1	sample108	9472	13840	9766	393120	0	
3	 3	 4	 2	sample108	7398	11510	7196	287840	0	
3	 3	 4	 3	sample108	7848	11702	7710	281342	0	
3	 3	 4	 4	sample108	5296	9150	5140	292904	0	
3	 3	 4	 5	sample108	3430	7028	3084	259056	0	
3	 3	 4	 6	control	7327	11181	6426	211970	0	
3	 4	 1	 1	sample109	14873	18471	16448	287840	0	
3	 4	 1	 2	sample109	17171	20769	19532	291438	0	
3	 4	 1	 3	sample109	13266	16606	15164	280560	0	
3	 4	 1	 4	sample109	11737	14821	12850	215880	0	
3	 4	 1	 5	sample109	8263	11347	8224	240552	0	
3	 4	 1	 6	control	584	3668	514	123360	0	
3	 4	 2	 1	sample110	15535	19389	16706	250510	0	
3	 4	 2	 2	sample110	14484	18596	15420	283728	0	
3	 4	 2	 3	sample110	13228	17082	13622	335298	0	
3	 4	 2	 4	sample110	11153	14751	13364	287840	0	
3	 4	 2	 5	sample110	7659	11257	6938	255458	0	
3	 4	 2	 6	control	11189	14529	11822	230460	0	
3	 4	 3	 1	sample111	15223	19335	17732	296064	0	
3	 4	 3	 2	sample111	17037	21149	18760	514000	0	
3	 4	 3	 3	sample111	13791	17645	15164	273634	0	
3	 4	 3	 4	sample111	14079	17677	15934	251860	0	
3	 4	 3	 5	sample111	11825	15423	11308	277046	0	
3	 4	 3	 6	control	501	4099	256	143920	0	
3	 4	 4	 1	sample112	14164	18276	15676	279616	0	
3	 4	 4	 2	sample112	12524	16636	13364	312512	0	
3	 4	 4	 3	sample112	11778	15632	13108	269780	0	
3	 4	 4	 4	sample112	8293	12147	8482	246656	0	
3	 4	 4	 5	sample112	6172	10026	6168	254364	0	
3	 4	 4	 6	control	10565	14419	11052	215824	0	
3	 5	 1	 1	sample113	5756	8326	5396	226160	0	
3	 5	 1	 2	sample113	10112	12682	11050	192750	0	
3	 5	 1	 3	sample113	5876	8446	5910	192750	0	
3	 5	 1	 4	sample113	4365	6935	4626	187610	0	
3	 5	 1	 5	sample113	3084	5654	3340	169620	0	
3	 5	 1	 6	control	784	3354	514	102800	0	
3	 5	 2	 1	sample114	13859	16943	15420	218964	0	
3	 5	 2	 2	sample114	14120	17204	15162	225132	0	
3	 5	 2	 3	sample114	12543	15369	14136	214776	0	
3	 5	 2	 4	sample114	9753	12579	10024	223254	0	
3	 5	 2	 5	sample114	8145	10971	8738	220428	0	
3	 5	 2	 6	control	13374	16458	14906	212796	0	
3	 5	 3	 1	sample115	12803	16143	14392	237140	0	
3	 5	 3	 2	sample115	11902	15242	13108	247160	0	
3	 5	 3	 3	sample115	8959	12299	9252	237140	0	
3	 5	 3	 4	sample115	5601	8685	5654	209712	0	
3	 5	 3	 5	sample115	5972	9056	5654	218964	0	
3	 5	 3	 6	control	527	3867	258	133600	0	
3	 5	 4	 1	sample116	13741	17339	14906	251860	0	
3	 5	 4	 2	sample116	11179	14777	12850	259056	0	
3	 5	 4	 3	sample116	9092	12690	9766	255458	0	
3	 5	 4	 4	sample116	6609	10207	6938	266252	0	
3	 5	 4	 5	sample116	3917	7515	3598	237468	0	
3	 5	 4	 6	control	9177	12775	8224	212282	0	
3	 6	 1	 1	sample117	14736	18334	15934	244664	0	
3	 6	 1	 2	sample117	15075	18931	16190	273776	0	
3	 6	 1	 3	sample117	12045	15901	13620	269920	0	
3	 6	 1	 4	sample117	8498	12096	8482	219478	0	
3	 6	 1	 5	sample117	7407	10749	6938	207204	0	
3	 6	 1	 6	control	950	4292	770	133680	0	
3	 6	 2	 1	sample118	9665	13777	11052	230272	0	
3	 6	 2	 2	sample118	14725	18837	16962	279616	0	
3	 6	 2	 3	sample118	14081	18193	14906	291952	0	
3	 6	 2	 4	sample118	10983	15095	11566	279616	0	
3	 6	 2	 5	sample118	8834	12690	9252	246784	0	
3	 6	 2	 6	control	11689	15545	12592	231360	0	
3	 6	 3	 1	sample119	14134	18504	16448	292790	0	
3	 6	 3	 2	sample119	13587	18213	13878	309942	0	
3	 6	 3	 3	sample119	11705	16075	12850	270940	0	
3	 6	 3	 4	sample119	8116	12486	8480	262200	0	
3	 6	 3	 5	sample119	7102	11214	7454	267280	0	
3	 6	 3	 6	control	566	4678	514	164480	0	
3	 6	 4	 1	sample120	5761	10645	5654	302808	0	
3	 6	 4	 2	sample120	7212	12096	8224	297924	0	
3	 6	 4	 3	sample120	4348	9232	4368	302808	0	
3	 6	 4	 4	sample120	3288	8172	3340	239316	0	
3	 6	 4	 5	sample120	2656	7282	2570	194292	0	
3	 6	 4	 6	control	10368	14994	9766	217422	0	
3	 7	 1	 1	sample121	7750	11092	7710	294096	0	
3	 7	 1	 2	sample121	9114	12198	8996	240552	0	
3	 7	 1	 3	sample121	6321	9405	6426	228216	0	
3	 7	 1	 4	sample121	4231	7315	4112	206628	0	
3	 7	 1	 5	sample121	2931	6015	2828	206628	0	
3	 7	 1	 6	control	584	3926	514	133680	0	
3	 7	 2	 1	sample122	13944	17800	15676	281488	0	
3	 7	 2	 2	sample122	14083	17939	15676	254496	0	
3	 7	 2	 3	sample122	12366	15708	13106	253992	0	
3	 7	 2	 4	sample122	9811	13153	10794	267360	0	
3	 7	 2	 5	sample122	6490	10088	6426	244664	0	
3	 7	 2	 6	control	13023	16621	14136	230272	0	
3	 7	 3	 1	sample123	7813	11669	7966	258352	0	
3	 7	 3	 2	sample123	6640	10496	7196	262208	0	
3	 7	 3	 3	sample123	3523	7121	2828	269850	0	
3	 7	 3	 4	sample123	2638	6236	2570	205086	0	
3	 7	 3	 5	sample123	2869	6467	2828	179900	0	
3	 7	 3	 6	control	579	4177	514	143920	0	
3	 7	 4	 1	sample124	7698	12068	8738	292790	0	
3	 7	 4	 2	sample124	5720	9832	6682	275504	0	
3	 7	 4	 3	sample124	5197	9053	5654	258352	0	
3	 7	 4	 4	sample124	3102	6958	3340	262208	0	
3	 7	 4	 5	sample124	1681	5537	1798	185088	0	
3	 7	 4	 6	control	7626	11738	8224	238496	0	
3	 8	 1	 1	sample125	16478	19820	17218	277386	0	
3	 8	 1	 2	sample125	17907	21249	20815	294096	0	
3	 8	 1	 3	sample125	16310	19394	17220	252888	0	
3	 8	 1	 4	sample125	12905	15989	11822	231300	0	
3	 8	 1	 5	sample125	11205	14289	11052	222048	0	
3	 8	 1	 6	control	617	3701	514	123360	0	
3	 8	 2	 1	sample126	12288	15886	13878	266252	0	
3	 8	 2	 2	sample126	12826	16424	14136	269850	0	
3	 8	 2	 3	sample126	12823	16165	14134	264018	0	
3	 8	 2	 4	sample126	10228	13570	9766	250650	0	
3	 8	 2	 5	sample126	8502	11844	7966	237282	0	
3	 8	 2	 6	control	13333	16675	15162	250650	0	
3	 8	 3	 1	sample127	6768	10366	7710	237468	0	
3	 8	 3	 2	sample127	5195	8793	5398	255458	0	
3	 8	 3	 3	sample127	3284	6882	3342	223076	0	
3	 8	 3	 4	sample127	2647	6245	2570	241066	0	
3	 8	 3	 5	sample127	2670	6012	2570	170442	0	
3	 8	 3	 6	control	251	3849	258	143920	0	
3	 8	 4	 1	sample128	9012	12868	9508	277632	0	
3	 8	 4	 2	sample128	5851	9707	5654	250640	0	
3	 8	 4	 3	sample128	6719	10317	6426	280644	0	
3	 8	 4	 4	sample128	2941	6539	2570	251860	0	
3	 8	 4	 5	sample128	3290	6888	3598	179900	0	
3	 8	 4	 6	control	9331	13187	11050	200512	0	
3	 9	 1	 1	sample129	7686	10512	7454	206298	0	
3	 9	 1	 2	sample129	10337	13163	10024	217602	0	
3	 9	 1	 3	sample129	6826	9652	7196	197820	0	
3	 9	 1	 4	sample129	4533	7359	4370	209124	0	
3	 9	 1	 5	sample129	2687	5513	2828	186516	0	
3	 9	 1	 6	control	899	3983	514	123360	0	
3	 9	 2	 1	sample130	14653	17737	16190	154200	0	
3	 9	 2	 2	sample130	13706	17046	13622	223780	0	
3	 9	 2	 3	sample130	13151	16235	13620	249804	0	
3	 9	 2	 4	sample130	10143	13227	10280	237468	0	
3	 9	 2	 5	sample130	9527	12611	10536	218964	0	
3	 9	 2	 6	control	14244	17328	15162	194292	0	
3	 9	 3	 1	sample131	13103	16443	13622	207080	0	
3	 9	 3	 2	sample131	13443	17041	13878	244664	0	
3	 9	 3	 3	sample131	9777	13117	10024	240480	0	
3	 9	 3	 4	sample131	7951	11291	7710	210420	0	
3	 9	 3	 5	sample131	6710	10050	7196	253840	0	
3	 9	 3	 6	control	656	3996	514	133600	0	
3	 9	 4	 1	sample132	14335	17933	15420	280644	0	
3	 9	 4	 2	sample132	12380	16234	13622	269780	0	
3	 9	 4	 3	sample132	13776	17374	13106	266252	0	
3	 9	 4	 4	sample132	8984	12582	7966	251860	0	
3	 9	 4	 5	sample132	6991	10589	7710	230272	0	
3	 9	 4	 6	control	13487	17085	11308	179900	0	
3	 10	 1	 1	sample133	16939	20793	19276	300612	0	
3	 10	 1	 2	sample133	16689	20543	20303	316028	0	
3	 10	 1	 3	sample133	15790	19644	16706	281342	0	
3	 10	 1	 4	sample133	13521	17633	13878	287840	0	
3	 10	 1	 5	sample133	11398	15510	12078	291952	0	
3	 10	 1	 6	control	1047	5159	1028	164480	0	
3	 10	 2	 1	sample134	13313	16653	12594	233800	0	
3	 10	 2	 2	sample134	13158	16756	13878	251860	0	
3	 10	 2	 3	sample134	12224	16078	13108	308320	0	
3	 10	 2	 4	sample134	9951	14063	10794	308400	0	
3	 10	 2	 5	sample134	7836	11948	8480	283728	0	
3	 10	 2	 6	control	13103	17471	13364	266448	0	
3	 10	 3	 1	sample135	6047	9645	6424	230272	0	
3	 10	 3	 2	sample135	6180	9778	6424	223076	0	
3	 10	 3	 3	sample135	3375	7229	3598	238948	0	
3	 10	 3	 4	sample135	2323	6435	2570	304288	0	
3	 10	 3	 5	sample135	2841	6953	2826	213824	0	
3	 10	 3	 6	control	707	5075	772	174720	0	
3	 10	 4	 1	sample136	15024	18878	15934	277488	0	
3	 10	 4	 2	sample136	13831	18199	14906	288288	0	
3	 10	 4	 3	sample136	12325	16693	13364	305760	0	
3	 10	 4	 4	sample136	9297	13665	8738	275184	0	
3	 10	 4	 5	sample136	5646	10014	5398	262080	0	
3	 10	 4	 6	control	7904	12530	7452	268308	0	
3	 11	 1	 1	sample137	7766	10336	8224	177330	0	
3	 11	 1	 2	sample137	8075	10645	9766	185040	0	
3	 11	 1	 3	sample137	5858	8686	5910	195132	0	
3	 11	 1	 4	sample137	3303	6131	3084	214928	0	
3	 11	 1	 5	sample137	2915	5743	3084	189476	0	
3	 11	 1	 6	control	547	3631	258	123360	0	
3	 11	 2	 1	sample138	4203	6773	4626	190180	0	
3	 11	 2	 2	sample138	4719	7547	5140	226240	0	
3	 11	 2	 3	sample138	4511	7339	5140	214928	0	
3	 11	 2	 4	sample138	2788	5872	3084	160368	0	
3	 11	 2	 5	sample138	2669	6011	2570	147048	0	
3	 11	 2	 6	control	11323	14921	13622	259056	0	
3	 11	 3	 1	sample139	13024	15852	14648	166852	0	
3	 11	 3	 2	sample139	13214	16042	15420	189476	0	
3	 11	 3	 3	sample139	10061	13145	10538	212796	0	
3	 11	 3	 4	sample139	7151	10493	7196	210546	0	
3	 11	 3	 5	sample139	6954	10552	7196	262654	0	
3	 11	 3	 6	control	629	4485	514	154240	0	
3	 11	 4	 1	sample140	6735	9819	6682	212796	0	
3	 11	 4	 2	sample140	5287	8371	5398	194292	0	
3	 11	 4	 3	sample140	3836	7178	4368	227256	0	
3	 11	 4	 4	sample140	2633	5975	2570	203862	0	
3	 11	 4	 5	sample140	2296	5894	2570	158312	0	
3	 11	 4	 6	control	11542	15140	12850	194292	0	
3	 12	 1	 1	sample141	9875	12445	10024	195320	0	
3	 12	 1	 2	sample141	9461	12031	9252	203030	0	
3	 12	 1	 3	sample141	7301	9871	7710	182470	0	
3	 12	 1	 4	sample141	4265	7093	4882	203616	0	
3	 12	 1	 5	sample141	3749	7091	3854	243966	0	
3	 12	 1	 6	control	367	4479	258	164480	0	
3	 12	 2	 1	sample142	8423	11765	8224	240624	0	
3	 12	 2	 2	sample142	8060	11402	8994	230598	0	
3	 12	 2	 3	sample142	7870	11212	8480	257334	0	
3	 12	 2	 4	sample142	5798	9396	5912	269850	0	
3	 12	 2	 5	sample142	4219	8331	4626	267280	0	
3	 12	 2	 6	control	11504	16130	13622	328446	0	
3	 12	 3	 1	sample143	11962	15818	14648	308480	0	
3	 12	 3	 2	sample143	13693	17549	15676	258352	0	
3	 12	 3	 3	sample143	12264	16120	12850	250640	0	
3	 12	 3	 4	sample143	10176	14288	11308	283728	0	
3	 12	 3	 5	sample143	7697	12323	6940	360828	0	
3	 12	 3	 6	control	533	5931	514	215920	0	
3	 12	 4	 1	sample144	13533	17131	14392	241066	0	
3	 12	 4	 2	sample144	11912	15768	13106	262208	0	
3	 12	 4	 3	sample144	10769	14625	12850	277632	0	
3	 12	 4	 4	sample144	7947	12317	7710	288420	0	
3	 12	 4	 5	sample144	6321	11205	6424	351648	0	
3	 12	 4	 6	control	11973	17371	14392	329278	0	
4	 1	 1	 1	sample145	5940	8254	5654	180492	0	
4	 1	 1	 2	sample145	6771	8827	6682	172704	0	
4	 1	 1	 3	sample145	5083	7139	5654	156256	0	
4	 1	 1	 4	sample145	3946	5746	3854	131400	0	
4	 1	 1	 5	sample145	2128	3928	2056	140400	0	
4	 1	 1	 6	control	333	2133	256	72000	0	
4	 1	 2	 1	sample146	4655	7225	5398	161910	0	
4	 1	 2	 2	sample146	4571	7141	5140	179900	0	
4	 1	 2	 3	sample146	4805	6861	5140	141864	0	
4	 1	 2	 4	sample146	3581	5637	3342	154200	0	
4	 1	 2	 5	sample146	2809	4865	2570	145976	0	
4	 1	 2	 6	control	9915	11971	11566	145976	0	
4	 1	 3	 1	sample147	12668	15752	13878	212796	0	
4	 1	 3	 2	sample147	11780	14608	12078	195132	0	
4	 1	 3	 3	sample147	9493	12063	10280	159340	0	
4	 1	 3	 4	sample147	7105	9419	7452	157352	0	
4	 1	 3	 5	sample147	6227	8541	6168	168922	0	
4	 1	 3	 6	control	539	2853	514	92560	0	
4	 1	 4	 1	sample148	8140	11224	8996	262140	0	
4	 1	 4	 2	sample148	10348	13432	12336	234384	0	
4	 1	 4	 3	sample148	10026	12854	12078	206444	0	
4	 1	 4	 4	sample148	8603	11431	9766	189476	0	
4	 1	 4	 5	sample148	6311	8881	6168	161910	0	
4	 1	 4	 6	control	10724	13038	11822	136526	0	
4	 2	 1	 1	sample149	14500	17070	15676	187610	0	
4	 2	 1	 2	sample149	12982	15808	14906	209124	0	
4	 2	 1	 3	sample149	10787	13613	11308	194994	0	
4	 2	 1	 4	sample149	8588	11158	8994	177330	0	
4	 2	 1	 5	sample149	5455	8025	5396	190180	0	
4	 2	 1	 6	control	520	3090	514	102800	0	
4	 2	 2	 1	sample150	14454	17538	15676	225132	0	
4	 2	 2	 2	sample150	13310	16394	15162	240552	0	
4	 2	 2	 3	sample150	11369	14453	12078	231300	0	
4	 2	 2	 4	sample150	10080	13164	10280	222048	0	
4	 2	 2	 5	sample150	6601	9685	6168	225132	0	
4	 2	 2	 6	control	10291	13375	12336	203544	0	
4	 2	 3	 1	sample151	3964	7304	4112	220440	0	
4	 2	 3	 2	sample151	4476	8074	4368	172704	0	
4	 2	 3	 3	sample151	2746	6086	2828	156980	0	
4	 2	 3	 4	sample151	1933	5017	2056	135696	0	
4	 2	 3	 5	sample151	1612	4696	1542	123360	0	
4	 2	 3	 6	control	616	3700	514	123360	0	
4	 2	 4	 1	sample152	7548	11146	7710	251860	0	
4	 2	 4	 2	sample152	315	5711	0	215840	0	
4	 2	 4	 3	sample152	4643	7983	4112	263860	0	
4	 2	 4	 4	sample152	2906	5990	3084	209712	0	
4	 2	 4	 5	sample152	2165	5249	2312	144948	0	
4	 2	 4	 6	control	11740	14824	13364	175788	0	
4	 3	 1	 1	sample153	13927	17267	15164	243820	0	
4	 3	 1	 2	sample153	15270	18610	15934	263860	0	
4	 3	 1	 3	sample153	14096	17180	15934	209712	0	
4	 3	 1	 4	sample153	12213	15039	13622	200646	0	
4	 3	 1	 5	sample153	9102	11672	9508	172190	0	
4	 3	 1	 6	control	475	3045	514	102800	0	
4	 3	 2	 1	sample154	11201	15055	12594	258218	0	
4	 3	 2	 2	sample154	12240	15838	13620	251860	0	
4	 3	 2	 3	sample154	11910	15250	13878	233800	0	
4	 3	 2	 4	sample154	8873	11957	9766	228216	0	
4	 3	 2	 5	sample154	6422	9248	6426	197820	0	
4	 3	 2	 6	control	11570	14396	12594	172386	0	
4	 3	 3	 1	sample155	11525	15123	12850	237468	0	
4	 3	 3	 2	sample155	9866	13206	11052	233800	0	
4	 3	 3	 3	sample155	8759	12099	8482	210420	0	
4	 3	 3	 4	sample155	5259	8343	4626	218964	0	
4	 3	 3	 5	sample155	4566	7392	4884	192168	0	
4	 3	 3	 6	control	315	3141	258	113040	0	
4	 3	 4	 1	sample156	5975	9315	7196	230460	0	
4	 3	 4	 2	sample156	4842	8182	5398	230460	0	
4	 3	 4	 3	sample156	4531	7615	4882	200460	0	
4	 3	 4	 4	sample156	3342	6168	3598	197820	0	
4	 3	 4	 5	sample156	2364	5190	2314	186516	0	
4	 3	 4	 6	control	10210	13036	11566	144126	0	
4	 4	 1	 1	sample157	14232	17572	16448	257180	0	
4	 4	 1	 2	sample157	13573	16913	15164	250500	0	
4	 4	 1	 3	sample157	11627	14967	12850	237140	0	
4	 4	 1	 4	sample157	10192	13276	11050	200460	0	
4	 4	 1	 5	sample157	6340	9680	6168	220440	0	
4	 4	 1	 6	control	797	4137	514	133600	0	
4	 4	 2	 1	sample158	5055	8653	5140	241066	0	
4	 4	 2	 2	sample158	5266	8864	4882	248262	0	
4	 4	 2	 3	sample158	5088	8428	5398	227120	0	
4	 4	 2	 4	sample158	2995	6335	3084	267200	0	
4	 4	 2	 5	sample158	2269	5609	2570	230460	0	
4	 4	 2	 6	control	10179	13777	11564	212282	0	
4	 4	 3	 1	sample159	7294	10892	8224	233870	0	
4	 4	 3	 2	sample159	5288	8886	5396	237468	0	
4	 4	 3	 3	sample159	4428	8026	4626	219478	0	
4	 4	 3	 4	sample159	3321	6661	3342	213760	0	
4	 4	 3	 5	sample159	2739	6079	2828	233800	0	
4	 4	 3	 6	control	642	4240	514	143920	0	
4	 4	 4	 1	sample160	12494	16348	13878	258218	0	
4	 4	 4	 2	sample160	10326	14180	10538	238948	0	
4	 4	 4	 3	sample160	10042	13640	10794	233870	0	
4	 4	 4	 4	sample160	8686	12026	9766	213760	0	
4	 4	 4	 5	sample160	5271	8611	5140	217100	0	
4	 4	 4	 6	control	10358	13698	10280	210420	0	
4	 5	 1	 1	sample161	15243	18841	17476	287840	0	
4	 5	 1	 2	sample161	15941	19539	18248	273448	0	
4	 5	 1	 3	sample161	13035	16633	14906	280644	0	
4	 5	 1	 4	sample161	9989	13331	10280	284070	0	
4	 5	 1	 5	sample161	7775	11117	8224	223914	0	
4	 5	 1	 6	control	623	3965	514	133680	0	
4	 5	 2	 1	sample162	6216	9814	6940	269850	0	
4	 5	 2	 2	sample162	6140	9738	6682	262654	0	
4	 5	 2	 3	sample162	5213	8811	5912	266252	0	
4	 5	 2	 4	sample162	4291	7633	4368	243966	0	
4	 5	 2	 5	sample162	2624	5966	2570	297438	0	
4	 5	 2	 6	control	13049	16391	12850	210546	0	
4	 5	 3	 1	sample163	8230	11572	8224	253992	0	
4	 5	 3	 2	sample163	6152	9750	5912	273448	0	
4	 5	 3	 3	sample163	5207	8549	5140	217230	0	
4	 5	 3	 4	sample163	3995	7079	3856	188124	0	
4	 5	 3	 5	sample163	3815	6899	3598	234384	0	
4	 5	 3	 6	control	745	4087	514	133680	0	
4	 5	 4	 1	sample164	6525	9867	7196	264018	0	
4	 5	 4	 2	sample164	5658	8742	6168	228216	0	
4	 5	 4	 3	sample164	4505	7589	4884	228216	0	
4	 5	 4	 4	sample164	3318	6402	2828	231300	0	
4	 5	 4	 5	sample164	2716	5800	2828	234384	0	
4	 5	 4	 6	control	10233	13317	11052	181956	0	
4	 6	 1	 1	sample165	13032	16372	14136	263860	0	
4	 6	 1	 2	sample165	13998	17338	14392	243820	0	
4	 6	 1	 3	sample165	11048	14388	11566	257180	0	
4	 6	 1	 4	sample165	8514	11854	8224	237140	0	
4	 6	 1	 5	sample165	5422	8506	5140	222048	0	
4	 6	 1	 6	control	553	3893	514	133600	0	
4	 6	 2	 1	sample166	6543	9883	6168	233800	0	
4	 6	 2	 2	sample166	6777	10117	7196	217100	0	
4	 6	 2	 3	sample166	5765	9105	5654	240480	0	
4	 6	 2	 4	sample166	4258	7598	4112	253840	0	
4	 6	 2	 5	sample166	2391	5731	2570	253840	0	
4	 6	 2	 6	control	11291	14631	12850	200400	0	
4	 6	 3	 1	sample167	12407	15747	13878	230460	0	
4	 6	 3	 2	sample167	11844	15184	12336	240480	0	
4	 6	 3	 3	sample167	10345	13685	10794	240480	0	
4	 6	 3	 4	sample167	6348	9688	5912	233800	0	
4	 6	 3	 5	sample167	5294	8634	4626	273880	0	
4	 6	 3	 6	control	746	4086	514	133600	0	
4	 6	 4	 1	sample168	8052	11136	8480	222048	0	
4	 6	 4	 2	sample168	6509	9593	6424	197376	0	
4	 6	 4	 3	sample168	5271	8097	5398	200646	0	
4	 6	 4	 4	sample168	3491	6575	3340	200460	0	
4	 6	 4	 5	sample168	2617	5701	2570	151116	0	
4	 6	 4	 6	control	9563	12647	11308	188124	0	
4	 7	 1	 1	sample169	9006	12346	9252	237140	0	
4	 7	 1	 2	sample169	11398	14738	11822	250500	0	
4	 7	 1	 3	sample169	8977	12317	10280	237140	0	
4	 7	 1	 4	sample169	6718	9802	7196	218964	0	
4	 7	 1	 5	sample169	3894	6978	3854	218964	0	
4	 7	 1	 6	control	378	3462	256	123360	0	
4	 7	 2	 1	sample170	13470	17068	15420	251860	0	
4	 7	 2	 2	sample170	13405	17259	14906	265926	0	
4	 7	 2	 3	sample170	12850	16704	12850	281342	0	
4	 7	 2	 4	sample170	10353	13951	10022	262654	0	
4	 7	 2	 5	sample170	8423	11763	8738	233800	0	
4	 7	 2	 6	control	11284	14624	14392	247160	0	
4	 7	 3	 1	sample171	11702	15300	13878	262654	0	
4	 7	 3	 2	sample171	12652	16506	14392	254364	0	
4	 7	 3	 3	sample171	10771	14625	12594	254364	0	
4	 7	 3	 4	sample171	7033	10631	6938	205086	0	
4	 7	 3	 5	sample171	6908	10506	6938	273448	0	
4	 7	 3	 6	control	424	4022	514	143920	0	
4	 7	 4	 1	sample172	6603	9943	6940	227120	0	
4	 7	 4	 2	sample172	5177	8517	5140	210420	0	
4	 7	 4	 3	sample172	4015	7355	4112	220440	0	
4	 7	 4	 4	sample172	3536	6876	3084	220440	0	
4	 7	 4	 5	sample172	1694	5034	1800	146960	0	
4	 7	 4	 6	control	6359	9699	6940	180360	0	
4	 8	 1	 1	sample173	6692	9520	7452	206444	0	
4	 8	 1	 2	sample173	5820	8648	6938	209272	0	
4	 8	 1	 3	sample173	5295	7865	6168	187610	0	
4	 8	 1	 4	sample173	4373	6943	4626	187610	0	
4	 8	 1	 5	sample173	2874	5188	3084	175864	0	
4	 8	 1	 6	control	456	2770	514	92560	0	
4	 8	 2	 1	sample174	13344	16686	15162	223914	0	
4	 8	 2	 2	sample174	13160	16502	15162	237282	0	
4	 8	 2	 3	sample174	12961	16045	14392	228216	0	
4	 8	 2	 4	sample174	10014	13098	10024	240552	0	
4	 8	 2	 5	sample174	8301	11129	8738	197960	0	
4	 8	 2	 6	control	12227	15055	13364	180992	0	
4	 8	 3	 1	sample175	7011	10609	6940	233870	0	
4	 8	 3	 2	sample175	5084	8682	5140	230272	0	
4	 8	 3	 3	sample175	5112	8454	4882	217230	0	
4	 8	 3	 4	sample175	2732	6074	2570	190494	0	
4	 8	 3	 5	sample175	3274	6358	3342	163452	0	
4	 8	 3	 6	control	559	3643	514	123360	0	
4	 8	 4	 1	sample176	14676	18018	16448	243966	0	
4	 8	 4	 2	sample176	9793	13135	7966	397698	0	
4	 8	 4	 3	sample176	10480	13822	11050	243966	0	
4	 8	 4	 4	sample176	9267	12609	9508	223914	0	
4	 8	 4	 5	sample176	6249	9333	6426	197376	0	
4	 8	 4	 6	control	10882	13966	13108	154200	0	
4	 9	 1	 1	sample177	16516	19856	18762	253840	0	
4	 9	 1	 2	sample177	14980	18320	16706	253840	0	
4	 9	 1	 3	sample177	13954	17038	15162	228216	0	
4	 9	 1	 4	sample177	9638	12978	10794	240480	0	
4	 9	 1	 5	sample177	6480	9564	6424	212796	0	
4	 9	 1	 6	control	295	3379	256	123360	0	
4	 9	 2	 1	sample178	12760	16358	13620	237468	0	
4	 9	 2	 2	sample178	13127	16981	14392	250510	0	
4	 9	 2	 3	sample178	12032	15630	13106	280644	0	
4	 9	 2	 4	sample178	8942	12540	9252	284242	0	
4	 9	 2	 5	sample178	6917	10515	7196	259056	0	
4	 9	 2	 6	control	12820	16160	14650	200400	0	
4	 9	 3	 1	sample179	13172	17284	13878	259056	0	
4	 9	 3	 2	sample179	14264	18118	15164	269780	0	
4	 9	 3	 3	sample179	11662	15516	11822	265926	0	
4	 9	 3	 4	sample179	8770	12624	9510	254364	0	
4	 9	 3	 5	sample179	8794	12648	8224	285196	0	
4	 9	 3	 6	control	353	3951	256	143920	0	
4	 9	 4	 1	sample180	7945	11799	9252	258218	0	
4	 9	 4	 2	sample180	7052	10906	7454	273634	0	
4	 9	 4	 3	sample180	4594	8448	4370	273634	0	
4	 9	 4	 4	sample180	3061	6915	3084	169576	0	
4	 9	 4	 5	sample180	2417	6271	2314	181138	0	
4	 9	 4	 6	control	8991	12589	10022	237468	0	
4	 10	 1	 1	sample181	7008	9064	7196	137752	0	
4	 10	 1	 2	sample181	8228	10540	8738	154904	0	
4	 10	 1	 3	sample181	6430	8742	6682	143344	0	
4	 10	 1	 4	sample181	4382	6694	4626	141032	0	
4	 10	 1	 5	sample181	2408	4978	2570	167050	0	
4	 10	 1	 6	control	545	3115	256	102800	0	
4	 10	 2	 1	sample182	6288	8600	6940	124848	0	
4	 10	 2	 2	sample182	6056	8626	6938	154200	0	
4	 10	 2	 3	sample182	5288	7600	6168	157216	0	
4	 10	 2	 4	sample182	3613	6183	4112	167050	0	
4	 10	 2	 5	sample182	2739	5309	2826	151630	0	
4	 10	 2	 6	control	11461	14287	12594	166734	0	
4	 10	 3	 1	sample183	9380	11950	10794	149060	0	
4	 10	 3	 2	sample183	6824	9394	7452	138780	0	
4	 10	 3	 3	sample183	6560	9130	6938	141350	0	
4	 10	 3	 4	sample183	4031	6857	4626	186516	0	
4	 10	 3	 5	sample183	3126	5952	3342	172386	0	
4	 10	 3	 6	control	675	3501	772	113040	0	
4	 10	 4	 1	sample184	6797	9367	7196	159340	0	
4	 10	 4	 2	sample184	4093	6919	4884	146952	0	
4	 10	 4	 3	sample184	4194	7020	4370	161082	0	
4	 10	 4	 4	sample184	2649	5475	3084	175212	0	
4	 10	 4	 5	sample184	1522	4606	1542	123360	0	
4	 10	 4	 6	control	6015	9099	5654	151116	0	
4	 11	 1	 1	sample185	15499	19097	17476	255458	0	
4	 11	 1	 2	sample185	15314	18654	17476	243820	0	
4	 11	 1	 3	sample185	13607	16947	14906	240480	0	
4	 11	 1	 4	sample185	10644	13984	10280	210420	0	
4	 11	 1	 5	sample185	7047	10645	6938	230272	0	
4	 11	 1	 6	control	584	4182	514	143920	0	
4	 11	 2	 1	sample186	7653	11251	8480	244664	0	
4	 11	 2	 2	sample186	8909	12507	10022	226674	0	
4	 11	 2	 3	sample186	7018	10616	7196	359800	0	
4	 11	 2	 4	sample186	5018	8358	4884	237140	0	
4	 11	 2	 5	sample186	3743	7341	4112	215880	0	
4	 11	 2	 6	control	11651	15249	13620	212282	0	
4	 11	 3	 1	sample187	6942	10540	8224	251860	0	
4	 11	 3	 2	sample187	6213	9811	6938	223076	0	
4	 11	 3	 3	sample187	4444	8042	4626	219478	0	
4	 11	 3	 4	sample187	3292	6890	3598	248262	0	
4	 11	 3	 5	sample187	3194	6792	3598	233870	0	
4	 11	 3	 6	control	507	4105	514	143920	0	
4	 11	 4	 1	sample188	6950	10548	7196	237468	0	
4	 11	 4	 2	sample188	5872	9470	6424	215880	0	
4	 11	 4	 3	sample188	4035	7889	4112	254364	0	
4	 11	 4	 4	sample188	2153	6007	2314	235094	0	
4	 11	 4	 5	sample188	2082	5680	2056	172704	0	
4	 11	 4	 6	control	10614	14212	11564	201488	0	
4	 12	 1	 1	sample189	3042	5868	3084	237384	0	
4	 12	 1	 2	sample189	4827	7911	5140	200460	0	
4	 12	 1	 3	sample189	3583	6923	3598	227120	0	
4	 12	 1	 4	sample189	2325	5665	2570	220440	0	
4	 12	 1	 5	sample189	2523	5863	2314	90180	0	
4	 12	 1	 6	control	578	4176	256	143920	0	
4	 12	 2	 1	sample190	12108	14934	13878	203472	0	
4	 12	 2	 2	sample190	11825	14909	13878	212796	0	
4	 12	 2	 3	sample190	10557	13641	12078	237468	0	
4	 12	 2	 4	sample190	9418	12502	10794	218964	0	
4	 12	 2	 5	sample190	7286	10626	7710	220440	0	
4	 12	 2	 6	control	10672	14012	11566	203740	0	
4	 12	 3	 1	sample191	3157	5983	3856	200646	0	
4	 12	 3	 2	sample191	4271	7097	5140	192168	0	
4	 12	 3	 3	sample191	3334	6418	3854	231300	0	
4	 12	 3	 4	sample191	2857	5941	3340	209712	0	
4	 12	 3	 5	sample191	2577	5661	2570	215880	0	
4	 12	 3	 6	control	648	3732	514	123360	0	
4	 12	 4	 1	sample192	12679	15763	14648	218964	0	
4	 12	 4	 2	sample192	11624	14450	14392	172386	0	
4	 12	 4	 3	sample192	10065	12891	11822	175212	0	
4	 12	 4	 4	sample192	8397	11223	9510	180864	0	
4	 12	 4	 5	sample192	5737	8563	6168	166734	0	
4	 12	 4	 6	control	9820	12646	11308	189342	0	
