MicroVigene	 Version	 2650
Culture	en-US
8/17/2006 12:31:13 PM
Roi Row	 4	 Roi Col	 12	 Main Row	 4	 Main Col	 6	 Sub Row	 1	 Sub Col	 1
Main Row	 Main Col	 Sub Row	 Sub Col	  GeneID	mean_net	 mean_total	 median_net	 vol_bkg	 vol_dust	 
1	 1	 1	 1	sample1	1457	2741	1286	42372	0	
1	 1	 1	 2	sample1	1099	2897	772	39556	0	
1	 1	 1	 3	sample1	1728	3012	1800	46224	0	
1	 1	 1	 4	sample1	669	1953	514	51360	0	
1	 1	 1	 5	sample1	765	2307	770	70932	0	
1	 1	 1	 6	control	322	2120	258	71920	0	
1	 1	 2	 1	sample2	1932	3730	1800	122264	0	
1	 1	 2	 2	sample2	2806	4604	2570	190588	0	
1	 1	 2	 3	sample2	1589	3387	1542	138446	0	
1	 1	 2	 4	sample2	1828	3370	1798	132612	0	
1	 1	 2	 5	sample2	1027	2569	1028	75558	0	
1	 1	 2	 6	control	2324	4122	2570	134850	0	
1	 1	 3	 1	sample3	1686	3998	1800	182648	0	
1	 1	 3	 2	sample3	1890	4202	1800	117912	0	
1	 1	 3	 3	sample3	1347	3403	1284	143920	0	
1	 1	 3	 4	sample3	1091	2889	1028	80910	0	
1	 1	 3	 5	sample3	906	2704	772	71920	0	
1	 1	 3	 6	control	425	2223	258	71920	0	
1	 1	 4	 1	sample4	2222	5048	2314	206298	0	
1	 1	 4	 2	sample4	1819	4389	1798	64250	0	
1	 1	 4	 3	sample4	1811	4123	1800	108664	0	
1	 1	 4	 4	sample4	1329	3385	1284	94576	0	
1	 1	 4	 5	sample4	899	2955	770	82240	0	
1	 1	 4	 6	control	3577	5889	3084	141032	0	
1	 2	 1	 1	sample5	1029	2313	1028	68052	0	
1	 2	 1	 2	sample5	1229	2771	1028	78642	0	
1	 2	 1	 3	sample5	1111	2653	1028	70932	0	
1	 2	 1	 4	sample5	623	2165	514	72474	0	
1	 2	 1	 5	sample5	858	2400	770	58596	0	
1	 2	 1	 6	control	623	2165	514	61680	0	
1	 2	 2	 1	sample6	1650	3192	1798	138780	0	
1	 2	 2	 2	sample6	1769	3311	1798	121818	0	
1	 2	 2	 3	sample6	1432	2974	1542	123360	0	
1	 2	 2	 4	sample6	1558	2842	1542	64200	0	
1	 2	 2	 5	sample6	1382	2666	1542	109140	0	
1	 2	 2	 6	control	4693	6235	5140	104856	0	
1	 2	 3	 1	sample7	1512	3054	1284	81726	0	
1	 2	 3	 2	sample7	1470	3268	1542	133052	0	
1	 2	 3	 3	sample7	1691	3233	1542	114108	0	
1	 2	 3	 4	sample7	1141	2683	1028	66306	0	
1	 2	 3	 5	sample7	584	2126	514	61680	0	
1	 2	 3	 6	control	269	1811	256	61680	0	
1	 2	 4	 1	sample8	2022	3820	1800	93496	0	
1	 2	 4	 2	sample8	1548	3346	1542	84506	0	
1	 2	 4	 3	sample8	1561	3617	1798	166536	0	
1	 2	 4	 4	sample8	1472	3270	1542	91698	0	
1	 2	 4	 5	sample8	1092	2890	1028	88102	0	
1	 2	 4	 6	control	2462	4260	2570	140244	0	
1	 3	 1	 1	sample9	2910	4708	3084	134850	0	
1	 3	 1	 2	sample9	2807	4605	3342	136648	0	
1	 3	 1	 3	sample9	2414	4212	2314	106082	0	
1	 3	 1	 4	sample9	1025	2823	772	129456	0	
1	 3	 1	 5	sample9	1234	3032	1028	71920	0	
1	 3	 1	 6	control	547	2345	514	71920	0	
1	 3	 2	 1	sample10	861	2659	772	88102	0	
1	 3	 2	 2	sample10	1565	3363	1542	124062	0	
1	 3	 2	 3	sample10	1311	3109	1286	143840	0	
1	 3	 2	 4	sample10	1105	2903	1028	84506	0	
1	 3	 2	 5	sample10	2292	3834	1542	38550	0	
1	 3	 2	 6	control	6241	8039	5654	95294	0	
1	 3	 3	 1	sample11	3948	5490	3854	106398	0	
1	 3	 3	 2	sample11	4132	5930	3342	120466	0	
1	 3	 3	 3	sample11	3416	5214	3084	129456	0	
1	 3	 3	 4	sample11	3337	5393	3340	133640	0	
1	 3	 3	 5	sample11	1657	3713	1542	141864	0	
1	 3	 3	 6	control	624	2422	514	71920	0	
1	 3	 4	 1	sample12	3221	5019	3084	111476	0	
1	 3	 4	 2	sample12	4373	6429	3598	121304	0	
1	 3	 4	 3	sample12	4069	6125	3340	125416	0	
1	 3	 4	 4	sample12	3038	5094	2826	127472	0	
1	 3	 4	 5	sample12	1072	3128	770	215880	0	
1	 3	 4	 6	control	3122	5178	3084	108968	0	
1	 4	 1	 1	sample13	8587	10387	8738	147600	0	
1	 4	 1	 2	sample13	8071	9871	7966	136800	0	
1	 4	 1	 3	sample13	4736	6536	4368	158400	0	
1	 4	 1	 4	sample13	1996	3796	2056	147600	0	
1	 4	 1	 5	sample13	2513	4313	2570	138600	0	
1	 4	 1	 6	control	546	2346	514	72000	0	
1	 4	 2	 1	sample14	2164	3706	2314	129528	0	
1	 4	 2	 2	sample14	1691	3491	1798	133200	0	
1	 4	 2	 3	sample14	1368	3168	1542	154800	0	
1	 4	 2	 4	sample14	1461	3261	1284	91800	0	
1	 4	 2	 5	sample14	870	2670	770	153000	0	
1	 4	 2	 6	control	3662	5718	3856	133640	0	
1	 4	 3	 1	sample15	3347	5147	3598	142200	0	
1	 4	 3	 2	sample15	2291	4091	2570	153000	0	
1	 4	 3	 3	sample15	1769	3569	2056	172800	0	
1	 4	 3	 4	sample15	1929	3729	1798	95400	0	
1	 4	 3	 5	sample15	1163	2963	1284	91800	0	
1	 4	 3	 6	control	283	2339	258	82240	0	
1	 4	 4	 1	sample16	5425	7481	5140	156256	0	
1	 4	 4	 2	sample16	3349	5405	3598	131584	0	
1	 4	 4	 3	sample16	2798	4854	2570	197376	0	
1	 4	 4	 4	sample16	2029	4085	1800	174760	0	
1	 4	 4	 5	sample16	1497	3553	1286	104856	0	
1	 4	 4	 6	control	2271	4327	2056	137752	0	
1	 5	 1	 1	sample17	4048	5076	4112	74016	0	
1	 5	 1	 2	sample17	3504	4790	3854	95164	0	
1	 5	 1	 3	sample17	2408	3950	2570	112566	0	
1	 5	 1	 4	sample17	2691	4233	2314	104856	0	
1	 5	 1	 5	sample17	2120	3920	2312	144000	0	
1	 5	 1	 6	control	624	2680	514	82240	0	
1	 5	 2	 1	sample18	953	2239	1028	66872	0	
1	 5	 2	 2	sample18	1507	2793	1542	95164	0	
1	 5	 2	 3	sample18	984	2526	1028	143406	0	
1	 5	 2	 4	sample18	629	2429	514	72000	0	
1	 5	 2	 5	sample18	697	2497	514	88200	0	
1	 5	 2	 6	control	6041	7841	6938	124200	0	
1	 5	 3	 1	sample19	2347	3633	2312	114454	0	
1	 5	 3	 2	sample19	2062	3348	2056	104166	0	
1	 5	 3	 3	sample19	2053	3595	2056	127986	0	
1	 5	 3	 4	sample19	1782	3582	1798	138600	0	
1	 5	 3	 5	sample19	1296	3096	1284	118800	0	
1	 5	 3	 6	control	308	2108	256	72000	0	
1	 5	 4	 1	sample20	1108	2394	1028	57870	0	
1	 5	 4	 2	sample20	457	1999	514	61680	0	
1	 5	 4	 3	sample20	876	2418	772	75558	0	
1	 5	 4	 4	sample20	668	2468	514	81000	0	
1	 5	 4	 5	sample20	648	2448	514	72000	0	
1	 5	 4	 6	control	2590	4390	2570	135000	0	
1	 6	 1	 1	sample21	1559	3101	1286	188124	0	
1	 6	 1	 2	sample21	2248	3790	2056	115650	0	
1	 6	 1	 3	sample21	1298	2840	1286	64764	0	
1	 6	 1	 4	sample21	1061	2603	1028	61680	0	
1	 6	 1	 5	sample21	917	2459	772	70932	0	
1	 6	 1	 6	control	296	1838	258	61680	0	
1	 6	 2	 1	sample22	6214	8014	5654	160200	0	
1	 6	 2	 2	sample22	6685	8485	7710	145800	0	
1	 6	 2	 3	sample22	5049	6591	4884	164994	0	
1	 6	 2	 4	sample22	3359	4901	3342	114108	0	
1	 6	 2	 5	sample22	2962	4504	3084	126444	0	
1	 6	 2	 6	control	5718	7260	6168	112566	0	
1	 6	 3	 1	sample23	2609	4409	2826	153000	0	
1	 6	 3	 2	sample23	2135	3935	1798	169200	0	
1	 6	 3	 3	sample23	1694	3494	1542	163800	0	
1	 6	 3	 4	sample23	1714	3256	1800	111024	0	
1	 6	 3	 5	sample23	900	2442	772	61680	0	
1	 6	 3	 6	control	303	1845	258	61680	0	
1	 6	 4	 1	sample24	4632	6432	4112	136800	0	
1	 6	 4	 2	sample24	4171	5971	4368	131400	0	
1	 6	 4	 3	sample24	3651	5451	3598	138600	0	
1	 6	 4	 4	sample24	2150	3950	2056	151200	0	
1	 6	 4	 5	sample24	1627	3427	1542	91800	0	
1	 6	 4	 6	control	2423	4223	2312	142200	0	
1	 7	 1	 1	sample25	6720	8520	6424	144000	0	
1	 7	 1	 2	sample25	5823	7623	6168	136800	0	
1	 7	 1	 3	sample25	4593	6393	5140	129600	0	
1	 7	 1	 4	sample25	2732	4532	2312	127800	0	
1	 7	 1	 5	sample25	2786	4842	2828	178872	0	
1	 7	 1	 6	control	462	2262	514	72000	0	
1	 7	 2	 1	sample26	4927	6727	4626	136800	0	
1	 7	 2	 2	sample26	3862	5918	3856	166536	0	
1	 7	 2	 3	sample26	3112	4912	3340	145800	0	
1	 7	 2	 4	sample26	2677	4477	2570	145800	0	
1	 7	 2	 5	sample26	2460	4516	2570	148032	0	
1	 7	 2	 6	control	4629	6429	4882	126000	0	
1	 7	 3	 1	sample27	674	2474	514	72000	0	
1	 7	 3	 2	sample27	856	2656	770	81000	0	
1	 7	 3	 3	sample27	578	2378	514	72000	0	
1	 7	 3	 4	sample27	468	2268	256	72000	0	
1	 7	 3	 5	sample27	817	2617	770	70200	0	
1	 7	 3	 6	control	494	2294	514	72000	0	
1	 7	 4	 1	sample28	2562	4362	2056	172800	0	
1	 7	 4	 2	sample28	2209	4009	2056	147600	0	
1	 7	 4	 3	sample28	1947	3747	2056	93600	0	
1	 7	 4	 4	sample28	1834	3634	1798	144000	0	
1	 7	 4	 5	sample28	1299	3099	1284	93600	0	
1	 7	 4	 6	control	3749	5549	3084	162000	0	
1	 8	 1	 1	sample29	6527	8583	6682	164480	0	
1	 8	 1	 2	sample29	6736	8534	7454	145638	0	
1	 8	 1	 3	sample29	4823	6365	4882	112566	0	
1	 8	 1	 4	sample29	3067	4351	3342	92448	0	
1	 8	 1	 5	sample29	1982	3010	2056	71960	0	
1	 8	 1	 6	control	489	1259	514	30800	0	
1	 8	 2	 1	sample30	4459	6515	4368	145976	0	
1	 8	 2	 2	sample30	4511	6309	4112	127658	0	
1	 8	 2	 3	sample30	2938	4480	3084	135696	0	
1	 8	 2	 4	sample30	2277	3561	2314	91164	0	
1	 8	 2	 5	sample30	1789	2817	1798	81212	0	
1	 8	 2	 6	control	5562	6332	4884	46970	0	
1	 8	 3	 1	sample31	9115	11427	8738	164152	0	
1	 8	 3	 2	sample31	4781	6837	4882	156256	0	
1	 8	 3	 3	sample31	3034	4576	2826	151116	0	
1	 8	 3	 4	sample31	2317	3601	2314	92448	0	
1	 8	 3	 5	sample31	1433	2461	1284	41120	0	
1	 8	 3	 6	control	296	1066	258	30800	0	
1	 8	 4	 1	sample32	1878	3934	1798	106912	0	
1	 8	 4	 2	sample32	1082	3138	1028	57568	0	
1	 8	 4	 3	sample32	1432	2974	1284	61680	0	
1	 8	 4	 4	sample32	932	2216	1028	51360	0	
1	 8	 4	 5	sample32	546	1574	514	41120	0	
1	 8	 4	 6	control	3186	3956	3084	40810	0	
1	 9	 1	 1	sample33	1693	3491	1542	147436	0	
1	 9	 1	 2	sample33	1318	2860	1284	143406	0	
1	 9	 1	 3	sample33	986	2528	1028	106398	0	
1	 9	 1	 4	sample33	814	2356	770	72474	0	
1	 9	 1	 5	sample33	907	2449	770	75558	0	
1	 9	 1	 6	control	636	2178	514	61680	0	
1	 9	 2	 1	sample34	1377	2919	1284	72474	0	
1	 9	 2	 2	sample34	1527	3069	1542	111024	0	
1	 9	 2	 3	sample34	979	2521	1028	163452	0	
1	 9	 2	 4	sample34	1221	2505	1286	61632	0	
1	 9	 2	 5	sample34	1062	2346	1028	59064	0	
1	 9	 2	 6	control	3517	4801	3084	88596	0	
1	 9	 3	 1	sample35	4336	5878	4112	121818	0	
1	 9	 3	 2	sample35	2008	3550	1798	109482	0	
1	 9	 3	 3	sample35	1930	3214	1800	96300	0	
1	 9	 3	 4	sample35	1251	2535	1286	86028	0	
1	 9	 3	 5	sample35	739	2023	772	91164	0	
1	 9	 3	 6	control	277	1561	258	51360	0	
1	 9	 4	 1	sample36	1208	3006	1028	136648	0	
1	 9	 4	 2	sample36	1017	2815	1028	80910	0	
1	 9	 4	 3	sample36	1045	2587	1028	112566	0	
1	 9	 4	 4	sample36	950	2234	772	62916	0	
1	 9	 4	 5	sample36	606	1890	514	57780	0	
1	 9	 4	 6	control	2442	3726	2570	89880	0	
1	 10	 1	 1	sample37	6055	7853	5140	154628	0	
1	 10	 1	 2	sample37	6524	8322	6682	136648	0	
1	 10	 1	 3	sample37	4427	6225	4626	129456	0	
1	 10	 1	 4	sample37	3421	4963	3340	118734	0	
1	 10	 1	 5	sample37	2737	4279	3084	123360	0	
1	 10	 1	 6	control	880	2422	770	61680	0	
1	 10	 2	 1	sample38	1163	2447	1028	51360	0	
1	 10	 2	 2	sample38	927	2469	770	78642	0	
1	 10	 2	 3	sample38	1100	2384	1028	87312	0	
1	 10	 2	 4	sample38	1107	2391	1028	62916	0	
1	 10	 2	 5	sample38	829	2113	772	51360	0	
1	 10	 2	 6	control	5024	6308	4884	96300	0	
1	 10	 3	 1	sample39	1644	2928	1800	97584	0	
1	 10	 3	 2	sample39	1236	2520	1286	66768	0	
1	 10	 3	 3	sample39	1110	2138	1028	92520	0	
1	 10	 3	 4	sample39	835	1863	770	41120	0	
1	 10	 3	 5	sample39	584	1612	514	41120	0	
1	 10	 3	 6	control	603	1631	514	41120	0	
1	 10	 4	 1	sample40	1958	2986	2056	78128	0	
1	 10	 4	 2	sample40	1467	2495	1284	88408	0	
1	 10	 4	 3	sample40	1637	2665	1542	94576	0	
1	 10	 4	 4	sample40	960	1988	1028	90464	0	
1	 10	 4	 5	sample40	758	1786	514	41120	0	
1	 10	 4	 6	control	3264	4292	2826	72988	0	
1	 11	 1	 1	sample41	2316	3602	2312	111882	0	
1	 11	 1	 2	sample41	2167	3709	2314	146490	0	
1	 11	 1	 3	sample41	2093	3635	2314	109482	0	
1	 11	 1	 4	sample41	1820	3620	1798	86400	0	
1	 11	 1	 5	sample41	1656	3712	1800	139808	0	
1	 11	 1	 6	control	468	2782	256	92560	0	
1	 11	 2	 1	sample42	1911	3197	2056	105452	0	
1	 11	 2	 2	sample42	2124	3410	2056	124742	0	
1	 11	 2	 3	sample42	1924	3466	1800	152658	0	
1	 11	 2	 4	sample42	2230	3772	2314	114108	0	
1	 11	 2	 5	sample42	1966	3766	2056	124200	0	
1	 11	 2	 6	control	6995	9051	7968	160368	0	
1	 11	 3	 1	sample43	3635	4921	3854	115740	0	
1	 11	 3	 2	sample43	5158	6444	5140	109310	0	
1	 11	 3	 3	sample43	5160	6702	5398	121818	0	
1	 11	 3	 4	sample43	4133	5675	4370	97146	0	
1	 11	 3	 5	sample43	2447	3989	2314	127986	0	
1	 11	 3	 6	control	462	2262	256	72000	0	
1	 11	 4	 1	sample44	3288	4316	3084	83268	0	
1	 11	 4	 2	sample44	1845	3131	2056	92592	0	
1	 11	 4	 3	sample44	1940	3226	2056	105452	0	
1	 11	 4	 4	sample44	2110	3652	1800	124902	0	
1	 11	 4	 5	sample44	1246	2788	1286	89436	0	
1	 11	 4	 6	control	4455	5997	4370	92520	0	
1	 12	 1	 1	sample45	8665	11493	9252	220584	0	
1	 12	 1	 2	sample45	8473	11301	8738	197960	0	
1	 12	 1	 3	sample45	7554	10382	7966	186648	0	
1	 12	 1	 4	sample45	5003	7573	5654	149060	0	
1	 12	 1	 5	sample45	2553	5123	2570	190180	0	
1	 12	 1	 6	control	752	3322	514	102800	0	
1	 12	 2	 1	sample46	2274	4588	2056	155038	0	
1	 12	 2	 2	sample46	3181	5495	3084	134212	0	
1	 12	 2	 3	sample46	4560	6874	4626	145782	0	
1	 12	 2	 4	sample46	2853	5167	2826	157352	0	
1	 12	 2	 5	sample46	1973	4287	2056	108758	0	
1	 12	 2	 6	control	7208	9522	6938	138840	0	
1	 12	 3	 1	sample47	6134	8190	6426	137752	0	
1	 12	 3	 2	sample47	5122	7178	5140	139808	0	
1	 12	 3	 3	sample47	4988	6788	5654	109800	0	
1	 12	 3	 4	sample47	2967	4767	3340	111600	0	
1	 12	 3	 5	sample47	2327	4383	2570	121304	0	
1	 12	 3	 6	control	508	2564	258	82240	0	
1	 12	 4	 1	sample48	1281	3081	1284	126000	0	
1	 12	 4	 2	sample48	1302	3102	1284	104400	0	
1	 12	 4	 3	sample48	1118	2918	1028	153000	0	
1	 12	 4	 4	sample48	1246	3046	1284	72000	0	
1	 12	 4	 5	sample48	1176	2976	1284	68400	0	
1	 12	 4	 6	control	4897	6953	5140	113080	0	
2	 1	 1	 1	sample49	3260	5058	3598	147436	0	
2	 1	 1	 2	sample49	2920	4718	3084	154628	0	
2	 1	 1	 3	sample49	2838	4636	3342	127658	0	
2	 1	 1	 4	sample49	2203	4001	2314	125860	0	
2	 1	 1	 5	sample49	1925	3723	2056	147436	0	
2	 1	 1	 6	control	719	2775	770	30840	0	
2	 1	 2	 1	sample50	6682	8480	5912	145638	0	
2	 1	 2	 2	sample50	7298	9354	7710	164480	0	
2	 1	 2	 3	sample50	6983	9039	6938	178872	0	
2	 1	 2	 4	sample50	5356	7412	5396	170648	0	
2	 1	 2	 5	sample50	4694	6750	4882	168592	0	
2	 1	 2	 6	control	7179	9235	8224	158312	0	
2	 1	 3	 1	sample51	1822	3620	1542	244528	0	
2	 1	 3	 2	sample51	2136	4192	1798	215880	0	
2	 1	 3	 3	sample51	2653	4709	2570	182984	0	
2	 1	 3	 4	sample51	2701	4757	2826	160368	0	
2	 1	 3	 5	sample51	1610	3666	1798	123360	0	
2	 1	 3	 6	control	412	2724	258	92480	0	
2	 1	 4	 1	sample52	5808	7606	5912	138446	0	
2	 1	 4	 2	sample52	5165	6963	5140	134850	0	
2	 1	 4	 3	sample52	3397	5453	3598	197376	0	
2	 1	 4	 4	sample52	3211	5267	3340	195320	0	
2	 1	 4	 5	sample52	2627	4683	2312	164480	0	
2	 1	 4	 6	control	5058	7114	4882	135696	0	
2	 2	 1	 1	sample53	5568	7624	5912	152144	0	
2	 2	 1	 2	sample53	4593	6649	4884	143920	0	
2	 2	 1	 3	sample53	4737	6537	4626	111600	0	
2	 2	 1	 4	sample53	3230	5030	3598	126000	0	
2	 2	 1	 5	sample53	3220	5020	3598	122400	0	
2	 2	 1	 6	control	533	2333	514	72000	0	
2	 2	 2	 1	sample54	2066	4380	2056	180492	0	
2	 2	 2	 2	sample54	2830	5144	2826	152724	0	
2	 2	 2	 3	sample54	2016	4330	1798	164294	0	
2	 2	 2	 4	sample54	1885	3941	1800	129528	0	
2	 2	 2	 5	sample54	1717	3773	1800	102800	0	
2	 2	 2	 6	control	8490	10546	8738	121304	0	
2	 2	 3	 1	sample55	10919	13233	11564	171236	0	
2	 2	 3	 2	sample55	10182	12752	10280	195320	0	
2	 2	 3	 3	sample55	8023	10337	8738	168922	0	
2	 2	 3	 4	sample55	6157	8471	5910	168922	0	
2	 2	 3	 5	sample55	3236	5550	3598	124956	0	
2	 2	 3	 6	control	533	2847	514	92560	0	
2	 2	 4	 1	sample56	6674	8988	6424	152724	0	
2	 2	 4	 2	sample56	9171	11741	10280	146490	0	
2	 2	 4	 3	sample56	6306	8876	6940	177330	0	
2	 2	 4	 4	sample56	5104	7674	5398	197890	0	
2	 2	 4	 5	sample56	2755	5325	2828	172190	0	
2	 2	 4	 6	control	3159	5729	3084	185040	0	
2	 3	 1	 1	sample57	4235	5777	4368	148032	0	
2	 3	 1	 2	sample57	4823	6365	5140	120276	0	
2	 3	 1	 3	sample57	3996	5538	4112	109482	0	
2	 3	 1	 4	sample57	2462	4004	2570	106398	0	
2	 3	 1	 5	sample57	2036	3578	2056	146490	0	
2	 3	 1	 6	control	385	1927	256	61680	0	
2	 3	 2	 1	sample58	4708	6764	3854	166536	0	
2	 3	 2	 2	sample58	5054	7110	4626	160368	0	
2	 3	 2	 3	sample58	3961	6017	3854	178872	0	
2	 3	 2	 4	sample58	2465	4521	2056	263168	0	
2	 3	 2	 5	sample58	1875	3931	1798	166536	0	
2	 3	 2	 6	control	10026	12082	12336	145976	0	
2	 3	 3	 1	sample59	6745	9057	7196	217328	0	
2	 3	 3	 2	sample59	7127	9697	8224	231300	0	
2	 3	 3	 3	sample59	6239	8809	7452	203030	0	
2	 3	 3	 4	sample59	5024	7336	4626	168776	0	
2	 3	 3	 5	sample59	2958	5270	2828	182648	0	
2	 3	 3	 6	control	367	2679	258	92480	0	
2	 3	 4	 1	sample60	3816	6128	3598	164152	0	
2	 3	 4	 2	sample60	2959	5529	3084	159340	0	
2	 3	 4	 3	sample60	2706	5276	2826	267280	0	
2	 3	 4	 4	sample60	2025	4595	1798	241580	0	
2	 3	 4	 5	sample60	820	3390	770	79670	0	
2	 3	 4	 6	control	3687	6257	3084	236440	0	
2	 4	 1	 1	sample61	4286	5314	3598	77100	0	
2	 4	 1	 2	sample61	3776	5060	3856	95016	0	
2	 4	 1	 3	sample61	2533	3817	2828	78324	0	
2	 4	 1	 4	sample61	1414	2698	1286	95016	0	
2	 4	 1	 5	sample61	1677	2961	1800	86028	0	
2	 4	 1	 6	control	507	2049	514	61680	0	
2	 4	 2	 1	sample62	6298	7840	6682	112566	0	
2	 4	 2	 2	sample62	4871	6413	4882	106398	0	
2	 4	 2	 3	sample62	3391	4933	3340	134154	0	
2	 4	 2	 4	sample62	2818	4616	2828	142042	0	
2	 4	 2	 5	sample62	2290	4088	2314	116870	0	
2	 4	 2	 6	control	8705	10761	9252	129528	0	
2	 4	 3	 1	sample63	8741	10797	9252	139808	0	
2	 4	 3	 2	sample63	8383	10181	9510	131254	0	
2	 4	 3	 3	sample63	6150	7948	6426	124062	0	
2	 4	 3	 4	sample63	4132	6188	4112	131584	0	
2	 4	 3	 5	sample63	2301	4357	2312	133640	0	
2	 4	 3	 6	control	449	2505	514	82240	0	
2	 4	 4	 1	sample64	5311	7367	5910	148032	0	
2	 4	 4	 2	sample64	4442	6754	4626	154904	0	
2	 4	 4	 3	sample64	2791	4847	3084	176816	0	
2	 4	 4	 4	sample64	2184	4240	2312	152144	0	
2	 4	 4	 5	sample64	899	2955	770	82240	0	
2	 4	 4	 6	control	2036	4092	1798	137752	0	
2	 5	 1	 1	sample65	7260	8802	7196	124902	0	
2	 5	 1	 2	sample65	7516	9058	7196	114108	0	
2	 5	 1	 3	sample65	6391	7933	6682	103314	0	
2	 5	 1	 4	sample65	4296	5838	4370	101772	0	
2	 5	 1	 5	sample65	3324	4610	3084	118312	0	
2	 5	 1	 6	control	552	1838	514	51440	0	
2	 5	 2	 1	sample66	5091	6891	4112	142200	0	
2	 5	 2	 2	sample66	5586	7386	5396	129600	0	
2	 5	 2	 3	sample66	5184	6726	5912	118734	0	
2	 5	 2	 4	sample66	3199	4741	3342	117192	0	
2	 5	 2	 5	sample66	2544	4086	2056	135696	0	
2	 5	 2	 6	control	7358	8900	7710	112566	0	
2	 5	 3	 1	sample67	4238	6038	4368	138600	0	
2	 5	 3	 2	sample67	3322	5122	3340	153000	0	
2	 5	 3	 3	sample67	2312	4112	2056	158400	0	
2	 5	 3	 4	sample67	1899	3441	1800	111024	0	
2	 5	 3	 5	sample67	1547	3089	1286	98688	0	
2	 5	 3	 6	control	450	1992	514	61680	0	
2	 5	 4	 1	sample68	4417	6473	4112	133640	0	
2	 5	 4	 2	sample68	2259	4315	2314	154200	0	
2	 5	 4	 3	sample68	2150	3950	2312	156600	0	
2	 5	 4	 4	sample68	1278	3078	1284	210600	0	
2	 5	 4	 5	sample68	1137	2679	1028	40092	0	
2	 5	 4	 6	control	2307	3849	1800	127986	0	
2	 6	 1	 1	sample69	6578	7606	7196	88408	0	
2	 6	 1	 2	sample69	5514	6800	6424	104166	0	
2	 6	 1	 3	sample69	4480	5766	5140	100308	0	
2	 6	 1	 4	sample69	3822	5108	3854	91306	0	
2	 6	 1	 5	sample69	2994	4280	3084	96450	0	
2	 6	 1	 6	control	828	2114	770	51440	0	
2	 6	 2	 1	sample70	4385	5671	4368	100308	0	
2	 6	 2	 2	sample70	3613	5155	3598	112566	0	
2	 6	 2	 3	sample70	2201	3487	2056	115740	0	
2	 6	 2	 4	sample70	2108	3394	2056	106738	0	
2	 6	 2	 5	sample70	1594	3136	1542	138780	0	
2	 6	 2	 6	control	6114	7656	6426	101772	0	
2	 6	 3	 1	sample71	2664	3950	2312	132458	0	
2	 6	 3	 2	sample71	2624	4166	2570	134154	0	
2	 6	 3	 3	sample71	1584	2870	1542	123456	0	
2	 6	 3	 4	sample71	1747	3033	1798	90020	0	
2	 6	 3	 5	sample71	1564	3106	1542	72474	0	
2	 6	 3	 6	control	353	2153	256	72000	0	
2	 6	 4	 1	sample72	7148	8690	6940	121818	0	
2	 6	 4	 2	sample72	6479	8279	7196	118800	0	
2	 6	 4	 3	sample72	5237	7037	4882	162000	0	
2	 6	 4	 4	sample72	3855	5655	4112	147600	0	
2	 6	 4	 5	sample72	1289	3345	1286	172704	0	
2	 6	 4	 6	control	4282	6338	3598	127472	0	
2	 7	 1	 1	sample73	4648	6446	3856	149234	0	
2	 7	 1	 2	sample73	4554	6352	4370	133052	0	
2	 7	 1	 3	sample73	3719	5517	4112	125860	0	
2	 7	 1	 4	sample73	1800	3598	1800	151032	0	
2	 7	 1	 5	sample73	2405	3947	2570	115650	0	
2	 7	 1	 6	control	642	2184	514	61680	0	
2	 7	 2	 1	sample74	6813	9125	6682	164152	0	
2	 7	 2	 2	sample74	7754	10066	8482	150280	0	
2	 7	 2	 3	sample74	5587	7899	5654	201144	0	
2	 7	 2	 4	sample74	5633	7689	6424	156256	0	
2	 7	 2	 5	sample74	4876	6674	5140	129456	0	
2	 7	 2	 6	control	9383	11181	10538	138446	0	
2	 7	 3	 1	sample75	1131	3443	1028	92480	0	
2	 7	 3	 2	sample75	1349	3919	1028	92520	0	
2	 7	 3	 3	sample75	2986	5298	3084	187272	0	
2	 7	 3	 4	sample75	2086	4398	2314	159528	0	
2	 7	 3	 5	sample75	1246	3302	1284	193264	0	
2	 7	 3	 6	control	379	2435	256	82240	0	
2	 7	 4	 1	sample76	2606	4918	2570	166464	0	
2	 7	 4	 2	sample76	2263	4575	2570	141032	0	
2	 7	 4	 3	sample76	1617	3929	1800	221952	0	
2	 7	 4	 4	sample76	1659	3715	1542	98688	0	
2	 7	 4	 5	sample76	765	2563	772	71920	0	
2	 7	 4	 6	control	1231	3029	772	228346	0	
2	 8	 1	 1	sample77	9618	12702	9252	277560	0	
2	 8	 1	 2	sample77	10517	13601	11566	225132	0	
2	 8	 1	 3	sample77	7633	10203	7968	179900	0	
2	 8	 1	 4	sample77	4980	7294	5396	152724	0	
2	 8	 1	 5	sample77	3744	5800	4112	156256	0	
2	 8	 1	 6	control	533	2333	514	72000	0	
2	 8	 2	 1	sample78	5299	8641	5654	237282	0	
2	 8	 2	 2	sample78	4693	8035	4882	230598	0	
2	 8	 2	 3	sample78	3185	6013	3340	229068	0	
2	 8	 2	 4	sample78	2805	5375	2828	203030	0	
2	 8	 2	 5	sample78	2246	4560	2056	178178	0	
2	 8	 2	 6	control	5607	7663	5140	145976	0	
2	 8	 3	 1	sample79	8286	11628	8994	274044	0	
2	 8	 3	 2	sample79	7260	10602	7966	307464	0	
2	 8	 3	 3	sample79	6811	9895	7454	228216	0	
2	 8	 3	 4	sample79	5411	7981	5654	203030	0	
2	 8	 3	 5	sample79	2936	5250	2826	157352	0	
2	 8	 3	 6	control	335	2391	258	82240	0	
2	 8	 4	 1	sample80	5978	9062	6168	225132	0	
2	 8	 4	 2	sample80	4218	7302	4370	203544	0	
2	 8	 4	 3	sample80	4236	7320	4370	231300	0	
2	 8	 4	 4	sample80	2577	5147	2570	203030	0	
2	 8	 4	 5	sample80	476	3046	258	102800	0	
2	 8	 4	 6	control	3354	5410	3084	172704	0	
2	 9	 1	 1	sample81	5723	7779	5912	145976	0	
2	 9	 1	 2	sample81	3966	6022	4112	172704	0	
2	 9	 1	 3	sample81	3397	5197	3854	122400	0	
2	 9	 1	 4	sample81	1799	3341	1800	103314	0	
2	 9	 1	 5	sample81	1479	3021	1286	106398	0	
2	 9	 1	 6	control	412	1954	514	23130	0	
2	 9	 2	 1	sample82	2586	4900	2570	145782	0	
2	 9	 2	 2	sample82	2156	4212	2314	164480	0	
2	 9	 2	 3	sample82	1757	3813	1800	150088	0	
2	 9	 2	 4	sample82	1634	3434	1542	140400	0	
2	 9	 2	 5	sample82	1111	2653	1028	129528	0	
2	 9	 2	 6	control	4565	6107	5140	97146	0	
2	 9	 3	 1	sample83	2134	4448	2056	173550	0	
2	 9	 3	 2	sample83	1297	3611	1284	185120	0	
2	 9	 3	 3	sample83	1432	3488	1286	100744	0	
2	 9	 3	 4	sample83	1413	3213	1542	90000	0	
2	 9	 3	 5	sample83	917	2459	772	70932	0	
2	 9	 3	 6	control	173	1973	0	72000	0	
2	 9	 4	 1	sample84	1606	4176	1800	167050	0	
2	 9	 4	 2	sample84	1235	3549	1284	143468	0	
2	 9	 4	 3	sample84	1235	3291	1286	94576	0	
2	 9	 4	 4	sample84	964	3020	1028	74016	0	
2	 9	 4	 5	sample84	735	2535	770	39600	0	
2	 9	 4	 6	control	3294	5094	3084	118800	0	
2	 10	 1	 1	sample85	1714	3256	1542	126444	0	
2	 10	 1	 2	sample85	1743	3285	1798	149574	0	
2	 10	 1	 3	sample85	1595	2879	1542	82176	0	
2	 10	 1	 4	sample85	1213	2497	1028	68052	0	
2	 10	 1	 5	sample85	998	2282	772	53928	0	
2	 10	 1	 6	control	598	1882	514	51360	0	
2	 10	 2	 1	sample86	4533	6331	4112	138446	0	
2	 10	 2	 2	sample86	4826	6624	4370	143840	0	
2	 10	 2	 3	sample86	4267	6065	3856	131254	0	
2	 10	 2	 4	sample86	3417	4959	3340	118734	0	
2	 10	 2	 5	sample86	2360	3902	2056	132612	0	
2	 10	 2	 6	control	4119	5661	3854	112566	0	
2	 10	 3	 1	sample87	2329	4127	2314	147436	0	
2	 10	 3	 2	sample87	1979	3777	2056	95294	0	
2	 10	 3	 3	sample87	1385	3183	1286	88102	0	
2	 10	 3	 4	sample87	1044	2842	1028	89900	0	
2	 10	 3	 5	sample87	515	2313	514	71920	0	
2	 10	 3	 6	control	296	2094	258	71920	0	
2	 10	 4	 1	sample88	1500	3556	1284	102800	0	
2	 10	 4	 2	sample88	1044	3100	1028	96632	0	
2	 10	 4	 3	sample88	981	3037	1028	102800	0	
2	 10	 4	 4	sample88	1013	2811	1028	89900	0	
2	 10	 4	 5	sample88	495	2293	514	71920	0	
2	 10	 4	 6	control	3763	5561	3598	109678	0	
2	 11	 1	 1	sample89	3730	5530	4368	160200	0	
2	 11	 1	 2	sample89	3512	5312	3854	145800	0	
2	 11	 1	 3	sample89	2624	4424	2570	144000	0	
2	 11	 1	 4	sample89	1725	3781	1800	148032	0	
2	 11	 1	 5	sample89	1644	3700	1800	176816	0	
2	 11	 1	 6	control	328	2384	258	82240	0	
2	 11	 2	 1	sample90	1494	3550	1542	108968	0	
2	 11	 2	 2	sample90	1260	3316	1028	102800	0	
2	 11	 2	 3	sample90	1603	3659	1542	201488	0	
2	 11	 2	 4	sample90	1913	3969	1800	102800	0	
2	 11	 2	 5	sample90	1254	3568	1284	97188	0	
2	 11	 2	 6	control	6123	8437	6938	161980	0	
2	 11	 3	 1	sample91	5609	7923	5654	201318	0	
2	 11	 3	 2	sample91	4829	7143	4882	187434	0	
2	 11	 3	 3	sample91	3720	5776	4112	152144	0	
2	 11	 3	 4	sample91	2849	4905	2828	148032	0	
2	 11	 3	 5	sample91	1576	3890	1542	187434	0	
2	 11	 3	 6	control	340	2654	256	92560	0	
2	 11	 4	 1	sample92	3285	5599	2826	212888	0	
2	 11	 4	 2	sample92	4031	6345	3854	178178	0	
2	 11	 4	 3	sample92	3950	6264	3598	187434	0	
2	 11	 4	 4	sample92	2325	4639	2312	196690	0	
2	 11	 4	 5	sample92	1444	3758	1284	115700	0	
2	 11	 4	 6	control	3632	6202	3084	177330	0	
2	 12	 1	 1	sample93	5914	7456	6168	101772	0	
2	 12	 1	 2	sample93	5251	6793	6168	103314	0	
2	 12	 1	 3	sample93	4444	5986	4882	94062	0	
2	 12	 1	 4	sample93	3047	4845	3342	109678	0	
2	 12	 1	 5	sample93	2099	3897	2570	107880	0	
2	 12	 1	 6	control	348	2146	258	71920	0	
2	 12	 2	 1	sample94	4299	6097	3598	111476	0	
2	 12	 2	 2	sample94	5005	6803	5140	106082	0	
2	 12	 2	 3	sample94	6181	7979	6940	111476	0	
2	 12	 2	 4	sample94	5069	6867	5140	109678	0	
2	 12	 2	 5	sample94	4396	6194	4626	106082	0	
2	 12	 2	 6	control	7725	9523	8482	98890	0	
2	 12	 3	 1	sample95	6181	7979	5654	115072	0	
2	 12	 3	 2	sample95	4254	6052	3856	104284	0	
2	 12	 3	 3	sample95	4743	6541	4370	98890	0	
2	 12	 3	 4	sample95	3415	5471	3340	113080	0	
2	 12	 3	 5	sample95	2657	4713	2826	127472	0	
2	 12	 3	 6	control	289	2345	256	82240	0	
2	 12	 4	 1	sample96	8461	10517	9766	137752	0	
2	 12	 4	 2	sample96	6384	8440	6682	104856	0	
2	 12	 4	 3	sample96	6779	8835	7452	119248	0	
2	 12	 4	 4	sample96	2512	4568	2312	129528	0	
2	 12	 4	 5	sample96	3449	5761	4112	110976	0	
2	 12	 4	 6	control	5728	8040	6168	113288	0	
3	 1	 1	 1	sample97	9442	11242	9766	138600	0	
3	 1	 1	 2	sample97	9122	11178	10794	158312	0	
3	 1	 1	 3	sample97	7457	9513	7968	154200	0	
3	 1	 1	 4	sample97	6912	8968	7710	154200	0	
3	 1	 1	 5	sample97	5580	7636	5912	170648	0	
3	 1	 1	 6	control	709	3023	770	48594	0	
3	 1	 2	 1	sample98	4469	6525	5140	180928	0	
3	 1	 2	 2	sample98	4011	6067	4626	156256	0	
3	 1	 2	 3	sample98	1093	3149	1028	82240	0	
3	 1	 2	 4	sample98	2404	4460	2570	152144	0	
3	 1	 2	 5	sample98	1935	3991	2056	178872	0	
3	 1	 2	 6	control	6757	9071	7452	180492	0	
3	 1	 3	 1	sample99	2052	4108	2314	108968	0	
3	 1	 3	 2	sample99	1812	3612	1798	199800	0	
3	 1	 3	 3	sample99	2643	4699	2828	166536	0	
3	 1	 3	 4	sample99	3151	5207	3342	166536	0	
3	 1	 3	 5	sample99	2869	5183	3084	168922	0	
3	 1	 3	 6	control	831	3145	1028	39338	0	
3	 1	 4	 1	sample100	1525	3325	1542	84600	0	
3	 1	 4	 2	sample100	1306	3106	1284	108000	0	
3	 1	 4	 3	sample100	1510	3310	1542	190800	0	
3	 1	 4	 4	sample100	1373	3429	1542	156256	0	
3	 1	 4	 5	sample100	913	3227	770	104130	0	
3	 1	 4	 6	control	5236	7550	5140	148096	0	
3	 2	 1	 1	sample101	6147	7945	6682	151032	0	
3	 2	 1	 2	sample101	6000	7798	6940	140244	0	
3	 2	 1	 3	sample101	4688	6486	4626	127658	0	
3	 2	 1	 4	sample101	3141	5197	3340	148032	0	
3	 2	 1	 5	sample101	3355	5411	3598	176816	0	
3	 2	 1	 6	control	565	2621	514	82240	0	
3	 2	 2	 1	sample102	2684	4482	2828	174406	0	
3	 2	 2	 2	sample102	3177	5233	3598	164480	0	
3	 2	 2	 3	sample102	3222	5278	3854	156256	0	
3	 2	 2	 4	sample102	2385	4441	2312	182984	0	
3	 2	 2	 5	sample102	1908	3964	1798	222048	0	
3	 2	 2	 6	control	7952	10264	8996	154904	0	
3	 2	 3	 1	sample103	5111	7167	5396	164480	0	
3	 2	 3	 2	sample103	4679	6991	4884	180336	0	
3	 2	 3	 3	sample103	4352	6664	4370	198832	0	
3	 2	 3	 4	sample103	3843	6155	4112	184960	0	
3	 2	 3	 5	sample103	1913	4225	2056	178024	0	
3	 2	 3	 6	control	566	2878	514	92480	0	
3	 2	 4	 1	sample104	8224	10536	8482	152592	0	
3	 2	 4	 2	sample104	7090	9660	6938	326390	0	
3	 2	 4	 3	sample104	6015	8585	6424	195320	0	
3	 2	 4	 4	sample104	4943	7255	4626	180336	0	
3	 2	 4	 5	sample104	3147	5459	3084	171088	0	
3	 2	 4	 6	control	6894	9206	6682	157216	0	
3	 3	 1	 1	sample105	9554	11610	10280	164480	0	
3	 3	 1	 2	sample105	9582	11638	10538	160368	0	
3	 3	 1	 3	sample105	8542	10598	9252	139808	0	
3	 3	 1	 4	sample105	5783	7839	5912	143920	0	
3	 3	 1	 5	sample105	4691	6747	4884	195320	0	
3	 3	 1	 6	control	552	2866	514	92560	0	
3	 3	 2	 1	sample106	3706	6020	3598	208260	0	
3	 3	 2	 2	sample106	3438	6008	3342	185040	0	
3	 3	 2	 3	sample106	2684	4998	2826	212888	0	
3	 3	 2	 4	sample106	1755	3811	1542	211768	0	
3	 3	 2	 5	sample106	1989	4045	2056	94576	0	
3	 3	 2	 6	control	7419	9475	8482	139808	0	
3	 3	 3	 1	sample107	4833	7147	4626	192062	0	
3	 3	 3	 2	sample107	4287	6601	4112	166608	0	
3	 3	 3	 3	sample107	3141	5455	3340	166608	0	
3	 3	 3	 4	sample107	2282	4338	2314	168592	0	
3	 3	 3	 5	sample107	1426	3482	1286	86352	0	
3	 3	 3	 6	control	515	2571	514	82240	0	
3	 3	 4	 1	sample108	10793	13107	9766	171236	0	
3	 3	 4	 2	sample108	8848	11162	9252	150410	0	
3	 3	 4	 3	sample108	8436	10492	8224	174760	0	
3	 3	 4	 4	sample108	7232	9288	7968	162424	0	
3	 3	 4	 5	sample108	3039	5095	3084	174760	0	
3	 3	 4	 6	control	4841	6897	4112	162424	0	
3	 4	 1	 1	sample109	8303	10615	8224	182648	0	
3	 4	 1	 2	sample109	9883	12453	11050	218450	0	
3	 4	 1	 3	sample109	8423	10735	8996	171088	0	
3	 4	 1	 4	sample109	5390	7702	5398	166464	0	
3	 4	 1	 5	sample109	4803	6859	4882	160368	0	
3	 4	 1	 6	control	726	2782	514	82240	0	
3	 4	 2	 1	sample110	9060	11372	9766	194208	0	
3	 4	 2	 2	sample110	8714	11284	9766	223590	0	
3	 4	 2	 3	sample110	7598	9910	8738	189584	0	
3	 4	 2	 4	sample110	6077	8389	6682	182648	0	
3	 4	 2	 5	sample110	4514	6826	4370	189584	0	
3	 4	 2	 6	control	7396	9708	8738	166464	0	
3	 4	 3	 1	sample111	1523	3579	1284	168592	0	
3	 4	 3	 2	sample111	1379	3691	1286	108664	0	
3	 4	 3	 3	sample111	1444	3500	1542	119248	0	
3	 4	 3	 4	sample111	1921	3977	1798	43176	0	
3	 4	 3	 5	sample111	880	2936	770	82240	0	
3	 4	 3	 6	control	623	2679	514	82240	0	
3	 4	 4	 1	sample112	5187	7243	5396	156256	0	
3	 4	 4	 2	sample112	5283	7081	5398	133052	0	
3	 4	 4	 3	sample112	3617	5415	4112	151032	0	
3	 4	 4	 4	sample112	2527	4325	2314	190588	0	
3	 4	 4	 5	sample112	1760	3302	1798	112566	0	
3	 4	 4	 6	control	3865	5407	3598	115650	0	
3	 5	 1	 1	sample113	2715	4257	2314	155742	0	
3	 5	 1	 2	sample113	4546	6088	4626	118734	0	
3	 5	 1	 3	sample113	2549	4091	2570	109482	0	
3	 5	 1	 4	sample113	1373	2915	1286	135696	0	
3	 5	 1	 5	sample113	2031	3573	2056	77100	0	
3	 5	 1	 6	control	564	2106	514	55512	0	
3	 5	 2	 1	sample114	8501	10043	8738	120276	0	
3	 5	 2	 2	sample114	7865	9665	7966	136800	0	
3	 5	 2	 3	sample114	5710	7510	6168	147600	0	
3	 5	 2	 4	sample114	4292	5834	4370	123360	0	
3	 5	 2	 5	sample114	4140	5682	4112	117192	0	
3	 5	 2	 6	control	7032	8574	7454	111024	0	
3	 5	 3	 1	sample115	4085	5627	3856	146490	0	
3	 5	 3	 2	sample115	2942	4742	3084	160200	0	
3	 5	 3	 3	sample115	2726	4526	3084	165600	0	
3	 5	 3	 4	sample115	2399	3941	2314	115650	0	
3	 5	 3	 5	sample115	2221	3763	2056	106398	0	
3	 5	 3	 6	control	470	2012	514	61680	0	
3	 5	 4	 1	sample116	4538	5566	4884	71960	0	
3	 5	 4	 2	sample116	3698	4726	3598	77100	0	
3	 5	 4	 3	sample116	1828	3114	1798	110596	0	
3	 5	 4	 4	sample116	2169	3455	2312	66872	0	
3	 5	 4	 5	sample116	758	2044	770	51440	0	
3	 5	 4	 6	control	2657	3943	2570	101594	0	
3	 6	 1	 1	sample117	8323	9865	8480	115650	0	
3	 6	 1	 2	sample117	8324	10122	7968	129456	0	
3	 6	 1	 3	sample117	6450	7992	6682	124902	0	
3	 6	 1	 4	sample117	4310	5852	4368	94062	0	
3	 6	 1	 5	sample117	4220	5762	4368	106398	0	
3	 6	 1	 6	control	899	2441	1028	30840	0	
3	 6	 2	 1	sample118	4377	5919	4882	95604	0	
3	 6	 2	 2	sample118	5538	7336	6168	118668	0	
3	 6	 2	 3	sample118	4187	5985	4626	136648	0	
3	 6	 2	 4	sample118	3588	5130	3854	126444	0	
3	 6	 2	 5	sample118	3276	4818	3340	111024	0	
3	 6	 2	 6	control	6003	7545	6938	98688	0	
3	 6	 3	 1	sample119	8367	10165	9252	129456	0	
3	 6	 3	 2	sample119	7312	9110	7710	143840	0	
3	 6	 3	 3	sample119	6122	7920	6168	118668	0	
3	 6	 3	 4	sample119	5516	7058	5910	109482	0	
3	 6	 3	 5	sample119	3375	4917	3598	90978	0	
3	 6	 3	 6	control	347	1889	256	61680	0	
3	 6	 4	 1	sample120	4219	5503	4884	89880	0	
3	 6	 4	 2	sample120	4674	5958	4370	77040	0	
3	 6	 4	 3	sample120	4028	5312	3856	93732	0	
3	 6	 4	 4	sample120	2254	3538	2314	83460	0	
3	 6	 4	 5	sample120	1117	2145	1028	41120	0	
3	 6	 4	 6	control	3425	4709	3084	55212	0	
3	 7	 1	 1	sample121	4410	6466	4112	180928	0	
3	 7	 1	 2	sample121	4733	6789	4884	168592	0	
3	 7	 1	 3	sample121	3404	5460	3342	152144	0	
3	 7	 1	 4	sample121	2322	4378	2570	131584	0	
3	 7	 1	 5	sample121	2089	3889	2056	151200	0	
3	 7	 1	 6	control	436	2236	514	72000	0	
3	 7	 2	 1	sample122	7710	9766	8224	178872	0	
3	 7	 2	 2	sample122	7767	9823	8996	150088	0	
3	 7	 2	 3	sample122	5057	7113	5654	182984	0	
3	 7	 2	 4	sample122	4657	6457	5140	149400	0	
3	 7	 2	 5	sample122	4054	5854	4368	153000	0	
3	 7	 2	 6	control	7492	9292	8738	129600	0	
3	 7	 3	 1	sample123	2783	4583	2570	169200	0	
3	 7	 3	 2	sample123	2481	4281	2312	156600	0	
3	 7	 3	 3	sample123	2072	3872	2056	84600	0	
3	 7	 3	 4	sample123	1485	3027	1542	75558	0	
3	 7	 3	 5	sample123	1023	2565	1028	67848	0	
3	 7	 3	 6	control	450	1992	258	61680	0	
3	 7	 4	 1	sample124	4823	6365	4884	117192	0	
3	 7	 4	 2	sample124	3821	5363	4112	124902	0	
3	 7	 4	 3	sample124	2776	4062	3084	117026	0	
3	 7	 4	 4	sample124	2097	3383	2056	110596	0	
3	 7	 4	 5	sample124	867	2153	770	51440	0	
3	 7	 4	 6	control	3747	5033	3598	101594	0	
3	 8	 1	 1	sample125	10933	13247	11564	217516	0	
3	 8	 1	 2	sample125	11216	13786	12850	208170	0	
3	 8	 1	 3	sample125	9850	12164	10280	168922	0	
3	 8	 1	 4	sample125	7148	9204	7454	131584	0	
3	 8	 1	 5	sample125	6369	8169	6682	149400	0	
3	 8	 1	 6	control	739	2281	772	61680	0	
3	 8	 2	 1	sample126	1794	4364	1800	118220	0	
3	 8	 2	 2	sample126	1747	4317	1800	164480	0	
3	 8	 2	 3	sample126	1846	4160	1798	150410	0	
3	 8	 2	 4	sample126	1363	3419	1286	102800	0	
3	 8	 2	 5	sample126	1085	2885	1028	72000	0	
3	 8	 2	 6	control	7397	8939	7454	104856	0	
3	 8	 3	 1	sample127	3386	5700	3340	196690	0	
3	 8	 3	 2	sample127	2065	4379	1798	310076	0	
3	 8	 3	 3	sample127	2677	4733	2828	158312	0	
3	 8	 3	 4	sample127	2348	4148	2570	131400	0	
3	 8	 3	 5	sample127	1488	3288	1284	95400	0	
3	 8	 3	 6	control	257	2057	256	72000	0	
3	 8	 4	 1	sample128	5504	7560	5398	154200	0	
3	 8	 4	 2	sample128	3875	6189	3854	171236	0	
3	 8	 4	 3	sample128	5220	7534	5140	192062	0	
3	 8	 4	 4	sample128	2226	4282	2314	162424	0	
3	 8	 4	 5	sample128	1242	3042	1284	109800	0	
3	 8	 4	 6	control	4031	5831	4112	126000	0	
3	 9	 1	 1	sample129	2885	5711	2570	226080	0	
3	 9	 1	 2	sample129	4013	6583	4368	187610	0	
3	 9	 1	 3	sample129	3069	5381	3342	157216	0	
3	 9	 1	 4	sample129	998	3310	772	252008	0	
3	 9	 1	 5	sample129	1182	3238	1028	211768	0	
3	 9	 1	 6	control	277	2589	258	92480	0	
3	 9	 2	 1	sample130	11516	14600	12336	228216	0	
3	 9	 2	 2	sample130	11098	14182	12336	234384	0	
3	 9	 2	 3	sample130	10043	12869	9510	223254	0	
3	 9	 2	 4	sample130	7767	10337	7710	185040	0	
3	 9	 2	 5	sample130	7390	9702	6940	168776	0	
3	 9	 2	 6	control	6022	8334	6426	150280	0	
3	 9	 3	 1	sample131	2397	5737	2314	327320	0	
3	 9	 3	 2	sample131	2525	5609	2570	160368	0	
3	 9	 3	 3	sample131	3504	6330	3598	214776	0	
3	 9	 3	 4	sample131	3032	5858	2828	206298	0	
3	 9	 3	 5	sample131	2055	4625	2056	205600	0	
3	 9	 3	 6	control	321	2891	256	102800	0	
3	 9	 4	 1	sample132	7267	10607	8224	220440	0	
3	 9	 4	 2	sample132	6265	9605	6940	230460	0	
3	 9	 4	 3	sample132	5935	9019	5910	262140	0	
3	 9	 4	 4	sample132	4541	7367	4884	203472	0	
3	 9	 4	 5	sample132	2609	5179	2312	218450	0	
3	 9	 4	 6	control	4506	7076	4112	154200	0	
3	 10	 1	 1	sample133	10081	12393	9510	187272	0	
3	 10	 1	 2	sample133	10006	12576	10536	195320	0	
3	 10	 1	 3	sample133	7920	10232	8482	224264	0	
3	 10	 1	 4	sample133	6088	8400	5912	147968	0	
3	 10	 1	 5	sample133	5427	7483	5140	154200	0	
3	 10	 1	 6	control	443	2499	256	82240	0	
3	 10	 2	 1	sample134	6145	8971	6426	214776	0	
3	 10	 2	 2	sample134	6112	9196	6424	228216	0	
3	 10	 2	 3	sample134	5449	8019	5910	213310	0	
3	 10	 2	 4	sample134	4375	6945	4368	213310	0	
3	 10	 2	 5	sample134	4221	6533	4112	164152	0	
3	 10	 2	 6	control	5650	7962	6168	138720	0	
3	 10	 3	 1	sample135	3308	6134	2828	237384	0	
3	 10	 3	 2	sample135	2896	5980	2312	252888	0	
3	 10	 3	 3	sample135	1644	4470	1542	243036	0	
3	 10	 3	 4	sample135	2331	4901	2312	177330	0	
3	 10	 3	 5	sample135	925	3495	1028	102800	0	
3	 10	 3	 6	control	488	3058	256	102800	0	
3	 10	 4	 1	sample136	6233	9059	6426	180864	0	
3	 10	 4	 2	sample136	5849	8675	6426	197820	0	
3	 10	 4	 3	sample136	5551	8377	5912	217602	0	
3	 10	 4	 4	sample136	4166	6736	4368	192750	0	
3	 10	 4	 5	sample136	3337	5907	3340	164480	0	
3	 10	 4	 6	control	4823	7393	4626	143920	0	
3	 11	 1	 1	sample137	4155	5955	4368	158400	0	
3	 11	 1	 2	sample137	4075	5875	4368	153000	0	
3	 11	 1	 3	sample137	3121	4921	3340	124200	0	
3	 11	 1	 4	sample137	2002	3802	1798	145800	0	
3	 11	 1	 5	sample137	1604	3404	1542	156600	0	
3	 11	 1	 6	control	205	2005	0	72000	0	
3	 11	 2	 1	sample138	2389	4445	2056	197376	0	
3	 11	 2	 2	sample138	3653	5709	3856	145976	0	
3	 11	 2	 3	sample138	3424	5480	3856	178872	0	
3	 11	 2	 4	sample138	1855	3911	1800	172704	0	
3	 11	 2	 5	sample138	1476	3532	1286	182984	0	
3	 11	 2	 6	control	5091	7147	5654	127472	0	
3	 11	 3	 1	sample139	5648	8218	6168	218450	0	
3	 11	 3	 2	sample139	6215	8785	6940	213310	0	
3	 11	 3	 3	sample139	5288	7602	5654	175864	0	
3	 11	 3	 4	sample139	3702	6016	4112	159666	0	
3	 11	 3	 5	sample139	2134	4448	1798	173550	0	
3	 11	 3	 6	control	372	2686	256	92560	0	
3	 11	 4	 1	sample140	2964	5534	3084	174760	0	
3	 11	 4	 2	sample140	2482	5310	2570	141400	0	
3	 11	 4	 3	sample140	2777	5347	2828	169620	0	
3	 11	 4	 4	sample140	1311	3881	1286	128500	0	
3	 11	 4	 5	sample140	945	3515	772	102800	0	
3	 11	 4	 6	control	5439	8009	5912	143920	0	
3	 12	 1	 1	sample141	9105	11417	8738	184960	0	
3	 12	 1	 2	sample141	8553	10865	8738	175712	0	
3	 12	 1	 3	sample141	5191	7503	5140	187272	0	
3	 12	 1	 4	sample141	3511	6081	3598	190180	0	
3	 12	 1	 5	sample141	2572	5142	2312	226160	0	
3	 12	 1	 6	control	488	3058	514	102800	0	
3	 12	 2	 1	sample142	2506	5076	2312	197890	0	
3	 12	 2	 2	sample142	2356	5182	2570	203472	0	
3	 12	 2	 3	sample142	2660	5486	3084	234558	0	
3	 12	 2	 4	sample142	2067	4893	2056	214776	0	
3	 12	 2	 5	sample142	2177	4747	2056	136210	0	
3	 12	 2	 6	control	8385	10955	9766	172190	0	
3	 12	 3	 1	sample143	7225	10051	7454	226080	0	
3	 12	 3	 2	sample143	8622	11706	9508	240552	0	
3	 12	 3	 3	sample143	4732	7816	4626	237468	0	
3	 12	 3	 4	sample143	4525	7351	4884	214776	0	
3	 12	 3	 5	sample143	2701	5527	2314	217602	0	
3	 12	 3	 6	control	309	3135	258	113040	0	
3	 12	 4	 1	sample144	6749	10089	7454	220440	0	
3	 12	 4	 2	sample144	7150	10748	7196	201488	0	
3	 12	 4	 3	sample144	5772	9112	6426	233800	0	
3	 12	 4	 4	sample144	3824	6908	4112	209712	0	
3	 12	 4	 5	sample144	2885	5711	3084	178038	0	
3	 12	 4	 6	control	4333	7159	4884	178038	0	
4	 1	 1	 1	sample145	2937	4735	2570	143840	0	
4	 1	 1	 2	sample145	3549	5347	3598	120466	0	
4	 1	 1	 3	sample145	2402	4200	2314	131254	0	
4	 1	 1	 4	sample145	1814	3612	1800	97092	0	
4	 1	 1	 5	sample145	1850	3648	1800	91698	0	
4	 1	 1	 6	control	585	2383	514	71920	0	
4	 1	 2	 1	sample146	1784	3326	1542	141864	0	
4	 1	 2	 2	sample146	1397	2939	1284	134154	0	
4	 1	 2	 3	sample146	1871	3413	1798	81726	0	
4	 1	 2	 4	sample146	1912	3454	1798	115650	0	
4	 1	 2	 5	sample146	1580	3122	1542	92520	0	
4	 1	 2	 6	control	6918	8716	8224	127658	0	
4	 1	 3	 1	sample147	4713	5997	4370	106572	0	
4	 1	 3	 2	sample147	4187	5471	4370	97584	0	
4	 1	 3	 3	sample147	4145	5429	4626	91164	0	
4	 1	 3	 4	sample147	2925	4467	3340	117192	0	
4	 1	 3	 5	sample147	1528	3070	1542	89436	0	
4	 1	 3	 6	control	346	1888	256	61680	0	
4	 1	 4	 1	sample148	1389	2417	1284	78128	0	
4	 1	 4	 2	sample148	1851	3135	2056	77040	0	
4	 1	 4	 3	sample148	1339	2623	1028	68052	0	
4	 1	 4	 4	sample148	1666	2950	1800	96300	0	
4	 1	 4	 5	sample148	1785	3069	1800	92448	0	
4	 1	 4	 6	control	4585	5869	5398	95016	0	
4	 2	 1	 1	sample149	5691	7489	6168	140244	0	
4	 2	 1	 2	sample149	5366	7164	5912	133052	0	
4	 2	 1	 3	sample149	4047	5845	4884	127658	0	
4	 2	 1	 4	sample149	2847	4645	2828	116870	0	
4	 2	 1	 5	sample149	2293	4091	2570	138446	0	
4	 2	 1	 6	control	502	2300	514	71920	0	
4	 2	 2	 1	sample150	8338	10136	8996	134850	0	
4	 2	 2	 2	sample150	7225	9023	7968	129456	0	
4	 2	 2	 3	sample150	5805	7347	6168	104856	0	
4	 2	 2	 4	sample150	4972	6514	5396	106398	0	
4	 2	 2	 5	sample150	2997	4539	2826	109482	0	
4	 2	 2	 6	control	8204	9746	8994	100230	0	
4	 2	 3	 1	sample151	1093	2377	1028	51360	0	
4	 2	 3	 2	sample151	957	2499	1028	78642	0	
4	 2	 3	 3	sample151	877	2419	770	70932	0	
4	 2	 3	 4	sample151	751	2293	770	61680	0	
4	 2	 3	 5	sample151	481	2023	256	61680	0	
4	 2	 3	 6	control	616	2158	514	61680	0	
4	 2	 4	 1	sample152	1347	2375	1284	67848	0	
4	 2	 4	 2	sample152	999	2283	1028	101436	0	
4	 2	 4	 3	sample152	1366	2650	1286	65484	0	
4	 2	 4	 4	sample152	1076	2360	1286	77040	0	
4	 2	 4	 5	sample152	836	2120	772	51360	0	
4	 2	 4	 6	control	3782	5066	4112	102720	0	
4	 3	 1	 1	sample153	7935	10505	7966	190180	0	
4	 3	 1	 2	sample153	8858	11684	10280	211950	0	
4	 3	 1	 3	sample153	6848	9418	6682	190180	0	
4	 3	 1	 4	sample153	5869	8181	5912	154904	0	
4	 3	 1	 5	sample153	3454	5766	2828	226576	0	
4	 3	 1	 6	control	502	2814	514	92480	0	
4	 3	 2	 1	sample154	4883	7195	3856	191896	0	
4	 3	 2	 2	sample154	5848	8160	5912	159528	0	
4	 3	 2	 3	sample154	4231	6287	4112	145976	0	
4	 3	 2	 4	sample154	3069	5125	2826	150088	0	
4	 3	 2	 5	sample154	2446	4244	2314	115072	0	
4	 3	 2	 6	control	6836	8634	7454	111476	0	
4	 3	 3	 1	sample155	3434	5490	3598	135696	0	
4	 3	 3	 2	sample155	2822	4878	3084	127472	0	
4	 3	 3	 3	sample155	1856	3654	2056	147436	0	
4	 3	 3	 4	sample155	1167	2965	772	163618	0	
4	 3	 3	 5	sample155	1235	2777	1284	72474	0	
4	 3	 3	 6	control	314	1856	256	61680	0	
4	 3	 4	 1	sample156	3503	5301	3856	125860	0	
4	 3	 4	 2	sample156	2708	4506	3084	104284	0	
4	 3	 4	 3	sample156	2319	3861	2570	117192	0	
4	 3	 4	 4	sample156	1551	3093	1542	126444	0	
4	 3	 4	 5	sample156	1612	2896	1542	61632	0	
4	 3	 4	 6	control	2309	3593	2056	68052	0	
4	 4	 1	 1	sample157	4532	7102	4884	167050	0	
4	 4	 1	 2	sample157	4012	6326	4626	155038	0	
4	 4	 1	 3	sample157	3092	5406	3340	143468	0	
4	 4	 1	 4	sample157	2509	4565	2828	119248	0	
4	 4	 1	 5	sample157	1540	3596	1542	211768	0	
4	 4	 1	 6	control	816	2872	772	82240	0	
4	 4	 2	 1	sample158	2872	4928	2570	166536	0	
4	 4	 2	 2	sample158	2652	4708	2570	141864	0	
4	 4	 2	 3	sample158	2288	4344	2314	145976	0	
4	 4	 2	 4	sample158	1939	3739	2056	79200	0	
4	 4	 2	 5	sample158	1284	3084	1284	90000	0	
4	 4	 2	 6	control	5580	7380	6168	113400	0	
4	 4	 3	 1	sample159	2138	3680	2314	131070	0	
4	 4	 3	 2	sample159	1908	3450	2056	120276	0	
4	 4	 3	 3	sample159	1823	3365	1800	103314	0	
4	 4	 3	 4	sample159	1538	3080	1542	80184	0	
4	 4	 3	 5	sample159	1084	2626	1028	21588	0	
4	 4	 3	 6	control	121	1921	0	72000	0	
4	 4	 4	 1	sample160	2226	3512	2570	83590	0	
4	 4	 4	 2	sample160	1121	2407	770	133744	0	
4	 4	 4	 3	sample160	1557	2843	1542	65586	0	
4	 4	 4	 4	sample160	1044	2330	1028	82304	0	
4	 4	 4	 5	sample160	820	2106	770	60442	0	
4	 4	 4	 6	control	1900	3186	1798	72016	0	
4	 5	 1	 1	sample161	7511	9823	8224	175712	0	
4	 5	 1	 2	sample161	7060	9630	7966	190180	0	
4	 5	 1	 3	sample161	5737	8307	5910	174760	0	
4	 5	 1	 4	sample161	4456	7026	4626	159340	0	
4	 5	 1	 5	sample161	3276	5846	3084	205600	0	
4	 5	 1	 6	control	810	3636	772	113040	0	
4	 5	 2	 1	sample162	2551	4863	2570	212704	0	
4	 5	 2	 2	sample162	2445	4757	2828	189584	0	
4	 5	 2	 3	sample162	2622	4934	2828	184960	0	
4	 5	 2	 4	sample162	2157	4469	2314	194208	0	
4	 5	 2	 5	sample162	1980	4550	1798	113080	0	
4	 5	 2	 6	control	6366	8936	6424	179900	0	
4	 5	 3	 1	sample163	1986	4042	1798	106912	0	
4	 5	 3	 2	sample163	1499	3555	1542	185040	0	
4	 5	 3	 3	sample163	1438	3494	1542	148032	0	
4	 5	 3	 4	sample163	1279	3335	1284	96632	0	
4	 5	 3	 5	sample163	779	3091	772	78608	0	
4	 5	 3	 6	control	1028	3340	1028	39304	0	
4	 5	 4	 1	sample164	2029	3571	2056	120276	0	
4	 5	 4	 2	sample164	1499	3041	1284	121818	0	
4	 5	 4	 3	sample164	1906	3448	2056	132612	0	
4	 5	 4	 4	sample164	1595	3393	1542	97092	0	
4	 5	 4	 5	sample164	1382	3180	1286	71920	0	
4	 5	 4	 6	control	3324	5122	3084	80910	0	
4	 6	 1	 1	sample165	5735	8305	5910	203030	0	
4	 6	 1	 2	sample165	6903	9729	7196	197820	0	
4	 6	 1	 3	sample165	4812	7382	5140	195320	0	
4	 6	 1	 4	sample165	3060	5886	3342	203472	0	
4	 6	 1	 5	sample165	3118	5688	3084	192750	0	
4	 6	 1	 6	control	649	3219	514	102800	0	
4	 6	 2	 1	sample166	2046	4358	2056	117912	0	
4	 6	 2	 2	sample166	1649	4219	1542	92520	0	
4	 6	 2	 3	sample166	2113	4683	2056	102800	0	
4	 6	 2	 4	sample166	1717	4287	1798	113080	0	
4	 6	 2	 5	sample166	1369	3939	1284	133640	0	
4	 6	 2	 6	control	6445	9271	6168	186516	0	
4	 6	 3	 1	sample167	4723	6779	4626	152144	0	
4	 6	 3	 2	sample167	3798	6110	3856	184960	0	
4	 6	 3	 3	sample167	3037	5349	3084	189584	0	
4	 6	 3	 4	sample167	1888	4200	2056	154904	0	
4	 6	 3	 5	sample167	1701	4271	1542	128500	0	
4	 6	 3	 6	control	431	3257	258	113040	0	
4	 6	 4	 1	sample168	1382	2666	1286	61632	0	
4	 6	 4	 2	sample168	1221	2505	1286	61632	0	
4	 6	 4	 3	sample168	1431	2715	1286	59064	0	
4	 6	 4	 4	sample168	1121	2663	1028	80184	0	
4	 6	 4	 5	sample168	958	2756	772	71920	0	
4	 6	 4	 6	control	2715	4771	2826	123360	0	
4	 7	 1	 1	sample169	1164	3734	1028	205600	0	
4	 7	 1	 2	sample169	1731	4045	1798	141154	0	
4	 7	 1	 3	sample169	1363	3677	1542	83304	0	
4	 7	 1	 4	sample169	1278	3592	1284	97188	0	
4	 7	 1	 5	sample169	1035	3605	1028	107940	0	
4	 7	 1	 6	control	591	3419	514	113120	0	
4	 7	 2	 1	sample170	6762	9332	6426	200460	0	
4	 7	 2	 2	sample170	7082	9652	7454	190180	0	
4	 7	 2	 3	sample170	5052	7366	4882	175864	0	
4	 7	 2	 4	sample170	4252	6566	4368	194376	0	
4	 7	 2	 5	sample170	3352	5922	3598	182470	0	
4	 7	 2	 6	control	8164	10734	8996	174760	0	
4	 7	 3	 1	sample171	5924	8494	5140	213310	0	
4	 7	 3	 2	sample171	5550	8120	5140	195320	0	
4	 7	 3	 3	sample171	3783	6353	3856	200460	0	
4	 7	 3	 4	sample171	2373	4943	2314	200460	0	
4	 7	 3	 5	sample171	1498	4068	1542	223590	0	
4	 7	 3	 6	control	335	2905	258	102800	0	
4	 7	 4	 1	sample172	2984	5040	3084	131584	0	
4	 7	 4	 2	sample172	3277	5333	3342	170648	0	
4	 7	 4	 3	sample172	2838	4638	3084	154800	0	
4	 7	 4	 4	sample172	2011	3811	1798	72000	0	
4	 7	 4	 5	sample172	1607	3407	1542	70200	0	
4	 7	 4	 6	control	1817	3617	1284	176400	0	
4	 8	 1	 1	sample173	5147	7203	5398	166536	0	
4	 8	 1	 2	sample173	4185	6755	4370	236440	0	
4	 8	 1	 3	sample173	4510	7338	4882	189476	0	
4	 8	 1	 4	sample173	4819	7389	5140	174760	0	
4	 8	 1	 5	sample173	3830	6400	4112	208170	0	
4	 8	 1	 6	control	707	3277	514	102800	0	
4	 8	 2	 1	sample174	6940	8996	7454	162424	0	
4	 8	 2	 2	sample174	6704	9532	7452	197960	0	
4	 8	 2	 3	sample174	5263	8091	5396	212100	0	
4	 8	 2	 4	sample174	4633	7203	4626	197890	0	
4	 8	 2	 5	sample174	4310	6880	4626	177330	0	
4	 8	 2	 6	control	7742	10312	8738	167050	0	
4	 8	 3	 1	sample175	7187	8987	6168	158400	0	
4	 8	 3	 2	sample175	5153	7723	4626	215880	0	
4	 8	 3	 3	sample175	4973	7543	5140	185040	0	
4	 8	 3	 4	sample175	3502	5816	3340	173550	0	
4	 8	 3	 5	sample175	2187	4501	2056	113386	0	
4	 8	 3	 6	control	404	2718	256	92560	0	
4	 8	 4	 1	sample176	5350	6378	5654	66820	0	
4	 8	 4	 2	sample176	3515	5057	2828	123360	0	
4	 8	 4	 3	sample176	2739	4281	2314	80184	0	
4	 8	 4	 4	sample176	2857	4399	3084	80184	0	
4	 8	 4	 5	sample176	2100	3386	2056	102880	0	
4	 8	 4	 6	control	4403	5945	4112	81726	0	
4	 9	 1	 1	sample177	7698	11296	7454	295036	0	
4	 9	 1	 2	sample177	8097	11439	8994	257334	0	
4	 9	 1	 3	sample177	6098	9440	5910	257334	0	
4	 9	 1	 4	sample177	5567	8651	6426	225132	0	
4	 9	 1	 5	sample177	3747	6575	3854	223412	0	
4	 9	 1	 6	control	470	3040	514	102800	0	
4	 9	 2	 1	sample178	7181	10779	7454	244664	0	
4	 9	 2	 2	sample178	6920	10518	7710	388584	0	
4	 9	 2	 3	sample178	6013	9097	6168	265224	0	
4	 9	 2	 4	sample178	4611	7439	4626	203616	0	
4	 9	 2	 5	sample178	3279	5849	3342	179900	0	
4	 9	 2	 6	control	6459	8773	7452	138840	0	
4	 9	 3	 1	sample179	5703	9301	6682	305830	0	
4	 9	 3	 2	sample179	6132	9474	6682	264018	0	
4	 9	 3	 3	sample179	4912	7740	5396	246036	0	
4	 9	 3	 4	sample179	4082	6652	4626	192750	0	
4	 9	 3	 5	sample179	3206	5262	3084	148032	0	
4	 9	 3	 6	control	328	2384	258	82240	0	
4	 9	 4	 1	sample180	3379	5949	3856	174760	0	
4	 9	 4	 2	sample180	3230	5544	3598	134212	0	
4	 9	 4	 3	sample180	2779	4835	3084	152144	0	
4	 9	 4	 4	sample180	1871	3671	1798	82800	0	
4	 9	 4	 5	sample180	1732	3018	1542	64300	0	
4	 9	 4	 6	control	2585	3613	2314	55512	0	
4	 10	 1	 1	sample181	2556	5126	2570	190180	0	
4	 10	 1	 2	sample181	3858	6428	3598	179900	0	
4	 10	 1	 3	sample181	2678	5504	2828	175212	0	
4	 10	 1	 4	sample181	1850	4676	1542	172386	0	
4	 10	 1	 5	sample181	1838	4664	1800	113040	0	
4	 10	 1	 6	control	604	3430	514	113040	0	
4	 10	 2	 1	sample182	3621	6191	4112	172190	0	
4	 10	 2	 2	sample182	3820	6132	3856	150280	0	
4	 10	 2	 3	sample182	4010	6322	4112	173400	0	
4	 10	 2	 4	sample182	3278	5848	3598	169620	0	
4	 10	 2	 5	sample182	2268	4838	2312	164480	0	
4	 10	 2	 6	control	6530	9100	7452	156770	0	
4	 10	 3	 1	sample183	2438	4494	2570	148032	0	
4	 10	 3	 2	sample183	1817	3615	1800	134850	0	
4	 10	 3	 3	sample183	1778	3834	1798	127472	0	
4	 10	 3	 4	sample183	1195	3251	1284	82240	0	
4	 10	 3	 5	sample183	617	2929	514	92480	0	
4	 10	 3	 6	control	335	2647	258	92480	0	
4	 10	 4	 1	sample184	1029	2313	772	51360	0	
4	 10	 4	 2	sample184	868	2152	772	51360	0	
4	 10	 4	 3	sample184	990	2274	1028	51360	0	
4	 10	 4	 4	sample184	873	2415	1028	61680	0	
4	 10	 4	 5	sample184	495	2293	514	71920	0	
4	 10	 4	 6	control	2438	4494	2570	96632	0	
4	 11	 1	 1	sample185	11018	13332	11564	180492	0	
4	 11	 1	 2	sample185	10051	12621	11052	192750	0	
4	 11	 1	 3	sample185	9105	11419	9508	145782	0	
4	 11	 1	 4	sample185	6143	8457	5910	171236	0	
4	 11	 1	 5	sample185	5044	7100	5398	148032	0	
4	 11	 1	 6	control	411	2725	256	92560	0	
4	 11	 2	 1	sample186	7308	9622	7196	164294	0	
4	 11	 2	 2	sample186	7017	9587	7196	187610	0	
4	 11	 2	 3	sample186	6727	9041	7452	171236	0	
4	 11	 2	 4	sample186	4919	6975	4884	148032	0	
4	 11	 2	 5	sample186	2913	5227	2826	171236	0	
4	 11	 2	 6	control	7090	9404	7710	152724	0	
4	 11	 3	 1	sample187	3969	6025	4370	162424	0	
4	 11	 3	 2	sample187	3945	6259	4112	171236	0	
4	 11	 3	 3	sample187	3539	5853	3854	152724	0	
4	 11	 3	 4	sample187	1761	3817	1800	135696	0	
4	 11	 3	 5	sample187	2736	4792	3084	127472	0	
4	 11	 3	 6	control	385	2699	256	92560	0	
4	 11	 4	 1	sample188	2425	3967	2314	81726	0	
4	 11	 4	 2	sample188	2030	3830	2056	124200	0	
4	 11	 4	 3	sample188	1788	3588	2056	136800	0	
4	 11	 4	 4	sample188	1388	3444	1542	139808	0	
4	 11	 4	 5	sample188	1003	3059	1028	82240	0	
4	 11	 4	 6	control	4538	6594	4626	166536	0	
4	 12	 1	 1	sample189	1411	3981	1542	131070	0	
4	 12	 1	 2	sample189	1836	4406	1800	182470	0	
4	 12	 1	 3	sample189	1522	4092	1542	190180	0	
4	 12	 1	 4	sample189	1173	3487	1028	106444	0	
4	 12	 1	 5	sample189	1104	3418	1028	108758	0	
4	 12	 1	 6	control	457	3027	258	102800	0	
4	 12	 2	 1	sample190	7674	10244	8738	179900	0	
4	 12	 2	 2	sample190	7247	10075	7966	169680	0	
4	 12	 2	 3	sample190	6548	9118	7710	210740	0	
4	 12	 2	 4	sample190	5417	7987	6168	203030	0	
4	 12	 2	 5	sample190	4665	6979	4368	164294	0	
4	 12	 2	 6	control	8228	10542	9508	145782	0	
4	 12	 3	 1	sample191	1609	4437	1798	226240	0	
4	 12	 3	 2	sample191	2547	5375	2570	130088	0	
4	 12	 3	 3	sample191	1799	4627	1798	231896	0	
4	 12	 3	 4	sample191	1997	4567	1800	167050	0	
4	 12	 3	 5	sample191	3186	5500	2826	138840	0	
4	 12	 3	 6	control	340	2654	256	92560	0	
4	 12	 4	 1	sample192	6750	9320	7710	174760	0	
4	 12	 4	 2	sample192	5345	7915	5398	187610	0	
4	 12	 4	 3	sample192	4211	6525	4626	155038	0	
4	 12	 4	 4	sample192	3908	5964	4112	131584	0	
4	 12	 4	 5	sample192	2701	4501	2826	140400	0	
4	 12	 4	 6	control	4365	6165	4882	117000	0	
