MicroVigene	 Version	 2501
Culture	en-US
9/30/2006 11:48:17 AM
Roi Row	 4	 Roi Col	 12	 Main Row	 4	 Main Col	 6	 Sub Row	 1	 Sub Col	 1
Main Row	 Main Col	 Sub Row	 Sub Col	  GeneID	mean_net	 mean_total	 median_net	 vol_bkg	 vol_dust	 
1	 1	 1	 1	sample1	1665	4235	1286	102800	0	
1	 1	 1	 2	sample1	1684	4254	1286	125930	0	
1	 1	 1	 3	sample1	1493	4063	1028	92520	0	
1	 1	 1	 4	sample1	629	3199	514	92520	0	
1	 1	 1	 5	sample1	1354	3924	1028	77100	0	
1	 1	 1	 6	control	1035	3605	772	102800	0	
1	 1	 2	 1	sample2	1310	3624	1028	92560	0	
1	 1	 2	 2	sample2	1816	3872	1542	125416	0	
1	 1	 2	 3	sample2	2692	4748	2056	39064	0	
1	 1	 2	 4	sample2	1471	3785	1028	50908	0	
1	 1	 2	 5	sample2	906	3220	514	78676	0	
1	 1	 2	 6	control	1805	4119	1542	92560	0	
1	 1	 3	 1	sample3	2508	4308	2056	37800	0	
1	 1	 3	 2	sample3	1578	3378	1284	50400	0	
1	 1	 3	 3	sample3	1496	3296	1284	50400	0	
1	 1	 3	 4	sample3	912	2712	770	72000	0	
1	 1	 3	 5	sample3	1088	2888	770	30600	0	
1	 1	 3	 6	control	1631	3431	1284	41400	0	
1	 1	 4	 1	sample4	1332	3132	770	68400	0	
1	 1	 4	 2	sample4	1171	2713	772	69390	0	
1	 1	 4	 3	sample4	1072	2614	772	72474	0	
1	 1	 4	 4	sample4	894	2436	514	61680	0	
1	 1	 4	 5	sample4	868	2410	514	61680	0	
1	 1	 4	 6	control	1299	3099	1028	63000	0	
1	 2	 1	 1	sample5	1152	3466	1028	67106	0	
1	 2	 1	 2	sample5	913	3227	770	104130	0	
1	 2	 1	 3	sample5	1285	3599	1284	37024	0	
1	 2	 1	 4	sample5	892	3206	770	83304	0	
1	 2	 1	 5	sample5	708	3022	514	94874	0	
1	 2	 1	 6	control	502	3072	258	102800	0	
1	 2	 2	 1	sample6	1359	3159	1284	55800	0	
1	 2	 2	 2	sample6	1440	3240	1284	77400	0	
1	 2	 2	 3	sample6	1366	3166	1284	79200	0	
1	 2	 2	 4	sample6	882	2938	772	104856	0	
1	 2	 2	 5	sample6	1209	3523	1028	39338	0	
1	 2	 2	 6	control	1814	4128	1798	150410	0	
1	 2	 3	 1	sample7	1243	2785	1028	37008	0	
1	 2	 3	 2	sample7	1041	2583	1028	64764	0	
1	 2	 3	 3	sample7	1068	2610	1028	40092	0	
1	 2	 3	 4	sample7	890	2690	770	54000	0	
1	 2	 3	 5	sample7	457	2513	258	82240	0	
1	 2	 3	 6	control	831	3145	770	39338	0	
1	 2	 4	 1	sample8	1272	2558	1284	27006	0	
1	 2	 4	 2	sample8	1228	2514	1028	23148	0	
1	 2	 4	 3	sample8	993	2279	770	38580	0	
1	 2	 4	 4	sample8	801	2343	772	53970	0	
1	 2	 4	 5	sample8	477	2277	514	75600	0	
1	 2	 4	 6	control	1359	3415	1286	71960	0	
1	 3	 1	 1	sample9	939	4023	772	123360	0	
1	 3	 1	 2	sample9	1259	4601	1284	137022	0	
1	 3	 1	 3	sample9	1028	4370	770	80208	0	
1	 3	 1	 4	sample9	803	4145	514	106944	0	
1	 3	 1	 5	sample9	1256	4340	1286	52428	0	
1	 3	 1	 6	control	553	3637	514	123360	0	
1	 3	 2	 1	sample10	405	3489	258	123360	0	
1	 3	 2	 2	sample10	1040	4124	1028	70932	0	
1	 3	 2	 3	sample10	661	3489	514	113120	0	
1	 3	 2	 4	sample10	475	3303	514	113120	0	
1	 3	 2	 5	sample10	598	3168	514	102800	0	
1	 3	 2	 6	control	1665	4235	1800	102800	0	
1	 3	 3	 1	sample11	925	3753	770	113120	0	
1	 3	 3	 2	sample11	983	3811	1028	113120	0	
1	 3	 3	 3	sample11	766	3336	772	118220	0	
1	 3	 3	 4	sample11	623	2937	514	92560	0	
1	 3	 3	 5	sample11	476	2532	258	82240	0	
1	 3	 3	 6	control	245	2301	258	82240	0	
1	 3	 4	 1	sample12	849	3419	772	102800	0	
1	 3	 4	 2	sample12	1090	3404	770	85618	0	
1	 3	 4	 3	sample12	887	2943	514	82240	0	
1	 3	 4	 4	sample12	508	2564	514	82240	0	
1	 3	 4	 5	sample12	456	2256	256	72000	0	
1	 3	 4	 6	control	1220	3020	1028	43200	0	
1	 4	 1	 1	sample13	1991	4819	1798	135744	0	
1	 4	 1	 2	sample13	2624	5452	2570	107464	0	
1	 4	 1	 3	sample13	1734	4304	1800	120790	0	
1	 4	 1	 4	sample13	1079	3649	1028	118220	0	
1	 4	 1	 5	sample13	766	3336	772	110510	0	
1	 4	 1	 6	control	584	2898	514	92560	0	
1	 4	 2	 1	sample14	1039	3353	1028	99502	0	
1	 4	 2	 2	sample14	995	3309	1028	90246	0	
1	 4	 2	 3	sample14	948	3004	772	65792	0	
1	 4	 2	 4	sample14	656	2712	514	82240	0	
1	 4	 2	 5	sample14	592	2648	514	82240	0	
1	 4	 2	 6	control	1383	3439	1286	152144	0	
1	 4	 3	 1	sample15	1153	2953	1028	73800	0	
1	 4	 3	 2	sample15	831	2631	770	61200	0	
1	 4	 3	 3	sample15	617	2417	514	72000	0	
1	 4	 3	 4	sample15	592	2392	514	64800	0	
1	 4	 3	 5	sample15	911	2453	1028	37008	0	
1	 4	 3	 6	control	435	2235	256	64800	0	
1	 4	 4	 1	sample16	1333	2875	1286	66306	0	
1	 4	 4	 2	sample16	957	2499	772	72474	0	
1	 4	 4	 3	sample16	1029	2571	1028	67848	0	
1	 4	 4	 4	sample16	783	2325	772	67848	0	
1	 4	 4	 5	sample16	728	2270	514	72474	0	
1	 4	 4	 6	control	1111	2653	1028	90978	0	
1	 5	 1	 1	sample17	1158	3728	1028	136210	0	
1	 5	 1	 2	sample17	1191	3761	1284	105370	0	
1	 5	 1	 3	sample17	939	3509	770	74530	0	
1	 5	 1	 4	sample17	660	3230	514	113080	0	
1	 5	 1	 5	sample17	514	3084	514	56540	0	
1	 5	 1	 6	control	343	2655	258	41616	0	
1	 5	 2	 1	sample18	655	2711	514	82240	0	
1	 5	 2	 2	sample18	435	2747	258	97104	0	
1	 5	 2	 3	sample18	251	2563	258	92480	0	
1	 5	 2	 4	sample18	449	2505	256	82240	0	
1	 5	 2	 5	sample18	449	2505	514	82240	0	
1	 5	 2	 6	control	1745	3801	1798	88408	0	
1	 5	 3	 1	sample19	1112	2910	1028	71920	0	
1	 5	 3	 2	sample19	624	2680	770	90464	0	
1	 5	 3	 3	sample19	435	2491	256	74016	0	
1	 5	 3	 4	sample19	449	2505	514	74016	0	
1	 5	 3	 5	sample19	572	2370	514	64728	0	
1	 5	 3	 6	control	250	2048	258	61132	0	
1	 5	 4	 1	sample20	466	2264	514	57536	0	
1	 5	 4	 2	sample20	365	2163	258	64728	0	
1	 5	 4	 3	sample20	322	2120	258	64728	0	
1	 5	 4	 4	sample20	328	2126	258	39556	0	
1	 5	 4	 5	sample20	325	2123	514	41354	0	
1	 5	 4	 6	control	964	2762	1028	21576	0	
1	 6	 1	 1	sample21	693	3263	514	84810	0	
1	 6	 1	 2	sample21	1138	3708	1028	131070	0	
1	 6	 1	 3	sample21	746	3058	772	92480	0	
1	 6	 1	 4	sample21	412	2724	258	92480	0	
1	 6	 1	 5	sample21	360	2672	258	92480	0	
1	 6	 1	 6	control	493	2805	514	83232	0	
1	 6	 2	 1	sample22	1113	3169	1028	74016	0	
1	 6	 2	 2	sample22	1650	3706	1542	106912	0	
1	 6	 2	 3	sample22	1458	3514	1542	88408	0	
1	 6	 2	 4	sample22	816	2872	770	104856	0	
1	 6	 2	 5	sample22	623	2679	770	82240	0	
1	 6	 2	 6	control	1072	3128	1028	168592	0	
1	 6	 3	 1	sample23	549	2605	514	90464	0	
1	 6	 3	 2	sample23	648	2704	770	94576	0	
1	 6	 3	 3	sample23	367	2165	258	71920	0	
1	 6	 3	 4	sample23	422	2220	514	44950	0	
1	 6	 3	 5	sample23	354	2152	258	71920	0	
1	 6	 3	 6	control	148	1946	0	71920	0	
1	 6	 4	 1	sample24	1189	2987	1286	86304	0	
1	 6	 4	 2	sample24	833	2631	1028	75516	0	
1	 6	 4	 3	sample24	788	2586	772	84506	0	
1	 6	 4	 4	sample24	290	2088	258	84506	0	
1	 6	 4	 5	sample24	456	1998	256	55512	0	
1	 6	 4	 6	control	1133	2675	1028	60138	0	
1	 7	 1	 1	sample25	1846	4158	1800	115600	0	
1	 7	 1	 2	sample25	2092	4404	2314	115600	0	
1	 7	 1	 3	sample25	1337	3649	1286	80920	0	
1	 7	 1	 4	sample25	1262	3832	1284	59110	0	
1	 7	 1	 5	sample25	1633	3945	1542	39304	0	
1	 7	 1	 6	control	675	2987	514	73984	0	
1	 7	 2	 1	sample26	1325	3381	1284	65792	0	
1	 7	 2	 2	sample26	1382	3438	1542	102800	0	
1	 7	 2	 3	sample26	1395	3451	1284	71960	0	
1	 7	 2	 4	sample26	868	2924	770	76072	0	
1	 7	 2	 5	sample26	628	2684	514	74016	0	
1	 7	 2	 6	control	2082	4138	2056	80184	0	
1	 7	 3	 1	sample27	1180	2978	1028	30566	0	
1	 7	 3	 2	sample27	579	2377	514	64728	0	
1	 7	 3	 3	sample27	495	2293	258	71920	0	
1	 7	 3	 4	sample27	980	2778	514	37758	0	
1	 7	 3	 5	sample27	489	2287	258	71920	0	
1	 7	 3	 6	control	400	2198	258	64728	0	
1	 7	 4	 1	sample28	1072	2614	770	61680	0	
1	 7	 4	 2	sample28	1042	2584	770	53970	0	
1	 7	 4	 3	sample28	819	2361	770	64764	0	
1	 7	 4	 4	sample28	899	2441	770	46260	0	
1	 7	 4	 5	sample28	936	2478	770	43176	0	
1	 7	 4	 6	control	1042	2584	1028	55512	0	
1	 8	 1	 1	sample29	1639	3695	1542	82240	0	
1	 8	 1	 2	sample29	1712	3768	1800	84296	0	
1	 8	 1	 3	sample29	1448	3504	1542	78128	0	
1	 8	 1	 4	sample29	842	2898	772	82240	0	
1	 8	 1	 5	sample29	566	2622	514	82240	0	
1	 8	 1	 6	control	315	2371	258	74016	0	
1	 8	 2	 1	sample30	1308	3108	1284	39600	0	
1	 8	 2	 2	sample30	779	2579	770	52200	0	
1	 8	 2	 3	sample30	922	2722	770	79200	0	
1	 8	 2	 4	sample30	399	2199	256	64800	0	
1	 8	 2	 5	sample30	571	2113	514	55512	0	
1	 8	 2	 6	control	2101	3643	2056	53970	0	
1	 8	 3	 1	sample31	900	2442	1028	58596	0	
1	 8	 3	 2	sample31	830	2372	1028	33924	0	
1	 8	 3	 3	sample31	564	2106	514	55512	0	
1	 8	 3	 4	sample31	270	1812	258	61680	0	
1	 8	 3	 5	sample31	193	1735	0	61680	0	
1	 8	 3	 6	control	272	1814	258	55512	0	
1	 8	 4	 1	sample32	494	1780	514	51440	0	
1	 8	 4	 2	sample32	488	1774	256	51440	0	
1	 8	 4	 3	sample32	582	1868	514	52726	0	
1	 8	 4	 4	sample32	411	1697	256	51440	0	
1	 8	 4	 5	sample32	391	1677	256	51440	0	
1	 8	 4	 6	control	933	2219	770	48868	0	
1	 9	 1	 1	sample33	1147	3459	1028	60112	0	
1	 9	 1	 2	sample33	1262	3574	1286	101728	0	
1	 9	 1	 3	sample33	1531	3843	1286	50864	0	
1	 9	 1	 4	sample33	1271	3583	1286	41616	0	
1	 9	 1	 5	sample33	1585	3897	1542	41616	0	
1	 9	 1	 6	control	1787	4099	1800	46240	0	
1	 9	 2	 1	sample34	636	2692	514	90464	0	
1	 9	 2	 2	sample34	1067	3123	1028	26728	0	
1	 9	 2	 3	sample34	668	2724	514	82240	0	
1	 9	 2	 4	sample34	1108	3164	1028	32896	0	
1	 9	 2	 5	sample34	668	2724	514	82240	0	
1	 9	 2	 6	control	1504	3560	1542	156256	0	
1	 9	 3	 1	sample35	949	2747	1028	80910	0	
1	 9	 3	 2	sample35	764	2562	514	62930	0	
1	 9	 3	 3	sample35	716	2514	514	75516	0	
1	 9	 3	 4	sample35	865	2663	772	39556	0	
1	 9	 3	 5	sample35	579	2377	514	71920	0	
1	 9	 3	 6	control	482	2280	258	71920	0	
1	 9	 4	 1	sample36	763	2305	770	53970	0	
1	 9	 4	 2	sample36	1149	2691	770	29298	0	
1	 9	 4	 3	sample36	822	2364	514	61680	0	
1	 9	 4	 4	sample36	502	2300	514	71920	0	
1	 9	 4	 5	sample36	1469	3267	772	62930	0	
1	 9	 4	 6	control	827	2625	514	66526	0	
1	 10	 1	 1	sample37	2095	4407	2056	92480	0	
1	 10	 1	 2	sample37	2406	4718	2314	108664	0	
1	 10	 1	 3	sample37	1624	4194	1542	128500	0	
1	 10	 1	 4	sample37	1623	4193	1284	56540	0	
1	 10	 1	 5	sample37	957	3527	770	102800	0	
1	 10	 1	 6	control	1285	3855	1028	51400	0	
1	 10	 2	 1	sample38	1125	3181	1028	43176	0	
1	 10	 2	 2	sample38	899	2955	770	65792	0	
1	 10	 2	 3	sample38	1047	3103	770	82240	0	
1	 10	 2	 4	sample38	704	3016	514	97104	0	
1	 10	 2	 5	sample38	1052	3364	772	50864	0	
1	 10	 2	 6	control	1575	3887	1542	110976	0	
1	 10	 3	 1	sample39	1246	3044	1028	82708	0	
1	 10	 3	 2	sample39	1017	2815	772	80910	0	
1	 10	 3	 3	sample39	1035	2833	772	71920	0	
1	 10	 3	 4	sample39	1156	3212	1028	37008	0	
1	 10	 3	 5	sample39	635	2691	514	78128	0	
1	 10	 3	 6	control	475	2531	256	82240	0	
1	 10	 4	 1	sample40	945	2743	772	71920	0	
1	 10	 4	 2	sample40	887	2685	772	71920	0	
1	 10	 4	 3	sample40	1028	2826	772	71920	0	
1	 10	 4	 4	sample40	797	2595	514	71920	0	
1	 10	 4	 5	sample40	1231	3029	772	34162	0	
1	 10	 4	 6	control	1049	2847	1028	68324	0	
1	 11	 1	 1	sample41	1087	3657	1028	89950	0	
1	 11	 1	 2	sample41	983	3553	772	102800	0	
1	 11	 1	 3	sample41	907	3477	772	102800	0	
1	 11	 1	 4	sample41	572	3142	514	102800	0	
1	 11	 1	 5	sample41	752	3322	514	102800	0	
1	 11	 1	 6	control	1928	4498	2056	41120	0	
1	 11	 2	 1	sample42	1271	3327	1028	71960	0	
1	 11	 2	 2	sample42	616	2930	514	46280	0	
1	 11	 2	 3	sample42	699	3013	514	83304	0	
1	 11	 2	 4	sample42	642	2956	514	50908	0	
1	 11	 2	 5	sample42	349	2663	256	83304	0	
1	 11	 2	 6	control	2090	4404	2056	104130	0	
1	 11	 3	 1	sample43	1000	3056	772	74016	0	
1	 11	 3	 2	sample43	1017	3073	1028	90464	0	
1	 11	 3	 3	sample43	855	2911	772	82240	0	
1	 11	 3	 4	sample43	534	2590	514	82240	0	
1	 11	 3	 5	sample43	579	2635	514	82240	0	
1	 11	 3	 6	control	537	2593	514	69904	0	
1	 11	 4	 1	sample44	1158	2958	1028	88200	0	
1	 11	 4	 2	sample44	1028	2828	1028	64800	0	
1	 11	 4	 3	sample44	981	2781	770	59400	0	
1	 11	 4	 4	sample44	416	2472	258	69904	0	
1	 11	 4	 5	sample44	1729	3785	1028	45232	0	
1	 11	 4	 6	control	999	3055	772	71960	0	
1	 12	 1	 1	sample45	1355	3411	1284	67848	0	
1	 12	 1	 2	sample45	1548	3604	1284	82240	0	
1	 12	 1	 3	sample45	1235	3291	1028	53456	0	
1	 12	 1	 4	sample45	566	2878	514	57800	0	
1	 12	 1	 5	sample45	650	2962	514	83232	0	
1	 12	 1	 6	control	757	3327	514	48830	0	
1	 12	 2	 1	sample46	756	2298	514	55512	0	
1	 12	 2	 2	sample46	1065	2863	772	62930	0	
1	 12	 2	 3	sample46	785	2583	514	66526	0	
1	 12	 2	 4	sample46	879	2677	514	64728	0	
1	 12	 2	 5	sample46	442	2498	514	74016	0	
1	 12	 2	 6	control	2694	5006	2314	57800	0	
1	 12	 3	 1	sample47	976	2518	770	61680	0	
1	 12	 3	 2	sample47	1385	2927	1028	27756	0	
1	 12	 3	 3	sample47	566	2364	514	71920	0	
1	 12	 3	 4	sample47	585	2383	514	71920	0	
1	 12	 3	 5	sample47	456	2512	256	82240	0	
1	 12	 3	 6	control	545	2857	258	78608	0	
1	 12	 4	 1	sample48	657	1941	514	46224	0	
1	 12	 4	 2	sample48	1051	2335	514	29532	0	
1	 12	 4	 3	sample48	1006	2548	770	55512	0	
1	 12	 4	 4	sample48	706	2248	514	55512	0	
1	 12	 4	 5	sample48	400	2198	258	64728	0	
1	 12	 4	 6	control	1962	4018	1798	45232	0	
2	 1	 1	 1	sample49	1398	2940	1542	24672	0	
2	 1	 1	 2	sample49	886	2428	772	55512	0	
2	 1	 1	 3	sample49	827	2369	772	57054	0	
2	 1	 1	 4	sample49	720	2262	772	61680	0	
2	 1	 1	 5	sample49	772	2314	772	33924	0	
2	 1	 1	 6	control	534	2076	514	61680	0	
2	 1	 2	 1	sample50	1035	2577	1028	115650	0	
2	 1	 2	 2	sample50	1409	2951	1286	83268	0	
2	 1	 2	 3	sample50	1602	2888	1542	60442	0	
2	 1	 2	 4	sample50	1259	2801	1286	44718	0	
2	 1	 2	 5	sample50	939	2481	1028	66306	0	
2	 1	 2	 6	control	1099	2641	1028	163452	0	
2	 1	 3	 1	sample51	951	2493	772	61680	0	
2	 1	 3	 2	sample51	1391	2677	1284	59156	0	
2	 1	 3	 3	sample51	956	2242	770	60442	0	
2	 1	 3	 4	sample51	522	2064	514	55512	0	
2	 1	 3	 5	sample51	744	2030	770	24434	0	
2	 1	 3	 6	control	200	1742	258	61680	0	
2	 1	 4	 1	sample52	1559	2845	1542	55298	0	
2	 1	 4	 2	sample52	966	2252	1028	64300	0	
2	 1	 4	 3	sample52	514	1800	514	56584	0	
2	 1	 4	 4	sample52	704	1990	514	59156	0	
2	 1	 4	 5	sample52	386	1928	258	61680	0	
2	 1	 4	 6	control	1622	2908	1542	41152	0	
2	 2	 1	 1	sample53	1200	2742	1028	83268	0	
2	 2	 1	 2	sample53	951	2493	1028	61680	0	
2	 2	 1	 3	sample53	790	2590	770	72000	0	
2	 2	 1	 4	sample53	783	2583	514	72000	0	
2	 2	 1	 5	sample53	423	2223	256	72000	0	
2	 2	 1	 6	control	571	2371	514	72000	0	
2	 2	 2	 1	sample54	424	1966	258	61680	0	
2	 2	 2	 2	sample54	643	2185	514	64764	0	
2	 2	 2	 3	sample54	489	2031	514	61680	0	
2	 2	 2	 4	sample54	385	2185	256	72000	0	
2	 2	 2	 5	sample54	353	2153	256	72000	0	
2	 2	 2	 6	control	1349	3149	1284	57600	0	
2	 2	 3	 1	sample55	1420	2962	1286	103314	0	
2	 2	 3	 2	sample55	1753	3295	1800	50886	0	
2	 2	 3	 3	sample55	1110	2652	1028	67848	0	
2	 2	 3	 4	sample55	802	2344	772	64764	0	
2	 2	 3	 5	sample55	585	2127	514	61680	0	
2	 2	 3	 6	control	276	2076	256	72000	0	
2	 2	 4	 1	sample56	1324	2866	1286	103314	0	
2	 2	 4	 2	sample56	1077	2619	1028	74016	0	
2	 2	 4	 3	sample56	1075	2617	1028	67848	0	
2	 2	 4	 4	sample56	839	2381	772	64764	0	
2	 2	 4	 5	sample56	566	2108	514	61680	0	
2	 2	 4	 6	control	1225	2767	1028	58596	0	
2	 3	 1	 1	sample57	854	3166	772	108664	0	
2	 3	 1	 2	sample57	1123	3179	1028	104856	0	
2	 3	 1	 3	sample57	999	3055	770	92520	0	
2	 3	 1	 4	sample57	425	2737	258	92480	0	
2	 3	 1	 5	sample57	639	2695	514	92520	0	
2	 3	 1	 6	control	565	2621	514	82240	0	
2	 3	 2	 1	sample58	850	2906	770	106912	0	
2	 3	 2	 2	sample58	910	2966	770	71960	0	
2	 3	 2	 3	sample58	748	2804	770	92520	0	
2	 3	 2	 4	sample58	764	2820	770	88408	0	
2	 3	 2	 5	sample58	488	2544	514	82240	0	
2	 3	 2	 6	control	1557	3613	1284	168592	0	
2	 3	 3	 1	sample59	1728	3784	1798	104856	0	
2	 3	 3	 2	sample59	1650	3706	1542	92520	0	
2	 3	 3	 3	sample59	963	3019	770	82240	0	
2	 3	 3	 4	sample59	662	2718	514	106912	0	
2	 3	 3	 5	sample59	494	2550	514	82240	0	
2	 3	 3	 6	control	289	2345	256	82240	0	
2	 3	 4	 1	sample60	810	2608	772	71920	0	
2	 3	 4	 2	sample60	720	2518	772	71920	0	
2	 3	 4	 3	sample60	759	2557	772	71920	0	
2	 3	 4	 4	sample60	1086	2884	1028	32364	0	
2	 3	 4	 5	sample60	540	2338	514	71920	0	
2	 3	 4	 6	control	1227	3025	1286	62930	0	
2	 4	 1	 1	sample61	899	2441	770	61680	0	
2	 4	 1	 2	sample61	756	2298	770	80184	0	
2	 4	 1	 3	sample61	297	2095	258	82708	0	
2	 4	 1	 4	sample61	258	2056	258	71920	0	
2	 4	 1	 5	sample61	539	2081	514	61680	0	
2	 4	 1	 6	control	264	2062	258	71920	0	
2	 4	 2	 1	sample62	1043	2585	1028	52428	0	
2	 4	 2	 2	sample62	739	2281	770	75558	0	
2	 4	 2	 3	sample62	796	2338	770	61680	0	
2	 4	 2	 4	sample62	501	2043	514	61680	0	
2	 4	 2	 5	sample62	784	2326	770	29298	0	
2	 4	 2	 6	control	1391	2933	1284	118734	0	
2	 4	 3	 1	sample63	760	2302	770	112566	0	
2	 4	 3	 2	sample63	2062	3604	1284	61680	0	
2	 4	 3	 3	sample63	674	2216	514	61680	0	
2	 4	 3	 4	sample63	631	2173	514	53970	0	
2	 4	 3	 5	sample63	443	1985	256	61680	0	
2	 4	 3	 6	control	269	1811	256	61680	0	
2	 4	 4	 1	sample64	888	2172	772	84744	0	
2	 4	 4	 2	sample64	594	2136	514	69390	0	
2	 4	 4	 3	sample64	237	1779	256	61680	0	
2	 4	 4	 4	sample64	321	1863	256	61680	0	
2	 4	 4	 5	sample64	574	2116	514	26214	0	
2	 4	 4	 6	control	1004	2546	1028	50886	0	
2	 5	 1	 1	sample65	1325	3123	1028	82708	0	
2	 5	 1	 2	sample65	1315	3113	1286	93496	0	
2	 5	 1	 3	sample65	1394	2936	1284	72474	0	
2	 5	 1	 4	sample65	1079	2621	1028	61680	0	
2	 5	 1	 5	sample65	1370	2912	1028	41634	0	
2	 5	 1	 6	control	501	2043	256	61680	0	
2	 5	 2	 1	sample66	1099	2641	1028	77100	0	
2	 5	 2	 2	sample66	1199	2741	1028	55512	0	
2	 5	 2	 3	sample66	959	2501	770	75558	0	
2	 5	 2	 4	sample66	970	2512	770	61680	0	
2	 5	 2	 5	sample66	1156	2698	1028	30840	0	
2	 5	 2	 6	control	1378	2920	1284	67848	0	
2	 5	 3	 1	sample67	1285	2827	1284	61680	0	
2	 5	 3	 2	sample67	938	2480	770	75558	0	
2	 5	 3	 3	sample67	1051	2593	1028	50886	0	
2	 5	 3	 4	sample67	1321	2863	1028	21588	0	
2	 5	 3	 5	sample67	799	2341	770	41634	0	
2	 5	 3	 6	control	906	2190	772	29532	0	
2	 5	 4	 1	sample68	1169	2711	1028	61680	0	
2	 5	 4	 2	sample68	745	2287	514	61680	0	
2	 5	 4	 3	sample68	782	2324	514	67848	0	
2	 5	 4	 4	sample68	723	2265	770	58596	0	
2	 5	 4	 5	sample68	1163	2447	1028	26964	0	
2	 5	 4	 6	control	1247	2531	1028	42372	0	
2	 6	 1	 1	sample69	1296	3096	1284	163800	0	
2	 6	 1	 2	sample69	1150	2950	1028	154800	0	
2	 6	 1	 3	sample69	1627	3427	1542	54000	0	
2	 6	 1	 4	sample69	1096	2896	1028	54000	0	
2	 6	 1	 5	sample69	1857	3399	1286	61680	0	
2	 6	 1	 6	control	765	2307	514	61680	0	
2	 6	 2	 1	sample70	946	2746	1028	68400	0	
2	 6	 2	 2	sample70	966	2766	770	90000	0	
2	 6	 2	 3	sample70	848	2648	770	54000	0	
2	 6	 2	 4	sample70	782	2324	772	37008	0	
2	 6	 2	 5	sample70	715	2257	772	63222	0	
2	 6	 2	 6	control	1235	2777	1286	109482	0	
2	 6	 3	 1	sample71	1175	2717	1286	67848	0	
2	 6	 3	 2	sample71	1073	2615	1028	35466	0	
2	 6	 3	 3	sample71	1052	2594	1028	33924	0	
2	 6	 3	 4	sample71	587	2129	514	60138	0	
2	 6	 3	 5	sample71	373	1915	514	61680	0	
2	 6	 3	 6	control	168	1710	258	61680	0	
2	 6	 4	 1	sample72	1961	3503	1800	78642	0	
2	 6	 4	 2	sample72	1082	2624	1028	74016	0	
2	 6	 4	 3	sample72	1129	2671	1286	55512	0	
2	 6	 4	 4	sample72	608	2150	514	67848	0	
2	 6	 4	 5	sample72	1210	2496	1284	39866	0	
2	 6	 4	 6	control	824	2366	772	60138	0	
2	 7	 1	 1	sample73	809	2865	770	82240	0	
2	 7	 1	 2	sample73	1444	3500	1284	43176	0	
2	 7	 1	 3	sample73	1179	2977	1028	73718	0	
2	 7	 1	 4	sample73	959	3015	1028	61680	0	
2	 7	 1	 5	sample73	1183	2981	1028	44950	0	
2	 7	 1	 6	control	904	2960	770	51400	0	
2	 7	 2	 1	sample74	699	2755	770	74016	0	
2	 7	 2	 2	sample74	1003	2801	1028	89900	0	
2	 7	 2	 3	sample74	1057	2855	1028	80910	0	
2	 7	 2	 4	sample74	884	2682	772	70122	0	
2	 7	 2	 5	sample74	810	2608	772	35960	0	
2	 7	 2	 6	control	1316	3114	1286	138446	0	
2	 7	 3	 1	sample75	425	2223	258	71920	0	
2	 7	 3	 2	sample75	643	2441	772	46748	0	
2	 7	 3	 3	sample75	598	2396	514	77314	0	
2	 7	 3	 4	sample75	592	2390	514	59334	0	
2	 7	 3	 5	sample75	823	2621	772	26970	0	
2	 7	 3	 6	control	335	2133	258	71920	0	
2	 7	 4	 1	sample76	560	2358	514	80910	0	
2	 7	 4	 2	sample76	450	2248	514	71920	0	
2	 7	 4	 3	sample76	938	2736	772	30566	0	
2	 7	 4	 4	sample76	682	2480	772	35960	0	
2	 7	 4	 5	sample76	397	2195	258	39556	0	
2	 7	 4	 6	control	999	2797	1028	46748	0	
2	 8	 1	 1	sample77	1033	2833	1028	88200	0	
2	 8	 1	 2	sample77	1309	3109	1284	129600	0	
2	 8	 1	 3	sample77	1093	2893	1028	84600	0	
2	 8	 1	 4	sample77	945	2487	772	61680	0	
2	 8	 1	 5	sample77	723	2265	514	74016	0	
2	 8	 1	 6	control	412	1954	258	61680	0	
2	 8	 2	 1	sample78	692	2234	514	69390	0	
2	 8	 2	 2	sample78	679	2221	514	72474	0	
2	 8	 2	 3	sample78	638	2180	772	74016	0	
2	 8	 2	 4	sample78	572	2114	514	61680	0	
2	 8	 2	 5	sample78	595	2137	514	53970	0	
2	 8	 2	 6	control	1653	3195	1542	32382	0	
2	 8	 3	 1	sample79	1155	2697	1028	112566	0	
2	 8	 3	 2	sample79	1127	2669	1028	72474	0	
2	 8	 3	 3	sample79	771	2313	514	78642	0	
2	 8	 3	 4	sample79	521	2063	514	61680	0	
2	 8	 3	 5	sample79	527	2069	514	63222	0	
2	 8	 3	 6	control	232	1774	258	61680	0	
2	 8	 4	 1	sample80	809	2351	772	74016	0	
2	 8	 4	 2	sample80	752	2294	514	61680	0	
2	 8	 4	 3	sample80	748	2290	772	67848	0	
2	 8	 4	 4	sample80	444	1986	514	61680	0	
2	 8	 4	 5	sample80	544	2086	514	53970	0	
2	 8	 4	 6	control	1148	2690	1028	46260	0	
2	 9	 1	 1	sample81	1016	2558	1028	61680	0	
2	 9	 1	 2	sample81	848	2648	770	72000	0	
2	 9	 1	 3	sample81	597	2397	514	72000	0	
2	 9	 1	 4	sample81	597	2397	514	72000	0	
2	 9	 1	 5	sample81	520	2320	514	66600	0	
2	 9	 1	 6	control	334	2134	256	72000	0	
2	 9	 2	 1	sample82	696	2238	772	63222	0	
2	 9	 2	 2	sample82	979	2521	772	55512	0	
2	 9	 2	 3	sample82	456	2256	514	72000	0	
2	 9	 2	 4	sample82	727	2269	514	61680	0	
2	 9	 2	 5	sample82	606	2406	514	70200	0	
2	 9	 2	 6	control	1214	3014	1028	138600	0	
2	 9	 3	 1	sample83	764	2306	772	55512	0	
2	 9	 3	 2	sample83	778	2320	514	61680	0	
2	 9	 3	 3	sample83	690	2232	514	63222	0	
2	 9	 3	 4	sample83	611	2153	514	61680	0	
2	 9	 3	 5	sample83	393	2193	256	84600	0	
2	 9	 3	 6	control	199	1999	256	72000	0	
2	 9	 4	 1	sample84	547	2089	514	61680	0	
2	 9	 4	 2	sample84	534	2076	514	61680	0	
2	 9	 4	 3	sample84	521	2063	514	61680	0	
2	 9	 4	 4	sample84	662	2204	514	61680	0	
2	 9	 4	 5	sample84	489	2031	514	61680	0	
2	 9	 4	 6	control	1309	2851	1286	33924	0	
2	 10	 1	 1	sample85	1998	3798	1284	48600	0	
2	 10	 1	 2	sample85	1344	3144	770	77400	0	
2	 10	 1	 3	sample85	1349	3149	770	72000	0	
2	 10	 1	 4	sample85	2096	3896	1542	34200	0	
2	 10	 1	 5	sample85	1021	2821	514	72000	0	
2	 10	 1	 6	control	1786	3586	1284	36000	0	
2	 10	 2	 1	sample86	2126	3926	1798	39600	0	
2	 10	 2	 2	sample86	2207	4007	1798	39600	0	
2	 10	 2	 3	sample86	1640	3440	1028	61200	0	
2	 10	 2	 4	sample86	2641	4441	2570	32400	0	
2	 10	 2	 5	sample86	1892	3692	1284	39600	0	
2	 10	 2	 6	control	2961	4761	2056	41400	0	
2	 10	 3	 1	sample87	1943	3485	1542	38550	0	
2	 10	 3	 2	sample87	2541	4341	2056	32400	0	
2	 10	 3	 3	sample87	1265	3065	514	72000	0	
2	 10	 3	 4	sample87	1875	3675	1284	48600	0	
2	 10	 3	 5	sample87	1997	3797	1284	39600	0	
2	 10	 3	 6	control	1947	3747	1798	34200	0	
2	 10	 4	 1	sample88	1221	2763	772	61680	0	
2	 10	 4	 2	sample88	1541	3341	1028	41400	0	
2	 10	 4	 3	sample88	1118	2918	514	72000	0	
2	 10	 4	 4	sample88	1130	2930	514	72000	0	
2	 10	 4	 5	sample88	2001	3801	2056	34200	0	
2	 10	 4	 6	control	1946	4002	1286	43176	0	
2	 11	 1	 1	sample89	1139	3965	1028	118692	0	
2	 11	 1	 2	sample89	1041	3867	1028	113040	0	
2	 11	 1	 3	sample89	720	3546	772	113040	0	
2	 11	 1	 4	sample89	604	3688	514	123360	0	
2	 11	 1	 5	sample89	494	3578	514	123360	0	
2	 11	 1	 6	control	443	3527	256	123360	0	
2	 11	 2	 1	sample90	476	3302	258	113040	0	
2	 11	 2	 2	sample90	534	3360	514	113040	0	
2	 11	 2	 3	sample90	444	3270	514	113040	0	
2	 11	 2	 4	sample90	579	3405	514	113040	0	
2	 11	 2	 5	sample90	482	3308	514	113040	0	
2	 11	 2	 6	control	1771	4597	1800	101736	0	
2	 11	 3	 1	sample91	1145	3715	1284	179900	0	
2	 11	 3	 2	sample91	3359	6185	1800	84780	0	
2	 11	 3	 3	sample91	662	3488	514	113040	0	
2	 11	 3	 4	sample91	646	3472	514	127170	0	
2	 11	 3	 5	sample91	759	3585	514	113040	0	
2	 11	 3	 6	control	515	3341	514	113040	0	
2	 11	 4	 1	sample92	521	3347	514	113040	0	
2	 11	 4	 2	sample92	607	3433	514	101736	0	
2	 11	 4	 3	sample92	425	3251	514	113040	0	
2	 11	 4	 4	sample92	551	3377	514	118692	0	
2	 11	 4	 5	sample92	405	3231	514	113040	0	
2	 11	 4	 6	control	1183	4009	1028	211950	0	
2	 12	 1	 1	sample93	1126	2926	1028	61200	0	
2	 12	 1	 2	sample93	675	2731	772	49344	0	
2	 12	 1	 3	sample93	701	2757	514	82240	0	
2	 12	 1	 4	sample93	586	2900	514	74048	0	
2	 12	 1	 5	sample93	283	2853	258	102800	0	
2	 12	 1	 6	control	456	3284	514	113120	0	
2	 12	 2	 1	sample94	1399	3199	1284	32400	0	
2	 12	 2	 2	sample94	899	2699	1028	75600	0	
2	 12	 2	 3	sample94	728	2784	772	84296	0	
2	 12	 2	 4	sample94	646	2960	770	80990	0	
2	 12	 2	 5	sample94	1028	3342	1028	46280	0	
2	 12	 2	 6	control	1111	3939	1028	113120	0	
2	 12	 3	 1	sample95	1636	3436	1542	54000	0	
2	 12	 3	 2	sample95	925	2725	770	72000	0	
2	 12	 3	 3	sample95	783	2839	772	90464	0	
2	 12	 3	 4	sample95	803	2859	772	67848	0	
2	 12	 3	 5	sample95	314	2628	256	92560	0	
2	 12	 3	 6	control	438	3266	514	48076	0	
2	 12	 4	 1	sample96	1104	2904	1028	102600	0	
2	 12	 4	 2	sample96	1066	2866	1028	48600	0	
2	 12	 4	 3	sample96	575	2631	514	96632	0	
2	 12	 4	 4	sample96	381	2695	256	90246	0	
2	 12	 4	 5	sample96	625	2939	514	53222	0	
2	 12	 4	 6	control	1182	4010	1284	98980	0	
3	 1	 1	 1	sample97	1396	4480	1286	157284	0	
3	 1	 1	 2	sample97	1497	4325	1542	246036	0	
3	 1	 1	 3	sample97	1305	4133	1284	141400	0	
3	 1	 1	 4	sample97	1010	3838	1028	124432	0	
3	 1	 1	 5	sample97	862	3690	770	127260	0	
3	 1	 1	 6	control	631	3459	770	67872	0	
3	 1	 2	 1	sample98	1235	4319	1286	222048	0	
3	 1	 2	 2	sample98	1141	3969	1028	141400	0	
3	 1	 2	 3	sample98	334	3162	256	113120	0	
3	 1	 2	 4	sample98	539	3367	514	56560	0	
3	 1	 2	 5	sample98	526	3354	514	113120	0	
3	 1	 2	 6	control	1715	4543	1798	192304	0	
3	 1	 3	 1	sample99	1041	3869	1028	104636	0	
3	 1	 3	 2	sample99	704	3532	770	130088	0	
3	 1	 3	 3	sample99	923	3751	1028	76356	0	
3	 1	 3	 4	sample99	571	3399	770	50904	0	
3	 1	 3	 5	sample99	565	3393	514	113120	0	
3	 1	 3	 6	control	485	3313	514	50904	0	
3	 1	 4	 1	sample100	713	3541	770	113120	0	
3	 1	 4	 2	sample100	424	3252	514	113120	0	
3	 1	 4	 3	sample100	302	3130	256	113120	0	
3	 1	 4	 4	sample100	282	3110	256	113120	0	
3	 1	 4	 5	sample100	282	3110	256	113120	0	
3	 1	 4	 6	control	925	3753	770	113120	0	
3	 2	 1	 1	sample101	872	3956	772	157284	0	
3	 2	 1	 2	sample101	1006	4090	772	104856	0	
3	 2	 1	 3	sample101	770	3598	770	113120	0	
3	 2	 1	 4	sample101	419	3503	514	107940	0	
3	 2	 1	 5	sample101	300	3384	258	111024	0	
3	 2	 1	 6	control	393	3477	258	111024	0	
3	 2	 2	 1	sample102	897	3981	772	114108	0	
3	 2	 2	 2	sample102	471	3555	514	126444	0	
3	 2	 2	 3	sample102	264	3348	258	123360	0	
3	 2	 2	 4	sample102	161	3245	258	123360	0	
3	 2	 2	 5	sample102	232	3316	258	123360	0	
3	 2	 2	 6	control	1370	4454	1542	206628	0	
3	 2	 3	 1	sample103	1017	4101	1028	141864	0	
3	 2	 3	 2	sample103	1036	4120	1028	107940	0	
3	 2	 3	 3	sample103	494	3322	514	113120	0	
3	 2	 3	 4	sample103	373	3457	258	123360	0	
3	 2	 3	 5	sample103	476	3560	258	141864	0	
3	 2	 3	 6	control	283	3367	258	123360	0	
3	 2	 4	 1	sample104	1091	4175	1028	151116	0	
3	 2	 4	 2	sample104	1233	4061	1284	98980	0	
3	 2	 4	 3	sample104	891	3719	770	127260	0	
3	 2	 4	 4	sample104	257	3341	258	123360	0	
3	 2	 4	 5	sample104	245	3329	258	123360	0	
3	 2	 4	 6	control	1112	4196	1028	123360	0	
3	 3	 1	 1	sample105	1123	2921	1028	122264	0	
3	 3	 1	 2	sample105	859	2657	772	185194	0	
3	 3	 1	 3	sample105	989	2787	1028	93496	0	
3	 3	 1	 4	sample105	1015	2813	772	70122	0	
3	 3	 1	 5	sample105	675	2473	514	71920	0	
3	 3	 1	 6	control	482	2280	258	71920	0	
3	 3	 2	 1	sample106	789	2587	772	80910	0	
3	 3	 2	 2	sample106	756	2554	772	86304	0	
3	 3	 2	 3	sample106	913	2711	772	52142	0	
3	 3	 2	 4	sample106	540	2338	514	71920	0	
3	 3	 2	 5	sample106	431	2229	258	71920	0	
3	 3	 2	 6	control	1811	3609	1800	82708	0	
3	 3	 3	 1	sample107	974	2772	1028	34162	0	
3	 3	 3	 2	sample107	1042	2584	1028	55512	0	
3	 3	 3	 3	sample107	815	2357	770	61680	0	
3	 3	 3	 4	sample107	470	2268	514	71920	0	
3	 3	 3	 5	sample107	630	2428	514	71920	0	
3	 3	 3	 6	control	437	2235	514	71920	0	
3	 3	 4	 1	sample108	1555	3353	1542	179800	0	
3	 3	 4	 2	sample108	1719	3261	1798	69390	0	
3	 3	 4	 3	sample108	1109	2907	1028	131254	0	
3	 3	 4	 4	sample108	1152	2950	1028	44950	0	
3	 3	 4	 5	sample108	594	2392	514	80910	0	
3	 3	 4	 6	control	1123	2921	1028	53940	0	
3	 4	 1	 1	sample109	1139	2937	1028	91698	0	
3	 4	 1	 2	sample109	1707	3505	1800	84506	0	
3	 4	 1	 3	sample109	886	2942	770	100744	0	
3	 4	 1	 4	sample109	823	2621	772	89900	0	
3	 4	 1	 5	sample109	771	2569	514	71920	0	
3	 4	 1	 6	control	726	2524	514	50344	0	
3	 4	 2	 1	sample110	1286	3084	1286	77314	0	
3	 4	 2	 2	sample110	1401	3199	1542	71920	0	
3	 4	 2	 3	sample110	1237	3035	1028	86304	0	
3	 4	 2	 4	sample110	805	2603	772	82708	0	
3	 4	 2	 5	sample110	656	2454	514	71920	0	
3	 4	 2	 6	control	1543	3341	1542	75516	0	
3	 4	 3	 1	sample111	688	2486	514	82708	0	
3	 4	 3	 2	sample111	760	2558	772	84506	0	
3	 4	 3	 3	sample111	778	2576	772	71920	0	
3	 4	 3	 4	sample111	489	2287	514	71920	0	
3	 4	 3	 5	sample111	581	2379	514	62930	0	
3	 4	 3	 6	control	341	2139	258	71920	0	
3	 4	 4	 1	sample112	1292	3090	1286	71920	0	
3	 4	 4	 2	sample112	1157	2955	1028	82708	0	
3	 4	 4	 3	sample112	941	2739	1028	73718	0	
3	 4	 4	 4	sample112	560	2358	514	71920	0	
3	 4	 4	 5	sample112	633	2431	514	70122	0	
3	 4	 4	 6	control	1015	2813	1028	68324	0	
3	 5	 1	 1	sample113	832	2888	514	96632	0	
3	 5	 1	 2	sample113	972	3028	772	102800	0	
3	 5	 1	 3	sample113	778	2834	514	82240	0	
3	 5	 1	 4	sample113	804	2860	772	82240	0	
3	 5	 1	 5	sample113	832	2888	514	78128	0	
3	 5	 1	 6	control	476	2532	258	82240	0	
3	 5	 2	 1	sample114	1074	3130	1028	82240	0	
3	 5	 2	 2	sample114	1771	3827	1542	37008	0	
3	 5	 2	 3	sample114	984	3040	1028	82240	0	
3	 5	 2	 4	sample114	771	2827	772	96632	0	
3	 5	 2	 5	sample114	688	2744	514	82240	0	
3	 5	 2	 6	control	1553	3353	1542	117000	0	
3	 5	 3	 1	sample115	1118	3174	772	82240	0	
3	 5	 3	 2	sample115	918	2974	772	100744	0	
3	 5	 3	 3	sample115	876	2932	514	65792	0	
3	 5	 3	 4	sample115	566	2622	258	82240	0	
3	 5	 3	 5	sample115	354	2410	258	82240	0	
3	 5	 3	 6	control	360	2416	258	82240	0	
3	 5	 4	 1	sample116	682	2738	772	82240	0	
3	 5	 4	 2	sample116	649	2705	514	82240	0	
3	 5	 4	 3	sample116	804	2860	772	49344	0	
3	 5	 4	 4	sample116	335	2391	258	82240	0	
3	 5	 4	 5	sample116	412	2468	258	82240	0	
3	 5	 4	 6	control	1047	2847	770	72000	0	
3	 6	 1	 1	sample117	1196	3252	1028	135696	0	
3	 6	 1	 2	sample117	1326	3382	1286	131584	0	
3	 6	 1	 3	sample117	1426	3226	1028	72000	0	
3	 6	 1	 4	sample117	1696	3496	1542	45000	0	
3	 6	 1	 5	sample117	1408	3208	1284	48600	0	
3	 6	 1	 6	control	1564	3364	1542	41400	0	
3	 6	 2	 1	sample118	594	2650	772	86352	0	
3	 6	 2	 2	sample118	1285	3085	1284	117000	0	
3	 6	 2	 3	sample118	1047	2847	1028	72000	0	
3	 6	 2	 4	sample118	929	2729	770	61200	0	
3	 6	 2	 5	sample118	1571	3371	1542	46800	0	
3	 6	 2	 6	control	1696	3496	1542	90000	0	
3	 6	 3	 1	sample119	1213	3269	1286	123360	0	
3	 6	 3	 2	sample119	1275	3075	1284	100800	0	
3	 6	 3	 3	sample119	669	2725	772	82240	0	
3	 6	 3	 4	sample119	751	2551	770	72000	0	
3	 6	 3	 5	sample119	569	2369	514	75600	0	
3	 6	 3	 6	control	565	2365	514	72000	0	
3	 6	 4	 1	sample120	1209	3265	1028	76072	0	
3	 6	 4	 2	sample120	1773	3573	1798	36000	0	
3	 6	 4	 3	sample120	1220	3020	1284	57600	0	
3	 6	 4	 4	sample120	860	2660	770	41400	0	
3	 6	 4	 5	sample120	816	2616	770	61200	0	
3	 6	 4	 6	control	1400	3200	1284	52200	0	
3	 7	 1	 1	sample121	740	2026	514	65586	0	
3	 7	 1	 2	sample121	902	2188	1028	55298	0	
3	 7	 1	 3	sample121	598	2140	514	61680	0	
3	 7	 1	 4	sample121	578	1864	514	51440	0	
3	 7	 1	 5	sample121	681	1967	514	51440	0	
3	 7	 1	 6	control	604	1890	514	51440	0	
3	 7	 2	 1	sample122	1052	2338	1028	68158	0	
3	 7	 2	 2	sample122	611	2153	514	74016	0	
3	 7	 2	 3	sample122	966	2252	1028	64300	0	
3	 7	 2	 4	sample122	636	1922	514	51440	0	
3	 7	 2	 5	sample122	873	2159	770	32150	0	
3	 7	 2	 6	control	1523	2809	1542	87448	0	
3	 7	 3	 1	sample123	642	1928	514	64300	0	
3	 7	 3	 2	sample123	392	1934	258	67848	0	
3	 7	 3	 3	sample123	193	1735	0	61680	0	
3	 7	 3	 4	sample123	519	1805	514	64300	0	
3	 7	 3	 5	sample123	584	1870	514	51440	0	
3	 7	 3	 6	control	129	1671	0	61680	0	
3	 7	 4	 1	sample124	1707	2993	1542	36008	0	
3	 7	 4	 2	sample124	746	2288	772	63222	0	
3	 7	 4	 3	sample124	1022	2308	1028	63014	0	
3	 7	 4	 4	sample124	696	1982	514	57870	0	
3	 7	 4	 5	sample124	607	1893	514	56584	0	
3	 7	 4	 6	control	997	2539	772	63222	0	
3	 8	 1	 1	sample125	1369	3425	1286	82240	0	
3	 8	 1	 2	sample125	1725	3781	1800	148032	0	
3	 8	 1	 3	sample125	1620	3676	1542	82240	0	
3	 8	 1	 4	sample125	765	2821	772	82240	0	
3	 8	 1	 5	sample125	791	2847	514	82240	0	
3	 8	 1	 6	control	865	2921	772	45232	0	
3	 8	 2	 1	sample126	770	2570	770	72000	0	
3	 8	 2	 2	sample126	688	2744	514	82240	0	
3	 8	 2	 3	sample126	508	2564	514	82240	0	
3	 8	 2	 4	sample126	431	2487	258	82240	0	
3	 8	 2	 5	sample126	373	2429	258	82240	0	
3	 8	 2	 6	control	1275	3331	1286	150088	0	
3	 8	 3	 1	sample127	547	2603	514	82240	0	
3	 8	 3	 2	sample127	844	2900	772	51400	0	
3	 8	 3	 3	sample127	476	2532	258	82240	0	
3	 8	 3	 4	sample127	584	2384	514	72000	0	
3	 8	 3	 5	sample127	290	2346	258	82240	0	
3	 8	 3	 6	control	206	2262	258	82240	0	
3	 8	 4	 1	sample128	842	2898	772	82240	0	
3	 8	 4	 2	sample128	714	2770	514	82240	0	
3	 8	 4	 3	sample128	701	2757	772	82240	0	
3	 8	 4	 4	sample128	729	2785	772	37008	0	
3	 8	 4	 5	sample128	418	2474	514	82240	0	
3	 8	 4	 6	control	682	2738	514	82240	0	
3	 9	 1	 1	sample129	1003	2801	772	71920	0	
3	 9	 1	 2	sample129	1124	2922	1028	77314	0	
3	 9	 1	 3	sample129	951	2749	772	71920	0	
3	 9	 1	 4	sample129	839	2637	772	75516	0	
3	 9	 1	 5	sample129	752	2550	514	71920	0	
3	 9	 1	 6	control	520	2576	256	82240	0	
3	 9	 2	 1	sample130	1759	3557	1800	136648	0	
3	 9	 2	 2	sample130	2015	3813	2056	154628	0	
3	 9	 2	 3	sample130	2194	3992	2056	134850	0	
3	 9	 2	 4	sample130	1441	3239	1542	86304	0	
3	 9	 2	 5	sample130	1405	3203	1286	80910	0	
3	 9	 2	 6	control	1669	3467	1800	131254	0	
3	 9	 3	 1	sample131	1035	2833	1028	73718	0	
3	 9	 3	 2	sample131	1247	3045	1286	71920	0	
3	 9	 3	 3	sample131	941	2739	772	79112	0	
3	 9	 3	 4	sample131	914	2712	1028	64728	0	
3	 9	 3	 5	sample131	662	2460	514	71920	0	
3	 9	 3	 6	control	346	2402	256	82240	0	
3	 9	 4	 1	sample132	991	2789	772	158224	0	
3	 9	 4	 2	sample132	1145	2943	1286	55738	0	
3	 9	 4	 3	sample132	993	2791	1028	143840	0	
3	 9	 4	 4	sample132	1029	2827	1028	64728	0	
3	 9	 4	 5	sample132	823	2621	772	71920	0	
3	 9	 4	 6	control	616	2672	514	82240	0	
3	 10	 1	 1	sample133	1651	3451	1542	84600	0	
3	 10	 1	 2	sample133	1756	3556	1798	75600	0	
3	 10	 1	 3	sample133	1374	3174	1284	77400	0	
3	 10	 1	 4	sample133	896	2696	770	84600	0	
3	 10	 1	 5	sample133	935	2735	770	70200	0	
3	 10	 1	 6	control	526	2326	256	72000	0	
3	 10	 2	 1	sample134	1234	3034	1028	91800	0	
3	 10	 2	 2	sample134	1351	3151	1284	90000	0	
3	 10	 2	 3	sample134	1366	3166	1284	79200	0	
3	 10	 2	 4	sample134	1019	2819	1028	55800	0	
3	 10	 2	 5	sample134	803	2603	770	72000	0	
3	 10	 2	 6	control	1937	3737	1798	70200	0	
3	 10	 3	 1	sample135	948	2748	770	75600	0	
3	 10	 3	 2	sample135	845	2645	770	68400	0	
3	 10	 3	 3	sample135	751	2551	514	72000	0	
3	 10	 3	 4	sample135	1187	2987	1028	37800	0	
3	 10	 3	 5	sample135	1027	2827	770	34200	0	
3	 10	 3	 6	control	870	2670	770	32400	0	
3	 10	 4	 1	sample136	1113	2913	1028	75600	0	
3	 10	 4	 2	sample136	1096	2896	1028	54000	0	
3	 10	 4	 3	sample136	1002	2802	1028	72000	0	
3	 10	 4	 4	sample136	1162	2962	1028	37800	0	
3	 10	 4	 5	sample136	1257	3057	1028	34200	0	
3	 10	 4	 6	control	1316	3116	1028	59400	0	
3	 11	 1	 1	sample137	948	2748	1028	81000	0	
3	 11	 1	 2	sample137	1301	3101	1284	27000	0	
3	 11	 1	 3	sample137	770	2570	770	72000	0	
3	 11	 1	 4	sample137	661	2461	770	72000	0	
3	 11	 1	 5	sample137	476	2532	514	82240	0	
3	 11	 1	 6	control	431	2487	258	82240	0	
3	 11	 2	 1	sample138	629	2429	514	72000	0	
3	 11	 2	 2	sample138	726	2526	770	72000	0	
3	 11	 2	 3	sample138	2245	4045	1284	34200	0	
3	 11	 2	 4	sample138	499	2555	258	34952	0	
3	 11	 2	 5	sample138	444	2500	514	82240	0	
3	 11	 2	 6	control	1236	3292	1286	127472	0	
3	 11	 3	 1	sample139	2383	4183	1542	79200	0	
3	 11	 3	 2	sample139	1349	3149	1284	93600	0	
3	 11	 3	 3	sample139	614	2670	514	90464	0	
3	 11	 3	 4	sample139	444	2500	258	82240	0	
3	 11	 3	 5	sample139	572	2628	514	82240	0	
3	 11	 3	 6	control	277	2333	0	82240	0	
3	 11	 4	 1	sample140	520	2320	514	72000	0	
3	 11	 4	 2	sample140	706	2506	514	72000	0	
3	 11	 4	 3	sample140	347	2403	258	82240	0	
3	 11	 4	 4	sample140	347	2403	258	82240	0	
3	 11	 4	 5	sample140	425	2481	258	82240	0	
3	 11	 4	 6	control	1345	3401	1286	88408	0	
3	 12	 1	 1	sample141	1575	2861	1798	29578	0	
3	 12	 1	 2	sample141	874	2416	1028	61680	0	
3	 12	 1	 3	sample141	1074	2616	1028	52428	0	
3	 12	 1	 4	sample141	1164	2706	1286	26214	0	
3	 12	 1	 5	sample141	726	2526	514	72000	0	
3	 12	 1	 6	control	214	2528	256	83304	0	
3	 12	 2	 1	sample142	591	1877	514	38580	0	
3	 12	 2	 2	sample142	751	2037	514	51440	0	
3	 12	 2	 3	sample142	656	2198	514	61680	0	
3	 12	 2	 4	sample142	666	2208	514	33924	0	
3	 12	 2	 5	sample142	385	2185	256	72000	0	
3	 12	 2	 6	control	1516	3830	1542	46280	0	
3	 12	 3	 1	sample143	992	2278	1028	46296	0	
3	 12	 3	 2	sample143	991	2277	770	54012	0	
3	 12	 3	 3	sample143	787	2329	772	26214	0	
3	 12	 3	 4	sample143	806	2348	1028	23130	0	
3	 12	 3	 5	sample143	334	2134	256	72000	0	
3	 12	 3	 6	control	186	2242	0	74016	0	
3	 12	 4	 1	sample144	1549	2835	1542	46296	0	
3	 12	 4	 2	sample144	1146	2688	1028	53970	0	
3	 12	 4	 3	sample144	1089	2631	1028	46260	0	
3	 12	 4	 4	sample144	647	2447	770	48600	0	
3	 12	 4	 5	sample144	236	2292	258	74016	0	
3	 12	 4	 6	control	1345	3659	1284	78676	0	
4	 1	 1	 1	sample145	673	2985	772	108664	0	
4	 1	 1	 2	sample145	662	2718	514	78128	0	
4	 1	 1	 3	sample145	722	2778	770	43176	0	
4	 1	 1	 4	sample145	267	2323	256	98688	0	
4	 1	 1	 5	sample145	321	2377	256	82240	0	
4	 1	 1	 6	control	399	2455	256	74016	0	
4	 1	 2	 1	sample146	393	2705	258	83232	0	
4	 1	 2	 2	sample146	319	2631	258	106352	0	
4	 1	 2	 3	sample146	605	2917	514	39304	0	
4	 1	 2	 4	sample146	373	2685	514	46240	0	
4	 1	 2	 5	sample146	84.1	2396	258	92480	0	
4	 1	 2	 6	control	1523	3579	1542	139808	0	
4	 1	 3	 1	sample147	1166	3736	1028	105370	0	
4	 1	 3	 2	sample147	1047	3617	1028	102800	0	
4	 1	 3	 3	sample147	687	3257	514	102800	0	
4	 1	 3	 4	sample147	663	3233	770	92520	0	
4	 1	 3	 5	sample147	313	2883	256	82240	0	
4	 1	 3	 6	control	241	2811	256	82240	0	
4	 1	 4	 1	sample148	1286	4112	1286	98910	0	
4	 1	 4	 2	sample148	1161	3987	1286	98910	0	
4	 1	 4	 3	sample148	865	3691	1028	124344	0	
4	 1	 4	 4	sample148	514	3340	514	93258	0	
4	 1	 4	 5	sample148	629	3455	514	50868	0	
4	 1	 4	 6	control	971	3797	1028	101736	0	
4	 2	 1	 1	sample149	951	2493	1028	61680	0	
4	 2	 1	 2	sample149	739	2281	772	61680	0	
4	 2	 1	 3	sample149	907	2449	1028	29298	0	
4	 2	 1	 4	sample149	591	2133	514	72474	0	
4	 2	 1	 5	sample149	508	2050	514	61680	0	
4	 2	 1	 6	control	534	2076	258	61680	0	
4	 2	 2	 1	sample150	1281	3081	1284	129600	0	
4	 2	 2	 2	sample150	1321	3121	1284	90000	0	
4	 2	 2	 3	sample150	874	2674	770	84600	0	
4	 2	 2	 4	sample150	716	2516	770	84600	0	
4	 2	 2	 5	sample150	556	2356	514	75600	0	
4	 2	 2	 6	control	1717	3517	1542	73800	0	
4	 2	 3	 1	sample151	714	2770	514	82240	0	
4	 2	 3	 2	sample151	560	2616	514	82240	0	
4	 2	 3	 3	sample151	463	2519	514	82240	0	
4	 2	 3	 4	sample151	588	2644	514	43176	0	
4	 2	 3	 5	sample151	573	2629	514	45232	0	
4	 2	 3	 6	control	656	2712	514	41120	0	
4	 2	 4	 1	sample152	776	3090	770	99502	0	
4	 2	 4	 2	sample152	449	2763	256	92560	0	
4	 2	 4	 3	sample152	576	2890	514	76362	0	
4	 2	 4	 4	sample152	352	2666	256	62478	0	
4	 2	 4	 5	sample152	592	2648	514	41120	0	
4	 2	 4	 6	control	1559	3615	1542	65792	0	
4	 3	 1	 1	sample153	1256	3054	1028	79112	0	
4	 3	 1	 2	sample153	1370	3168	1542	136648	0	
4	 3	 1	 3	sample153	1007	2805	1028	109678	0	
4	 3	 1	 4	sample153	713	2511	772	86304	0	
4	 3	 1	 5	sample153	461	2259	514	86304	0	
4	 3	 1	 6	control	187	1985	258	71920	0	
4	 3	 2	 1	sample154	777	2833	770	82240	0	
4	 3	 2	 2	sample154	1269	3067	1286	84506	0	
4	 3	 2	 3	sample154	702	2758	514	100744	0	
4	 3	 2	 4	sample154	368	2424	256	90464	0	
4	 3	 2	 5	sample154	528	2326	514	68324	0	
4	 3	 2	 6	control	1282	3080	1286	129456	0	
4	 3	 3	 1	sample155	846	3158	772	104040	0	
4	 3	 3	 2	sample155	906	2962	1028	78128	0	
4	 3	 3	 3	sample155	716	2772	770	96632	0	
4	 3	 3	 4	sample155	558	2614	514	82240	0	
4	 3	 3	 5	sample155	353	2409	256	82240	0	
4	 3	 3	 6	control	231	2287	256	82240	0	
4	 3	 4	 1	sample156	1431	4001	1284	125930	0	
4	 3	 4	 2	sample156	1291	3603	1286	106352	0	
4	 3	 4	 3	sample156	733	3045	772	108664	0	
4	 3	 4	 4	sample156	412	2724	258	92480	0	
4	 3	 4	 5	sample156	449	2505	514	82240	0	
4	 3	 4	 6	control	1274	3330	1284	96632	0	
4	 4	 1	 1	sample157	889	4743	772	177284	0	
4	 4	 1	 2	sample157	1228	5082	1286	154160	0	
4	 4	 1	 3	sample157	922	4776	772	177284	0	
4	 4	 1	 4	sample157	784	4638	772	158014	0	
4	 4	 1	 5	sample157	534	4388	514	154160	0	
4	 4	 1	 6	control	598	4452	514	154160	0	
4	 4	 2	 1	sample158	836	4690	772	154160	0	
4	 4	 2	 2	sample158	713	4825	770	164480	0	
4	 4	 2	 3	sample158	584	4696	514	180928	0	
4	 4	 2	 4	sample158	507	4619	514	164480	0	
4	 4	 2	 5	sample158	501	4613	514	164480	0	
4	 4	 2	 6	control	1527	5639	1542	226160	0	
4	 4	 3	 1	sample159	984	5096	1028	193264	0	
4	 4	 3	 2	sample159	841	4953	770	164480	0	
4	 4	 3	 3	sample159	896	5008	770	168592	0	
4	 4	 3	 4	sample159	719	4831	514	164480	0	
4	 4	 3	 5	sample159	354	4722	514	174720	0	
4	 4	 3	 6	control	245	4613	258	174720	0	
4	 4	 4	 1	sample160	1679	5791	1542	168592	0	
4	 4	 4	 2	sample160	793	4905	770	189152	0	
4	 4	 4	 3	sample160	2821	6933	770	180928	0	
4	 4	 4	 4	sample160	925	5037	514	164480	0	
4	 4	 4	 5	sample160	494	4606	514	164480	0	
4	 4	 4	 6	control	1561	5673	1542	213824	0	
4	 5	 1	 1	sample161	1169	2711	1286	118734	0	
4	 5	 1	 2	sample161	1298	2840	1286	123360	0	
4	 5	 1	 3	sample161	1493	3035	1286	47802	0	
4	 5	 1	 4	sample161	1066	2608	1028	63222	0	
4	 5	 1	 5	sample161	920	2462	1028	40092	0	
4	 5	 1	 6	control	886	2428	772	41634	0	
4	 5	 2	 1	sample162	1085	2885	1028	72000	0	
4	 5	 2	 2	sample162	976	2776	770	90000	0	
4	 5	 2	 3	sample162	1291	3091	1028	75600	0	
4	 5	 2	 4	sample162	745	2545	770	72000	0	
4	 5	 2	 5	sample162	674	2474	514	72000	0	
4	 5	 2	 6	control	1321	3121	1284	140400	0	
4	 5	 3	 1	sample163	723	2779	772	76072	0	
4	 5	 3	 2	sample163	616	2672	514	88408	0	
4	 5	 3	 3	sample163	696	2752	514	84296	0	
4	 5	 3	 4	sample163	655	2711	514	86352	0	
4	 5	 3	 5	sample163	514	2570	514	51400	0	
4	 5	 3	 6	control	804	2860	772	32896	0	
4	 5	 4	 1	sample164	1129	2929	1028	68400	0	
4	 5	 4	 2	sample164	710	2766	772	94576	0	
4	 5	 4	 3	sample164	864	2664	770	59400	0	
4	 5	 4	 4	sample164	463	2519	258	82240	0	
4	 5	 4	 5	sample164	515	2571	772	37008	0	
4	 5	 4	 6	control	1933	3989	1800	55512	0	
4	 6	 1	 1	sample165	1072	2614	1028	70932	0	
4	 6	 1	 2	sample165	1364	2906	1284	64764	0	
4	 6	 1	 3	sample165	913	2455	770	69390	0	
4	 6	 1	 4	sample165	694	2236	770	61680	0	
4	 6	 1	 5	sample165	788	2072	772	39804	0	
4	 6	 1	 6	control	733	2017	514	51360	0	
4	 6	 2	 1	sample166	438	2236	258	84506	0	
4	 6	 2	 2	sample166	534	2332	514	71920	0	
4	 6	 2	 3	sample166	389	2187	514	73718	0	
4	 6	 2	 4	sample166	270	2068	258	71920	0	
4	 6	 2	 5	sample166	475	2017	514	61680	0	
4	 6	 2	 6	control	1353	3151	1286	75516	0	
4	 6	 3	 1	sample167	957	3013	1028	90464	0	
4	 6	 3	 2	sample167	777	2833	770	82240	0	
4	 6	 3	 3	sample167	993	2791	1028	77314	0	
4	 6	 3	 4	sample167	701	2499	514	71920	0	
4	 6	 3	 5	sample167	534	2332	514	71920	0	
4	 6	 3	 6	control	584	2640	514	45232	0	
4	 6	 4	 1	sample168	488	2544	514	82240	0	
4	 6	 4	 2	sample168	494	2550	514	82240	0	
4	 6	 4	 3	sample168	276	2332	256	82240	0	
4	 6	 4	 4	sample168	289	2345	256	82240	0	
4	 6	 4	 5	sample168	404	2460	256	82240	0	
4	 6	 4	 6	control	1704	3760	1542	39064	0	
4	 7	 1	 1	sample169	578	1864	514	46296	0	
4	 7	 1	 2	sample169	687	1973	514	63014	0	
4	 7	 1	 3	sample169	629	1915	514	51440	0	
4	 7	 1	 4	sample169	558	1844	514	51440	0	
4	 7	 1	 5	sample169	533	1819	514	51440	0	
4	 7	 1	 6	control	353	1639	256	51440	0	
4	 7	 2	 1	sample170	1147	2689	1028	77100	0	
4	 7	 2	 2	sample170	1585	3127	1542	64764	0	
4	 7	 2	 3	sample170	1243	2785	1286	64764	0	
4	 7	 2	 4	sample170	697	2239	514	69390	0	
4	 7	 2	 5	sample170	629	2171	514	55512	0	
4	 7	 2	 6	control	1691	3233	1800	69390	0	
4	 7	 3	 1	sample171	1143	2943	1028	68400	0	
4	 7	 3	 2	sample171	1001	2801	1028	70200	0	
4	 7	 3	 3	sample171	764	2564	770	70200	0	
4	 7	 3	 4	sample171	561	2361	514	77400	0	
4	 7	 3	 5	sample171	443	2243	514	72000	0	
4	 7	 3	 6	control	632	2432	514	46800	0	
4	 7	 4	 1	sample172	1028	2828	1028	86400	0	
4	 7	 4	 2	sample172	568	2624	514	88408	0	
4	 7	 4	 3	sample172	475	2275	514	72000	0	
4	 7	 4	 4	sample172	610	2410	514	72000	0	
4	 7	 4	 5	sample172	671	2471	514	32400	0	
4	 7	 4	 6	control	367	2423	258	82240	0	
4	 8	 1	 1	sample173	1316	3114	1286	89900	0	
4	 8	 1	 2	sample173	1465	3007	1542	61680	0	
4	 8	 1	 3	sample173	1157	2955	1028	79112	0	
4	 8	 1	 4	sample173	1108	2650	1028	49344	0	
4	 8	 1	 5	sample173	620	2162	514	70932	0	
4	 8	 1	 6	control	269	1811	256	61680	0	
4	 8	 2	 1	sample174	1463	3261	1028	80910	0	
4	 8	 2	 2	sample174	1168	3224	1284	86352	0	
4	 8	 2	 3	sample174	1071	2869	1028	86304	0	
4	 8	 2	 4	sample174	604	2402	514	82708	0	
4	 8	 2	 5	sample174	457	2255	258	71920	0	
4	 8	 2	 6	control	1690	3488	1542	71920	0	
4	 8	 3	 1	sample175	1065	3121	1028	84296	0	
4	 8	 3	 2	sample175	867	2923	770	82240	0	
4	 8	 3	 3	sample175	815	2871	770	94576	0	
4	 8	 3	 4	sample175	809	2865	770	41120	0	
4	 8	 3	 5	sample175	443	2499	514	82240	0	
4	 8	 3	 6	control	372	2428	256	41120	0	
4	 8	 4	 1	sample176	1285	3597	1286	101728	0	
4	 8	 4	 2	sample176	646	2958	772	108664	0	
4	 8	 4	 3	sample176	367	2679	258	92480	0	
4	 8	 4	 4	sample176	443	2499	514	82240	0	
4	 8	 4	 5	sample176	353	2409	256	82240	0	
4	 8	 4	 6	control	1070	3126	1028	37008	0	
4	 9	 1	 1	sample177	1121	3177	1028	51400	0	
4	 9	 1	 2	sample177	766	2822	772	92520	0	
4	 9	 1	 3	sample177	766	2822	772	104856	0	
4	 9	 1	 4	sample177	566	2622	514	82240	0	
4	 9	 1	 5	sample177	568	2624	772	49344	0	
4	 9	 1	 6	control	296	2352	258	82240	0	
4	 9	 2	 1	sample178	777	2833	772	92520	0	
4	 9	 2	 2	sample178	943	2999	1028	74016	0	
4	 9	 2	 3	sample178	822	3136	770	92560	0	
4	 9	 2	 4	sample178	786	2842	772	74016	0	
4	 9	 2	 5	sample178	439	2753	514	71734	0	
4	 9	 2	 6	control	1137	3451	1284	64792	0	
4	 9	 3	 1	sample179	765	3079	770	111072	0	
4	 9	 3	 2	sample179	1040	3354	1028	92560	0	
4	 9	 3	 3	sample179	1156	3470	1028	55536	0	
4	 9	 3	 4	sample179	375	2945	514	95090	0	
4	 9	 3	 5	sample179	629	2943	770	92560	0	
4	 9	 3	 6	control	200	2770	258	102800	0	
4	 9	 4	 1	sample180	657	3227	772	115650	0	
4	 9	 4	 2	sample180	640	3210	514	125930	0	
4	 9	 4	 3	sample180	669	3239	514	102800	0	
4	 9	 4	 4	sample180	450	3020	514	102800	0	
4	 9	 4	 5	sample180	302	2872	258	102800	0	
4	 9	 4	 6	control	694	3264	514	102800	0	
4	 10	 1	 1	sample181	669	2211	514	61680	0	
4	 10	 1	 2	sample181	682	2224	514	70932	0	
4	 10	 1	 3	sample181	507	2307	514	72000	0	
4	 10	 1	 4	sample181	385	2185	256	72000	0	
4	 10	 1	 5	sample181	147	1947	0	72000	0	
4	 10	 1	 6	control	386	1928	514	55512	0	
4	 10	 2	 1	sample182	930	2730	770	66600	0	
4	 10	 2	 2	sample182	679	2479	514	75600	0	
4	 10	 2	 3	sample182	842	2642	770	90000	0	
4	 10	 2	 4	sample182	571	2371	514	64800	0	
4	 10	 2	 5	sample182	591	2391	514	72000	0	
4	 10	 2	 6	control	1791	3591	1798	64800	0	
4	 10	 3	 1	sample183	657	2713	514	92520	0	
4	 10	 3	 2	sample183	534	2590	514	82240	0	
4	 10	 3	 3	sample183	682	2738	514	82240	0	
4	 10	 3	 4	sample183	787	2843	514	67848	0	
4	 10	 3	 5	sample183	481	2537	258	63736	0	
4	 10	 3	 6	control	208	2264	258	74016	0	
4	 10	 4	 1	sample184	800	2856	772	55512	0	
4	 10	 4	 2	sample184	555	2611	514	92520	0	
4	 10	 4	 3	sample184	405	2461	258	82240	0	
4	 10	 4	 4	sample184	386	2442	258	82240	0	
4	 10	 4	 5	sample184	302	2358	258	82240	0	
4	 10	 4	 6	control	575	2631	514	69904	0	
4	 11	 1	 1	sample185	1419	2961	1286	109482	0	
4	 11	 1	 2	sample185	1027	2827	1028	144000	0	
4	 11	 1	 3	sample185	1073	2873	770	91800	0	
4	 11	 1	 4	sample185	893	2693	770	82800	0	
4	 11	 1	 5	sample185	508	2564	514	84296	0	
4	 11	 1	 6	control	315	2371	0	82240	0	
4	 11	 2	 1	sample186	1362	3162	1284	77400	0	
4	 11	 2	 2	sample186	1101	3157	1286	117192	0	
4	 11	 2	 3	sample186	981	3037	1028	88408	0	
4	 11	 2	 4	sample186	753	2809	772	86352	0	
4	 11	 2	 5	sample186	611	2667	514	82240	0	
4	 11	 2	 6	control	1523	3579	1286	108968	0	
4	 11	 3	 1	sample187	1185	3241	1028	84296	0	
4	 11	 3	 2	sample187	1194	3250	1286	86352	0	
4	 11	 3	 3	sample187	624	2680	514	82240	0	
4	 11	 3	 4	sample187	716	2772	514	94576	0	
4	 11	 3	 5	sample187	537	2851	514	99502	0	
4	 11	 3	 6	control	559	2873	770	39338	0	
4	 11	 4	 1	sample188	643	2699	514	74016	0	
4	 11	 4	 2	sample188	607	2663	514	74016	0	
4	 11	 4	 3	sample188	507	2563	514	74016	0	
4	 11	 4	 4	sample188	457	2513	514	82240	0	
4	 11	 4	 5	sample188	315	2371	258	82240	0	
4	 11	 4	 6	control	1350	3406	1286	82240	0	
4	 12	 1	 1	sample189	778	2576	514	71920	0	
4	 12	 1	 2	sample189	1330	3128	772	41354	0	
4	 12	 1	 3	sample189	719	2775	256	82240	0	
4	 12	 1	 4	sample189	534	2846	514	92480	0	
4	 12	 1	 5	sample189	212	2782	256	102800	0	
4	 12	 1	 6	control	457	3283	258	113040	0	
4	 12	 2	 1	sample190	1306	3362	1284	145976	0	
4	 12	 2	 2	sample190	1403	3459	1284	160368	0	
4	 12	 2	 3	sample190	1219	3531	1286	161840	0	
4	 12	 2	 4	sample190	1170	3482	1028	92480	0	
4	 12	 2	 5	sample190	751	3321	514	102800	0	
4	 12	 2	 6	control	1706	4790	1542	111024	0	
4	 12	 3	 1	sample191	1499	3555	1028	49344	0	
4	 12	 3	 2	sample191	688	3000	514	92480	0	
4	 12	 3	 3	sample191	687	3257	514	102800	0	
4	 12	 3	 4	sample191	700	3270	514	102800	0	
4	 12	 3	 5	sample191	611	3437	514	113040	0	
4	 12	 3	 6	control	301	3385	256	123360	0	
4	 12	 4	 1	sample192	1343	3399	1284	143920	0	
4	 12	 4	 2	sample192	1392	3448	1284	49344	0	
4	 12	 4	 3	sample192	690	3260	514	115650	0	
4	 12	 4	 4	sample192	989	3559	770	102800	0	
4	 12	 4	 5	sample192	649	3475	514	113040	0	
4	 12	 4	 6	control	1617	4957	1542	103540	0	
