MicroVigene	 Version	 2650
Culture	en-US
8/16/2006 5:28:12 PM
Roi Row	 4	 Roi Col	 12	 Main Row	 4	 Main Col	 6	 Sub Row	 1	 Sub Col	 1
Main Row	 Main Col	 Sub Row	 Sub Col	  GeneID	mean_net	 mean_total	 median_net	 vol_bkg	 vol_dust	 
1	 1	 1	 1	sample1	4532	7616	4882	246720	0	
1	 1	 1	 2	sample1	4874	8214	5654	280560	0	
1	 1	 1	 3	sample1	3739	6823	3854	246720	0	
1	 1	 1	 4	sample1	2906	5476	3340	190180	0	
1	 1	 1	 5	sample1	1774	4086	1800	115600	0	
1	 1	 1	 6	control	296	2608	258	92480	0	
1	 1	 2	 1	sample2	2243	5069	1542	144126	0	
1	 1	 2	 2	sample2	4442	7268	4626	200646	0	
1	 1	 2	 3	sample2	2991	5561	3340	221020	0	
1	 1	 2	 4	sample2	2694	5006	2570	115600	0	
1	 1	 2	 5	sample2	1563	3619	1284	98688	0	
1	 1	 2	 6	control	862	2660	772	71920	0	
1	 1	 3	 1	sample3	10103	12673	10794	187610	0	
1	 1	 3	 2	sample3	9524	11836	11308	164152	0	
1	 1	 3	 3	sample3	8618	10674	9252	141864	0	
1	 1	 3	 4	sample3	6492	8290	6682	125860	0	
1	 1	 3	 5	sample3	3312	4854	3084	123360	0	
1	 1	 3	 6	control	-32.54	1509	0	61680	0	
1	 1	 4	 1	sample4	9782	11838	11308	160368	0	
1	 1	 4	 2	sample4	8733	10531	9252	156426	0	
1	 1	 4	 3	sample4	5934	7476	5140	137238	0	
1	 1	 4	 4	sample4	4194	5478	3856	101436	0	
1	 1	 4	 5	sample4	2630	3658	2312	69904	0	
1	 1	 4	 6	control	334	1362	256	41120	0	
1	 2	 1	 1	sample5	9794	13136	10794	330858	0	
1	 2	 1	 2	sample5	10767	13851	12080	283728	0	
1	 2	 1	 3	sample5	9303	12387	10280	234384	0	
1	 2	 1	 4	sample5	7844	10414	7710	208170	0	
1	 2	 1	 5	sample5	5458	8028	5140	208170	0	
1	 2	 1	 6	control	380	2950	258	102800	0	
1	 2	 2	 1	sample6	6165	9249	6940	228216	0	
1	 2	 2	 2	sample6	6228	9056	6424	217756	0	
1	 2	 2	 3	sample6	6244	8814	6168	218450	0	
1	 2	 2	 4	sample6	5358	7672	5396	201318	0	
1	 2	 2	 5	sample6	4249	6305	3856	170648	0	
1	 2	 2	 6	control	1401	3457	1286	82240	0	
1	 2	 3	 1	sample7	7499	10069	7710	233870	0	
1	 2	 3	 2	sample7	7338	9908	7454	205600	0	
1	 2	 3	 3	sample7	7437	9751	6682	192062	0	
1	 2	 3	 4	sample7	5719	7775	5912	172704	0	
1	 2	 3	 5	sample7	4134	5934	3854	165600	0	
1	 2	 3	 6	control	301	2101	256	72000	0	
1	 2	 4	 1	sample8	6083	8139	5912	191208	0	
1	 2	 4	 2	sample8	3379	5435	3342	170648	0	
1	 2	 4	 3	sample8	3493	5293	2826	203400	0	
1	 2	 4	 4	sample8	2090	3890	1798	149400	0	
1	 2	 4	 5	sample8	1910	3452	1800	132612	0	
1	 2	 4	 6	control	463	2005	258	61680	0	
1	 3	 1	 1	sample9	13512	16854	15420	230598	0	
1	 3	 1	 2	sample9	13171	16769	15420	262654	0	
1	 3	 1	 3	sample9	12316	15914	12594	226674	0	
1	 3	 1	 4	sample9	9834	13176	9508	227256	0	
1	 3	 1	 5	sample9	7671	10755	7454	203544	0	
1	 3	 1	 6	control	373	3457	258	123360	0	
1	 3	 2	 1	sample10	3809	6637	3598	209272	0	
1	 3	 2	 2	sample10	6713	9797	6682	185040	0	
1	 3	 2	 3	sample10	5599	8683	5140	212796	0	
1	 3	 2	 4	sample10	4930	7758	4368	183820	0	
1	 3	 2	 5	sample10	3765	6335	3598	167050	0	
1	 3	 2	 6	control	868	3438	772	102800	0	
1	 3	 3	 1	sample11	3123	5693	3084	172190	0	
1	 3	 3	 2	sample11	3390	6218	3084	192304	0	
1	 3	 3	 3	sample11	3322	5892	3342	164480	0	
1	 3	 3	 4	sample11	1515	3571	1028	207656	0	
1	 3	 3	 5	sample11	1420	3476	1286	82240	0	
1	 3	 3	 6	control	245	2301	258	82240	0	
1	 3	 4	 1	sample12	3615	5671	3342	125416	0	
1	 3	 4	 2	sample12	2088	4402	2056	145782	0	
1	 3	 4	 3	sample12	2070	4126	1800	158312	0	
1	 3	 4	 4	sample12	1143	2943	1028	72000	0	
1	 3	 4	 5	sample12	603	2403	514	72000	0	
1	 3	 4	 6	control	321	2121	256	72000	0	
1	 4	 1	 1	sample13	10493	13835	10280	253992	0	
1	 4	 1	 2	sample13	11909	15507	12336	287840	0	
1	 4	 1	 3	sample13	9886	13228	9766	270702	0	
1	 4	 1	 4	sample13	7341	10683	7452	253992	0	
1	 4	 1	 5	sample13	4802	7886	4370	212796	0	
1	 4	 1	 6	control	572	3656	514	123360	0	
1	 4	 2	 1	sample14	10562	13132	10794	187610	0	
1	 4	 2	 2	sample14	9427	12255	9508	195132	0	
1	 4	 2	 3	sample14	8576	11146	9252	195320	0	
1	 4	 2	 4	sample14	6447	9017	5654	213310	0	
1	 4	 2	 5	sample14	5599	7913	5140	185120	0	
1	 4	 2	 6	control	906	3476	772	102800	0	
1	 4	 3	 1	sample15	4675	6731	4112	162424	0	
1	 4	 3	 2	sample15	3775	6089	3340	164294	0	
1	 4	 3	 3	sample15	3153	5467	2570	155038	0	
1	 4	 3	 4	sample15	2151	4465	2312	118014	0	
1	 4	 3	 5	sample15	1461	3517	1542	96632	0	
1	 4	 3	 6	control	508	2564	514	82240	0	
1	 4	 4	 1	sample16	2316	4116	2312	135000	0	
1	 4	 4	 2	sample16	1811	3611	1542	75600	0	
1	 4	 4	 3	sample16	1520	3576	1286	164480	0	
1	 4	 4	 4	sample16	970	2770	1028	72000	0	
1	 4	 4	 5	sample16	771	2571	770	72000	0	
1	 4	 4	 6	control	912	2712	770	72000	0	
1	 5	 1	 1	sample17	3324	6666	3340	257334	0	
1	 5	 1	 2	sample17	3999	7341	4112	274044	0	
1	 5	 1	 3	sample17	3019	6361	2570	240624	0	
1	 5	 1	 4	sample17	2505	5847	2312	133680	0	
1	 5	 1	 5	sample17	1124	4466	1028	133680	0	
1	 5	 1	 6	control	488	3830	514	133680	0	
1	 5	 2	 1	sample18	4358	6928	4370	177330	0	
1	 5	 2	 2	sample18	5244	8072	5140	214928	0	
1	 5	 2	 3	sample18	5328	8156	4882	212100	0	
1	 5	 2	 4	sample18	4239	6809	3598	197890	0	
1	 5	 2	 5	sample18	2813	5383	2314	233870	0	
1	 5	 2	 6	control	990	3560	1028	102800	0	
1	 5	 3	 1	sample19	11051	13365	11564	161980	0	
1	 5	 3	 2	sample19	9264	11834	9510	236440	0	
1	 5	 3	 3	sample19	8452	11022	8224	182470	0	
1	 5	 3	 4	sample19	6785	9099	6424	166608	0	
1	 5	 3	 5	sample19	4546	6860	4368	224458	0	
1	 5	 3	 6	control	179	2493	256	92560	0	
1	 5	 4	 1	sample20	4000	6056	3856	168592	0	
1	 5	 4	 2	sample20	3059	5115	3084	148032	0	
1	 5	 4	 3	sample20	2499	4555	2056	176816	0	
1	 5	 4	 4	sample20	1543	3599	1542	106912	0	
1	 5	 4	 5	sample20	1192	3248	1028	106912	0	
1	 5	 4	 6	control	347	2403	258	82240	0	
1	 6	 1	 1	sample21	10597	13681	10794	317652	0	
1	 6	 1	 2	sample21	11308	14392	11566	274476	0	
1	 6	 1	 3	sample21	8988	11816	9252	234724	0	
1	 6	 1	 4	sample21	7880	10450	7196	203030	0	
1	 6	 1	 5	sample21	4313	6627	4112	192062	0	
1	 6	 1	 6	control	308	2622	256	92560	0	
1	 6	 2	 1	sample22	4152	6466	4368	161980	0	
1	 6	 2	 2	sample22	6264	8578	5910	178178	0	
1	 6	 2	 3	sample22	5526	7582	4626	172704	0	
1	 6	 2	 4	sample22	3871	5927	3342	174760	0	
1	 6	 2	 5	sample22	2946	4746	2056	162000	0	
1	 6	 2	 6	control	835	2635	770	72000	0	
1	 6	 3	 1	sample23	3759	5559	3854	120600	0	
1	 6	 3	 2	sample23	3636	5436	3598	156600	0	
1	 6	 3	 3	sample23	2608	4408	2312	144000	0	
1	 6	 3	 4	sample23	1864	3406	1542	61680	0	
1	 6	 3	 5	sample23	932	2474	772	61680	0	
1	 6	 3	 6	control	206	1748	258	61680	0	
1	 6	 4	 1	sample24	2972	4514	2570	123360	0	
1	 6	 4	 2	sample24	1489	3031	1286	141864	0	
1	 6	 4	 3	sample24	1698	3240	1542	132612	0	
1	 6	 4	 4	sample24	661	1947	770	51440	0	
1	 6	 4	 5	sample24	546	1832	514	51440	0	
1	 6	 4	 6	control	533	1819	514	51440	0	
1	 7	 1	 1	sample25	8490	11318	8480	237552	0	
1	 7	 1	 2	sample25	10126	12954	10022	246036	0	
1	 7	 1	 3	sample25	8801	11629	8738	217756	0	
1	 7	 1	 4	sample25	7105	9933	6938	217756	0	
1	 7	 1	 5	sample25	5102	7672	4884	190180	0	
1	 7	 1	 6	control	431	3001	258	102800	0	
1	 7	 2	 1	sample26	2915	5229	2826	180492	0	
1	 7	 2	 2	sample26	4798	7112	4368	175864	0	
1	 7	 2	 3	sample26	3251	5565	2826	219830	0	
1	 7	 2	 4	sample26	1991	4305	1542	219830	0	
1	 7	 2	 5	sample26	1953	4267	1798	115700	0	
1	 7	 2	 6	control	1016	3072	1028	82240	0	
1	 7	 3	 1	sample27	3884	5940	4112	129528	0	
1	 7	 3	 2	sample27	5801	7857	5654	162424	0	
1	 7	 3	 3	sample27	4778	6834	4626	145976	0	
1	 7	 3	 4	sample27	2580	4636	2570	160368	0	
1	 7	 3	 5	sample27	2018	3818	1798	172800	0	
1	 7	 3	 6	control	308	2108	256	72000	0	
1	 7	 4	 1	sample28	3880	5936	3856	152144	0	
1	 7	 4	 2	sample28	2756	4556	2312	138600	0	
1	 7	 4	 3	sample28	2189	3989	2056	138600	0	
1	 7	 4	 4	sample28	1182	2982	1028	72000	0	
1	 7	 4	 5	sample28	796	2596	770	72000	0	
1	 7	 4	 6	control	604	2404	514	72000	0	
1	 8	 1	 1	sample29	6584	8640	7196	160368	0	
1	 8	 1	 2	sample29	8440	10496	7968	164480	0	
1	 8	 1	 3	sample29	6031	8087	5654	150088	0	
1	 8	 1	 4	sample29	4481	6537	4626	137752	0	
1	 8	 1	 5	sample29	2910	4966	2828	148032	0	
1	 8	 1	 6	control	245	2301	258	82240	0	
1	 8	 2	 1	sample30	3377	5177	3084	126000	0	
1	 8	 2	 2	sample30	5326	6868	4884	111024	0	
1	 8	 2	 3	sample30	5567	7109	5140	121818	0	
1	 8	 2	 4	sample30	4620	6162	3856	124902	0	
1	 8	 2	 5	sample30	3538	5080	3084	111024	0	
1	 8	 2	 6	control	810	2352	772	61680	0	
1	 8	 3	 1	sample31	2325	3611	2312	104166	0	
1	 8	 3	 2	sample31	2795	4081	2826	84876	0	
1	 8	 3	 3	sample31	2365	3651	2312	56584	0	
1	 8	 3	 4	sample31	1713	2999	1542	54012	0	
1	 8	 3	 5	sample31	1609	2895	1284	24434	0	
1	 8	 3	 6	control	204	1490	256	43724	0	
1	 8	 4	 1	sample32	6544	7830	6168	88734	0	
1	 8	 4	 2	sample32	3189	4475	3084	87448	0	
1	 8	 4	 3	sample32	3837	5123	3598	133744	0	
1	 8	 4	 4	sample32	1850	2878	1542	94576	0	
1	 8	 4	 5	sample32	2045	3073	1800	46260	0	
1	 8	 4	 6	control	675	1703	514	41120	0	
1	 9	 1	 1	sample33	1899	4211	1800	154904	0	
1	 9	 1	 2	sample33	2127	4697	2056	203030	0	
1	 9	 1	 3	sample33	1830	4400	1798	125930	0	
1	 9	 1	 4	sample33	1345	4171	1286	121518	0	
1	 9	 1	 5	sample33	682	3508	772	113040	0	
1	 9	 1	 6	control	405	3231	258	113040	0	
1	 9	 2	 1	sample34	4483	6539	4626	133640	0	
1	 9	 2	 2	sample34	7411	9467	7452	152144	0	
1	 9	 2	 3	sample34	7022	9334	6682	187272	0	
1	 9	 2	 4	sample34	5721	8033	4370	187272	0	
1	 9	 2	 5	sample34	4981	7293	3856	208080	0	
1	 9	 2	 6	control	1027	3597	770	92520	0	
1	 9	 3	 1	sample35	2206	4004	2314	142042	0	
1	 9	 3	 2	sample35	1809	3607	1800	140244	0	
1	 9	 3	 3	sample35	1658	3456	1542	124062	0	
1	 9	 3	 4	sample35	1297	3353	1284	82240	0	
1	 9	 3	 5	sample35	1246	3302	1284	82240	0	
1	 9	 3	 6	control	449	2505	514	82240	0	
1	 9	 4	 1	sample36	6571	8113	7196	107940	0	
1	 9	 4	 2	sample36	3668	5210	3340	112566	0	
1	 9	 4	 3	sample36	4755	6553	4370	147436	0	
1	 9	 4	 4	sample36	2773	4571	2828	118668	0	
1	 9	 4	 5	sample36	1905	3447	2056	123360	0	
1	 9	 4	 6	control	669	2467	514	71920	0	
1	 10	 1	 1	sample37	6705	9019	6424	180492	0	
1	 10	 1	 2	sample37	8729	11299	8482	210740	0	
1	 10	 1	 3	sample37	6359	8929	5912	187610	0	
1	 10	 1	 4	sample37	4761	7331	4112	177330	0	
1	 10	 1	 5	sample37	3649	5963	3598	182806	0	
1	 10	 1	 6	control	180	2750	258	102800	0	
1	 10	 2	 1	sample38	7306	9362	8224	150088	0	
1	 10	 2	 2	sample38	6882	9452	6168	161910	0	
1	 10	 2	 3	sample38	7152	9466	7196	178178	0	
1	 10	 2	 4	sample38	6056	8112	5398	168592	0	
1	 10	 2	 5	sample38	4939	6739	3598	156600	0	
1	 10	 2	 6	control	483	2539	258	82240	0	
1	 10	 3	 1	sample39	9311	11111	10022	117000	0	
1	 10	 3	 2	sample39	5366	7680	5396	289250	0	
1	 10	 3	 3	sample39	5994	7794	6424	149400	0	
1	 10	 3	 4	sample39	2661	4203	2570	104856	0	
1	 10	 3	 5	sample39	2707	4249	2056	121818	0	
1	 10	 3	 6	control	425	1967	258	61680	0	
1	 10	 4	 1	sample40	1657	2943	1542	86162	0	
1	 10	 4	 2	sample40	3971	5513	4112	61680	0	
1	 10	 4	 3	sample40	2522	3808	2570	63014	0	
1	 10	 4	 4	sample40	957	2243	1028	51440	0	
1	 10	 4	 5	sample40	623	1909	514	51440	0	
1	 10	 4	 6	control	354	1896	258	61680	0	
1	 11	 1	 1	sample41	10520	13862	12592	264018	0	
1	 11	 1	 2	sample41	9444	13042	10280	309428	0	
1	 11	 1	 3	sample41	7957	11299	8738	260676	0	
1	 11	 1	 4	sample41	5498	8840	5396	287412	0	
1	 11	 1	 5	sample41	4095	7437	3598	264018	0	
1	 11	 1	 6	control	404	3746	256	133680	0	
1	 11	 2	 1	sample42	8147	10975	8738	189476	0	
1	 11	 2	 2	sample42	8094	11178	9252	218964	0	
1	 11	 2	 3	sample42	7370	10454	7968	228216	0	
1	 11	 2	 4	sample42	6679	9507	7196	243208	0	
1	 11	 2	 5	sample42	4668	7496	4112	223412	0	
1	 11	 2	 6	control	1175	4259	1028	64764	0	
1	 11	 3	 1	sample43	3831	6401	3598	241580	0	
1	 11	 3	 2	sample43	5823	8393	6168	179900	0	
1	 11	 3	 3	sample43	3610	6180	3084	174760	0	
1	 11	 3	 4	sample43	2942	5512	2828	167050	0	
1	 11	 3	 5	sample43	2621	5191	2314	195320	0	
1	 11	 3	 6	control	258	2828	258	102800	0	
1	 11	 4	 1	sample44	10601	12915	12592	210574	0	
1	 11	 4	 2	sample44	9098	11412	10794	194376	0	
1	 11	 4	 3	sample44	5540	7854	5140	215202	0	
1	 11	 4	 4	sample44	4380	6694	4112	203632	0	
1	 11	 4	 5	sample44	2326	4640	2312	171236	0	
1	 11	 4	 6	control	430	2744	256	92560	0	
1	 12	 1	 1	sample45	3147	5717	3598	179900	0	
1	 12	 1	 2	sample45	3726	6554	4112	192304	0	
1	 12	 1	 3	sample45	2752	5836	3084	188124	0	
1	 12	 1	 4	sample45	1850	5192	1798	150390	0	
1	 12	 1	 5	sample45	1124	4722	1028	125930	0	
1	 12	 1	 6	control	225	4337	258	164480	0	
1	 12	 2	 1	sample46	3365	5421	3084	160368	0	
1	 12	 2	 2	sample46	5038	7352	4882	164294	0	
1	 12	 2	 3	sample46	5783	8353	5654	169620	0	
1	 12	 2	 4	sample46	4558	7386	4368	183820	0	
1	 12	 2	 5	sample46	3408	6236	2312	226240	0	
1	 12	 2	 6	control	886	4228	770	133680	0	
1	 12	 3	 1	sample47	3273	4815	3084	109482	0	
1	 12	 3	 2	sample47	2158	3958	2312	108000	0	
1	 12	 3	 3	sample47	2341	4397	2570	115136	0	
1	 12	 3	 4	sample47	1164	3478	1028	108758	0	
1	 12	 3	 5	sample47	1285	3855	1286	110510	0	
1	 12	 3	 6	control	353	3181	256	113120	0	
1	 12	 4	 1	sample48	4491	6033	4626	90978	0	
1	 12	 4	 2	sample48	3240	4782	3342	81726	0	
1	 12	 4	 3	sample48	3930	5730	4112	104400	0	
1	 12	 4	 4	sample48	3542	5342	3340	117000	0	
1	 12	 4	 5	sample48	2442	4498	2570	90464	0	
1	 12	 4	 6	control	540	3110	514	102800	0	
2	 1	 1	 1	sample49	11036	13606	11564	228730	0	
2	 1	 1	 2	sample49	9540	12366	10280	262818	0	
2	 1	 1	 3	sample49	8779	11091	9510	235824	0	
2	 1	 1	 4	sample49	6425	8481	6424	189152	0	
2	 1	 1	 5	sample49	5869	7411	5140	134154	0	
2	 1	 1	 6	control	366	1908	256	61680	0	
2	 1	 2	 1	sample50	2978	5290	3084	184960	0	
2	 1	 2	 2	sample50	4804	7116	4626	171088	0	
2	 1	 2	 3	sample50	4811	6867	4112	170648	0	
2	 1	 2	 4	sample50	3967	5509	3340	137238	0	
2	 1	 2	 5	sample50	2652	4194	2056	143406	0	
2	 1	 2	 6	control	1124	2666	1028	61680	0	
2	 1	 3	 1	sample51	3675	5473	3856	115072	0	
2	 1	 3	 2	sample51	3969	5767	4112	142042	0	
2	 1	 3	 3	sample51	2931	4473	3084	121818	0	
2	 1	 3	 4	sample51	2067	3351	1800	65484	0	
2	 1	 3	 5	sample51	1538	2822	1542	68052	0	
2	 1	 3	 6	control	187	1471	258	51360	0	
2	 1	 4	 1	sample52	2592	4134	2312	141864	0	
2	 1	 4	 2	sample52	2047	3331	2314	68052	0	
2	 1	 4	 3	sample52	1054	2338	772	51360	0	
2	 1	 4	 4	sample52	784	1812	770	41120	0	
2	 1	 4	 5	sample52	623	1651	514	41120	0	
2	 1	 4	 6	control	999	2027	1028	18504	0	
2	 2	 1	 1	sample53	5962	8532	5654	208170	0	
2	 2	 1	 2	sample53	5359	7929	4626	190180	0	
2	 2	 1	 3	sample53	3958	6528	3598	213310	0	
2	 2	 1	 4	sample53	2890	5204	3084	168922	0	
2	 2	 1	 5	sample53	2109	4423	1798	155038	0	
2	 2	 1	 6	control	213	2783	258	102800	0	
2	 2	 2	 1	sample54	6287	8857	6168	167050	0	
2	 2	 2	 2	sample54	5241	8069	4626	200788	0	
2	 2	 2	 3	sample54	6011	8581	5912	185040	0	
2	 2	 2	 4	sample54	5326	7896	4884	195320	0	
2	 2	 2	 5	sample54	4226	6796	3856	197890	0	
2	 2	 2	 6	control	514	3084	514	102800	0	
2	 2	 3	 1	sample55	7925	10239	8738	157352	0	
2	 2	 3	 2	sample55	8613	10927	7966	161980	0	
2	 2	 3	 3	sample55	4622	6936	4626	173550	0	
2	 2	 3	 4	sample55	3532	5588	3084	143920	0	
2	 2	 3	 5	sample55	1721	3777	1542	189152	0	
2	 2	 3	 6	control	148	2204	0	82240	0	
2	 2	 4	 1	sample56	3976	6032	3342	139808	0	
2	 2	 4	 2	sample56	2648	4448	2570	129600	0	
2	 2	 4	 3	sample56	1624	3424	1798	95400	0	
2	 2	 4	 4	sample56	604	2404	514	72000	0	
2	 2	 4	 5	sample56	539	2339	514	72000	0	
2	 2	 4	 6	control	456	2256	256	72000	0	
2	 3	 1	 1	sample57	8931	11759	8480	229068	0	
2	 3	 1	 2	sample57	8912	11740	8480	254520	0	
2	 3	 1	 3	sample57	7693	10263	7968	192750	0	
2	 3	 1	 4	sample57	5049	7363	4626	178178	0	
2	 3	 1	 5	sample57	4002	6058	3598	148032	0	
2	 3	 1	 6	control	418	2474	258	82240	0	
2	 3	 2	 1	sample58	7529	10357	7452	209272	0	
2	 3	 2	 2	sample58	8365	11193	7966	220584	0	
2	 3	 2	 3	sample58	6361	8931	5140	226160	0	
2	 3	 2	 4	sample58	5974	8288	5140	196690	0	
2	 3	 2	 5	sample58	4400	6714	3854	189748	0	
2	 3	 2	 6	control	1093	3149	1028	82240	0	
2	 3	 3	 1	sample59	10352	12922	12080	185040	0	
2	 3	 3	 2	sample59	9355	11925	10280	179900	0	
2	 3	 3	 3	sample59	5005	7319	4882	155038	0	
2	 3	 3	 4	sample59	3779	6093	3084	164294	0	
2	 3	 3	 5	sample59	3031	5087	2570	178872	0	
2	 3	 3	 6	control	-12.19	2044	0	82240	0	
2	 3	 4	 1	sample60	5587	7643	5140	203544	0	
2	 3	 4	 2	sample60	3976	6032	3856	131584	0	
2	 3	 4	 3	sample60	2038	4094	2056	174760	0	
2	 3	 4	 4	sample60	1066	2866	770	194400	0	
2	 3	 4	 5	sample60	989	2789	770	72000	0	
2	 3	 4	 6	control	468	2268	256	72000	0	
2	 4	 1	 1	sample61	6629	8685	5910	150088	0	
2	 4	 1	 2	sample61	8140	10196	8224	152144	0	
2	 4	 1	 3	sample61	5857	7913	5396	148032	0	
2	 4	 1	 4	sample61	3803	5859	3084	154200	0	
2	 4	 1	 5	sample61	2985	4783	3084	120466	0	
2	 4	 1	 6	control	380	2178	258	71920	0	
2	 4	 2	 1	sample62	3915	5713	3342	116870	0	
2	 4	 2	 2	sample62	3193	4991	2314	149234	0	
2	 4	 2	 3	sample62	2876	4674	2314	142042	0	
2	 4	 2	 4	sample62	2515	4313	2570	82708	0	
2	 4	 2	 5	sample62	2138	3936	2314	39556	0	
2	 4	 2	 6	control	605	2403	514	71920	0	
2	 4	 3	 1	sample63	3037	4835	3084	106082	0	
2	 4	 3	 2	sample63	2982	4780	2828	116870	0	
2	 4	 3	 3	sample63	1996	3794	1800	129456	0	
2	 4	 3	 4	sample63	2031	3829	2056	71920	0	
2	 4	 3	 5	sample63	1275	3073	1286	89900	0	
2	 4	 3	 6	control	418	2216	514	71920	0	
2	 4	 4	 1	sample64	4454	5996	4882	101772	0	
2	 4	 4	 2	sample64	2465	4007	2312	129528	0	
2	 4	 4	 3	sample64	1756	3298	1542	121818	0	
2	 4	 4	 4	sample64	674	2216	514	61680	0	
2	 4	 4	 5	sample64	604	2146	514	61680	0	
2	 4	 4	 6	control	579	2377	514	71920	0	
2	 5	 1	 1	sample65	3464	6034	3340	197890	0	
2	 5	 1	 2	sample65	4191	6761	4112	200460	0	
2	 5	 1	 3	sample65	3254	5824	2826	190180	0	
2	 5	 1	 4	sample65	1895	4465	1798	185040	0	
2	 5	 1	 5	sample65	1379	3949	1284	118220	0	
2	 5	 1	 6	control	456	3026	256	102800	0	
2	 5	 2	 1	sample66	1324	3894	1284	200460	0	
2	 5	 2	 2	sample66	2517	5087	2312	177330	0	
2	 5	 2	 3	sample66	1808	4378	1542	200460	0	
2	 5	 2	 4	sample66	1652	4222	1542	131070	0	
2	 5	 2	 5	sample66	1315	3627	1286	120224	0	
2	 5	 2	 6	control	1042	3612	1028	46260	0	
2	 5	 3	 1	sample67	10065	12891	11308	192168	0	
2	 5	 3	 2	sample67	8739	11565	8482	211950	0	
2	 5	 3	 3	sample67	6221	8791	5396	172190	0	
2	 5	 3	 4	sample67	3713	6283	3340	182470	0	
2	 5	 3	 5	sample67	2792	5104	2570	198832	0	
2	 5	 3	 6	control	354	2666	258	92480	0	
2	 5	 4	 1	sample68	12751	15321	14648	187610	0	
2	 5	 4	 2	sample68	8305	11131	8482	206298	0	
2	 5	 4	 3	sample68	7779	10349	6682	267280	0	
2	 5	 4	 4	sample68	4096	6666	2826	259570	0	
2	 5	 4	 5	sample68	2532	4844	2570	187272	0	
2	 5	 4	 6	control	605	2917	514	92480	0	
2	 6	 1	 1	sample69	8670	10984	8738	175864	0	
2	 6	 1	 2	sample69	8522	11092	8996	195320	0	
2	 6	 1	 3	sample69	7087	9657	6682	187610	0	
2	 6	 1	 4	sample69	5400	7714	4882	164294	0	
2	 6	 1	 5	sample69	3563	5877	3340	187434	0	
2	 6	 1	 6	control	629	2943	514	92560	0	
2	 6	 2	 1	sample70	4215	6529	3854	155038	0	
2	 6	 2	 2	sample70	4932	7246	5140	157352	0	
2	 6	 2	 3	sample70	3621	5935	3084	175864	0	
2	 6	 2	 4	sample70	2408	4722	1798	205946	0	
2	 6	 2	 5	sample70	2060	4116	1800	158312	0	
2	 6	 2	 6	control	990	3046	1028	82240	0	
2	 6	 3	 1	sample71	4224	6280	3598	141864	0	
2	 6	 3	 2	sample71	3231	5287	2828	143920	0	
2	 6	 3	 3	sample71	2635	4691	2314	148032	0	
2	 6	 3	 4	sample71	1772	3828	1800	96632	0	
2	 6	 3	 5	sample71	1365	3421	1286	106912	0	
2	 6	 3	 6	control	232	2288	258	82240	0	
2	 6	 4	 1	sample72	5809	7865	5912	160368	0	
2	 6	 4	 2	sample72	2289	4345	2314	148032	0	
2	 6	 4	 3	sample72	2447	4503	2314	150088	0	
2	 6	 4	 4	sample72	1060	2860	770	72000	0	
2	 6	 4	 5	sample72	1235	3035	1028	55800	0	
2	 6	 4	 6	control	1003	3059	1028	41120	0	
2	 7	 1	 1	sample73	9723	12807	11052	289896	0	
2	 7	 1	 2	sample73	11631	14715	13108	289896	0	
2	 7	 1	 3	sample73	8361	11189	7710	279972	0	
2	 7	 1	 4	sample73	6570	9398	5910	240380	0	
2	 7	 1	 5	sample73	5614	8184	5140	197890	0	
2	 7	 1	 6	control	527	3097	514	102800	0	
2	 7	 2	 1	sample74	1923	4751	1798	180992	0	
2	 7	 2	 2	sample74	3530	6358	3340	183820	0	
2	 7	 2	 3	sample74	2646	5474	2056	217756	0	
2	 7	 2	 4	sample74	2751	5321	2570	190180	0	
2	 7	 2	 5	sample74	1710	4280	1800	133640	0	
2	 7	 2	 6	control	849	3419	772	102800	0	
2	 7	 3	 1	sample75	495	3065	258	102800	0	
2	 7	 3	 2	sample75	630	3200	514	102800	0	
2	 7	 3	 3	sample75	707	3277	514	102800	0	
2	 7	 3	 4	sample75	662	3232	514	102800	0	
2	 7	 3	 5	sample75	341	2911	258	102800	0	
2	 7	 3	 6	control	-18.74	2551	0	102800	0	
2	 7	 4	 1	sample76	10245	12815	11308	203030	0	
2	 7	 4	 2	sample76	7945	10515	8224	179900	0	
2	 7	 4	 3	sample76	5243	7813	4370	205600	0	
2	 7	 4	 4	sample76	2250	4564	2312	122642	0	
2	 7	 4	 5	sample76	1456	3770	1028	76362	0	
2	 7	 4	 6	control	681	2995	514	92560	0	
2	 8	 1	 1	sample77	4029	5827	3342	138446	0	
2	 8	 1	 2	sample77	5769	7567	5654	149234	0	
2	 8	 1	 3	sample77	3345	5143	2828	149234	0	
2	 8	 1	 4	sample77	2347	4145	2056	151032	0	
2	 8	 1	 5	sample77	1299	2841	1028	161910	0	
2	 8	 1	 6	control	206	2004	258	71920	0	
2	 8	 2	 1	sample78	3280	5078	3084	113274	0	
2	 8	 2	 2	sample78	3855	5653	3598	124062	0	
2	 8	 2	 3	sample78	2838	4636	2570	138446	0	
2	 8	 2	 4	sample78	2370	4168	2056	138446	0	
2	 8	 2	 5	sample78	1627	3425	1542	93496	0	
2	 8	 2	 6	control	701	2499	772	71920	0	
2	 8	 3	 1	sample79	5585	7383	5140	125860	0	
2	 8	 3	 2	sample79	4261	6059	3856	124062	0	
2	 8	 3	 3	sample79	2699	4497	2314	118668	0	
2	 8	 3	 4	sample79	2850	4392	2570	100230	0	
2	 8	 3	 5	sample79	1372	2914	1284	81726	0	
2	 8	 3	 6	control	340	1882	256	61680	0	
2	 8	 4	 1	sample80	4242	5784	4368	115650	0	
2	 8	 4	 2	sample80	3523	5065	3598	101772	0	
2	 8	 4	 3	sample80	3052	4594	2312	124902	0	
2	 8	 4	 4	sample80	1330	2872	1284	43176	0	
2	 8	 4	 5	sample80	726	2268	514	61680	0	
2	 8	 4	 6	control	539	2081	514	61680	0	
2	 9	 1	 1	sample81	5506	7304	5398	136648	0	
2	 9	 1	 2	sample81	4928	6984	4626	152144	0	
2	 9	 1	 3	sample81	4384	6440	4368	137752	0	
2	 9	 1	 4	sample81	1865	3921	1798	189152	0	
2	 9	 1	 5	sample81	1868	3924	1798	53456	0	
2	 9	 1	 6	control	366	2422	256	82240	0	
2	 9	 2	 1	sample82	4290	6346	4626	121304	0	
2	 9	 2	 2	sample82	7430	9486	7966	137752	0	
2	 9	 2	 3	sample82	7116	9428	6682	154904	0	
2	 9	 2	 4	sample82	6538	8594	5910	139808	0	
2	 9	 2	 5	sample82	4706	6762	4368	143920	0	
2	 9	 2	 6	control	920	2976	1028	63736	0	
2	 9	 3	 1	sample83	8472	10528	9508	129528	0	
2	 9	 3	 2	sample83	8637	10693	8994	141864	0	
2	 9	 3	 3	sample83	6571	8627	5910	133640	0	
2	 9	 3	 4	sample83	4125	6181	4112	119248	0	
2	 9	 3	 5	sample83	3128	4926	2570	149234	0	
2	 9	 3	 6	control	360	2158	258	71920	0	
2	 9	 4	 1	sample84	7339	9137	7968	113274	0	
2	 9	 4	 2	sample84	5553	7351	5912	122264	0	
2	 9	 4	 3	sample84	4265	6063	4370	124062	0	
2	 9	 4	 4	sample84	2971	4769	3084	142042	0	
2	 9	 4	 5	sample84	1651	3449	1542	80910	0	
2	 9	 4	 6	control	373	2171	258	71920	0	
2	 10	 1	 1	sample85	9397	12481	9510	252888	0	
2	 10	 1	 2	sample85	10562	13904	10794	274044	0	
2	 10	 1	 3	sample85	9353	12437	10024	228216	0	
2	 10	 1	 4	sample85	6890	9974	6940	209712	0	
2	 10	 1	 5	sample85	5215	8299	4626	222048	0	
2	 10	 1	 6	control	501	3843	256	133680	0	
2	 10	 2	 1	sample86	2221	5305	2056	154200	0	
2	 10	 2	 2	sample86	2333	5417	2056	123360	0	
2	 10	 2	 3	sample86	2486	5570	2570	206628	0	
2	 10	 2	 4	sample86	2224	5308	2314	151116	0	
2	 10	 2	 5	sample86	1250	4334	1286	157284	0	
2	 10	 2	 6	control	842	3926	772	123360	0	
2	 10	 3	 1	sample87	4682	7510	4368	192304	0	
2	 10	 3	 2	sample87	3169	6253	2828	243636	0	
2	 10	 3	 3	sample87	2208	5036	1798	200788	0	
2	 10	 3	 4	sample87	1668	4496	1542	172508	0	
2	 10	 3	 5	sample87	2041	4869	1798	203616	0	
2	 10	 3	 6	control	341	3425	258	123360	0	
2	 10	 4	 1	sample88	7864	10692	7710	183820	0	
2	 10	 4	 2	sample88	3389	6217	3084	195132	0	
2	 10	 4	 3	sample88	3400	6228	3340	195132	0	
2	 10	 4	 4	sample88	2237	5065	2056	268660	0	
2	 10	 4	 5	sample88	1573	4401	1542	186648	0	
2	 10	 4	 6	control	372	3200	256	113120	0	
2	 11	 1	 1	sample89	12905	15989	14392	292980	0	
2	 11	 1	 2	sample89	12161	15503	14392	300780	0	
2	 11	 1	 3	sample89	10333	13675	10794	287412	0	
2	 11	 1	 4	sample89	8122	11206	7968	255972	0	
2	 11	 1	 5	sample89	6214	9298	5654	262140	0	
2	 11	 1	 6	control	110	3194	0	123360	0	
2	 11	 2	 1	sample90	6976	10060	7454	262140	0	
2	 11	 2	 2	sample90	7503	10845	7710	237282	0	
2	 11	 2	 3	sample90	7171	10255	6682	308400	0	
2	 11	 2	 4	sample90	5968	9052	4884	280644	0	
2	 11	 2	 5	sample90	5753	8837	5398	240552	0	
2	 11	 2	 6	control	476	3560	514	123360	0	
2	 11	 3	 1	sample91	6346	9174	6168	203616	0	
2	 11	 3	 2	sample91	4828	7656	4368	254520	0	
2	 11	 3	 3	sample91	3734	6562	3084	223412	0	
2	 11	 3	 4	sample91	2537	5365	2056	248864	0	
2	 11	 3	 5	sample91	2256	5084	1798	141400	0	
2	 11	 3	 6	control	141	2969	256	113120	0	
2	 11	 4	 1	sample92	1512	4082	1542	197890	0	
2	 11	 4	 2	sample92	1800	4370	1800	200460	0	
2	 11	 4	 3	sample92	1618	4188	1800	131070	0	
2	 11	 4	 4	sample92	1196	3766	1286	102800	0	
2	 11	 4	 5	sample92	585	3155	514	102800	0	
2	 11	 4	 6	control	481	3309	514	113120	0	
2	 12	 1	 1	sample93	4789	6587	4884	116870	0	
2	 12	 1	 2	sample93	4426	6482	4626	148032	0	
2	 12	 1	 3	sample93	3535	5591	3598	127472	0	
2	 12	 1	 4	sample93	2090	4402	2056	141032	0	
2	 12	 1	 5	sample93	1713	4283	1542	92520	0	
2	 12	 1	 6	control	250	3334	256	123360	0	
2	 12	 2	 1	sample94	1974	3772	2056	100688	0	
2	 12	 2	 2	sample94	2331	4387	2056	117192	0	
2	 12	 2	 3	sample94	2280	4336	2312	129528	0	
2	 12	 2	 4	sample94	2254	4566	2314	99416	0	
2	 12	 2	 5	sample94	1436	4006	1284	100230	0	
2	 12	 2	 6	control	996	4080	1028	74016	0	
2	 12	 3	 1	sample95	3590	5388	3084	102486	0	
2	 12	 3	 2	sample95	1835	3633	1800	131254	0	
2	 12	 3	 3	sample95	2404	4460	2056	121304	0	
2	 12	 3	 4	sample95	1598	3910	1542	97104	0	
2	 12	 3	 5	sample95	884	3454	770	64250	0	
2	 12	 3	 6	control	366	3450	514	123360	0	
2	 12	 4	 1	sample96	3921	5463	4368	89436	0	
2	 12	 4	 2	sample96	2179	3977	2056	71920	0	
2	 12	 4	 3	sample96	1714	3770	1798	113080	0	
2	 12	 4	 4	sample96	1220	3532	1286	90168	0	
2	 12	 4	 5	sample96	856	3426	1028	61680	0	
2	 12	 4	 6	control	404	3488	256	123360	0	
3	 1	 1	 1	sample97	3271	5841	3342	215880	0	
3	 1	 1	 2	sample97	4061	6631	4370	218450	0	
3	 1	 1	 3	sample97	2674	4988	2570	182806	0	
3	 1	 1	 4	sample97	1923	3979	2056	102800	0	
3	 1	 1	 5	sample97	1385	3185	1284	82800	0	
3	 1	 1	 6	control	263	2063	256	72000	0	
3	 1	 2	 1	sample98	10737	13565	13106	220584	0	
3	 1	 2	 2	sample98	10165	12735	12080	205600	0	
3	 1	 2	 3	sample98	2263	4577	2312	120328	0	
3	 1	 2	 4	sample98	5064	7120	4626	187096	0	
3	 1	 2	 5	sample98	4260	6060	4368	158400	0	
3	 1	 2	 6	control	809	2609	770	72000	0	
3	 1	 3	 1	sample99	9449	12277	10794	183820	0	
3	 1	 3	 2	sample99	6047	8875	6424	229068	0	
3	 1	 3	 3	sample99	6638	9208	7196	372650	0	
3	 1	 3	 4	sample99	4863	6919	4626	152144	0	
3	 1	 3	 5	sample99	5608	7408	6168	153000	0	
3	 1	 3	 6	control	199	1999	256	72000	0	
3	 1	 4	 1	sample100	7259	9829	7968	210740	0	
3	 1	 4	 2	sample100	5616	8186	5654	221020	0	
3	 1	 4	 3	sample100	4742	7056	4368	203632	0	
3	 1	 4	 4	sample100	2816	4872	2570	176816	0	
3	 1	 4	 5	sample100	1402	3202	1284	142200	0	
3	 1	 4	 6	control	585	2127	514	61680	0	
3	 2	 1	 1	sample101	5437	8007	5396	228730	0	
3	 2	 1	 2	sample101	5294	7864	5140	239010	0	
3	 2	 1	 3	sample101	3561	6131	3340	197890	0	
3	 2	 1	 4	sample101	2068	4380	2056	196520	0	
3	 2	 1	 5	sample101	1542	3854	1542	205768	0	
3	 2	 1	 6	control	335	2647	258	92480	0	
3	 2	 2	 1	sample102	3322	6148	3598	189342	0	
3	 2	 2	 2	sample102	2715	5541	2828	231732	0	
3	 2	 2	 3	sample102	1873	4443	1798	231300	0	
3	 2	 2	 4	sample102	1263	3833	1284	92520	0	
3	 2	 2	 5	sample102	1035	3347	772	92480	0	
3	 2	 2	 6	control	611	2923	514	92480	0	
3	 2	 3	 1	sample103	10483	13309	11566	211950	0	
3	 2	 3	 2	sample103	10141	12967	11822	197820	0	
3	 2	 3	 3	sample103	6927	9497	7196	169620	0	
3	 2	 3	 4	sample103	5781	8093	5398	164152	0	
3	 2	 3	 5	sample103	3415	5727	2570	219640	0	
3	 2	 3	 6	control	238	2550	258	92480	0	
3	 2	 4	 1	sample104	3383	5953	3340	187610	0	
3	 2	 4	 2	sample104	2284	4854	2312	233870	0	
3	 2	 4	 3	sample104	1644	3956	1542	122536	0	
3	 2	 4	 4	sample104	463	2775	514	92480	0	
3	 2	 4	 5	sample104	693	2749	770	82240	0	
3	 2	 4	 6	control	354	2666	258	92480	0	
3	 3	 1	 1	sample105	3503	5559	3598	162424	0	
3	 3	 1	 2	sample105	4689	6745	4368	174760	0	
3	 3	 1	 3	sample105	3347	5403	3084	152144	0	
3	 3	 1	 4	sample105	1742	3798	1542	158312	0	
3	 3	 1	 5	sample105	1386	3184	1286	156426	0	
3	 3	 1	 6	control	521	2319	514	71920	0	
3	 3	 2	 1	sample106	8256	10312	8738	160368	0	
3	 3	 2	 2	sample106	6425	8737	5912	189584	0	
3	 3	 2	 3	sample106	6371	8427	5654	189152	0	
3	 3	 2	 4	sample106	4330	6386	3340	180928	0	
3	 3	 2	 5	sample106	2546	4344	1800	224750	0	
3	 3	 2	 6	control	772	2570	772	71920	0	
3	 3	 3	 1	sample107	4379	6435	3854	152144	0	
3	 3	 3	 2	sample107	4310	6622	3856	159528	0	
3	 3	 3	 3	sample107	3526	5582	3084	162424	0	
3	 3	 3	 4	sample107	2476	4532	2312	187096	0	
3	 3	 3	 5	sample107	1362	3418	1028	197376	0	
3	 3	 3	 6	control	263	2319	256	82240	0	
3	 3	 4	 1	sample108	7084	9140	7452	166536	0	
3	 3	 4	 2	sample108	4068	6124	4112	143920	0	
3	 3	 4	 3	sample108	4337	6393	4112	185040	0	
3	 3	 4	 4	sample108	1328	3384	1284	108968	0	
3	 3	 4	 5	sample108	1053	3109	1028	82240	0	
3	 3	 4	 6	control	565	2621	256	82240	0	
3	 4	 1	 1	sample109	2836	5150	2826	180492	0	
3	 4	 1	 2	sample109	4831	7145	3854	231400	0	
3	 4	 1	 3	sample109	3608	5922	3340	178178	0	
3	 4	 1	 4	sample109	1715	4029	1542	205946	0	
3	 4	 1	 5	sample109	1220	3534	1284	256854	0	
3	 4	 1	 6	control	398	2712	256	92560	0	
3	 4	 2	 1	sample110	1435	3749	1542	145782	0	
3	 4	 2	 2	sample110	1277	3847	1028	228730	0	
3	 4	 2	 3	sample110	1611	4181	1542	210740	0	
3	 4	 2	 4	sample110	1162	3476	1028	92560	0	
3	 4	 2	 5	sample110	732	3046	514	92560	0	
3	 4	 2	 6	control	610	2924	514	92560	0	
3	 4	 3	 1	sample111	12049	14619	13108	128500	0	
3	 4	 3	 2	sample111	12239	15067	13364	203616	0	
3	 4	 3	 3	sample111	10747	13575	11564	186648	0	
3	 4	 3	 4	sample111	9711	12281	8996	177330	0	
3	 4	 3	 5	sample111	7068	9382	6424	210574	0	
3	 4	 3	 6	control	257	2571	256	92560	0	
3	 4	 4	 1	sample112	6076	8390	6168	143468	0	
3	 4	 4	 2	sample112	3525	6095	3342	223590	0	
3	 4	 4	 3	sample112	3700	6014	3598	180492	0	
3	 4	 4	 4	sample112	816	3386	772	102800	0	
3	 4	 4	 5	sample112	777	3091	770	92560	0	
3	 4	 4	 6	control	475	2789	256	92560	0	
3	 5	 1	 1	sample113	8608	10920	8738	187272	0	
3	 5	 1	 2	sample113	11235	13805	11564	236440	0	
3	 5	 1	 3	sample113	9158	11470	9510	189584	0	
3	 5	 1	 4	sample113	6141	8453	5654	191896	0	
3	 5	 1	 5	sample113	5143	7199	4368	154200	0	
3	 5	 1	 6	control	468	2524	256	82240	0	
3	 5	 2	 1	sample114	2009	4321	1800	173400	0	
3	 5	 2	 2	sample114	3549	5861	3084	180336	0	
3	 5	 2	 3	sample114	2261	4573	2056	203456	0	
3	 5	 2	 4	sample114	1559	3871	1286	180336	0	
3	 5	 2	 5	sample114	1169	3225	1284	82240	0	
3	 5	 2	 6	control	777	2833	770	82240	0	
3	 5	 3	 1	sample115	4097	6409	3856	157216	0	
3	 5	 3	 2	sample115	3898	6210	3342	168776	0	
3	 5	 3	 3	sample115	2380	4436	1798	180928	0	
3	 5	 3	 4	sample115	1378	3434	1284	106912	0	
3	 5	 3	 5	sample115	1452	3508	1284	176816	0	
3	 5	 3	 6	control	250	2306	256	82240	0	
3	 5	 4	 1	sample116	3843	6155	3598	187272	0	
3	 5	 4	 2	sample116	2692	5004	2828	175712	0	
3	 5	 4	 3	sample116	2244	4300	2056	199432	0	
3	 5	 4	 4	sample116	809	2865	770	82240	0	
3	 5	 4	 5	sample116	655	2711	770	82240	0	
3	 5	 4	 6	control	559	2871	514	92480	0	
3	 6	 1	 1	sample117	4313	5855	4112	107940	0	
3	 6	 1	 2	sample117	5176	6718	5140	129528	0	
3	 6	 1	 3	sample117	3805	5347	3854	112566	0	
3	 6	 1	 4	sample117	2011	3553	2056	98688	0	
3	 6	 1	 5	sample117	1734	3276	1542	111024	0	
3	 6	 1	 6	control	264	2062	258	71920	0	
3	 6	 2	 1	sample118	745	2287	514	61680	0	
3	 6	 2	 2	sample118	2409	3951	2570	98688	0	
3	 6	 2	 3	sample118	2463	4005	2570	100230	0	
3	 6	 2	 4	sample118	1197	2739	770	158826	0	
3	 6	 2	 5	sample118	1174	2716	1028	75558	0	
3	 6	 2	 6	control	624	2422	514	71920	0	
3	 6	 3	 1	sample119	2490	4288	2314	125860	0	
3	 6	 3	 2	sample119	2876	4674	2314	115072	0	
3	 6	 3	 3	sample119	1562	3360	1542	97092	0	
3	 6	 3	 4	sample119	1274	2816	1284	37008	0	
3	 6	 3	 5	sample119	1023	2565	1028	77100	0	
3	 6	 3	 6	control	322	2120	258	71920	0	
3	 6	 4	 1	sample120	7129	8927	7454	124062	0	
3	 6	 4	 2	sample120	6371	8169	6426	160022	0	
3	 6	 4	 3	sample120	4710	6508	4626	127658	0	
3	 6	 4	 4	sample120	2300	4098	2314	138446	0	
3	 6	 4	 5	sample120	1457	2999	1284	89436	0	
3	 6	 4	 6	control	560	2358	514	71920	0	
3	 7	 1	 1	sample121	10821	13905	11564	259056	0	
3	 7	 1	 2	sample121	11802	14886	12850	246720	0	
3	 7	 1	 3	sample121	10096	13180	10280	225132	0	
3	 7	 1	 4	sample121	6795	9621	6168	220428	0	
3	 7	 1	 5	sample121	5374	7944	4882	208170	0	
3	 7	 1	 6	control	334	2904	256	102800	0	
3	 7	 2	 1	sample122	3175	6259	3084	129528	0	
3	 7	 2	 2	sample122	2585	5669	2570	200460	0	
3	 7	 2	 3	sample122	2693	5777	2570	154200	0	
3	 7	 2	 4	sample122	1603	4687	1542	141864	0	
3	 7	 2	 5	sample122	926	3752	1028	141300	0	
3	 7	 2	 6	control	674	3244	514	102800	0	
3	 7	 3	 1	sample123	10176	13516	11052	247160	0	
3	 7	 3	 2	sample123	9841	13181	10538	230460	0	
3	 7	 3	 3	sample123	6795	9879	6938	209712	0	
3	 7	 3	 4	sample123	5269	8095	5140	180864	0	
3	 7	 3	 5	sample123	3914	6740	3342	245862	0	
3	 7	 3	 6	control	39	2865	0	113040	0	
3	 7	 4	 1	sample124	9474	12558	9252	252888	0	
3	 7	 4	 2	sample124	6056	9140	6168	206628	0	
3	 7	 4	 3	sample124	4873	7957	4112	262140	0	
3	 7	 4	 4	sample124	1976	4802	1800	259992	0	
3	 7	 4	 5	sample124	906	3732	1028	113040	0	
3	 7	 4	 6	control	373	3199	258	113040	0	
3	 8	 1	 1	sample125	6004	8574	5910	254430	0	
3	 8	 1	 2	sample125	7051	9877	6168	274122	0	
3	 8	 1	 3	sample125	6115	8685	6168	213310	0	
3	 8	 1	 4	sample125	3421	5991	3084	205600	0	
3	 8	 1	 5	sample125	3184	5496	2828	166464	0	
3	 8	 1	 6	control	463	2775	258	92480	0	
3	 8	 2	 1	sample126	540	3366	514	113040	0	
3	 8	 2	 2	sample126	572	3398	514	113040	0	
3	 8	 2	 3	sample126	674	3244	770	102800	0	
3	 8	 2	 4	sample126	481	3051	514	102800	0	
3	 8	 2	 5	sample126	424	2994	256	102800	0	
3	 8	 2	 6	control	1101	3413	1028	90168	0	
3	 8	 3	 1	sample127	9462	12288	10794	183690	0	
3	 8	 3	 2	sample127	7992	10818	7968	180864	0	
3	 8	 3	 3	sample127	5220	7790	4626	164480	0	
3	 8	 3	 4	sample127	3980	6550	3598	195320	0	
3	 8	 3	 5	sample127	2582	5152	2056	203030	0	
3	 8	 3	 6	control	315	2627	258	92480	0	
3	 8	 4	 1	sample128	9266	12092	10024	223254	0	
3	 8	 4	 2	sample128	4718	7544	4626	223254	0	
3	 8	 4	 3	sample128	4350	6920	4368	249290	0	
3	 8	 4	 4	sample128	2416	4986	2570	197890	0	
3	 8	 4	 5	sample128	1465	4035	1284	182470	0	
3	 8	 4	 6	control	366	2936	256	102800	0	
3	 9	 1	 1	sample129	3611	5411	3340	135000	0	
3	 9	 1	 2	sample129	6465	8265	5396	147600	0	
3	 9	 1	 3	sample129	4476	6276	4626	133200	0	
3	 9	 1	 4	sample129	2691	4491	2570	136800	0	
3	 9	 1	 5	sample129	1415	3215	1542	124200	0	
3	 9	 1	 6	control	494	2294	514	72000	0	
3	 9	 2	 1	sample130	893	2693	770	41400	0	
3	 9	 2	 2	sample130	713	2513	770	72000	0	
3	 9	 2	 3	sample130	828	2628	770	72000	0	
3	 9	 2	 4	sample130	841	2641	770	39600	0	
3	 9	 2	 5	sample130	481	2281	514	72000	0	
3	 9	 2	 6	control	952	2752	770	73800	0	
3	 9	 3	 1	sample131	3473	5273	3340	122400	0	
3	 9	 3	 2	sample131	4653	6453	5140	118800	0	
3	 9	 3	 3	sample131	2532	4332	2056	162000	0	
3	 9	 3	 4	sample131	1932	3732	1542	127800	0	
3	 9	 3	 5	sample131	1490	3290	1284	135000	0	
3	 9	 3	 6	control	263	2063	256	72000	0	
3	 9	 4	 1	sample132	4443	6243	5140	136800	0	
3	 9	 4	 2	sample132	2924	4724	3084	133200	0	
3	 9	 4	 3	sample132	3777	5577	2826	160200	0	
3	 9	 4	 4	sample132	1398	3198	1284	135000	0	
3	 9	 4	 5	sample132	910	2710	770	86400	0	
3	 9	 4	 6	control	507	2307	256	72000	0	
3	 10	 1	 1	sample133	5464	7776	5140	196520	0	
3	 10	 1	 2	sample133	6498	8810	6168	187272	0	
3	 10	 1	 3	sample133	3552	6122	3084	215880	0	
3	 10	 1	 4	sample133	2622	4934	2570	173400	0	
3	 10	 1	 5	sample133	1696	4266	1284	192750	0	
3	 10	 1	 6	control	462	3032	514	102800	0	
3	 10	 2	 1	sample134	5809	8379	5910	161910	0	
3	 10	 2	 2	sample134	6535	9105	6938	179900	0	
3	 10	 2	 3	sample134	5120	7690	4626	200460	0	
3	 10	 2	 4	sample134	3553	6123	3084	208170	0	
3	 10	 2	 5	sample134	2720	5290	2570	179900	0	
3	 10	 2	 6	control	938	3508	770	102800	0	
3	 10	 3	 1	sample135	5563	7875	6168	143344	0	
3	 10	 3	 2	sample135	6115	8685	5654	161910	0	
3	 10	 3	 3	sample135	2577	4889	2314	182648	0	
3	 10	 3	 4	sample135	2766	5078	2570	145656	0	
3	 10	 3	 5	sample135	2097	4667	1542	223590	0	
3	 10	 3	 6	control	256	2826	256	102800	0	
3	 10	 4	 1	sample136	886	3198	772	104040	0	
3	 10	 4	 2	sample136	964	3276	772	92480	0	
3	 10	 4	 3	sample136	861	3173	772	92480	0	
3	 10	 4	 4	sample136	540	2852	514	92480	0	
3	 10	 4	 5	sample136	1061	3373	1028	36992	0	
3	 10	 4	 6	control	539	3109	514	102800	0	
3	 11	 1	 1	sample137	12025	14339	13364	187434	0	
3	 11	 1	 2	sample137	12491	14805	14392	199004	0	
3	 11	 1	 3	sample137	10991	13305	11822	189748	0	
3	 11	 1	 4	sample137	7209	9523	8224	180492	0	
3	 11	 1	 5	sample137	5654	7968	5654	173550	0	
3	 11	 1	 6	control	314	2628	256	92560	0	
3	 11	 2	 1	sample138	6309	8365	6426	150088	0	
3	 11	 2	 2	sample138	7949	10263	7966	168922	0	
3	 11	 2	 3	sample138	6675	8989	6424	194376	0	
3	 11	 2	 4	sample138	4084	6398	3340	192062	0	
3	 11	 2	 5	sample138	2690	5004	2312	231400	0	
3	 11	 2	 6	control	547	3117	514	102800	0	
3	 11	 3	 1	sample139	2889	4945	2828	137752	0	
3	 11	 3	 2	sample139	4905	6961	4884	148032	0	
3	 11	 3	 3	sample139	3222	5278	3084	145976	0	
3	 11	 3	 4	sample139	2022	4336	2056	106444	0	
3	 11	 3	 5	sample139	1445	3759	1542	92560	0	
3	 11	 3	 6	control	282	2596	256	92560	0	
3	 11	 4	 1	sample140	3372	5428	3856	158312	0	
3	 11	 4	 2	sample140	2180	4236	2056	145976	0	
3	 11	 4	 3	sample140	2057	4113	2056	96632	0	
3	 11	 4	 4	sample140	1401	3715	1284	122642	0	
3	 11	 4	 5	sample140	738	3052	770	92560	0	
3	 11	 4	 6	control	463	3033	514	102800	0	
3	 12	 1	 1	sample141	5771	7313	5654	132612	0	
3	 12	 1	 2	sample141	5539	7339	5396	162000	0	
3	 12	 1	 3	sample141	3706	5762	3084	172704	0	
3	 12	 1	 4	sample141	2151	4207	1800	168592	0	
3	 12	 1	 5	sample141	1925	4239	2056	122642	0	
3	 12	 1	 6	control	346	3174	256	113120	0	
3	 12	 2	 1	sample142	3895	5695	3854	172800	0	
3	 12	 2	 2	sample142	5386	7442	6168	143920	0	
3	 12	 2	 3	sample142	5322	7378	5398	195320	0	
3	 12	 2	 4	sample142	4388	6702	4368	187434	0	
3	 12	 2	 5	sample142	3102	5672	3342	187610	0	
3	 12	 2	 6	control	814	3898	772	111024	0	
3	 12	 3	 1	sample143	2048	3848	1798	59400	0	
3	 12	 3	 2	sample143	1509	3309	1542	84600	0	
3	 12	 3	 3	sample143	876	2932	772	100744	0	
3	 12	 3	 4	sample143	751	3065	770	92560	0	
3	 12	 3	 5	sample143	264	2834	258	102800	0	
3	 12	 3	 6	control	-185.89	2898	-255.99	123360	0	
3	 12	 4	 1	sample144	3914	5714	3598	131400	0	
3	 12	 4	 2	sample144	3004	5060	3342	158312	0	
3	 12	 4	 3	sample144	2140	4196	1800	106912	0	
3	 12	 4	 4	sample144	1702	4016	1542	122642	0	
3	 12	 4	 5	sample144	1142	3712	1028	133640	0	
3	 12	 4	 6	control	714	3798	514	123360	0	
4	 1	 1	 1	sample145	5266	7322	4882	158312	0	
4	 1	 1	 2	sample145	7063	8861	7710	142042	0	
4	 1	 1	 3	sample145	5387	7185	5398	125860	0	
4	 1	 1	 4	sample145	3302	4844	3084	123360	0	
4	 1	 1	 5	sample145	3275	4559	3084	89880	0	
4	 1	 1	 6	control	378	1406	256	41120	0	
4	 1	 2	 1	sample146	4324	6636	4884	171088	0	
4	 1	 2	 2	sample146	6012	8324	6682	159528	0	
4	 1	 2	 3	sample146	5840	8152	5912	175712	0	
4	 1	 2	 4	sample146	5216	7014	5654	158224	0	
4	 1	 2	 5	sample146	4090	5632	4112	127986	0	
4	 1	 2	 6	control	790	2332	770	61680	0	
4	 1	 3	 1	sample147	3163	5989	3084	175212	0	
4	 1	 3	 2	sample147	3984	6810	4370	129996	0	
4	 1	 3	 3	sample147	1794	4364	1798	133640	0	
4	 1	 3	 4	sample147	1126	3438	1028	122536	0	
4	 1	 3	 5	sample147	1424	3480	1284	98688	0	
4	 1	 3	 6	control	212	2268	256	82240	0	
4	 1	 4	 1	sample148	5291	8375	5654	172704	0	
4	 1	 4	 2	sample148	2734	5818	2826	144948	0	
4	 1	 4	 3	sample148	2541	5367	2056	149778	0	
4	 1	 4	 4	sample148	2263	4575	2056	117912	0	
4	 1	 4	 5	sample148	1789	4101	1800	117912	0	
4	 1	 4	 6	control	470	2782	514	92480	0	
4	 2	 1	 1	sample149	5446	7244	5140	133052	0	
4	 2	 1	 2	sample149	4999	6541	5140	115650	0	
4	 2	 1	 3	sample149	3500	5042	3340	109482	0	
4	 2	 1	 4	sample149	2270	3812	2312	121818	0	
4	 2	 1	 5	sample149	1582	3124	1542	69390	0	
4	 2	 1	 6	control	147	1689	0	61680	0	
4	 2	 2	 1	sample150	3106	5162	3084	143920	0	
4	 2	 2	 2	sample150	3621	5677	3854	135696	0	
4	 2	 2	 3	sample150	2468	4266	2570	80910	0	
4	 2	 2	 4	sample150	1767	3565	1542	71920	0	
4	 2	 2	 5	sample150	1130	2928	1028	68324	0	
4	 2	 2	 6	control	1080	2878	1028	35960	0	
4	 2	 3	 1	sample151	6347	9173	7196	194994	0	
4	 2	 3	 2	sample151	6566	9136	6682	182470	0	
4	 2	 3	 3	sample151	5130	7442	4626	161840	0	
4	 2	 3	 4	sample151	2654	4966	2570	164152	0	
4	 2	 3	 5	sample151	2135	4447	2056	106352	0	
4	 2	 3	 6	control	110	2422	0	92480	0	
4	 2	 4	 1	sample152	7012	9838	7196	189342	0	
4	 2	 4	 2	sample152	6053	8879	5654	169560	0	
4	 2	 4	 3	sample152	2446	5272	2056	251514	0	
4	 2	 4	 4	sample152	2678	5248	2312	133640	0	
4	 2	 4	 5	sample152	1478	3790	1542	110976	0	
4	 2	 4	 6	control	488	3058	514	102800	0	
4	 3	 1	 1	sample153	4340	6396	4370	141864	0	
4	 3	 1	 2	sample153	6116	8172	5912	152144	0	
4	 3	 1	 3	sample153	4587	6643	3856	148032	0	
4	 3	 1	 4	sample153	3344	5144	2826	124200	0	
4	 3	 1	 5	sample153	2641	4441	2570	117000	0	
4	 3	 1	 6	control	116	2172	0	82240	0	
4	 3	 2	 1	sample154	2300	4614	2312	136526	0	
4	 3	 2	 2	sample154	3769	6083	3598	152724	0	
4	 3	 2	 3	sample154	2638	4952	2312	182806	0	
4	 3	 2	 4	sample154	2569	4883	2570	115700	0	
4	 3	 2	 5	sample154	1798	4112	1798	106444	0	
4	 3	 2	 6	control	758	3072	770	92560	0	
4	 3	 3	 1	sample155	4445	7015	4370	149060	0	
4	 3	 3	 2	sample155	3880	6450	3856	159340	0	
4	 3	 3	 3	sample155	3358	5928	3598	120790	0	
4	 3	 3	 4	sample155	1628	4198	1800	123360	0	
4	 3	 3	 5	sample155	1265	3835	1286	128500	0	
4	 3	 3	 6	control	84.1	2654	0	102800	0	
4	 3	 4	 1	sample156	11137	14221	12850	212796	0	
4	 3	 4	 2	sample156	8921	12005	10538	222048	0	
4	 3	 4	 3	sample156	7640	10468	8480	197960	0	
4	 3	 4	 4	sample156	3851	6679	3084	226240	0	
4	 3	 4	 5	sample156	2759	5329	2056	213310	0	
4	 3	 4	 6	control	527	3097	514	102800	0	
4	 4	 1	 1	sample157	5500	7298	5398	134850	0	
4	 4	 1	 2	sample157	6246	8302	6424	168592	0	
4	 4	 1	 3	sample157	5080	7136	5396	133640	0	
4	 4	 1	 4	sample157	3440	5496	3084	154200	0	
4	 4	 1	 5	sample157	2458	4256	2056	140244	0	
4	 4	 1	 6	control	405	2203	258	71920	0	
4	 4	 2	 1	sample158	7518	9830	6426	175712	0	
4	 4	 2	 2	sample158	7442	9754	6940	154904	0	
4	 4	 2	 3	sample158	6895	9207	6168	187272	0	
4	 4	 2	 4	sample158	5791	8103	5140	178024	0	
4	 4	 2	 5	sample158	3919	5975	3598	156256	0	
4	 4	 2	 6	control	1061	3117	1028	78128	0	
4	 4	 3	 1	sample159	2842	5412	2826	174760	0	
4	 4	 3	 2	sample159	2807	5377	2826	66820	0	
4	 4	 3	 3	sample159	1874	4444	1798	123360	0	
4	 4	 3	 4	sample159	909	3479	1028	128500	0	
4	 4	 3	 5	sample159	1194	3506	1028	110976	0	
4	 4	 3	 6	control	470	2782	514	92480	0	
4	 4	 4	 1	sample160	6950	9262	7196	164152	0	
4	 4	 4	 2	sample160	3517	5829	3598	145656	0	
4	 4	 4	 3	sample160	2894	5206	2828	115600	0	
4	 4	 4	 4	sample160	2401	4713	2056	115600	0	
4	 4	 4	 5	sample160	1752	4064	1542	113288	0	
4	 4	 4	 6	control	861	3173	772	92480	0	
4	 5	 1	 1	sample161	4748	6548	4112	158400	0	
4	 5	 1	 2	sample161	5987	7787	5910	156600	0	
4	 5	 1	 3	sample161	5322	7122	5654	136800	0	
4	 5	 1	 4	sample161	2810	4610	2570	142200	0	
4	 5	 1	 5	sample161	2388	3930	2314	106398	0	
4	 5	 1	 6	control	444	1986	514	61680	0	
4	 5	 2	 1	sample162	2209	4265	2314	141864	0	
4	 5	 2	 2	sample162	2610	4666	2570	133640	0	
4	 5	 2	 3	sample162	2224	4280	2314	154200	0	
4	 5	 2	 4	sample162	1376	3432	1286	104856	0	
4	 5	 2	 5	sample162	746	2802	772	82240	0	
4	 5	 2	 6	control	669	2725	514	82240	0	
4	 5	 3	 1	sample163	8713	11283	9252	179900	0	
4	 5	 3	 2	sample163	6708	9278	6168	185040	0	
4	 5	 3	 3	sample163	4212	6526	3084	224458	0	
4	 5	 3	 4	sample163	3992	6306	3598	164294	0	
4	 5	 3	 5	sample163	3128	5442	2312	266110	0	
4	 5	 3	 6	control	148	2462	0	92560	0	
4	 5	 4	 1	sample164	10940	13254	12078	199004	0	
4	 5	 4	 2	sample164	7804	10374	7968	190180	0	
4	 5	 4	 3	sample164	7491	9805	6938	187434	0	
4	 5	 4	 4	sample164	4580	6894	4368	194376	0	
4	 5	 4	 5	sample164	3450	5764	2826	233714	0	
4	 5	 4	 6	control	552	2866	514	92560	0	
4	 6	 1	 1	sample165	4803	7117	4626	194376	0	
4	 6	 1	 2	sample165	6943	9513	6940	205600	0	
4	 6	 1	 3	sample165	5319	7889	4626	192750	0	
4	 6	 1	 4	sample165	3341	5655	2826	178178	0	
4	 6	 1	 5	sample165	2189	4503	1798	182806	0	
4	 6	 1	 6	control	327	2641	256	92560	0	
4	 6	 2	 1	sample166	6198	8768	6168	177330	0	
4	 6	 2	 2	sample166	6643	9471	6424	226240	0	
4	 6	 2	 3	sample166	7091	9919	6682	229068	0	
4	 6	 2	 4	sample166	5385	7955	4884	210740	0	
4	 6	 2	 5	sample166	3748	6318	3084	221020	0	
4	 6	 2	 6	control	829	3399	772	79670	0	
4	 6	 3	 1	sample167	3366	6194	3340	203616	0	
4	 6	 3	 2	sample167	2678	5506	2570	214928	0	
4	 6	 3	 3	sample167	2614	5442	2056	212100	0	
4	 6	 3	 4	sample167	1542	4370	1542	124432	0	
4	 6	 3	 5	sample167	1063	3891	1028	144228	0	
4	 6	 3	 6	control	372	3200	256	113120	0	
4	 6	 4	 1	sample168	7960	11044	8224	225132	0	
4	 6	 4	 2	sample168	4597	7681	4626	215880	0	
4	 6	 4	 3	sample168	3917	7001	3084	271392	0	
4	 6	 4	 4	sample168	2602	5686	2056	249804	0	
4	 6	 4	 5	sample168	2270	5098	2056	203616	0	
4	 6	 4	 6	control	732	3560	770	113120	0	
4	 7	 1	 1	sample169	4596	6396	4626	154800	0	
4	 7	 1	 2	sample169	9396	11452	9510	162424	0	
4	 7	 1	 3	sample169	8274	10330	8224	160368	0	
4	 7	 1	 4	sample169	5650	7450	5396	145800	0	
4	 7	 1	 5	sample169	4449	6249	4112	126000	0	
4	 7	 1	 6	control	289	2089	256	72000	0	
4	 7	 2	 1	sample170	4627	6683	4626	127472	0	
4	 7	 2	 2	sample170	5975	8289	5654	148096	0	
4	 7	 2	 3	sample170	4921	7235	4882	171236	0	
4	 7	 2	 4	sample170	3279	5335	2828	160368	0	
4	 7	 2	 5	sample170	1948	4004	1286	189152	0	
4	 7	 2	 6	control	585	2641	514	82240	0	
4	 7	 3	 1	sample171	2657	4971	2570	157352	0	
4	 7	 3	 2	sample171	2860	5430	2828	164480	0	
4	 7	 3	 3	sample171	2672	4986	2056	173550	0	
4	 7	 3	 4	sample171	1342	3656	1284	92560	0	
4	 7	 3	 5	sample171	1250	3564	1284	120328	0	
4	 7	 3	 6	control	263	2577	256	92560	0	
4	 7	 4	 1	sample172	6793	9363	7196	197890	0	
4	 7	 4	 2	sample172	4147	6717	4884	192750	0	
4	 7	 4	 3	sample172	4697	7267	3856	187610	0	
4	 7	 4	 4	sample172	4490	6804	4112	175864	0	
4	 7	 4	 5	sample172	2060	4374	2056	145782	0	
4	 7	 4	 6	control	411	2725	256	92560	0	
4	 8	 1	 1	sample173	9469	11781	11308	203456	0	
4	 8	 1	 2	sample173	9851	12163	11822	189584	0	
4	 8	 1	 3	sample173	7429	9485	8480	160368	0	
4	 8	 1	 4	sample173	6590	8646	7452	150088	0	
4	 8	 1	 5	sample173	5050	6848	5140	116870	0	
4	 8	 1	 6	control	431	2229	258	71920	0	
4	 8	 2	 1	sample174	3243	5813	3084	169620	0	
4	 8	 2	 2	sample174	4603	7173	4882	177330	0	
4	 8	 2	 3	sample174	2965	5277	2570	189584	0	
4	 8	 2	 4	sample174	2083	4395	1542	201144	0	
4	 8	 2	 5	sample174	1566	3622	1284	86352	0	
4	 8	 2	 6	control	963	3019	770	82240	0	
4	 8	 3	 1	sample175	8731	11557	9510	186516	0	
4	 8	 3	 2	sample175	6760	9330	7452	143920	0	
4	 8	 3	 3	sample175	6507	9077	6424	159340	0	
4	 8	 3	 4	sample175	3709	6279	4112	159340	0	
4	 8	 3	 5	sample175	3335	5905	2570	228730	0	
4	 8	 3	 6	control	354	2666	258	92480	0	
4	 8	 4	 1	sample176	3291	5861	3340	185040	0	
4	 8	 4	 2	sample176	1299	3869	1284	185040	0	
4	 8	 4	 3	sample176	1284	3854	1284	102800	0	
4	 8	 4	 4	sample176	1372	3942	1284	113080	0	
4	 8	 4	 5	sample176	244	2814	256	102800	0	
4	 8	 4	 6	control	391	2961	256	102800	0	
4	 9	 1	 1	sample177	4051	5593	3856	127986	0	
4	 9	 1	 2	sample177	4368	6168	3854	149400	0	
4	 9	 1	 3	sample177	3812	5612	3598	140400	0	
4	 9	 1	 4	sample177	1984	3784	1798	129600	0	
4	 9	 1	 5	sample177	1686	3228	1542	80184	0	
4	 9	 1	 6	control	192	1992	256	72000	0	
4	 9	 2	 1	sample178	2770	4826	2570	137752	0	
4	 9	 2	 2	sample178	4009	6065	3856	137752	0	
4	 9	 2	 3	sample178	3843	5899	3084	168592	0	
4	 9	 2	 4	sample178	2487	4543	2056	158312	0	
4	 9	 2	 5	sample178	1790	3846	1800	108968	0	
4	 9	 2	 6	control	1056	3112	1028	39064	0	
4	 9	 3	 1	sample179	2080	4394	2056	148096	0	
4	 9	 3	 2	sample179	5831	8145	5910	171236	0	
4	 9	 3	 3	sample179	2107	4421	2056	150410	0	
4	 9	 3	 4	sample179	2108	4422	2056	113386	0	
4	 9	 3	 5	sample179	1798	4112	1542	210574	0	
4	 9	 3	 6	control	231	2545	256	92560	0	
4	 9	 4	 1	sample180	10768	13338	12336	172190	0	
4	 9	 4	 2	sample180	8576	11146	7968	210740	0	
4	 9	 4	 3	sample180	6258	8828	6168	228730	0	
4	 9	 4	 4	sample180	5505	7819	5140	159666	0	
4	 9	 4	 5	sample180	3487	5801	3084	178178	0	
4	 9	 4	 6	control	469	2783	514	92560	0	
4	 10	 1	 1	sample181	10054	12624	11052	195320	0	
4	 10	 1	 2	sample181	12239	15323	14136	228216	0	
4	 10	 1	 3	sample181	10727	13811	11052	212796	0	
4	 10	 1	 4	sample181	7548	10376	6938	206444	0	
4	 10	 1	 5	sample181	5444	8014	4884	169620	0	
4	 10	 1	 6	control	489	3059	258	102800	0	
4	 10	 2	 1	sample182	10363	13447	10024	181956	0	
4	 10	 2	 2	sample182	10291	13633	11564	217230	0	
4	 10	 2	 3	sample182	9787	13129	11564	240624	0	
4	 10	 2	 4	sample182	8762	12104	9508	213888	0	
4	 10	 2	 5	sample182	6554	9638	6940	197376	0	
4	 10	 2	 6	control	662	3746	772	123360	0	
4	 10	 3	 1	sample183	7846	11188	7966	200520	0	
4	 10	 3	 2	sample183	4515	7857	4882	187152	0	
4	 10	 3	 3	sample183	6538	9880	5396	197178	0	
4	 10	 3	 4	sample183	4427	7769	4112	203862	0	
4	 10	 3	 5	sample183	2896	6238	2570	233940	0	
4	 10	 3	 6	control	76.7	3419	0	133680	0	
4	 10	 4	 1	sample184	5800	8884	5912	185040	0	
4	 10	 4	 2	sample184	2153	5237	2314	172704	0	
4	 10	 4	 3	sample184	3330	6414	2570	212796	0	
4	 10	 4	 4	sample184	3441	6525	3598	191208	0	
4	 10	 4	 5	sample184	1406	4490	1286	144948	0	
4	 10	 4	 6	control	341	3425	258	123360	0	
4	 11	 1	 1	sample185	5464	7520	5396	141864	0	
4	 11	 1	 2	sample185	5252	7564	5140	175712	0	
4	 11	 1	 3	sample185	3523	5835	2570	228888	0	
4	 11	 1	 4	sample185	2201	4513	2056	168776	0	
4	 11	 1	 5	sample185	1852	4164	1800	101728	0	
4	 11	 1	 6	control	289	2859	256	102800	0	
4	 11	 2	 1	sample186	6000	8570	5910	169620	0	
4	 11	 2	 2	sample186	7990	10816	8996	197820	0	
4	 11	 2	 3	sample186	6510	9336	6168	214776	0	
4	 11	 2	 4	sample186	5390	8216	5140	192168	0	
4	 11	 2	 5	sample186	3654	6480	3342	183690	0	
4	 11	 2	 6	control	817	3643	772	113040	0	
4	 11	 3	 1	sample187	3929	6755	4626	178038	0	
4	 11	 3	 2	sample187	2880	5706	3084	194994	0	
4	 11	 3	 3	sample187	2005	5089	2056	141864	0	
4	 11	 3	 4	sample187	1542	4626	1542	135696	0	
4	 11	 3	 5	sample187	1794	4620	1800	135648	0	
4	 11	 3	 6	control	-0.54	3083	0	123360	0	
4	 11	 4	 1	sample188	1222	3792	1028	210740	0	
4	 11	 4	 2	sample188	1541	4111	1542	118220	0	
4	 11	 4	 3	sample188	995	3565	1028	102800	0	
4	 11	 4	 4	sample188	758	3328	770	102800	0	
4	 11	 4	 5	sample188	457	3283	258	113040	0	
4	 11	 4	 6	control	1104	3930	1028	48042	0	
4	 12	 1	 1	sample189	6106	8162	6424	180928	0	
4	 12	 1	 2	sample189	7254	9566	7454	184960	0	
4	 12	 1	 3	sample189	5641	7953	5398	173400	0	
4	 12	 1	 4	sample189	3344	5914	3340	190180	0	
4	 12	 1	 5	sample189	2136	4706	2056	205600	0	
4	 12	 1	 6	control	63.8	3148	0	123360	0	
4	 12	 2	 1	sample190	4085	6141	4626	139808	0	
4	 12	 2	 2	sample190	3305	5617	3598	164152	0	
4	 12	 2	 3	sample190	2656	5226	2570	197890	0	
4	 12	 2	 4	sample190	1947	4517	2056	133640	0	
4	 12	 2	 5	sample190	1593	4419	1542	144126	0	
4	 12	 2	 6	control	373	3713	258	133600	0	
4	 12	 3	 1	sample191	2853	5165	2828	141032	0	
4	 12	 3	 2	sample191	2450	5020	2312	187610	0	
4	 12	 3	 3	sample191	2812	5382	2826	136210	0	
4	 12	 3	 4	sample191	2590	5416	2314	228906	0	
4	 12	 3	 5	sample191	1379	4463	1284	151116	0	
4	 12	 3	 6	control	7	3347	0	133600	0	
4	 12	 4	 1	sample192	3028	5340	3084	168776	0	
4	 12	 4	 2	sample192	1617	3929	1542	87856	0	
4	 12	 4	 3	sample192	655	3225	514	102800	0	
4	 12	 4	 4	sample192	449	3019	514	102800	0	
4	 12	 4	 5	sample192	425	3251	514	113040	0	
4	 12	 4	 6	control	424	3764	514	133600	0	
