MicroVigene	 Version	 2501
Culture	en-US
9/30/2006 5:32:32 PM
Roi Row	 4	 Roi Col	 12	 Main Row	 4	 Main Col	 6	 Sub Row	 1	 Sub Col	 1
Main Row	 Main Col	 Sub Row	 Sub Col	  GeneID	mean_net	 mean_total	 median_net	 vol_bkg	 vol_dust	 
1	 1	 1	 1	sample1	1087	3143	1028	90464	0	
1	 1	 1	 2	sample1	572	2628	514	82240	0	
1	 1	 1	 3	sample1	1260	3316	1286	84296	0	
1	 1	 1	 4	sample1	682	2738	772	82240	0	
1	 1	 1	 5	sample1	383	2953	258	115650	0	
1	 1	 1	 6	control	-18.74	2551	0	102800	0	
1	 1	 2	 1	sample2	1114	2656	1028	87894	0	
1	 1	 2	 2	sample2	544	2344	514	90000	0	
1	 1	 2	 3	sample2	856	2656	770	86400	0	
1	 1	 2	 4	sample2	200	2256	258	82240	0	
1	 1	 2	 5	sample2	63.8	2378	0	92560	0	
1	 1	 2	 6	control	1246	3560	1028	168922	0	
1	 1	 3	 1	sample3	1321	2863	1286	112566	0	
1	 1	 3	 2	sample3	663	2205	514	80184	0	
1	 1	 3	 3	sample3	957	2499	772	72474	0	
1	 1	 3	 4	sample3	244	2044	256	72000	0	
1	 1	 3	 5	sample3	-44.49	2012	0	82240	0	
1	 1	 3	 6	control	-224.39	1832	-255.99	82240	0	
1	 1	 4	 1	sample4	878	2420	772	134154	0	
1	 1	 4	 2	sample4	665	2207	514	55512	0	
1	 1	 4	 3	sample4	463	2005	514	61680	0	
1	 1	 4	 4	sample4	57.3	1857	0	72000	0	
1	 1	 4	 5	sample4	-166.39	1890	-255.99	82240	0	
1	 1	 4	 6	control	270	2326	258	82240	0	
1	 2	 1	 1	sample5	1819	3619	1798	90000	0	
1	 2	 1	 2	sample5	972	2772	1028	91800	0	
1	 2	 1	 3	sample5	899	2699	770	32400	0	
1	 2	 1	 4	sample5	794	2080	770	56584	0	
1	 2	 1	 5	sample5	735	2021	770	28292	0	
1	 2	 1	 6	control	335	1363	0	41120	0	
1	 2	 2	 1	sample6	1840	3640	1542	144000	0	
1	 2	 2	 2	sample6	765	2565	770	84600	0	
1	 2	 2	 3	sample6	727	2269	772	61680	0	
1	 2	 2	 4	sample6	348	1890	258	61680	0	
1	 2	 2	 5	sample6	571	1857	514	51440	0	
1	 2	 2	 6	control	1178	2464	1284	46296	0	
1	 2	 3	 1	sample7	1656	3198	1286	121818	0	
1	 2	 3	 2	sample7	924	2466	772	75558	0	
1	 2	 3	 3	sample7	826	2368	772	29298	0	
1	 2	 3	 4	sample7	373	1915	258	61680	0	
1	 2	 3	 5	sample7	309	1851	258	61680	0	
1	 2	 3	 6	control	334	1620	256	51440	0	
1	 2	 4	 1	sample8	946	2488	772	38550	0	
1	 2	 4	 2	sample8	386	1928	258	61680	0	
1	 2	 4	 3	sample8	696	2238	514	26214	0	
1	 2	 4	 4	sample8	212	1754	0	61680	0	
1	 2	 4	 5	sample8	335	1877	258	61680	0	
1	 2	 4	 6	control	745	2031	770	51440	0	
1	 3	 1	 1	sample9	636	2950	514	92560	0	
1	 3	 1	 2	sample9	742	2798	772	71960	0	
1	 3	 1	 3	sample9	540	2596	514	82240	0	
1	 3	 1	 4	sample9	476	2532	258	82240	0	
1	 3	 1	 5	sample9	449	2249	514	72000	0	
1	 3	 1	 6	control	295	2095	256	72000	0	
1	 3	 2	 1	sample10	714	2770	514	82240	0	
1	 3	 2	 2	sample10	770	2570	514	63000	0	
1	 3	 2	 3	sample10	449	2249	514	72000	0	
1	 3	 2	 4	sample10	373	1915	258	61680	0	
1	 3	 2	 5	sample10	380	1922	258	61680	0	
1	 3	 2	 6	control	1722	3264	1542	92520	0	
1	 3	 3	 1	sample11	1143	3457	1028	92560	0	
1	 3	 3	 2	sample11	879	2935	772	74016	0	
1	 3	 3	 3	sample11	983	2783	1028	52200	0	
1	 3	 3	 4	sample11	523	2323	514	46800	0	
1	 3	 3	 5	sample11	489	2031	514	61680	0	
1	 3	 3	 6	control	321	1607	256	51440	0	
1	 3	 4	 1	sample12	719	3033	514	92560	0	
1	 3	 4	 2	sample12	1274	3330	1028	47288	0	
1	 3	 4	 3	sample12	946	3002	1028	51400	0	
1	 3	 4	 4	sample12	296	2352	258	82240	0	
1	 3	 4	 5	sample12	193	2249	0	82240	0	
1	 3	 4	 6	control	501	2301	514	72000	0	
1	 4	 1	 1	sample13	1325	3125	1284	57600	0	
1	 4	 1	 2	sample13	1262	3062	1284	63000	0	
1	 4	 1	 3	sample13	764	2564	770	72000	0	
1	 4	 1	 4	sample13	404	2204	256	72000	0	
1	 4	 1	 5	sample13	412	1954	258	61680	0	
1	 4	 1	 6	control	465	2007	258	55512	0	
1	 4	 2	 1	sample14	1216	2758	1028	57054	0	
1	 4	 2	 2	sample14	1021	2563	1028	52428	0	
1	 4	 2	 3	sample14	1114	2656	1028	37008	0	
1	 4	 2	 4	sample14	1000	2542	1028	27756	0	
1	 4	 2	 5	sample14	457	1999	258	55512	0	
1	 4	 2	 6	control	1639	3181	1800	37008	0	
1	 4	 3	 1	sample15	1426	2712	1542	51440	0	
1	 4	 3	 2	sample15	923	2209	1028	47582	0	
1	 4	 3	 3	sample15	841	2127	770	51440	0	
1	 4	 3	 4	sample15	354	1896	258	61680	0	
1	 4	 3	 5	sample15	341	1883	258	61680	0	
1	 4	 3	 6	control	456	1742	256	46296	0	
1	 4	 4	 1	sample16	1543	3599	1542	67848	0	
1	 4	 4	 2	sample16	668	2468	514	72000	0	
1	 4	 4	 3	sample16	939	2739	770	68400	0	
1	 4	 4	 4	sample16	424	2224	256	72000	0	
1	 4	 4	 5	sample16	392	2192	256	72000	0	
1	 4	 4	 6	control	335	2135	0	64800	0	
1	 5	 1	 1	sample17	1393	3191	1286	86304	0	
1	 5	 1	 2	sample17	981	2779	1028	88102	0	
1	 5	 1	 3	sample17	764	2562	772	64728	0	
1	 5	 1	 4	sample17	664	2462	514	77314	0	
1	 5	 1	 5	sample17	115	2171	0	82240	0	
1	 5	 1	 6	control	51.1	2107	0	82240	0	
1	 5	 2	 1	sample18	662	2460	514	71920	0	
1	 5	 2	 2	sample18	614	2412	514	79112	0	
1	 5	 2	 3	sample18	393	2191	258	71920	0	
1	 5	 2	 4	sample18	123	1921	0	71920	0	
1	 5	 2	 5	sample18	58.3	1856	0	71920	0	
1	 5	 2	 6	control	1265	3063	1286	136648	0	
1	 5	 3	 1	sample19	1604	3146	1542	107940	0	
1	 5	 3	 2	sample19	1327	2869	1284	64764	0	
1	 5	 3	 3	sample19	764	2306	770	61680	0	
1	 5	 3	 4	sample19	372	1914	256	61680	0	
1	 5	 3	 5	sample19	141	1683	0	61680	0	
1	 5	 3	 6	control	-64.79	1477	-257.99	61680	0	
1	 5	 4	 1	sample20	548	2346	514	82708	0	
1	 5	 4	 2	sample20	698	2496	772	25172	0	
1	 5	 4	 3	sample20	296	2094	258	71920	0	
1	 5	 4	 4	sample20	142	1940	258	71920	0	
1	 5	 4	 5	sample20	26.2	1824	0	71920	0	
1	 5	 4	 6	control	473	2271	514	44950	0	
1	 6	 1	 1	sample21	1153	3981	1028	138572	0	
1	 6	 1	 2	sample21	1098	3926	1028	113120	0	
1	 6	 1	 3	sample21	960	3530	772	115650	0	
1	 6	 1	 4	sample21	669	3239	772	102800	0	
1	 6	 1	 5	sample21	508	3078	514	102800	0	
1	 6	 1	 6	control	109	2937	0	113120	0	
1	 6	 2	 1	sample22	1599	4169	1542	187610	0	
1	 6	 2	 2	sample22	2070	4640	2056	100230	0	
1	 6	 2	 3	sample22	1778	4348	1542	179900	0	
1	 6	 2	 4	sample22	799	3113	770	104130	0	
1	 6	 2	 5	sample22	558	2872	514	92560	0	
1	 6	 2	 6	control	1927	4241	1798	60164	0	
1	 6	 3	 1	sample23	1302	3358	1286	32896	0	
1	 6	 3	 2	sample23	289	2603	256	92560	0	
1	 6	 3	 3	sample23	737	3051	514	90246	0	
1	 6	 3	 4	sample23	147	2461	0	92560	0	
1	 6	 3	 5	sample23	256	2570	256	92560	0	
1	 6	 3	 6	control	25.2	2339	0	92560	0	
1	 6	 4	 1	sample24	399	2969	258	102800	0	
1	 6	 4	 2	sample24	225	2795	0	102800	0	
1	 6	 4	 3	sample24	494	2808	514	92560	0	
1	 6	 4	 4	sample24	147	2461	256	92560	0	
1	 6	 4	 5	sample24	289	2603	256	92560	0	
1	 6	 4	 6	control	263	2577	256	92560	0	
1	 7	 1	 1	sample25	2264	4064	1798	75600	0	
1	 7	 1	 2	sample25	1529	3329	1542	144000	0	
1	 7	 1	 3	sample25	1376	3176	1284	86400	0	
1	 7	 1	 4	sample25	831	2631	770	68400	0	
1	 7	 1	 5	sample25	372	2172	256	72000	0	
1	 7	 1	 6	control	-63.69	1992	-255.99	82240	0	
1	 7	 2	 1	sample26	765	2307	772	126444	0	
1	 7	 2	 2	sample26	777	2319	772	72474	0	
1	 7	 2	 3	sample26	386	1928	258	61680	0	
1	 7	 2	 4	sample26	322	1864	258	61680	0	
1	 7	 2	 5	sample26	148	1690	0	61680	0	
1	 7	 2	 6	control	1813	3355	1800	58596	0	
1	 7	 3	 1	sample27	1254	2540	1028	32150	0	
1	 7	 3	 2	sample27	526	1812	514	51440	0	
1	 7	 3	 3	sample27	526	1812	514	51440	0	
1	 7	 3	 4	sample27	64.6	1607	0	61680	0	
1	 7	 3	 5	sample27	308	1594	256	51440	0	
1	 7	 3	 6	control	83.9	1626	0	61680	0	
1	 7	 4	 1	sample28	1156	2442	1284	36008	0	
1	 7	 4	 2	sample28	1002	2288	1028	51440	0	
1	 7	 4	 3	sample28	493	2035	514	37008	0	
1	 7	 4	 4	sample28	380	1922	258	61680	0	
1	 7	 4	 5	sample28	277	1819	0	61680	0	
1	 7	 4	 6	control	1607	3149	1542	43176	0	
1	 8	 1	 1	sample29	2190	4502	2056	110976	0	
1	 8	 1	 2	sample29	2085	4141	2312	143920	0	
1	 8	 1	 3	sample29	1481	3537	1284	104856	0	
1	 8	 1	 4	sample29	1304	3102	1286	75516	0	
1	 8	 1	 5	sample29	456	2512	514	82240	0	
1	 8	 1	 6	control	44.5	2101	0	82240	0	
1	 8	 2	 1	sample30	1064	3120	1028	43176	0	
1	 8	 2	 2	sample30	791	2589	772	71920	0	
1	 8	 2	 3	sample30	566	2364	514	71920	0	
1	 8	 2	 4	sample30	322	2120	258	71920	0	
1	 8	 2	 5	sample30	379	2177	258	71920	0	
1	 8	 2	 6	control	1341	2883	1284	49344	0	
1	 8	 3	 1	sample31	1866	3664	1800	124062	0	
1	 8	 3	 2	sample31	1721	3519	1800	41354	0	
1	 8	 3	 3	sample31	1296	2838	1284	70932	0	
1	 8	 3	 4	sample31	873	2415	770	61680	0	
1	 8	 3	 5	sample31	417	1959	514	61680	0	
1	 8	 3	 6	control	186	1728	0	61680	0	
1	 8	 4	 1	sample32	1554	3352	1542	79112	0	
1	 8	 4	 2	sample32	656	2454	514	71920	0	
1	 8	 4	 3	sample32	669	2467	514	44950	0	
1	 8	 4	 4	sample32	399	2197	258	71920	0	
1	 8	 4	 5	sample32	232	2030	0	71920	0	
1	 8	 4	 6	control	283	2081	258	71920	0	
1	 9	 1	 1	sample33	649	2447	514	71920	0	
1	 9	 1	 2	sample33	752	2550	772	71920	0	
1	 9	 1	 3	sample33	707	2505	514	43152	0	
1	 9	 1	 4	sample33	399	2197	258	71920	0	
1	 9	 1	 5	sample33	405	2203	258	71920	0	
1	 9	 1	 6	control	449	1991	256	61680	0	
1	 9	 2	 1	sample34	1271	2813	1028	58596	0	
1	 9	 2	 2	sample34	1137	2679	1284	61680	0	
1	 9	 2	 3	sample34	994	2536	1028	47802	0	
1	 9	 2	 4	sample34	791	2333	770	57054	0	
1	 9	 2	 5	sample34	676	2218	514	46260	0	
1	 9	 2	 6	control	1802	3344	2056	104856	0	
1	 9	 3	 1	sample35	713	2255	770	61680	0	
1	 9	 3	 2	sample35	479	2021	514	57054	0	
1	 9	 3	 3	sample35	386	1670	258	51360	0	
1	 9	 3	 4	sample35	360	1644	258	51360	0	
1	 9	 3	 5	sample35	354	1638	258	51360	0	
1	 9	 3	 6	control	277	1561	258	51360	0	
1	 9	 4	 1	sample36	1881	3679	1800	39556	0	
1	 9	 4	 2	sample36	803	2345	514	61680	0	
1	 9	 4	 3	sample36	353	1895	256	61680	0	
1	 9	 4	 4	sample36	244	1786	0	61680	0	
1	 9	 4	 5	sample36	692	1976	514	37236	0	
1	 9	 4	 6	control	527	1811	258	51360	0	
1	 10	 1	 1	sample37	1354	3152	1542	88102	0	
1	 10	 1	 2	sample37	1110	2908	1028	79112	0	
1	 10	 1	 3	sample37	989	2531	1028	72474	0	
1	 10	 1	 4	sample37	620	2418	514	70122	0	
1	 10	 1	 5	sample37	238	2036	258	71920	0	
1	 10	 1	 6	control	136	1934	0	71920	0	
1	 10	 2	 1	sample38	899	2441	1028	52428	0	
1	 10	 2	 2	sample38	837	2121	772	60348	0	
1	 10	 2	 3	sample38	875	2159	772	51360	0	
1	 10	 2	 4	sample38	730	2014	772	64200	0	
1	 10	 2	 5	sample38	547	1831	514	51360	0	
1	 10	 2	 6	control	1556	2840	1542	74472	0	
1	 10	 3	 1	sample39	1516	2800	1542	87312	0	
1	 10	 3	 2	sample39	1486	2770	1542	52644	0	
1	 10	 3	 3	sample39	860	2144	772	33384	0	
1	 10	 3	 4	sample39	620	1904	514	43656	0	
1	 10	 3	 5	sample39	450	1734	514	30816	0	
1	 10	 3	 6	control	251	1535	258	51360	0	
1	 10	 4	 1	sample40	1138	2422	1028	51360	0	
1	 10	 4	 2	sample40	771	2055	772	44940	0	
1	 10	 4	 3	sample40	495	1779	514	51360	0	
1	 10	 4	 4	sample40	495	1779	514	51360	0	
1	 10	 4	 5	sample40	322	1606	258	51360	0	
1	 10	 4	 6	control	868	2152	772	51360	0	
1	 11	 1	 1	sample41	1190	2988	1028	91698	0	
1	 11	 1	 2	sample41	967	2765	1028	89900	0	
1	 11	 1	 3	sample41	1059	2857	1028	89900	0	
1	 11	 1	 4	sample41	926	2724	772	80910	0	
1	 11	 1	 5	sample41	806	2604	514	26970	0	
1	 11	 1	 6	control	468	2524	256	69904	0	
1	 11	 2	 1	sample42	958	2500	1028	74016	0	
1	 11	 2	 2	sample42	1292	2576	1286	53928	0	
1	 11	 2	 3	sample42	765	2307	514	74016	0	
1	 11	 2	 4	sample42	492	2034	256	55512	0	
1	 11	 2	 5	sample42	435	1977	256	55512	0	
1	 11	 2	 6	control	1494	3292	1542	86304	0	
1	 11	 3	 1	sample43	2519	3803	2314	51360	0	
1	 11	 3	 2	sample43	790	2332	770	80184	0	
1	 11	 3	 3	sample43	1079	2621	1028	61680	0	
1	 11	 3	 4	sample43	740	2282	514	38550	0	
1	 11	 3	 5	sample43	462	2004	256	61680	0	
1	 11	 3	 6	control	264	1806	256	55512	0	
1	 11	 4	 1	sample44	1022	2564	770	72474	0	
1	 11	 4	 2	sample44	963	2505	770	67848	0	
1	 11	 4	 3	sample44	950	2492	770	61680	0	
1	 11	 4	 4	sample44	1040	2582	770	32382	0	
1	 11	 4	 5	sample44	593	2135	514	44718	0	
1	 11	 4	 6	control	1464	3006	1542	30840	0	
1	 12	 1	 1	sample45	1124	2924	1028	72000	0	
1	 12	 1	 2	sample45	578	2378	514	64800	0	
1	 12	 1	 3	sample45	586	2642	514	96632	0	
1	 12	 1	 4	sample45	597	2653	514	57568	0	
1	 12	 1	 5	sample45	429	2485	258	74016	0	
1	 12	 1	 6	control	542	2856	514	83304	0	
1	 12	 2	 1	sample46	348	1890	258	52428	0	
1	 12	 2	 2	sample46	425	1967	258	61680	0	
1	 12	 2	 3	sample46	380	1922	258	61680	0	
1	 12	 2	 4	sample46	425	1967	258	61680	0	
1	 12	 2	 5	sample46	411	2211	256	72000	0	
1	 12	 2	 6	control	854	3168	770	92560	0	
1	 12	 3	 1	sample47	542	2084	514	127986	0	
1	 12	 3	 2	sample47	534	2076	514	61680	0	
1	 12	 3	 3	sample47	328	1870	258	61680	0	
1	 12	 3	 4	sample47	148	1690	258	61680	0	
1	 12	 3	 5	sample47	96	1896	0	72000	0	
1	 12	 3	 6	control	303	2359	258	82240	0	
1	 12	 4	 1	sample48	1002	2544	772	60138	0	
1	 12	 4	 2	sample48	386	1928	514	61680	0	
1	 12	 4	 3	sample48	648	1934	514	51440	0	
1	 12	 4	 4	sample48	264	1806	258	61680	0	
1	 12	 4	 5	sample48	470	2012	258	61680	0	
1	 12	 4	 6	control	1054	3110	1028	82240	0	
2	 1	 1	 1	sample49	1034	2576	772	75558	0	
2	 1	 1	 2	sample49	1086	2628	1028	69390	0	
2	 1	 1	 3	sample49	797	2597	770	88200	0	
2	 1	 1	 4	sample49	740	2540	514	90000	0	
2	 1	 1	 5	sample49	315	2371	258	82240	0	
2	 1	 1	 6	control	245	2301	258	82240	0	
2	 1	 2	 1	sample50	1600	2886	1542	146604	0	
2	 1	 2	 2	sample50	2143	3429	1798	56584	0	
2	 1	 2	 3	sample50	1440	2982	1286	61680	0	
2	 1	 2	 4	sample50	824	2624	770	86400	0	
2	 1	 2	 5	sample50	662	2462	770	81000	0	
2	 1	 2	 6	control	1334	3390	1542	86352	0	
2	 1	 3	 1	sample51	1345	2373	1286	40092	0	
2	 1	 3	 2	sample51	576	1862	514	57870	0	
2	 1	 3	 3	sample51	603	1889	514	66872	0	
2	 1	 3	 4	sample51	393	1935	258	55512	0	
2	 1	 3	 5	sample51	472	2014	514	55512	0	
2	 1	 3	 6	control	179	1979	0	72000	0	
2	 1	 4	 1	sample52	587	1873	514	54012	0	
2	 1	 4	 2	sample52	307	1593	256	46296	0	
2	 1	 4	 3	sample52	371	1657	256	46296	0	
2	 1	 4	 4	sample52	321	1607	256	46296	0	
2	 1	 4	 5	sample52	300	1842	258	55512	0	
2	 1	 4	 6	control	730	2272	514	66306	0	
2	 2	 1	 1	sample53	1122	2922	1028	73800	0	
2	 2	 1	 2	sample53	475	2275	514	72000	0	
2	 2	 1	 3	sample53	639	2439	514	77400	0	
2	 2	 1	 4	sample53	1346	2888	1286	72474	0	
2	 2	 1	 5	sample53	347	1889	258	61680	0	
2	 2	 1	 6	control	180	1722	0	61680	0	
2	 2	 2	 1	sample54	1350	2892	1286	67848	0	
2	 2	 2	 2	sample54	1093	2635	1028	61680	0	
2	 2	 2	 3	sample54	785	2327	772	58596	0	
2	 2	 2	 4	sample54	586	2128	514	77100	0	
2	 2	 2	 5	sample54	443	1985	258	66306	0	
2	 2	 2	 6	control	1405	2947	1286	83268	0	
2	 2	 3	 1	sample55	2170	3456	1798	81018	0	
2	 2	 3	 2	sample55	1403	2945	1286	124902	0	
2	 2	 3	 3	sample55	1151	2437	1028	61728	0	
2	 2	 3	 4	sample55	624	1910	514	65586	0	
2	 2	 3	 5	sample55	604	1890	514	43724	0	
2	 2	 3	 6	control	135	1677	0	61680	0	
2	 2	 4	 1	sample56	738	2024	514	51440	0	
2	 2	 4	 2	sample56	1080	2366	1028	43724	0	
2	 2	 4	 3	sample56	514	1800	514	51440	0	
2	 2	 4	 4	sample56	404	1690	256	51440	0	
2	 2	 4	 5	sample56	396	1682	256	42438	0	
2	 2	 4	 6	control	661	1947	514	51440	0	
2	 3	 1	 1	sample57	1514	3312	1286	181598	0	
2	 3	 1	 2	sample57	1349	2891	1284	164994	0	
2	 3	 1	 3	sample57	1323	2607	1286	121980	0	
2	 3	 1	 4	sample57	1072	2356	1028	68052	0	
2	 3	 1	 5	sample57	733	2017	772	51360	0	
2	 3	 1	 6	control	360	1644	258	51360	0	
2	 3	 2	 1	sample58	1096	2894	1028	143840	0	
2	 3	 2	 2	sample58	1331	2873	1542	77100	0	
2	 3	 2	 3	sample58	1069	2353	1028	65484	0	
2	 3	 2	 4	sample58	766	2050	772	61632	0	
2	 3	 2	 5	sample58	535	1819	514	64200	0	
2	 3	 2	 6	control	1691	2975	1800	118128	0	
2	 3	 3	 1	sample59	1857	3655	1800	161820	0	
2	 3	 3	 2	sample59	2114	3656	2056	121818	0	
2	 3	 3	 3	sample59	1245	2529	1286	121980	0	
2	 3	 3	 4	sample59	1003	2287	1028	65484	0	
2	 3	 3	 5	sample59	746	2030	772	64200	0	
2	 3	 3	 6	control	392	1676	258	51360	0	
2	 3	 4	 1	sample60	854	2396	770	61680	0	
2	 3	 4	 2	sample60	704	2246	514	53970	0	
2	 3	 4	 3	sample60	624	1908	514	51360	0	
2	 3	 4	 4	sample60	482	1766	258	51360	0	
2	 3	 4	 5	sample60	444	1728	258	51360	0	
2	 3	 4	 6	control	714	1998	514	51360	0	
2	 4	 1	 1	sample61	1459	3001	1542	70932	0	
2	 4	 1	 2	sample61	1437	2979	1286	67848	0	
2	 4	 1	 3	sample61	947	2489	772	67848	0	
2	 4	 1	 4	sample61	707	2249	514	49344	0	
2	 4	 1	 5	sample61	200	1742	258	61680	0	
2	 4	 1	 6	control	307	1593	256	46296	0	
2	 4	 2	 1	sample62	958	2500	1028	61680	0	
2	 4	 2	 2	sample62	676	2218	514	53970	0	
2	 4	 2	 3	sample62	385	1671	256	51440	0	
2	 4	 2	 4	sample62	456	1742	514	51440	0	
2	 4	 2	 5	sample62	475	1761	514	51440	0	
2	 4	 2	 6	control	3706	4992	3854	24434	0	
2	 4	 3	 1	sample63	2075	3617	2056	64764	0	
2	 4	 3	 2	sample63	1396	2938	1286	64764	0	
2	 4	 3	 3	sample63	924	2466	772	75558	0	
2	 4	 3	 4	sample63	755	2297	772	23130	0	
2	 4	 3	 5	sample63	110	1652	0	61680	0	
2	 4	 3	 6	control	206	1492	256	46296	0	
2	 4	 4	 1	sample64	522	2064	514	55512	0	
2	 4	 4	 2	sample64	587	2129	514	60138	0	
2	 4	 4	 3	sample64	200	1742	0	55512	0	
2	 4	 4	 4	sample64	150	1692	0	55512	0	
2	 4	 4	 5	sample64	179	1721	258	55512	0	
2	 4	 4	 6	control	296	1838	258	61680	0	
2	 5	 1	 1	sample65	1626	2912	1542	101594	0	
2	 5	 1	 2	sample65	1392	2678	1542	95164	0	
2	 5	 1	 3	sample65	1547	2833	1542	63014	0	
2	 5	 1	 4	sample65	823	2365	772	61680	0	
2	 5	 1	 5	sample65	2643	4185	2056	49344	0	
2	 5	 1	 6	control	437	1979	258	61680	0	
2	 5	 2	 1	sample66	1086	2372	1028	84876	0	
2	 5	 2	 2	sample66	1250	2536	1284	87448	0	
2	 5	 2	 3	sample66	1420	2706	1284	24434	0	
2	 5	 2	 4	sample66	803	2089	770	51440	0	
2	 5	 2	 5	sample66	758	2044	514	51440	0	
2	 5	 2	 6	control	1610	3152	1542	81726	0	
2	 5	 3	 1	sample67	1092	2378	1028	56584	0	
2	 5	 3	 2	sample67	934	2220	770	56584	0	
2	 5	 3	 3	sample67	801	2343	772	40092	0	
2	 5	 3	 4	sample67	437	1979	258	61680	0	
2	 5	 3	 5	sample67	303	1845	258	61680	0	
2	 5	 3	 6	control	309	1851	258	61680	0	
2	 5	 4	 1	sample68	751	2293	772	58596	0	
2	 5	 4	 2	sample68	765	2307	514	66306	0	
2	 5	 4	 3	sample68	405	1947	258	61680	0	
2	 5	 4	 4	sample68	289	2089	256	72000	0	
2	 5	 4	 5	sample68	449	2249	256	72000	0	
2	 5	 4	 6	control	795	2595	514	37800	0	
2	 6	 1	 1	sample69	2454	3738	2570	98868	0	
2	 6	 1	 2	sample69	964	2248	1028	51360	0	
2	 6	 1	 3	sample69	1081	2365	1028	43656	0	
2	 6	 1	 4	sample69	1073	2357	1028	37236	0	
2	 6	 1	 5	sample69	578	2120	514	37008	0	
2	 6	 1	 6	control	341	1625	258	51360	0	
2	 6	 2	 1	sample70	751	2035	772	48792	0	
2	 6	 2	 2	sample70	322	1606	258	51360	0	
2	 6	 2	 3	sample70	258	1542	258	51360	0	
2	 6	 2	 4	sample70	251	1535	258	51360	0	
2	 6	 2	 5	sample70	347	1631	258	51360	0	
2	 6	 2	 6	control	887	2171	772	37236	0	
2	 6	 3	 1	sample71	1066	2350	1028	52644	0	
2	 6	 3	 2	sample71	704	1988	772	24396	0	
2	 6	 3	 3	sample71	373	1657	258	51360	0	
2	 6	 3	 4	sample71	487	1771	514	35952	0	
2	 6	 3	 5	sample71	439	1723	514	30816	0	
2	 6	 3	 6	control	148	1432	258	51360	0	
2	 6	 4	 1	sample72	546	2088	256	61680	0	
2	 6	 4	 2	sample72	308	1850	256	61680	0	
2	 6	 4	 3	sample72	317	1859	256	52428	0	
2	 6	 4	 4	sample72	289	1831	256	61680	0	
2	 6	 4	 5	sample72	154	1696	0	61680	0	
2	 6	 4	 6	control	205	1747	256	61680	0	
2	 7	 1	 1	sample73	1473	3015	1542	69390	0	
2	 7	 1	 2	sample73	1535	3077	1542	57054	0	
2	 7	 1	 3	sample73	1265	2807	1284	61680	0	
2	 7	 1	 4	sample73	359	1901	514	61680	0	
2	 7	 1	 5	sample73	521	1805	514	51360	0	
2	 7	 1	 6	control	386	1670	258	51360	0	
2	 7	 2	 1	sample74	1215	2499	1286	51360	0	
2	 7	 2	 2	sample74	852	2394	1028	58596	0	
2	 7	 2	 3	sample74	617	1901	514	51360	0	
2	 7	 2	 4	sample74	245	1529	258	51360	0	
2	 7	 2	 5	sample74	341	1625	258	51360	0	
2	 7	 2	 6	control	2394	3678	2570	89880	0	
2	 7	 3	 1	sample75	495	1779	514	51360	0	
2	 7	 3	 2	sample75	205	1747	0	61680	0	
2	 7	 3	 3	sample75	405	1689	258	51360	0	
2	 7	 3	 4	sample75	225	1509	258	51360	0	
2	 7	 3	 5	sample75	174	1458	258	51360	0	
2	 7	 3	 6	control	277	1561	258	51360	0	
2	 7	 4	 1	sample76	732	2274	770	61680	0	
2	 7	 4	 2	sample76	1035	2577	1028	53970	0	
2	 7	 4	 3	sample76	469	2011	514	61680	0	
2	 7	 4	 4	sample76	269	1811	256	61680	0	
2	 7	 4	 5	sample76	450	1734	258	51360	0	
2	 7	 4	 6	control	173	1715	0	61680	0	
2	 8	 1	 1	sample77	3692	5234	3598	118734	0	
2	 8	 1	 2	sample77	3866	5408	3856	111024	0	
2	 8	 1	 3	sample77	2198	3740	2314	103314	0	
2	 8	 1	 4	sample77	1734	3020	1798	51440	0	
2	 8	 1	 5	sample77	899	2185	770	51440	0	
2	 8	 1	 6	control	167	1453	256	51440	0	
2	 8	 2	 1	sample78	1016	2558	1028	61680	0	
2	 8	 2	 2	sample78	515	2057	514	61680	0	
2	 8	 2	 3	sample78	200	1742	0	61680	0	
2	 8	 2	 4	sample78	462	1748	514	51440	0	
2	 8	 2	 5	sample78	398	1684	256	51440	0	
2	 8	 2	 6	control	2255	3797	2314	121818	0	
2	 8	 3	 1	sample79	2028	3828	1798	118800	0	
2	 8	 3	 2	sample79	2269	3811	2314	61680	0	
2	 8	 3	 3	sample79	1003	2545	1028	61680	0	
2	 8	 3	 4	sample79	1108	2650	1028	69390	0	
2	 8	 3	 5	sample79	502	2044	514	61680	0	
2	 8	 3	 6	control	129	1671	0	61680	0	
2	 8	 4	 1	sample80	372	2172	256	72000	0	
2	 8	 4	 2	sample80	425	1967	258	61680	0	
2	 8	 4	 3	sample80	192	1992	0	72000	0	
2	 8	 4	 4	sample80	232	1774	258	61680	0	
2	 8	 4	 5	sample80	206	1748	258	61680	0	
2	 8	 4	 6	control	508	2050	514	61680	0	
2	 9	 1	 1	sample81	2571	4369	2570	125860	0	
2	 9	 1	 2	sample81	1747	3545	1800	88102	0	
2	 9	 1	 3	sample81	1501	3299	1542	89900	0	
2	 9	 1	 4	sample81	1069	2867	1028	68324	0	
2	 9	 1	 5	sample81	851	2393	1028	53970	0	
2	 9	 1	 6	control	264	1806	0	55512	0	
2	 9	 2	 1	sample82	1244	3042	1028	66526	0	
2	 9	 2	 2	sample82	1237	3035	1286	66526	0	
2	 9	 2	 3	sample82	1367	3165	1286	68324	0	
2	 9	 2	 4	sample82	1172	2970	1286	61132	0	
2	 9	 2	 5	sample82	797	2339	770	44718	0	
2	 9	 2	 6	control	1531	3073	1542	72474	0	
2	 9	 3	 1	sample83	1270	3068	1286	61132	0	
2	 9	 3	 2	sample83	1320	3118	1286	53940	0	
2	 9	 3	 3	sample83	791	2589	772	71920	0	
2	 9	 3	 4	sample83	579	2377	514	71920	0	
2	 9	 3	 5	sample83	405	2203	258	71920	0	
2	 9	 3	 6	control	299	1841	256	55512	0	
2	 9	 4	 1	sample84	1230	3028	1028	66526	0	
2	 9	 4	 2	sample84	897	2695	1028	80910	0	
2	 9	 4	 3	sample84	534	2332	514	71920	0	
2	 9	 4	 4	sample84	566	2364	514	71920	0	
2	 9	 4	 5	sample84	425	2223	514	71920	0	
2	 9	 4	 6	control	1103	2901	772	93496	0	
2	 10	 1	 1	sample85	1021	2563	1028	126444	0	
2	 10	 1	 2	sample85	1320	2604	1286	106572	0	
2	 10	 1	 3	sample85	1165	2449	1028	84744	0	
2	 10	 1	 4	sample85	955	2239	772	62916	0	
2	 10	 1	 5	sample85	575	2117	514	64764	0	
2	 10	 1	 6	control	1064	2606	770	32382	0	
2	 10	 2	 1	sample86	1485	2769	1286	34668	0	
2	 10	 2	 2	sample86	1154	2438	772	55212	0	
2	 10	 2	 3	sample86	1142	2426	1028	32100	0	
2	 10	 2	 4	sample86	857	2141	772	42372	0	
2	 10	 2	 5	sample86	836	2120	772	51360	0	
2	 10	 2	 6	control	1160	2444	1286	52644	0	
2	 10	 3	 1	sample87	1696	3238	1542	46260	0	
2	 10	 3	 2	sample87	991	2275	1028	61632	0	
2	 10	 3	 3	sample87	702	1986	772	42372	0	
2	 10	 3	 4	sample87	764	2048	514	44940	0	
2	 10	 3	 5	sample87	722	2006	514	53928	0	
2	 10	 3	 6	control	1029	2313	772	24396	0	
2	 10	 4	 1	sample88	1675	3473	1542	52142	0	
2	 10	 4	 2	sample88	645	2187	514	66306	0	
2	 10	 4	 3	sample88	662	1946	514	51360	0	
2	 10	 4	 4	sample88	588	2130	514	58596	0	
2	 10	 4	 5	sample88	507	2049	256	61680	0	
2	 10	 4	 6	control	673	2215	514	64764	0	
2	 11	 1	 1	sample89	2910	4196	2826	106738	0	
2	 11	 1	 2	sample89	2288	3574	2056	68158	0	
2	 11	 1	 3	sample89	1809	3095	1798	63014	0	
2	 11	 1	 4	sample89	1477	2763	1542	61728	0	
2	 11	 1	 5	sample89	611	2153	514	61680	0	
2	 11	 1	 6	control	315	1857	258	61680	0	
2	 11	 2	 1	sample90	1053	2339	1028	51440	0	
2	 11	 2	 2	sample90	862	2148	770	57870	0	
2	 11	 2	 3	sample90	1260	2546	1284	66872	0	
2	 11	 2	 4	sample90	1027	2313	1028	60442	0	
2	 11	 2	 5	sample90	770	2056	770	51440	0	
2	 11	 2	 6	control	2072	3614	1800	101772	0	
2	 11	 3	 1	sample91	1027	2313	770	51440	0	
2	 11	 3	 2	sample91	950	2236	1028	51440	0	
2	 11	 3	 3	sample91	668	1954	514	51440	0	
2	 11	 3	 4	sample91	668	1954	514	51440	0	
2	 11	 3	 5	sample91	385	1671	514	51440	0	
2	 11	 3	 6	control	215	1757	258	55512	0	
2	 11	 4	 1	sample92	817	2103	770	50154	0	
2	 11	 4	 2	sample92	578	1864	514	46296	0	
2	 11	 4	 3	sample92	791	2077	770	32150	0	
2	 11	 4	 4	sample92	521	1807	256	46296	0	
2	 11	 4	 5	sample92	300	1842	258	55512	0	
2	 11	 4	 6	control	1428	2970	1286	69390	0	
2	 12	 1	 1	sample93	885	2427	772	104856	0	
2	 12	 1	 2	sample93	561	2103	514	67848	0	
2	 12	 1	 3	sample93	678	2220	772	67848	0	
2	 12	 1	 4	sample93	739	2281	772	60138	0	
2	 12	 1	 5	sample93	443	2243	256	72000	0	
2	 12	 1	 6	control	244	2558	256	92560	0	
2	 12	 2	 1	sample94	1694	3236	1286	26214	0	
2	 12	 2	 2	sample94	996	2538	1028	61680	0	
2	 12	 2	 3	sample94	1081	2623	1028	75558	0	
2	 12	 2	 4	sample94	1068	2610	1028	60138	0	
2	 12	 2	 5	sample94	970	2770	1028	72000	0	
2	 12	 2	 6	control	1233	3547	1284	138840	0	
2	 12	 3	 1	sample95	1203	2745	1028	90978	0	
2	 12	 3	 2	sample95	430	2230	256	72000	0	
2	 12	 3	 3	sample95	766	2308	772	66306	0	
2	 12	 3	 4	sample95	346	2146	256	72000	0	
2	 12	 3	 5	sample95	309	2365	258	82240	0	
2	 12	 3	 6	control	192	2506	256	92560	0	
2	 12	 4	 1	sample96	1402	2944	1542	98688	0	
2	 12	 4	 2	sample96	607	2407	514	84600	0	
2	 12	 4	 3	sample96	554	2354	514	34200	0	
2	 12	 4	 4	sample96	205	2005	0	72000	0	
2	 12	 4	 5	sample96	283	2339	258	82240	0	
2	 12	 4	 6	control	1209	3779	1028	95090	0	
3	 1	 1	 1	sample97	2448	4248	2570	133200	0	
3	 1	 1	 2	sample97	2478	4020	2570	77100	0	
3	 1	 1	 3	sample97	1477	3019	1542	78642	0	
3	 1	 1	 4	sample97	1366	2652	1284	60442	0	
3	 1	 1	 5	sample97	777	2319	772	67848	0	
3	 1	 1	 6	control	123	1665	0	61680	0	
3	 1	 2	 1	sample98	1557	3357	1542	91800	0	
3	 1	 2	 2	sample98	1224	3024	1028	91800	0	
3	 1	 2	 3	sample98	960	2502	772	46260	0	
3	 1	 2	 4	sample98	778	2320	772	63222	0	
3	 1	 2	 5	sample98	1011	2553	1028	23130	0	
3	 1	 2	 6	control	1373	2915	1286	72474	0	
3	 1	 3	 1	sample99	933	2733	770	88200	0	
3	 1	 3	 2	sample99	488	2288	514	72000	0	
3	 1	 3	 3	sample99	834	2376	772	63222	0	
3	 1	 3	 4	sample99	731	2273	772	67848	0	
3	 1	 3	 5	sample99	250	2050	256	72000	0	
3	 1	 3	 6	control	57.4	1857	0	72000	0	
3	 1	 4	 1	sample100	682	2738	772	82240	0	
3	 1	 4	 2	sample100	251	2307	258	82240	0	
3	 1	 4	 3	sample100	494	2294	514	72000	0	
3	 1	 4	 4	sample100	192	1992	256	72000	0	
3	 1	 4	 5	sample100	308	2108	256	72000	0	
3	 1	 4	 6	control	672	2472	514	70200	0	
3	 2	 1	 1	sample101	1119	2403	1286	51360	0	
3	 2	 1	 2	sample101	546	2088	514	61680	0	
3	 2	 1	 3	sample101	494	2036	514	61680	0	
3	 2	 1	 4	sample101	611	1895	514	51360	0	
3	 2	 1	 5	sample101	89.4	1631	0	61680	0	
3	 2	 1	 6	control	82.9	1625	0	61680	0	
3	 2	 2	 1	sample102	1091	2375	1028	57780	0	
3	 2	 2	 2	sample102	675	1959	514	51360	0	
3	 2	 2	 3	sample102	508	1792	514	51360	0	
3	 2	 2	 4	sample102	187	1471	0	51360	0	
3	 2	 2	 5	sample102	309	1593	258	51360	0	
3	 2	 2	 6	control	1707	3249	1542	69390	0	
3	 2	 3	 1	sample103	3043	4585	3340	107940	0	
3	 2	 3	 2	sample103	1575	3117	1284	152658	0	
3	 2	 3	 3	sample103	1137	2679	1028	61680	0	
3	 2	 3	 4	sample103	958	2242	772	65484	0	
3	 2	 3	 5	sample103	807	2091	772	28248	0	
3	 2	 3	 6	control	379	1663	258	46224	0	
3	 2	 4	 1	sample104	1201	2743	770	57054	0	
3	 2	 4	 2	sample104	790	2332	770	60138	0	
3	 2	 4	 3	sample104	449	1991	514	55512	0	
3	 2	 4	 4	sample104	507	1791	514	46224	0	
3	 2	 4	 5	sample104	564	1848	258	46224	0	
3	 2	 4	 6	control	1099	2383	1028	51360	0	
3	 3	 1	 1	sample105	1667	3209	1542	75558	0	
3	 3	 1	 2	sample105	1776	3060	1800	56496	0	
3	 3	 1	 3	sample105	1403	2687	1286	59064	0	
3	 3	 1	 4	sample105	790	2332	770	80184	0	
3	 3	 1	 5	sample105	525	2067	514	70932	0	
3	 3	 1	 6	control	341	1625	0	51360	0	
3	 3	 2	 1	sample106	1910	3194	2056	110424	0	
3	 3	 2	 2	sample106	1434	2718	1286	66768	0	
3	 3	 2	 3	sample106	1255	2539	1286	64200	0	
3	 3	 2	 4	sample106	759	2043	772	51360	0	
3	 3	 2	 5	sample106	649	1933	514	51360	0	
3	 3	 2	 6	control	1796	3080	2056	86028	0	
3	 3	 3	 1	sample107	1704	2988	1800	55212	0	
3	 3	 3	 2	sample107	837	2121	772	65484	0	
3	 3	 3	 3	sample107	849	2133	772	55212	0	
3	 3	 3	 4	sample107	497	1781	514	55212	0	
3	 3	 3	 5	sample107	315	1599	258	51360	0	
3	 3	 3	 6	control	148	1432	0	51360	0	
3	 3	 4	 1	sample108	896	2438	770	63222	0	
3	 3	 4	 2	sample108	335	1619	258	51360	0	
3	 3	 4	 3	sample108	637	1665	514	49344	0	
3	 3	 4	 4	sample108	557	1585	514	42148	0	
3	 3	 4	 5	sample108	103	1387	0	51360	0	
3	 3	 4	 6	control	290	1574	258	51360	0	
3	 4	 1	 1	sample109	1671	2955	1542	64200	0	
3	 4	 1	 2	sample109	3465	4749	3598	66768	0	
3	 4	 1	 3	sample109	1899	3183	1800	56496	0	
3	 4	 1	 4	sample109	1066	2350	1028	61632	0	
3	 4	 1	 5	sample109	823	2107	772	57780	0	
3	 4	 1	 6	control	431	1715	258	51360	0	
3	 4	 2	 1	sample110	2256	3540	2056	51360	0	
3	 4	 2	 2	sample110	1701	2985	1800	66768	0	
3	 4	 2	 3	sample110	984	2268	1028	59064	0	
3	 4	 2	 4	sample110	1021	2049	1028	41120	0	
3	 4	 2	 5	sample110	489	1773	258	51360	0	
3	 4	 2	 6	control	2229	3513	2056	105288	0	
3	 4	 3	 1	sample111	2143	3427	2056	95016	0	
3	 4	 3	 2	sample111	2805	4089	2314	44940	0	
3	 4	 3	 3	sample111	1074	2358	1028	51360	0	
3	 4	 3	 4	sample111	783	1811	770	41120	0	
3	 4	 3	 5	sample111	187	1471	258	51360	0	
3	 4	 3	 6	control	122	1406	0	46224	0	
3	 4	 4	 1	sample112	1316	2600	1028	64200	0	
3	 4	 4	 2	sample112	1478	2762	1542	51360	0	
3	 4	 4	 3	sample112	893	2177	772	46224	0	
3	 4	 4	 4	sample112	622	1906	514	46224	0	
3	 4	 4	 5	sample112	400	1684	258	46224	0	
3	 4	 4	 6	control	714	1998	514	51360	0	
3	 5	 1	 1	sample113	1205	3005	1284	122400	0	
3	 5	 1	 2	sample113	1802	3602	1798	135000	0	
3	 5	 1	 3	sample113	1166	2966	1028	133200	0	
3	 5	 1	 4	sample113	1039	2839	1028	79200	0	
3	 5	 1	 5	sample113	668	2468	514	90000	0	
3	 5	 1	 6	control	680	2480	514	61200	0	
3	 5	 2	 1	sample114	1461	3003	1286	58596	0	
3	 5	 2	 2	sample114	1198	2740	1286	72474	0	
3	 5	 2	 3	sample114	804	2346	772	74016	0	
3	 5	 2	 4	sample114	501	2301	514	72000	0	
3	 5	 2	 5	sample114	385	2185	256	72000	0	
3	 5	 2	 6	control	1436	3236	1542	127800	0	
3	 5	 3	 1	sample115	1001	2543	1028	70932	0	
3	 5	 3	 2	sample115	877	2419	1028	78642	0	
3	 5	 3	 3	sample115	327	2127	256	72000	0	
3	 5	 3	 4	sample115	655	2455	770	36000	0	
3	 5	 3	 5	sample115	475	2275	514	72000	0	
3	 5	 3	 6	control	128	1928	0	72000	0	
3	 5	 4	 1	sample116	746	2288	772	30840	0	
3	 5	 4	 2	sample116	491	2291	514	61200	0	
3	 5	 4	 3	sample116	1043	2585	1028	27756	0	
3	 5	 4	 4	sample116	618	2418	514	48600	0	
3	 5	 4	 5	sample116	906	2706	770	30600	0	
3	 5	 4	 6	control	745	2545	514	72000	0	
3	 6	 1	 1	sample117	1356	3154	1286	59334	0	
3	 6	 1	 2	sample117	1360	3158	1542	68324	0	
3	 6	 1	 3	sample117	934	2732	1028	73718	0	
3	 6	 1	 4	sample117	829	2627	772	71920	0	
3	 6	 1	 5	sample117	630	2428	514	71920	0	
3	 6	 1	 6	control	630	2428	514	71920	0	
3	 6	 2	 1	sample118	972	2514	770	35466	0	
3	 6	 2	 2	sample118	1597	3395	1800	68324	0	
3	 6	 2	 3	sample118	1277	2819	1542	49344	0	
3	 6	 2	 4	sample118	1107	2649	1028	44718	0	
3	 6	 2	 5	sample118	738	2280	514	61680	0	
3	 6	 2	 6	control	2283	3825	2312	81726	0	
3	 6	 3	 1	sample119	2711	4253	2312	61680	0	
3	 6	 3	 2	sample119	2022	3564	2056	58596	0	
3	 6	 3	 3	sample119	1429	2971	1542	49344	0	
3	 6	 3	 4	sample119	1161	2703	1028	41634	0	
3	 6	 3	 5	sample119	558	2100	514	61680	0	
3	 6	 3	 6	control	1220	2762	1028	43176	0	
3	 6	 4	 1	sample120	578	2120	256	61680	0	
3	 6	 4	 2	sample120	812	2354	770	38550	0	
3	 6	 4	 3	sample120	475	2017	256	61680	0	
3	 6	 4	 4	sample120	430	1972	256	61680	0	
3	 6	 4	 5	sample120	488	2030	256	61680	0	
3	 6	 4	 6	control	757	2299	514	61680	0	
3	 7	 1	 1	sample121	1819	4645	1800	113040	0	
3	 7	 1	 2	sample121	2224	5050	2056	113040	0	
3	 7	 1	 3	sample121	1491	4317	1286	113040	0	
3	 7	 1	 4	sample121	759	3585	772	113040	0	
3	 7	 1	 5	sample121	623	3193	514	102800	0	
3	 7	 1	 6	control	263	2833	256	102800	0	
3	 7	 2	 1	sample122	1285	3855	1284	102800	0	
3	 7	 2	 2	sample122	1118	3688	1028	102800	0	
3	 7	 2	 3	sample122	552	3122	514	102800	0	
3	 7	 2	 4	sample122	482	3052	514	102800	0	
3	 7	 2	 5	sample122	340	2910	256	102800	0	
3	 7	 2	 6	control	2798	5368	2826	185040	0	
3	 7	 3	 1	sample123	1885	4455	1798	190180	0	
3	 7	 3	 2	sample123	1111	3681	770	102800	0	
3	 7	 3	 3	sample123	629	3199	514	102800	0	
3	 7	 3	 4	sample123	334	2904	256	102800	0	
3	 7	 3	 5	sample123	57.4	2627	0	102800	0	
3	 7	 3	 6	control	239	2551	258	92480	0	
3	 7	 4	 1	sample124	1259	3829	1284	102800	0	
3	 7	 4	 2	sample124	886	3456	770	102800	0	
3	 7	 4	 3	sample124	295	2865	514	102800	0	
3	 7	 4	 4	sample124	354	3180	514	113040	0	
3	 7	 4	 5	sample124	15482	18052	12336	169620	0	
3	 7	 4	 6	control	398	2968	256	102800	0	
3	 8	 1	 1	sample125	2076	3874	2056	93496	0	
3	 8	 1	 2	sample125	2948	4490	2826	78642	0	
3	 8	 1	 3	sample125	1551	3093	1542	80184	0	
3	 8	 1	 4	sample125	771	2313	770	72474	0	
3	 8	 1	 5	sample125	715	2257	770	64764	0	
3	 8	 1	 6	control	173	1715	0	61680	0	
3	 8	 2	 1	sample126	2056	3598	2056	30840	0	
3	 8	 2	 2	sample126	1889	3431	2056	61680	0	
3	 8	 2	 3	sample126	1988	3530	2056	81726	0	
3	 8	 2	 4	sample126	1007	2291	1028	61632	0	
3	 8	 2	 5	sample126	838	2380	770	64764	0	
3	 8	 2	 6	control	2426	3710	2570	91164	0	
3	 8	 3	 1	sample127	2180	3464	2056	66768	0	
3	 8	 3	 2	sample127	1211	2495	1286	61632	0	
3	 8	 3	 3	sample127	804	2088	772	51360	0	
3	 8	 3	 4	sample127	360	1644	258	51360	0	
3	 8	 3	 5	sample127	135	1419	0	51360	0	
3	 8	 3	 6	control	314	1342	256	41120	0	
3	 8	 4	 1	sample128	905	2447	770	61680	0	
3	 8	 4	 2	sample128	714	1998	514	51360	0	
3	 8	 4	 3	sample128	584	2126	514	61680	0	
3	 8	 4	 4	sample128	694	1978	514	51360	0	
3	 8	 4	 5	sample128	553	1837	514	51360	0	
3	 8	 4	 6	control	443	1985	256	61680	0	
3	 9	 1	 1	sample129	877	2677	770	73800	0	
3	 9	 1	 2	sample129	1407	3207	1284	72000	0	
3	 9	 1	 3	sample129	828	2628	770	72000	0	
3	 9	 1	 4	sample129	1077	2619	1028	32382	0	
3	 9	 1	 5	sample129	656	2198	514	61680	0	
3	 9	 1	 6	control	424	2224	256	72000	0	
3	 9	 2	 1	sample130	1593	3393	1798	99000	0	
3	 9	 2	 2	sample130	2065	3607	1800	49344	0	
3	 9	 2	 3	sample130	1928	3470	2056	107940	0	
3	 9	 2	 4	sample130	1517	3059	1542	77100	0	
3	 9	 2	 5	sample130	1371	2913	1286	78642	0	
3	 9	 2	 6	control	1893	3435	2056	106398	0	
3	 9	 3	 1	sample131	1358	2644	1542	54012	0	
3	 9	 3	 2	sample131	811	2353	772	70932	0	
3	 9	 3	 3	sample131	489	2031	514	61680	0	
3	 9	 3	 4	sample131	582	2124	514	58596	0	
3	 9	 3	 5	sample131	548	2090	514	60138	0	
3	 9	 3	 6	control	225	1767	0	61680	0	
3	 9	 4	 1	sample132	1886	3686	1542	79200	0	
3	 9	 4	 2	sample132	1441	2983	1286	58596	0	
3	 9	 4	 3	sample132	977	2519	772	77100	0	
3	 9	 4	 4	sample132	833	2375	772	64764	0	
3	 9	 4	 5	sample132	502	2044	258	61680	0	
3	 9	 4	 6	control	744	2286	772	72474	0	
3	 10	 1	 1	sample133	2764	4564	2826	118800	0	
3	 10	 1	 2	sample133	2604	4146	2828	107940	0	
3	 10	 1	 3	sample133	1653	3195	1542	75558	0	
3	 10	 1	 4	sample133	1437	2979	1286	26214	0	
3	 10	 1	 5	sample133	931	2473	772	64764	0	
3	 10	 1	 6	control	335	1877	0	61680	0	
3	 10	 2	 1	sample134	2358	3900	2314	98688	0	
3	 10	 2	 2	sample134	1368	2910	1286	81726	0	
3	 10	 2	 3	sample134	1063	2349	1028	56584	0	
3	 10	 2	 4	sample134	873	2159	770	51440	0	
3	 10	 2	 5	sample134	855	2397	772	61680	0	
3	 10	 2	 6	control	2076	3618	2056	80184	0	
3	 10	 3	 1	sample135	1561	2847	1284	51440	0	
3	 10	 3	 2	sample135	1109	2395	1028	56584	0	
3	 10	 3	 3	sample135	771	2057	770	50154	0	
3	 10	 3	 4	sample135	424	1710	514	51440	0	
3	 10	 3	 5	sample135	295	1581	256	51440	0	
3	 10	 3	 6	control	353	1639	256	51440	0	
3	 10	 4	 1	sample136	1053	2339	1028	39866	0	
3	 10	 4	 2	sample136	845	2131	770	48868	0	
3	 10	 4	 3	sample136	610	1896	514	51440	0	
3	 10	 4	 4	sample136	501	1787	256	51440	0	
3	 10	 4	 5	sample136	282	1568	256	51440	0	
3	 10	 4	 6	control	784	2070	514	51440	0	
3	 11	 1	 1	sample137	1914	3456	1800	117192	0	
3	 11	 1	 2	sample137	2133	3675	2314	129528	0	
3	 11	 1	 3	sample137	1445	3245	1542	144000	0	
3	 11	 1	 4	sample137	912	2712	770	88200	0	
3	 11	 1	 5	sample137	705	2505	770	84600	0	
3	 11	 1	 6	control	314	2114	256	72000	0	
3	 11	 2	 1	sample138	1134	2676	1028	78642	0	
3	 11	 2	 2	sample138	1200	2742	1286	97146	0	
3	 11	 2	 3	sample138	1038	2580	1028	80184	0	
3	 11	 2	 4	sample138	611	2153	514	61680	0	
3	 11	 2	 5	sample138	745	2287	772	60138	0	
3	 11	 2	 6	control	1489	3289	1542	122400	0	
3	 11	 3	 1	sample139	1393	2679	1284	57870	0	
3	 11	 3	 2	sample139	729	2015	770	63014	0	
3	 11	 3	 3	sample139	110	1652	0	61680	0	
3	 11	 3	 4	sample139	509	2051	514	70932	0	
3	 11	 3	 5	sample139	386	1928	258	61680	0	
3	 11	 3	 6	control	367	1909	258	61680	0	
3	 11	 4	 1	sample140	456	1742	256	51440	0	
3	 11	 4	 2	sample140	476	1762	514	52726	0	
3	 11	 4	 3	sample140	168	1710	0	61680	0	
3	 11	 4	 4	sample140	0.45	1542	0	61680	0	
3	 11	 4	 5	sample140	19.7	1562	0	61680	0	
3	 11	 4	 6	control	508	2050	258	61680	0	
3	 12	 1	 1	sample141	801	2343	770	66306	0	
3	 12	 1	 2	sample141	787	2329	770	70932	0	
3	 12	 1	 3	sample141	1003	2545	1028	32382	0	
3	 12	 1	 4	sample141	481	2023	514	61680	0	
3	 12	 1	 5	sample141	736	2534	514	39556	0	
3	 12	 1	 6	control	786	3098	514	41616	0	
3	 12	 2	 1	sample142	999	2541	1028	98688	0	
3	 12	 2	 2	sample142	1211	2495	1028	39804	0	
3	 12	 2	 3	sample142	861	2403	770	78642	0	
3	 12	 2	 4	sample142	676	2218	514	58596	0	
3	 12	 2	 5	sample142	547	2345	514	71920	0	
3	 12	 2	 6	control	1894	4206	1800	131784	0	
3	 12	 3	 1	sample143	1278	2562	1286	44940	0	
3	 12	 3	 2	sample143	828	2370	770	41634	0	
3	 12	 3	 3	sample143	488	2030	514	61680	0	
3	 12	 3	 4	sample143	571	2113	514	55512	0	
3	 12	 3	 5	sample143	245	2043	0	71920	0	
3	 12	 3	 6	control	135	2447	0	92480	0	
3	 12	 4	 1	sample144	626	1910	514	77040	0	
3	 12	 4	 2	sample144	491	1775	514	56496	0	
3	 12	 4	 3	sample144	476	1760	258	51360	0	
3	 12	 4	 4	sample144	366	1908	256	61680	0	
3	 12	 4	 5	sample144	405	2203	258	71920	0	
3	 12	 4	 6	control	962	3018	1028	96632	0	
4	 1	 1	 1	sample145	1042	3098	1028	78128	0	
4	 1	 1	 2	sample145	858	2658	770	90000	0	
4	 1	 1	 3	sample145	478	2278	514	77400	0	
4	 1	 1	 4	sample145	807	2349	772	33924	0	
4	 1	 1	 5	sample145	277	1819	258	61680	0	
4	 1	 1	 6	control	735	2277	514	32382	0	
4	 1	 2	 1	sample146	1538	3080	1542	87894	0	
4	 1	 2	 2	sample146	804	2346	772	109482	0	
4	 1	 2	 3	sample146	1174	2460	1028	47582	0	
4	 1	 2	 4	sample146	854	2140	770	59156	0	
4	 1	 2	 5	sample146	470	2012	258	61680	0	
4	 1	 2	 6	control	1226	2768	1028	46260	0	
4	 1	 3	 1	sample147	907	2707	770	57600	0	
4	 1	 3	 2	sample147	831	2373	772	80184	0	
4	 1	 3	 3	sample147	609	2151	514	70932	0	
4	 1	 3	 4	sample147	655	1941	514	51440	0	
4	 1	 3	 5	sample147	341	1883	258	61680	0	
4	 1	 3	 6	control	187	1729	0	61680	0	
4	 1	 4	 1	sample148	1604	3146	1542	38550	0	
4	 1	 4	 2	sample148	1061	2603	1028	37008	0	
4	 1	 4	 3	sample148	1222	2508	1284	37294	0	
4	 1	 4	 4	sample148	1070	2356	1028	23148	0	
4	 1	 4	 5	sample148	263	1549	0	51440	0	
4	 1	 4	 6	control	854	2140	770	43724	0	
4	 2	 1	 1	sample149	1938	3222	2056	86028	0	
4	 2	 1	 2	sample149	1358	2642	1286	68052	0	
4	 2	 1	 3	sample149	1196	2480	1286	96300	0	
4	 2	 1	 4	sample149	1728	3012	1542	23112	0	
4	 2	 1	 5	sample149	861	2145	772	62916	0	
4	 2	 1	 6	control	807	2349	514	32382	0	
4	 2	 2	 1	sample150	1607	2891	1542	66768	0	
4	 2	 2	 2	sample150	1106	2390	1028	77040	0	
4	 2	 2	 3	sample150	995	2023	770	41120	0	
4	 2	 2	 4	sample150	755	2039	772	59064	0	
4	 2	 2	 5	sample150	675	1959	514	51360	0	
4	 2	 2	 6	control	1862	3404	1798	81726	0	
4	 2	 3	 1	sample151	752	2036	514	51360	0	
4	 2	 3	 2	sample151	559	1843	514	51360	0	
4	 2	 3	 3	sample151	668	1696	514	41120	0	
4	 2	 3	 4	sample151	502	1786	258	51360	0	
4	 2	 3	 5	sample151	508	1792	258	51360	0	
4	 2	 3	 6	control	507	1791	258	46224	0	
4	 2	 4	 1	sample152	714	1742	770	51400	0	
4	 2	 4	 2	sample152	428	1456	514	37008	0	
4	 2	 4	 3	sample152	615	1385	514	27720	0	
4	 2	 4	 4	sample152	464	1492	514	37008	0	
4	 2	 4	 5	sample152	435	1463	256	37008	0	
4	 2	 4	 6	control	1233	2261	1284	41120	0	
4	 3	 1	 1	sample153	2341	3883	2314	43176	0	
4	 3	 1	 2	sample153	2955	4241	2826	51440	0	
4	 3	 1	 3	sample153	2082	3368	2056	50154	0	
4	 3	 1	 4	sample153	1505	2791	1542	45010	0	
4	 3	 1	 5	sample153	932	2218	770	34722	0	
4	 3	 1	 6	control	346	1632	256	51440	0	
4	 3	 2	 1	sample154	1080	2622	1028	53970	0	
4	 3	 2	 2	sample154	1071	2357	1028	45010	0	
4	 3	 2	 3	sample154	823	2109	770	43724	0	
4	 3	 2	 4	sample154	661	1947	514	51440	0	
4	 3	 2	 5	sample154	552	1838	514	51440	0	
4	 3	 2	 6	control	1652	3194	1542	115650	0	
4	 3	 3	 1	sample155	732	2018	770	51440	0	
4	 3	 3	 2	sample155	417	1703	256	51440	0	
4	 3	 3	 3	sample155	803	2089	770	20576	0	
4	 3	 3	 4	sample155	372	1658	256	51440	0	
4	 3	 3	 5	sample155	187	1729	258	61680	0	
4	 3	 3	 6	control	110	1652	0	61680	0	
4	 3	 4	 1	sample156	687	1973	770	51440	0	
4	 3	 4	 2	sample156	731	2017	770	42438	0	
4	 3	 4	 3	sample156	533	1819	514	51440	0	
4	 3	 4	 4	sample156	122	1408	0	51440	0	
4	 3	 4	 5	sample156	199	1485	256	51440	0	
4	 3	 4	 6	control	559	1845	514	51440	0	
4	 4	 1	 1	sample157	1882	3168	1798	102880	0	
4	 4	 1	 2	sample157	1741	3027	1542	39866	0	
4	 4	 1	 3	sample157	1502	2788	1542	50154	0	
4	 4	 1	 4	sample157	1420	2962	1542	32382	0	
4	 4	 1	 5	sample157	399	1941	258	61680	0	
4	 4	 1	 6	control	414	1700	256	46296	0	
4	 4	 2	 1	sample158	1110	2652	1028	67848	0	
4	 4	 2	 2	sample158	818	2360	772	50886	0	
4	 4	 2	 3	sample158	680	2222	514	74016	0	
4	 4	 2	 4	sample158	456	1998	514	33924	0	
4	 4	 2	 5	sample158	742	2284	772	26214	0	
4	 4	 2	 6	control	1398	2940	1542	49344	0	
4	 4	 3	 1	sample159	1084	2626	1028	64764	0	
4	 4	 3	 2	sample159	665	2207	772	70932	0	
4	 4	 3	 3	sample159	632	2174	514	74016	0	
4	 4	 3	 4	sample159	476	2018	514	61680	0	
4	 4	 3	 5	sample159	425	1967	258	61680	0	
4	 4	 3	 6	control	579	2121	514	37008	0	
4	 4	 4	 1	sample160	1616	2902	1542	48868	0	
4	 4	 4	 2	sample160	871	2157	770	52726	0	
4	 4	 4	 3	sample160	404	1690	514	51440	0	
4	 4	 4	 4	sample160	282	1568	256	51440	0	
4	 4	 4	 5	sample160	353	1639	256	51440	0	
4	 4	 4	 6	control	1006	2292	1028	46296	0	
4	 5	 1	 1	sample161	2223	3765	2312	101772	0	
4	 5	 1	 2	sample161	1920	3718	2056	134850	0	
4	 5	 1	 3	sample161	1933	3731	2056	86304	0	
4	 5	 1	 4	sample161	1411	3209	1286	77314	0	
4	 5	 1	 5	sample161	720	2518	514	71920	0	
4	 5	 1	 6	control	373	2171	258	71920	0	
4	 5	 2	 1	sample162	1597	3395	1542	93496	0	
4	 5	 2	 2	sample162	1271	3069	1286	64728	0	
4	 5	 2	 3	sample162	1093	2891	1028	35960	0	
4	 5	 2	 4	sample162	1015	2813	1028	34162	0	
4	 5	 2	 5	sample162	476	2274	258	71920	0	
4	 5	 2	 6	control	2459	4257	2314	66526	0	
4	 5	 3	 1	sample163	2017	3815	2056	140244	0	
4	 5	 3	 2	sample163	1455	3253	1542	89900	0	
4	 5	 3	 3	sample163	971	2769	1028	71920	0	
4	 5	 3	 4	sample163	424	2480	256	82240	0	
4	 5	 3	 5	sample163	450	2248	258	71920	0	
4	 5	 3	 6	control	122	2178	0	82240	0	
4	 5	 4	 1	sample164	1535	3077	1542	61680	0	
4	 5	 4	 2	sample164	732	2274	514	61680	0	
4	 5	 4	 3	sample164	796	2338	770	63222	0	
4	 5	 4	 4	sample164	560	2358	514	61132	0	
4	 5	 4	 5	sample164	674	2216	514	61680	0	
4	 5	 4	 6	control	662	2460	514	71920	0	
4	 6	 1	 1	sample165	2174	3716	2056	74016	0	
4	 6	 1	 2	sample165	1800	3342	1800	135696	0	
4	 6	 1	 3	sample165	1973	3515	2056	75558	0	
4	 6	 1	 4	sample165	1153	2695	1028	57054	0	
4	 6	 1	 5	sample165	804	2346	772	61680	0	
4	 6	 1	 6	control	232	1774	0	61680	0	
4	 6	 2	 1	sample166	1598	3140	1542	57054	0	
4	 6	 2	 2	sample166	1006	2548	772	70932	0	
4	 6	 2	 3	sample166	1233	2775	1286	75558	0	
4	 6	 2	 4	sample166	871	2413	772	67848	0	
4	 6	 2	 5	sample166	611	2153	514	61680	0	
4	 6	 2	 6	control	1812	3354	1800	95604	0	
4	 6	 3	 1	sample167	1524	3324	1284	79200	0	
4	 6	 3	 2	sample167	808	2608	770	86400	0	
4	 6	 3	 3	sample167	693	2235	514	55512	0	
4	 6	 3	 4	sample167	271	2071	256	64800	0	
4	 6	 3	 5	sample167	321	2121	256	64800	0	
4	 6	 3	 6	control	263	2063	256	72000	0	
4	 6	 4	 1	sample168	1021	2563	1028	52428	0	
4	 6	 4	 2	sample168	415	1957	258	55512	0	
4	 6	 4	 3	sample168	741	2283	514	26214	0	
4	 6	 4	 4	sample168	443	1985	258	55512	0	
4	 6	 4	 5	sample168	415	1957	258	55512	0	
4	 6	 4	 6	control	584	2384	514	72000	0	
4	 7	 1	 1	sample169	1189	2473	1028	51360	0	
4	 7	 1	 2	sample169	1184	2468	1028	61632	0	
4	 7	 1	 3	sample169	912	2196	772	53928	0	
4	 7	 1	 4	sample169	918	2202	772	26964	0	
4	 7	 1	 5	sample169	360	1644	258	51360	0	
4	 7	 1	 6	control	302	1586	258	51360	0	
4	 7	 2	 1	sample170	2191	3733	2312	55512	0	
4	 7	 2	 2	sample170	1621	3163	1542	64764	0	
4	 7	 2	 3	sample170	799	2341	770	55512	0	
4	 7	 2	 4	sample170	829	2113	772	46224	0	
4	 7	 2	 5	sample170	557	1841	514	46224	0	
4	 7	 2	 6	control	2592	4134	2570	124902	0	
4	 7	 3	 1	sample171	2545	4087	2312	112566	0	
4	 7	 3	 2	sample171	2060	3602	2056	81726	0	
4	 7	 3	 3	sample171	1727	3269	1798	72474	0	
4	 7	 3	 4	sample171	661	2203	770	61680	0	
4	 7	 3	 5	sample171	649	2191	514	61680	0	
4	 7	 3	 6	control	263	1805	256	61680	0	
4	 7	 4	 1	sample172	970	2512	770	61680	0	
4	 7	 4	 2	sample172	819	2361	770	32382	0	
4	 7	 4	 3	sample172	417	1959	256	61680	0	
4	 7	 4	 4	sample172	411	1953	256	61680	0	
4	 7	 4	 5	sample172	147	1689	0	61680	0	
4	 7	 4	 6	control	565	2107	514	61680	0	
4	 8	 1	 1	sample173	2514	4314	2570	133200	0	
4	 8	 1	 2	sample173	1961	3761	1798	122400	0	
4	 8	 1	 3	sample173	1467	3267	1542	81000	0	
4	 8	 1	 4	sample173	1315	2857	1286	81726	0	
4	 8	 1	 5	sample173	925	2467	772	72474	0	
4	 8	 1	 6	control	90.4	1632	0	61680	0	
4	 8	 2	 1	sample174	2806	4606	2826	91800	0	
4	 8	 2	 2	sample174	1567	3109	1286	129528	0	
4	 8	 2	 3	sample174	1089	2889	1028	90000	0	
4	 8	 2	 4	sample174	1151	2693	1028	61680	0	
4	 8	 2	 5	sample174	802	2344	772	64764	0	
4	 8	 2	 6	control	1995	3537	2056	103314	0	
4	 8	 3	 1	sample175	1186	2986	1028	84600	0	
4	 8	 3	 2	sample175	411	2211	514	72000	0	
4	 8	 3	 3	sample175	597	2397	514	72000	0	
4	 8	 3	 4	sample175	224	2024	256	72000	0	
4	 8	 3	 5	sample175	186	1986	256	72000	0	
4	 8	 3	 6	control	296	1838	258	61680	0	
4	 8	 4	 1	sample176	984	2526	1028	61680	0	
4	 8	 4	 2	sample176	418	1960	514	61680	0	
4	 8	 4	 3	sample176	701	2243	772	61680	0	
4	 8	 4	 4	sample176	526	2326	514	72000	0	
4	 8	 4	 5	sample176	314	2114	256	72000	0	
4	 8	 4	 6	control	436	2236	514	72000	0	
4	 9	 1	 1	sample177	1363	2905	1286	61680	0	
4	 9	 1	 2	sample177	1196	2738	1286	61680	0	
4	 9	 1	 3	sample177	967	2509	1028	70932	0	
4	 9	 1	 4	sample177	1039	2325	1028	57870	0	
4	 9	 1	 5	sample177	970	2256	1028	23148	0	
4	 9	 1	 6	control	282	1568	256	51440	0	
4	 9	 2	 1	sample178	1304	2846	1286	43176	0	
4	 9	 2	 2	sample178	1125	2667	1028	74016	0	
4	 9	 2	 3	sample178	1134	2676	1028	78642	0	
4	 9	 2	 4	sample178	740	2282	772	49344	0	
4	 9	 2	 5	sample178	616	1902	514	51440	0	
4	 9	 2	 6	control	1516	2802	1542	51440	0	
4	 9	 3	 1	sample179	2915	4715	2826	120600	0	
4	 9	 3	 2	sample179	1971	3513	1800	78642	0	
4	 9	 3	 3	sample179	1221	2763	1286	49344	0	
4	 9	 3	 4	sample179	957	2499	1028	72474	0	
4	 9	 3	 5	sample179	598	2140	514	61680	0	
4	 9	 3	 6	control	187	1729	0	61680	0	
4	 9	 4	 1	sample180	1576	3118	1542	106398	0	
4	 9	 4	 2	sample180	1427	2969	1286	61680	0	
4	 9	 4	 3	sample180	707	2249	514	61680	0	
4	 9	 4	 4	sample180	534	2076	514	61680	0	
4	 9	 4	 5	sample180	720	2262	772	61680	0	
4	 9	 4	 6	control	818	2360	1028	50886	0	
4	 10	 1	 1	sample181	1199	2485	1284	92592	0	
4	 10	 1	 2	sample181	1328	2614	1028	120884	0	
4	 10	 1	 3	sample181	1081	2367	1028	79732	0	
4	 10	 1	 4	sample181	1027	2313	1028	38580	0	
4	 10	 1	 5	sample181	597	1883	514	51440	0	
4	 10	 1	 6	control	340	1626	256	51440	0	
4	 10	 2	 1	sample182	1503	2789	1542	77160	0	
4	 10	 2	 2	sample182	1125	2411	1028	95164	0	
4	 10	 2	 3	sample182	855	2141	770	66872	0	
4	 10	 2	 4	sample182	742	2028	770	57870	0	
4	 10	 2	 5	sample182	662	1948	514	48868	0	
4	 10	 2	 6	control	1296	2582	1284	86162	0	
4	 10	 3	 1	sample183	1595	3137	1542	112566	0	
4	 10	 3	 2	sample183	1000	2542	1028	70932	0	
4	 10	 3	 3	sample183	1035	2577	1028	61680	0	
4	 10	 3	 4	sample183	628	2170	514	38550	0	
4	 10	 3	 5	sample183	418	1960	258	37008	0	
4	 10	 3	 6	control	302	1844	0	61680	0	
4	 10	 4	 1	sample184	855	2397	772	61680	0	
4	 10	 4	 2	sample184	611	2153	514	61680	0	
4	 10	 4	 3	sample184	482	2024	514	61680	0	
4	 10	 4	 4	sample184	482	2024	514	61680	0	
4	 10	 4	 5	sample184	444	1986	514	61680	0	
4	 10	 4	 6	control	534	2076	514	61680	0	
4	 11	 1	 1	sample185	1350	2892	1284	97146	0	
4	 11	 1	 2	sample185	1109	2651	1028	106398	0	
4	 11	 1	 3	sample185	921	2463	770	63222	0	
4	 11	 1	 4	sample185	943	2227	772	50076	0	
4	 11	 1	 5	sample185	607	1891	514	46224	0	
4	 11	 1	 6	control	444	1728	258	51360	0	
4	 11	 2	 1	sample186	937	2479	770	114108	0	
4	 11	 2	 2	sample186	1136	2420	1286	61632	0	
4	 11	 2	 3	sample186	859	2143	772	56496	0	
4	 11	 2	 4	sample186	612	1896	514	47508	0	
4	 11	 2	 5	sample186	681	1709	770	41120	0	
4	 11	 2	 6	control	1081	2109	1028	84296	0	
4	 11	 3	 1	sample187	1200	2742	1284	103314	0	
4	 11	 3	 2	sample187	959	2501	1028	46260	0	
4	 11	 3	 3	sample187	558	2100	514	61680	0	
4	 11	 3	 4	sample187	424	1708	258	51360	0	
4	 11	 3	 5	sample187	495	1779	258	33384	0	
4	 11	 3	 6	control	411	1439	256	41120	0	
4	 11	 4	 1	sample188	855	2653	772	61132	0	
4	 11	 4	 2	sample188	629	2171	770	61680	0	
4	 11	 4	 3	sample188	571	2113	514	55512	0	
4	 11	 4	 4	sample188	372	1914	256	61680	0	
4	 11	 4	 5	sample188	1064	2348	772	28248	0	
4	 11	 4	 6	control	1343	2627	1286	34668	0	
4	 12	 1	 1	sample189	890	2688	772	46748	0	
4	 12	 1	 2	sample189	598	2396	514	71920	0	
4	 12	 1	 3	sample189	489	2287	514	71920	0	
4	 12	 1	 4	sample189	463	2261	258	71920	0	
4	 12	 1	 5	sample189	244	2300	0	82240	0	
4	 12	 1	 6	control	772	3084	514	50864	0	
4	 12	 2	 1	sample190	936	2478	770	47802	0	
4	 12	 2	 2	sample190	969	2511	770	33924	0	
4	 12	 2	 3	sample190	871	2413	770	63222	0	
4	 12	 2	 4	sample190	946	2488	514	33924	0	
4	 12	 2	 5	sample190	630	2428	514	71920	0	
4	 12	 2	 6	control	923	3235	772	90168	0	
4	 12	 3	 1	sample191	926	2468	770	74016	0	
4	 12	 3	 2	sample191	957	2499	770	61680	0	
4	 12	 3	 3	sample191	1235	2777	770	32382	0	
4	 12	 3	 4	sample191	436	1978	256	61680	0	
4	 12	 3	 5	sample191	4477	6275	2828	55738	0	
4	 12	 3	 6	control	1015	3071	514	43176	0	
4	 12	 4	 1	sample192	1818	3360	1798	60138	0	
4	 12	 4	 2	sample192	1035	2577	770	57054	0	
4	 12	 4	 3	sample192	960	2502	514	35466	0	
4	 12	 4	 4	sample192	584	2126	256	61680	0	
4	 12	 4	 5	sample192	578	2120	256	61680	0	
4	 12	 4	 6	control	1274	3072	1028	39556	0	
