MicroVigene	 Version	 2501
Culture	en-US
9/30/2006 2:02:41 PM
Roi Row	 4	 Roi Col	 12	 Main Row	 4	 Main Col	 6	 Sub Row	 1	 Sub Col	 1
Main Row	 Main Col	 Sub Row	 Sub Col	  GeneID	mean_net	 mean_total	 median_net	 vol_bkg	 vol_dust	 
1	 1	 1	 1	sample1	449	3019	256	102800	0	
1	 1	 1	 2	sample1	854	3424	770	110510	0	
1	 1	 1	 3	sample1	564	3134	514	131070	0	
1	 1	 1	 4	sample1	926	3496	1028	110510	0	
1	 1	 1	 5	sample1	810	3122	772	92480	0	
1	 1	 1	 6	control	457	2769	514	92480	0	
1	 1	 2	 1	sample2	995	3051	1028	82240	0	
1	 1	 2	 2	sample2	873	2929	770	150088	0	
1	 1	 2	 3	sample2	727	3039	514	106352	0	
1	 1	 2	 4	sample2	711	2767	514	106912	0	
1	 1	 2	 5	sample2	541	2597	514	39064	0	
1	 1	 2	 6	control	685	2741	770	37008	0	
1	 1	 3	 1	sample3	755	2553	772	86304	0	
1	 1	 3	 2	sample3	732	2530	772	93496	0	
1	 1	 3	 3	sample3	739	2537	772	84506	0	
1	 1	 3	 4	sample3	468	2266	514	70122	0	
1	 1	 3	 5	sample3	515	2313	514	75516	0	
1	 1	 3	 6	control	430	2486	256	82240	0	
1	 1	 4	 1	sample4	971	2769	1028	127658	0	
1	 1	 4	 2	sample4	845	2643	772	100688	0	
1	 1	 4	 3	sample4	602	2400	514	84506	0	
1	 1	 4	 4	sample4	399	2197	258	88102	0	
1	 1	 4	 5	sample4	694	2236	514	72474	0	
1	 1	 4	 6	control	727	2525	772	62930	0	
1	 2	 1	 1	sample5	1332	3132	1284	88200	0	
1	 2	 1	 2	sample5	1092	2892	1028	86400	0	
1	 2	 1	 3	sample5	1150	2950	1028	75600	0	
1	 2	 1	 4	sample5	1628	3170	1542	120276	0	
1	 2	 1	 5	sample5	2713	4255	2828	114108	0	
1	 2	 1	 6	control	1152	2694	1028	80184	0	
1	 2	 2	 1	sample6	493	2035	514	72474	0	
1	 2	 2	 2	sample6	620	2162	514	60138	0	
1	 2	 2	 3	sample6	788	2074	770	56584	0	
1	 2	 2	 4	sample6	874	2160	770	54012	0	
1	 2	 2	 5	sample6	693	2235	514	70932	0	
1	 2	 2	 6	control	1028	2570	1028	58596	0	
1	 2	 3	 1	sample7	1366	2652	1284	52726	0	
1	 2	 3	 2	sample7	1176	2462	1028	48868	0	
1	 2	 3	 3	sample7	933	2219	770	59156	0	
1	 2	 3	 4	sample7	980	2266	1028	41152	0	
1	 2	 3	 5	sample7	604	1890	770	61728	0	
1	 2	 3	 6	control	1055	2341	1028	60442	0	
1	 2	 4	 1	sample8	1219	2247	1286	51400	0	
1	 2	 4	 2	sample8	988	2016	1028	52428	0	
1	 2	 4	 3	sample8	967	1995	1028	43176	0	
1	 2	 4	 4	sample8	849	2135	770	46296	0	
1	 2	 4	 5	sample8	867	2153	1028	61728	0	
1	 2	 4	 6	control	928	2214	770	63014	0	
1	 3	 1	 1	sample9	1303	3101	1286	53940	0	
1	 3	 1	 2	sample9	831	2887	770	78128	0	
1	 3	 1	 3	sample9	1064	3120	1028	71960	0	
1	 3	 1	 4	sample9	1067	2865	1028	71920	0	
1	 3	 1	 5	sample9	949	2747	1028	75516	0	
1	 3	 1	 6	control	1035	2833	1028	71920	0	
1	 3	 2	 1	sample10	1008	2550	1028	61680	0	
1	 3	 2	 2	sample10	1031	2573	1028	101772	0	
1	 3	 2	 3	sample10	770	2312	770	74016	0	
1	 3	 2	 4	sample10	873	2415	770	61680	0	
1	 3	 2	 5	sample10	819	2361	770	57054	0	
1	 3	 2	 6	control	808	2350	770	157284	0	
1	 3	 3	 1	sample11	1684	3226	1542	69390	0	
1	 3	 3	 2	sample11	1493	3035	1542	98688	0	
1	 3	 3	 3	sample11	1139	2681	1028	95604	0	
1	 3	 3	 4	sample11	1376	2918	1284	69390	0	
1	 3	 3	 5	sample11	1441	2983	1284	78642	0	
1	 3	 3	 6	control	1102	2644	1028	74016	0	
1	 3	 4	 1	sample12	2452	3994	2826	111024	0	
1	 3	 4	 2	sample12	1618	3160	1542	118734	0	
1	 3	 4	 3	sample12	1957	3241	1800	79608	0	
1	 3	 4	 4	sample12	1017	2559	1028	75558	0	
1	 3	 4	 5	sample12	809	2351	770	72474	0	
1	 3	 4	 6	control	1103	2645	1028	52428	0	
1	 4	 1	 1	sample13	1517	3315	1542	91698	0	
1	 4	 1	 2	sample13	1497	3295	1542	133052	0	
1	 4	 1	 3	sample13	1221	3019	1286	122264	0	
1	 4	 1	 4	sample13	1326	3382	1542	88408	0	
1	 4	 1	 5	sample13	1363	3161	1286	136648	0	
1	 4	 1	 6	control	1179	2977	1286	172608	0	
1	 4	 2	 1	sample14	1096	2638	1028	69390	0	
1	 4	 2	 2	sample14	926	2468	770	74016	0	
1	 4	 2	 3	sample14	648	2446	514	86304	0	
1	 4	 2	 4	sample14	1033	2575	1028	78642	0	
1	 4	 2	 5	sample14	869	2411	770	52428	0	
1	 4	 2	 6	control	1095	2637	1028	152658	0	
1	 4	 3	 1	sample15	539	2081	514	77100	0	
1	 4	 3	 2	sample15	539	2081	514	61680	0	
1	 4	 3	 3	sample15	899	2441	770	43176	0	
1	 4	 3	 4	sample15	815	2357	770	70932	0	
1	 4	 3	 5	sample15	612	2154	514	72474	0	
1	 4	 3	 6	control	1192	2734	1028	77100	0	
1	 4	 4	 1	sample16	1165	2449	1286	118128	0	
1	 4	 4	 2	sample16	1520	2804	1286	73188	0	
1	 4	 4	 3	sample16	1008	2550	1028	81726	0	
1	 4	 4	 4	sample16	777	2319	770	61680	0	
1	 4	 4	 5	sample16	803	2345	770	74016	0	
1	 4	 4	 6	control	919	2461	770	80184	0	
1	 5	 1	 1	sample17	1131	3187	1028	82240	0	
1	 5	 1	 2	sample17	871	2927	772	100744	0	
1	 5	 1	 3	sample17	963	3019	1028	88408	0	
1	 5	 1	 4	sample17	1270	3326	1286	34952	0	
1	 5	 1	 5	sample17	983	3039	1028	104856	0	
1	 5	 1	 6	control	766	2822	772	92520	0	
1	 5	 2	 1	sample18	1232	3032	1284	88200	0	
1	 5	 2	 2	sample18	1130	2930	1028	90000	0	
1	 5	 2	 3	sample18	1079	2879	1028	90000	0	
1	 5	 2	 4	sample18	701	2501	770	93600	0	
1	 5	 2	 5	sample18	837	2637	770	48600	0	
1	 5	 2	 6	control	1160	2960	1028	59400	0	
1	 5	 3	 1	sample19	975	2775	1028	122400	0	
1	 5	 3	 2	sample19	872	2414	772	78642	0	
1	 5	 3	 3	sample19	725	2267	772	77100	0	
1	 5	 3	 4	sample19	1094	2636	1028	66306	0	
1	 5	 3	 5	sample19	501	2301	514	72000	0	
1	 5	 3	 6	control	850	2392	772	75558	0	
1	 5	 4	 1	sample20	1232	3288	1286	108968	0	
1	 5	 4	 2	sample20	910	2710	1028	86400	0	
1	 5	 4	 3	sample20	1010	2810	1028	79200	0	
1	 5	 4	 4	sample20	1273	3073	1284	41400	0	
1	 5	 4	 5	sample20	1749	3549	1542	129600	0	
1	 5	 4	 6	control	536	2336	514	82800	0	
1	 6	 1	 1	sample21	1144	3200	1028	104856	0	
1	 6	 1	 2	sample21	1903	3959	1800	182984	0	
1	 6	 1	 3	sample21	1147	3203	1028	102800	0	
1	 6	 1	 4	sample21	735	2791	772	86352	0	
1	 6	 1	 5	sample21	1061	3117	1028	82240	0	
1	 6	 1	 6	control	681	2481	514	88200	0	
1	 6	 2	 1	sample22	1016	2816	1028	82800	0	
1	 6	 2	 2	sample22	1254	3054	1284	90000	0	
1	 6	 2	 3	sample22	1232	2774	1286	81726	0	
1	 6	 2	 4	sample22	798	2340	772	74016	0	
1	 6	 2	 5	sample22	834	2376	772	69390	0	
1	 6	 2	 6	control	900	2442	1028	67848	0	
1	 6	 3	 1	sample23	437	1979	514	61680	0	
1	 6	 3	 2	sample23	348	1890	258	61680	0	
1	 6	 3	 3	sample23	930	2472	1028	92520	0	
1	 6	 3	 4	sample23	739	2281	772	61680	0	
1	 6	 3	 5	sample23	627	2169	514	63222	0	
1	 6	 3	 6	control	997	2539	1028	75558	0	
1	 6	 4	 1	sample24	695	2495	514	91800	0	
1	 6	 4	 2	sample24	873	2415	772	81726	0	
1	 6	 4	 3	sample24	1017	2559	1028	70932	0	
1	 6	 4	 4	sample24	996	2538	1028	37008	0	
1	 6	 4	 5	sample24	733	2275	772	50886	0	
1	 6	 4	 6	control	437	1979	258	61680	0	
1	 7	 1	 1	sample25	1080	3392	1028	92480	0	
1	 7	 1	 2	sample25	1718	4030	1542	43928	0	
1	 7	 1	 3	sample25	797	3109	772	92480	0	
1	 7	 1	 4	sample25	860	3430	770	102800	0	
1	 7	 1	 5	sample25	540	3880	514	133600	0	
1	 7	 1	 6	control	399	3225	258	113040	0	
1	 7	 2	 1	sample26	887	2685	1028	71920	0	
1	 7	 2	 2	sample26	836	2634	772	71920	0	
1	 7	 2	 3	sample26	682	2480	514	71920	0	
1	 7	 2	 4	sample26	424	2480	256	82240	0	
1	 7	 2	 5	sample26	552	3122	770	102800	0	
1	 7	 2	 6	control	790	3102	772	97104	0	
1	 7	 3	 1	sample27	637	2435	514	71920	0	
1	 7	 3	 2	sample27	887	2685	772	71920	0	
1	 7	 3	 3	sample27	476	2274	514	71920	0	
1	 7	 3	 4	sample27	630	2428	772	71920	0	
1	 7	 3	 5	sample27	594	2650	514	65792	0	
1	 7	 3	 6	control	456	2512	514	82240	0	
1	 7	 4	 1	sample28	296	2094	258	71920	0	
1	 7	 4	 2	sample28	412	2210	258	71920	0	
1	 7	 4	 3	sample28	444	2242	514	71920	0	
1	 7	 4	 4	sample28	495	2293	258	71920	0	
1	 7	 4	 5	sample28	373	2171	258	71920	0	
1	 7	 4	 6	control	296	2094	258	71920	0	
1	 8	 1	 1	sample29	1995	4051	1286	86352	0	
1	 8	 1	 2	sample29	1325	3381	1286	94576	0	
1	 8	 1	 3	sample29	1360	3160	1284	91800	0	
1	 8	 1	 4	sample29	1227	3027	1028	88200	0	
1	 8	 1	 5	sample29	1092	2892	1028	93600	0	
1	 8	 1	 6	control	622	2422	514	81000	0	
1	 8	 2	 1	sample30	1233	3033	1028	27000	0	
1	 8	 2	 2	sample30	740	2540	770	75600	0	
1	 8	 2	 3	sample30	949	2491	772	44718	0	
1	 8	 2	 4	sample30	737	2279	514	33924	0	
1	 8	 2	 5	sample30	716	2258	514	57054	0	
1	 8	 2	 6	control	739	2281	772	74016	0	
1	 8	 3	 1	sample31	1274	2816	1286	70932	0	
1	 8	 3	 2	sample31	1174	2716	1028	70932	0	
1	 8	 3	 3	sample31	941	2227	1028	102880	0	
1	 8	 3	 4	sample31	927	2213	770	65586	0	
1	 8	 3	 5	sample31	514	1800	514	57870	0	
1	 8	 3	 6	control	571	1857	514	51440	0	
1	 8	 4	 1	sample32	1125	2667	1286	74016	0	
1	 8	 4	 2	sample32	1273	2559	1028	57870	0	
1	 8	 4	 3	sample32	1035	2321	1028	87448	0	
1	 8	 4	 4	sample32	865	2151	770	63014	0	
1	 8	 4	 5	sample32	586	1872	514	64300	0	
1	 8	 4	 6	control	639	1925	514	55298	0	
1	 9	 1	 1	sample33	1650	3450	1542	34200	0	
1	 9	 1	 2	sample33	1008	2808	1028	70200	0	
1	 9	 1	 3	sample33	820	2620	770	93600	0	
1	 9	 1	 4	sample33	823	2623	770	79200	0	
1	 9	 1	 5	sample33	754	2554	770	82800	0	
1	 9	 1	 6	control	710	2510	514	84600	0	
1	 9	 2	 1	sample34	815	2357	772	72474	0	
1	 9	 2	 2	sample34	822	2364	772	117192	0	
1	 9	 2	 3	sample34	1015	2301	1028	27006	0	
1	 9	 2	 4	sample34	831	2117	770	48868	0	
1	 9	 2	 5	sample34	888	2430	772	33924	0	
1	 9	 2	 6	control	1457	2999	1286	23130	0	
1	 9	 3	 1	sample35	1095	2381	1028	54012	0	
1	 9	 3	 2	sample35	1279	2565	1284	55298	0	
1	 9	 3	 3	sample35	742	2028	770	57870	0	
1	 9	 3	 4	sample35	863	2149	770	50154	0	
1	 9	 3	 5	sample35	916	2202	1028	47582	0	
1	 9	 3	 6	control	573	1859	514	50154	0	
1	 9	 4	 1	sample36	630	1916	514	122170	0	
1	 9	 4	 2	sample36	877	2163	770	59156	0	
1	 9	 4	 3	sample36	1221	2249	1286	53456	0	
1	 9	 4	 4	sample36	899	2185	770	30864	0	
1	 9	 4	 5	sample36	438	1724	256	56584	0	
1	 9	 4	 6	control	469	1755	514	59156	0	
1	 10	 1	 1	sample37	1087	3143	770	80184	0	
1	 10	 1	 2	sample37	2023	4079	1798	32896	0	
1	 10	 1	 3	sample37	988	3044	770	53456	0	
1	 10	 1	 4	sample37	1245	3301	1284	53456	0	
1	 10	 1	 5	sample37	1285	3341	1028	51400	0	
1	 10	 1	 6	control	820	2876	514	43176	0	
1	 10	 2	 1	sample38	719	2517	514	79112	0	
1	 10	 2	 2	sample38	701	2499	514	71920	0	
1	 10	 2	 3	sample38	838	2380	514	58596	0	
1	 10	 2	 4	sample38	947	2745	514	34162	0	
1	 10	 2	 5	sample38	759	2557	514	37758	0	
1	 10	 2	 6	control	1323	2865	1284	30840	0	
1	 10	 3	 1	sample39	1343	2885	1284	129528	0	
1	 10	 3	 2	sample39	973	2515	770	131070	0	
1	 10	 3	 3	sample39	1517	3059	1284	32382	0	
1	 10	 3	 4	sample39	777	2319	514	58596	0	
1	 10	 3	 5	sample39	942	2484	1028	37008	0	
1	 10	 3	 6	control	785	2327	770	27756	0	
1	 10	 4	 1	sample40	597	2139	514	61680	0	
1	 10	 4	 2	sample40	862	2146	772	47508	0	
1	 10	 4	 3	sample40	584	2126	256	61680	0	
1	 10	 4	 4	sample40	507	2049	256	61680	0	
1	 10	 4	 5	sample40	154	1696	0	61680	0	
1	 10	 4	 6	control	968	2252	772	21828	0	
1	 11	 1	 1	sample41	934	2732	772	73718	0	
1	 11	 1	 2	sample41	668	2724	514	82240	0	
1	 11	 1	 3	sample41	1356	3412	1284	88408	0	
1	 11	 1	 4	sample41	1380	3436	1284	88408	0	
1	 11	 1	 5	sample41	1336	3392	1284	92520	0	
1	 11	 1	 6	control	1131	3443	1028	92480	0	
1	 11	 2	 1	sample42	572	2370	514	71920	0	
1	 11	 2	 2	sample42	653	2451	514	89900	0	
1	 11	 2	 3	sample42	781	2323	770	72474	0	
1	 11	 2	 4	sample42	502	2300	258	71920	0	
1	 11	 2	 5	sample42	686	2484	514	80910	0	
1	 11	 2	 6	control	1015	3071	770	88408	0	
1	 11	 3	 1	sample43	1309	2851	1284	64764	0	
1	 11	 3	 2	sample43	1211	2753	1284	97146	0	
1	 11	 3	 3	sample43	1268	2810	1284	74016	0	
1	 11	 3	 4	sample43	1197	2739	1028	72474	0	
1	 11	 3	 5	sample43	1456	2998	1284	78642	0	
1	 11	 3	 6	control	1503	3045	1028	81726	0	
1	 11	 4	 1	sample44	1166	2450	1286	57780	0	
1	 11	 4	 2	sample44	897	2439	770	81726	0	
1	 11	 4	 3	sample44	673	2215	514	64764	0	
1	 11	 4	 4	sample44	1060	2602	1028	24672	0	
1	 11	 4	 5	sample44	770	2312	770	64764	0	
1	 11	 4	 6	control	1032	2574	1028	97146	0	
1	 12	 1	 1	sample45	1151	3207	1028	94576	0	
1	 12	 1	 2	sample45	1264	3320	1028	49344	0	
1	 12	 1	 3	sample45	1251	3565	1028	53222	0	
1	 12	 1	 4	sample45	873	3187	770	92560	0	
1	 12	 1	 5	sample45	771	3341	514	100230	0	
1	 12	 1	 6	control	996	3824	770	67872	0	
1	 12	 2	 1	sample46	720	2520	514	73800	0	
1	 12	 2	 2	sample46	851	2651	770	86400	0	
1	 12	 2	 3	sample46	552	2352	514	72000	0	
1	 12	 2	 4	sample46	402	2458	258	84296	0	
1	 12	 2	 5	sample46	611	2667	514	82240	0	
1	 12	 2	 6	control	1002	3316	770	92560	0	
1	 12	 3	 1	sample47	629	2171	514	69390	0	
1	 12	 3	 2	sample47	1124	2666	1028	41634	0	
1	 12	 3	 3	sample47	1403	2945	1286	37008	0	
1	 12	 3	 4	sample47	789	2331	772	67848	0	
1	 12	 3	 5	sample47	488	2288	256	72000	0	
1	 12	 3	 6	control	450	2506	258	82240	0	
1	 12	 4	 1	sample48	1035	2321	1028	83590	0	
1	 12	 4	 2	sample48	1113	2399	1028	61728	0	
1	 12	 4	 3	sample48	885	2427	772	38550	0	
1	 12	 4	 4	sample48	1082	2624	1028	37008	0	
1	 12	 4	 5	sample48	638	2438	514	59400	0	
1	 12	 4	 6	control	1048	3104	1028	53456	0	
2	 1	 1	 1	sample49	867	2409	772	66306	0	
2	 1	 1	 2	sample49	680	2222	514	64764	0	
2	 1	 1	 3	sample49	1001	2543	1028	29298	0	
2	 1	 1	 4	sample49	849	2391	772	30840	0	
2	 1	 1	 5	sample49	1361	2903	1286	63222	0	
2	 1	 1	 6	control	885	2685	1028	32400	0	
2	 1	 2	 1	sample50	1009	2551	1028	61680	0	
2	 1	 2	 2	sample50	1098	2640	1028	74016	0	
2	 1	 2	 3	sample50	1133	2675	1028	64764	0	
2	 1	 2	 4	sample50	857	2399	772	69390	0	
2	 1	 2	 5	sample50	674	2474	514	72000	0	
2	 1	 2	 6	control	1113	2913	1028	75600	0	
2	 1	 3	 1	sample51	542	2084	514	72474	0	
2	 1	 3	 2	sample51	689	2231	514	43176	0	
2	 1	 3	 3	sample51	472	2014	258	55512	0	
2	 1	 3	 4	sample51	696	2238	772	52428	0	
2	 1	 3	 5	sample51	963	2505	1028	60138	0	
2	 1	 3	 6	control	588	2388	514	81000	0	
2	 1	 4	 1	sample52	848	2134	770	55298	0	
2	 1	 4	 2	sample52	711	1997	514	55298	0	
2	 1	 4	 3	sample52	597	1883	514	43724	0	
2	 1	 4	 4	sample52	620	2162	514	67848	0	
2	 1	 4	 5	sample52	871	2413	772	67848	0	
2	 1	 4	 6	control	642	2442	514	72000	0	
2	 2	 1	 1	sample53	717	2003	514	61728	0	
2	 2	 1	 2	sample53	772	2314	772	63222	0	
2	 2	 1	 3	sample53	913	2199	770	60442	0	
2	 2	 1	 4	sample53	1123	2409	1028	55298	0	
2	 2	 1	 5	sample53	1736	3022	1798	90020	0	
2	 2	 1	 6	control	1574	2860	1542	51440	0	
2	 2	 2	 1	sample54	993	2535	1028	67848	0	
2	 2	 2	 2	sample54	987	2529	1028	66306	0	
2	 2	 2	 3	sample54	953	2495	772	63222	0	
2	 2	 2	 4	sample54	1290	2576	1284	63014	0	
2	 2	 2	 5	sample54	834	2376	772	63222	0	
2	 2	 2	 6	control	1550	2836	1542	37294	0	
2	 2	 3	 1	sample55	1604	2890	1542	79732	0	
2	 2	 3	 2	sample55	1157	2699	1286	98688	0	
2	 2	 3	 3	sample55	1103	2645	1028	58596	0	
2	 2	 3	 4	sample55	1319	2605	1284	57870	0	
2	 2	 3	 5	sample55	643	2185	514	77100	0	
2	 2	 3	 6	control	694	1980	770	60442	0	
2	 2	 4	 1	sample56	1414	2700	1028	137602	0	
2	 2	 4	 2	sample56	1714	3256	1800	152658	0	
2	 2	 4	 3	sample56	1440	2982	1286	77100	0	
2	 2	 4	 4	sample56	937	2479	1028	69390	0	
2	 2	 4	 5	sample56	1209	2495	1028	52726	0	
2	 2	 4	 6	control	914	2200	1028	55298	0	
2	 3	 1	 1	sample57	1547	2833	1542	64300	0	
2	 3	 1	 2	sample57	1504	2790	1542	61728	0	
2	 3	 1	 3	sample57	1293	2835	1286	52428	0	
2	 3	 1	 4	sample57	1325	2611	1284	106738	0	
2	 3	 1	 5	sample57	997	2539	1028	75558	0	
2	 3	 1	 6	control	1141	2683	1028	77100	0	
2	 3	 2	 1	sample58	1546	2832	1542	66872	0	
2	 3	 2	 2	sample58	1087	2629	1028	81726	0	
2	 3	 2	 3	sample58	1053	2595	1028	81726	0	
2	 3	 2	 4	sample58	1079	2621	1028	78642	0	
2	 3	 2	 5	sample58	792	2334	772	77100	0	
2	 3	 2	 6	control	2747	4289	2570	138780	0	
2	 3	 3	 1	sample59	1657	3199	1542	86352	0	
2	 3	 3	 2	sample59	1271	2813	1286	132612	0	
2	 3	 3	 3	sample59	987	2529	1028	115650	0	
2	 3	 3	 4	sample59	1359	2901	1286	75558	0	
2	 3	 3	 5	sample59	859	2401	1028	67848	0	
2	 3	 3	 6	control	508	2050	258	61680	0	
2	 3	 4	 1	sample60	1271	2557	1284	118312	0	
2	 3	 4	 2	sample60	1225	2511	1284	66872	0	
2	 3	 4	 3	sample60	622	2164	514	77100	0	
2	 3	 4	 4	sample60	531	2073	514	70932	0	
2	 3	 4	 5	sample60	640	2182	514	78642	0	
2	 3	 4	 6	control	766	2308	772	67848	0	
2	 4	 1	 1	sample61	1565	3107	1542	69390	0	
2	 4	 1	 2	sample61	1259	2801	1286	118734	0	
2	 4	 1	 3	sample61	1263	2805	1286	103314	0	
2	 4	 1	 4	sample61	1887	3429	1800	121818	0	
2	 4	 1	 5	sample61	1039	2581	1028	77100	0	
2	 4	 1	 6	control	702	2502	514	88200	0	
2	 4	 2	 1	sample62	872	2414	772	70932	0	
2	 4	 2	 2	sample62	966	2508	1028	44718	0	
2	 4	 2	 3	sample62	730	2272	772	66306	0	
2	 4	 2	 4	sample62	720	2262	772	69390	0	
2	 4	 2	 5	sample62	787	2329	772	77100	0	
2	 4	 2	 6	control	1592	3134	1800	112566	0	
2	 4	 3	 1	sample63	1455	2997	1542	67848	0	
2	 4	 3	 2	sample63	1926	3468	1800	112566	0	
2	 4	 3	 3	sample63	1718	3260	1800	97146	0	
2	 4	 3	 4	sample63	1077	2619	1028	74016	0	
2	 4	 3	 5	sample63	887	2429	772	61680	0	
2	 4	 3	 6	control	1024	2566	1028	81726	0	
2	 4	 4	 1	sample64	476	2018	514	61680	0	
2	 4	 4	 2	sample64	681	2223	514	78642	0	
2	 4	 4	 3	sample64	681	2223	514	78642	0	
2	 4	 4	 4	sample64	534	2076	514	61680	0	
2	 4	 4	 5	sample64	766	2308	772	67848	0	
2	 4	 4	 6	control	808	2350	772	75558	0	
2	 5	 1	 1	sample65	1625	3425	1542	82800	0	
2	 5	 1	 2	sample65	1863	3663	2056	93600	0	
2	 5	 1	 3	sample65	1300	3100	1284	151200	0	
2	 5	 1	 4	sample65	2132	3674	2314	78642	0	
2	 5	 1	 5	sample65	1730	3272	1800	74016	0	
2	 5	 1	 6	control	832	2374	772	78642	0	
2	 5	 2	 1	sample66	1513	3313	1542	81000	0	
2	 5	 2	 2	sample66	1150	2950	1028	79200	0	
2	 5	 2	 3	sample66	1127	2669	1028	80184	0	
2	 5	 2	 4	sample66	943	2485	772	78642	0	
2	 5	 2	 5	sample66	1028	2570	1028	61680	0	
2	 5	 2	 6	control	1334	2876	1286	106398	0	
2	 5	 3	 1	sample67	1196	2738	1286	70932	0	
2	 5	 3	 2	sample67	1280	2822	1286	77100	0	
2	 5	 3	 3	sample67	1169	2711	1028	64764	0	
2	 5	 3	 4	sample67	1291	2833	1286	75558	0	
2	 5	 3	 5	sample67	978	2520	1028	70932	0	
2	 5	 3	 6	control	547	2089	514	61680	0	
2	 5	 4	 1	sample68	1603	3145	1542	104856	0	
2	 5	 4	 2	sample68	1590	3132	1542	66306	0	
2	 5	 4	 3	sample68	1432	2974	1542	78642	0	
2	 5	 4	 4	sample68	1050	2592	1028	74016	0	
2	 5	 4	 5	sample68	1212	2754	1028	64764	0	
2	 5	 4	 6	control	739	2281	514	61680	0	
2	 6	 1	 1	sample69	1167	2709	1028	97146	0	
2	 6	 1	 2	sample69	1056	2598	1028	70932	0	
2	 6	 1	 3	sample69	1186	2472	1028	60442	0	
2	 6	 1	 4	sample69	951	2237	770	60442	0	
2	 6	 1	 5	sample69	1113	2399	1284	81018	0	
2	 6	 1	 6	control	995	2281	1028	41152	0	
2	 6	 2	 1	sample70	1029	2571	1028	64764	0	
2	 6	 2	 2	sample70	868	2410	772	61680	0	
2	 6	 2	 3	sample70	807	2349	772	67848	0	
2	 6	 2	 4	sample70	1036	2322	1028	37294	0	
2	 6	 2	 5	sample70	931	2217	770	61728	0	
2	 6	 2	 6	control	1211	2497	1284	111882	0	
2	 6	 3	 1	sample71	728	2270	772	72474	0	
2	 6	 3	 2	sample71	830	2372	772	53970	0	
2	 6	 3	 3	sample71	1329	2871	1286	107940	0	
2	 6	 3	 4	sample71	832	2118	770	59156	0	
2	 6	 3	 5	sample71	791	2077	770	47582	0	
2	 6	 3	 6	control	841	2127	770	51440	0	
2	 6	 4	 1	sample72	1553	3095	1542	148032	0	
2	 6	 4	 2	sample72	1531	3073	1542	33924	0	
2	 6	 4	 3	sample72	1346	2632	1542	64300	0	
2	 6	 4	 4	sample72	1180	2466	1028	34722	0	
2	 6	 4	 5	sample72	952	2494	772	41634	0	
2	 6	 4	 6	control	913	2199	770	60442	0	
2	 7	 1	 1	sample73	1687	3229	1542	70932	0	
2	 7	 1	 2	sample73	1940	3482	2056	75558	0	
2	 7	 1	 3	sample73	1810	3352	1798	67848	0	
2	 7	 1	 4	sample73	1596	3138	1542	58596	0	
2	 7	 1	 5	sample73	1419	2961	1542	67848	0	
2	 7	 1	 6	control	1181	2723	1284	80184	0	
2	 7	 2	 1	sample74	2118	3660	2056	69390	0	
2	 7	 2	 2	sample74	1711	3253	1798	117192	0	
2	 7	 2	 3	sample74	1624	3166	1542	81726	0	
2	 7	 2	 4	sample74	1832	3374	1798	35466	0	
2	 7	 2	 5	sample74	1356	2898	1284	77100	0	
2	 7	 2	 6	control	1747	3289	2056	107940	0	
2	 7	 3	 1	sample75	616	2158	514	61680	0	
2	 7	 3	 2	sample75	816	2358	770	61680	0	
2	 7	 3	 3	sample75	1107	2649	1028	60138	0	
2	 7	 3	 4	sample75	1144	2686	1284	64764	0	
2	 7	 3	 5	sample75	819	2361	770	64764	0	
2	 7	 3	 6	control	1312	2854	1284	70932	0	
2	 7	 4	 1	sample76	1053	2595	1028	61680	0	
2	 7	 4	 2	sample76	1028	2570	1028	63222	0	
2	 7	 4	 3	sample76	649	2447	514	71920	0	
2	 7	 4	 4	sample76	556	2354	514	44950	0	
2	 7	 4	 5	sample76	672	2214	770	40092	0	
2	 7	 4	 6	control	655	2197	514	61680	0	
2	 8	 1	 1	sample77	1264	2806	1284	132612	0	
2	 8	 1	 2	sample77	1225	2767	1284	114108	0	
2	 8	 1	 3	sample77	1241	2525	1286	102720	0	
2	 8	 1	 4	sample77	1291	2575	1286	66768	0	
2	 8	 1	 5	sample77	971	2255	1028	62916	0	
2	 8	 1	 6	control	1291	2575	1286	61632	0	
2	 8	 2	 1	sample78	691	2233	770	69390	0	
2	 8	 2	 2	sample78	888	2430	770	57054	0	
2	 8	 2	 3	sample78	696	1980	514	56496	0	
2	 8	 2	 4	sample78	801	2085	772	56496	0	
2	 8	 2	 5	sample78	740	2024	772	52644	0	
2	 8	 2	 6	control	1181	2465	1286	97584	0	
2	 8	 3	 1	sample79	1378	2920	1284	67848	0	
2	 8	 3	 2	sample79	1116	2658	1028	107940	0	
2	 8	 3	 3	sample79	1087	2371	1028	68052	0	
2	 8	 3	 4	sample79	1250	2534	1286	65484	0	
2	 8	 3	 5	sample79	431	1973	514	77100	0	
2	 8	 3	 6	control	1361	2645	1286	127116	0	
2	 8	 4	 1	sample80	957	2499	770	61680	0	
2	 8	 4	 2	sample80	880	2422	1028	61680	0	
2	 8	 4	 3	sample80	635	2177	770	61680	0	
2	 8	 4	 4	sample80	549	2091	514	44718	0	
2	 8	 4	 5	sample80	481	2023	514	61680	0	
2	 8	 4	 6	control	619	2161	514	52428	0	
2	 9	 1	 1	sample81	882	2166	772	62916	0	
2	 9	 1	 2	sample81	1431	2715	1542	95016	0	
2	 9	 1	 3	sample81	1091	2375	1028	79608	0	
2	 9	 1	 4	sample81	1077	2361	1028	61632	0	
2	 9	 1	 5	sample81	851	2135	772	50076	0	
2	 9	 1	 6	control	807	2091	772	65484	0	
2	 9	 2	 1	sample82	1764	3048	1800	56496	0	
2	 9	 2	 2	sample82	1445	2729	1286	91164	0	
2	 9	 2	 3	sample82	1659	2943	1542	53928	0	
2	 9	 2	 4	sample82	1168	2452	1286	92448	0	
2	 9	 2	 5	sample82	1157	2441	1286	51360	0	
2	 9	 2	 6	control	1384	2668	1286	87312	0	
2	 9	 3	 1	sample83	1542	2826	1542	73188	0	
2	 9	 3	 2	sample83	1941	3225	1800	65484	0	
2	 9	 3	 3	sample83	1079	2363	1028	71904	0	
2	 9	 3	 4	sample83	1040	2324	1028	59064	0	
2	 9	 3	 5	sample83	1221	2505	1286	51360	0	
2	 9	 3	 6	control	493	2035	514	57054	0	
2	 9	 4	 1	sample84	1536	2820	1542	48792	0	
2	 9	 4	 2	sample84	1106	2390	1028	68052	0	
2	 9	 4	 3	sample84	859	2143	772	48792	0	
2	 9	 4	 4	sample84	868	2152	772	30816	0	
2	 9	 4	 5	sample84	616	1900	514	48792	0	
2	 9	 4	 6	control	591	1875	514	60348	0	
2	 10	 1	 1	sample85	1101	2901	1028	176400	0	
2	 10	 1	 2	sample85	2040	3582	1800	117192	0	
2	 10	 1	 3	sample85	1878	3420	1800	115650	0	
2	 10	 1	 4	sample85	1481	3023	1542	70932	0	
2	 10	 1	 5	sample85	953	2495	772	63222	0	
2	 10	 1	 6	control	810	2352	514	61680	0	
2	 10	 2	 1	sample86	1682	3482	1284	79200	0	
2	 10	 2	 2	sample86	1951	3493	2056	67848	0	
2	 10	 2	 3	sample86	1323	2865	1286	74016	0	
2	 10	 2	 4	sample86	1317	2859	1286	75558	0	
2	 10	 2	 5	sample86	1139	2681	1028	64764	0	
2	 10	 2	 6	control	1089	2889	1028	45000	0	
2	 10	 3	 1	sample87	1082	2624	1028	74016	0	
2	 10	 3	 2	sample87	975	2517	772	74016	0	
2	 10	 3	 3	sample87	859	2401	772	67848	0	
2	 10	 3	 4	sample87	984	2526	772	44718	0	
2	 10	 3	 5	sample87	649	2191	514	61680	0	
2	 10	 3	 6	control	624	2166	514	61680	0	
2	 10	 4	 1	sample88	934	2476	772	46260	0	
2	 10	 4	 2	sample88	788	2330	772	72474	0	
2	 10	 4	 3	sample88	640	2182	514	63222	0	
2	 10	 4	 4	sample88	854	2396	514	43176	0	
2	 10	 4	 5	sample88	986	2528	772	27756	0	
2	 10	 4	 6	control	792	2592	514	43200	0	
2	 11	 1	 1	sample89	887	2685	772	71920	0	
2	 11	 1	 2	sample89	1189	2987	1028	71920	0	
2	 11	 1	 3	sample89	1189	2987	1286	71920	0	
2	 11	 1	 4	sample89	918	2974	1028	82240	0	
2	 11	 1	 5	sample89	822	2878	770	82240	0	
2	 11	 1	 6	control	668	2724	770	82240	0	
2	 11	 2	 1	sample90	732	2788	514	82240	0	
2	 11	 2	 2	sample90	1446	3244	1286	71920	0	
2	 11	 2	 3	sample90	1028	2826	1028	71920	0	
2	 11	 2	 4	sample90	713	2769	770	82240	0	
2	 11	 2	 5	sample90	860	2916	770	82240	0	
2	 11	 2	 6	control	1352	3408	1284	94576	0	
2	 11	 3	 1	sample91	893	2949	770	82240	0	
2	 11	 3	 2	sample91	1311	3367	1284	100744	0	
2	 11	 3	 3	sample91	1150	3206	1028	82240	0	
2	 11	 3	 4	sample91	2753	4809	2570	172704	0	
2	 11	 3	 5	sample91	449	2505	514	82240	0	
2	 11	 3	 6	control	938	2994	256	82240	0	
2	 11	 4	 1	sample92	8823	10879	5654	92520	0	
2	 11	 4	 2	sample92	603	2659	514	82240	0	
2	 11	 4	 3	sample92	649	2447	772	71920	0	
2	 11	 4	 4	sample92	547	2345	514	71920	0	
2	 11	 4	 5	sample92	520	2576	514	82240	0	
2	 11	 4	 6	control	777	2833	770	82240	0	
2	 12	 1	 1	sample93	322	1864	258	61680	0	
2	 12	 1	 2	sample93	383	1925	514	63222	0	
2	 12	 1	 3	sample93	739	2281	772	72474	0	
2	 12	 1	 4	sample93	1006	2548	772	35466	0	
2	 12	 1	 5	sample93	809	2609	770	72000	0	
2	 12	 1	 6	control	655	2711	514	63736	0	
2	 12	 2	 1	sample94	982	2268	1028	57870	0	
2	 12	 2	 2	sample94	1563	3105	1542	78642	0	
2	 12	 2	 3	sample94	824	2366	772	67848	0	
2	 12	 2	 4	sample94	627	2169	514	60138	0	
2	 12	 2	 5	sample94	681	2481	514	77400	0	
2	 12	 2	 6	control	988	3044	1028	90464	0	
2	 12	 3	 1	sample95	1633	2919	1542	36008	0	
2	 12	 3	 2	sample95	1108	2650	1028	69390	0	
2	 12	 3	 3	sample95	763	2305	772	98688	0	
2	 12	 3	 4	sample95	1255	2797	1286	26214	0	
2	 12	 3	 5	sample95	551	2351	514	73800	0	
2	 12	 3	 6	control	436	2492	514	74016	0	
2	 12	 4	 1	sample96	1033	2319	1028	60442	0	
2	 12	 4	 2	sample96	1071	2357	1028	60442	0	
2	 12	 4	 3	sample96	787	2073	770	60442	0	
2	 12	 4	 4	sample96	479	2021	514	67848	0	
2	 12	 4	 5	sample96	529	2329	514	59400	0	
2	 12	 4	 6	control	913	2969	1028	82240	0	
3	 1	 1	 1	sample97	1143	2685	1028	72474	0	
3	 1	 1	 2	sample97	756	2298	772	75558	0	
3	 1	 1	 3	sample97	890	2690	770	81000	0	
3	 1	 1	 4	sample97	800	2342	772	69390	0	
3	 1	 1	 5	sample97	839	2639	770	73800	0	
3	 1	 1	 6	control	824	2880	772	80184	0	
3	 1	 2	 1	sample98	1263	2805	1286	52428	0	
3	 1	 2	 2	sample98	1242	2784	1286	72474	0	
3	 1	 2	 3	sample98	836	2378	772	61680	0	
3	 1	 2	 4	sample98	684	2226	514	63222	0	
3	 1	 2	 5	sample98	916	2716	770	66600	0	
3	 1	 2	 6	control	574	2630	772	88408	0	
3	 1	 3	 1	sample99	927	2213	1028	36008	0	
3	 1	 3	 2	sample99	443	1985	514	66306	0	
3	 1	 3	 3	sample99	470	2012	514	61680	0	
3	 1	 3	 4	sample99	799	2341	772	43176	0	
3	 1	 3	 5	sample99	531	2331	514	54000	0	
3	 1	 3	 6	control	658	2458	514	73800	0	
3	 1	 4	 1	sample100	771	2057	770	64300	0	
3	 1	 4	 2	sample100	765	2051	770	60442	0	
3	 1	 4	 3	sample100	521	1807	514	46296	0	
3	 1	 4	 4	sample100	463	2005	514	23130	0	
3	 1	 4	 5	sample100	670	2212	772	74016	0	
3	 1	 4	 6	control	1043	2843	1028	88200	0	
3	 2	 1	 1	sample101	885	2683	772	61132	0	
3	 2	 1	 2	sample101	823	2621	772	71920	0	
3	 2	 1	 3	sample101	869	2667	1028	89900	0	
3	 2	 1	 4	sample101	946	2744	1028	89900	0	
3	 2	 1	 5	sample101	1018	2816	1028	84506	0	
3	 2	 1	 6	control	734	2532	772	86304	0	
3	 2	 2	 1	sample102	232	2030	258	71920	0	
3	 2	 2	 2	sample102	433	2231	514	79112	0	
3	 2	 2	 3	sample102	354	2152	258	71920	0	
3	 2	 2	 4	sample102	720	2262	770	63222	0	
3	 2	 2	 5	sample102	592	2390	514	77314	0	
3	 2	 2	 6	control	907	2705	1028	174406	0	
3	 2	 3	 1	sample103	1262	2804	1284	141864	0	
3	 2	 3	 2	sample103	1708	3250	1798	78642	0	
3	 2	 3	 3	sample103	1804	3346	1798	67848	0	
3	 2	 3	 4	sample103	1087	2629	1028	120276	0	
3	 2	 3	 5	sample103	1340	2882	1284	70932	0	
3	 2	 3	 6	control	691	2233	514	60138	0	
3	 2	 4	 1	sample104	777	2319	770	58596	0	
3	 2	 4	 2	sample104	642	2184	514	80184	0	
3	 2	 4	 3	sample104	691	2233	770	80184	0	
3	 2	 4	 4	sample104	541	2083	514	72474	0	
3	 2	 4	 5	sample104	786	2328	770	50886	0	
3	 2	 4	 6	control	1094	2636	1284	35466	0	
3	 3	 1	 1	sample105	1738	3538	1542	84600	0	
3	 3	 1	 2	sample105	1737	3537	1798	90000	0	
3	 3	 1	 3	sample105	1970	3770	2056	37800	0	
3	 3	 1	 4	sample105	1186	2986	1284	70200	0	
3	 3	 1	 5	sample105	1382	3182	1284	75600	0	
3	 3	 1	 6	control	628	2428	514	64800	0	
3	 3	 2	 1	sample106	1445	2987	1542	69390	0	
3	 3	 2	 2	sample106	1366	3166	1284	84600	0	
3	 3	 2	 3	sample106	997	2797	1028	90000	0	
3	 3	 2	 4	sample106	1151	2951	1284	86400	0	
3	 3	 2	 5	sample106	749	2549	770	84600	0	
3	 3	 2	 6	control	1451	3251	1542	91800	0	
3	 3	 3	 1	sample107	1145	2687	1028	50886	0	
3	 3	 3	 2	sample107	935	2477	772	67848	0	
3	 3	 3	 3	sample107	821	2363	772	64764	0	
3	 3	 3	 4	sample107	1055	2597	1028	29298	0	
3	 3	 3	 5	sample107	1286	2828	1286	23130	0	
3	 3	 3	 6	control	474	2274	514	70200	0	
3	 3	 4	 1	sample108	3212	5012	3084	93600	0	
3	 3	 4	 2	sample108	2495	4295	2570	93600	0	
3	 3	 4	 3	sample108	1632	3432	1542	86400	0	
3	 3	 4	 4	sample108	882	2682	770	95400	0	
3	 3	 4	 5	sample108	1049	2849	1028	64800	0	
3	 3	 4	 6	control	1300	2842	1286	27756	0	
3	 4	 1	 1	sample109	1809	3609	1798	90000	0	
3	 4	 1	 2	sample109	2138	3938	2056	95400	0	
3	 4	 1	 3	sample109	1901	3701	1798	90000	0	
3	 4	 1	 4	sample109	1028	2828	1028	86400	0	
3	 4	 1	 5	sample109	1123	2923	1028	82800	0	
3	 4	 1	 6	control	927	2727	1028	73800	0	
3	 4	 2	 1	sample110	1742	3542	1798	90000	0	
3	 4	 2	 2	sample110	1631	3431	1542	77400	0	
3	 4	 2	 3	sample110	951	2751	1028	66600	0	
3	 4	 2	 4	sample110	1265	2807	1286	75558	0	
3	 4	 2	 5	sample110	888	2688	770	63000	0	
3	 4	 2	 6	control	1133	2933	1284	91800	0	
3	 4	 3	 1	sample111	1566	3366	1542	151200	0	
3	 4	 3	 2	sample111	1739	3281	1800	124902	0	
3	 4	 3	 3	sample111	1965	3507	2056	69390	0	
3	 4	 3	 4	sample111	1490	3032	1542	67848	0	
3	 4	 3	 5	sample111	1059	2601	1028	64764	0	
3	 4	 3	 6	control	637	2179	514	61680	0	
3	 4	 4	 1	sample112	778	2320	772	66306	0	
3	 4	 4	 2	sample112	643	2185	514	67848	0	
3	 4	 4	 3	sample112	701	2243	772	61680	0	
3	 4	 4	 4	sample112	688	2230	514	61680	0	
3	 4	 4	 5	sample112	592	2134	514	61680	0	
3	 4	 4	 6	control	945	2487	772	57054	0	
3	 5	 1	 1	sample113	962	2762	770	234000	0	
3	 5	 1	 2	sample113	1210	3010	1284	149400	0	
3	 5	 1	 3	sample113	1285	3085	1284	61200	0	
3	 5	 1	 4	sample113	1624	3424	1542	145800	0	
3	 5	 1	 5	sample113	1357	3157	1284	82800	0	
3	 5	 1	 6	control	1199	2999	1028	81000	0	
3	 5	 2	 1	sample114	1108	2908	1028	63000	0	
3	 5	 2	 2	sample114	1000	2542	1028	97146	0	
3	 5	 2	 3	sample114	1129	2671	1028	35466	0	
3	 5	 2	 4	sample114	719	2519	770	81000	0	
3	 5	 2	 5	sample114	1079	2879	1028	45000	0	
3	 5	 2	 6	control	1372	3172	1284	68400	0	
3	 5	 3	 1	sample115	771	2313	514	72474	0	
3	 5	 3	 2	sample115	1041	2583	1028	30840	0	
3	 5	 3	 3	sample115	879	2421	772	66306	0	
3	 5	 3	 4	sample115	810	2352	772	61680	0	
3	 5	 3	 5	sample115	741	2283	514	78642	0	
3	 5	 3	 6	control	815	2615	770	93600	0	
3	 5	 4	 1	sample116	424	1966	258	61680	0	
3	 5	 4	 2	sample116	667	2209	514	49344	0	
3	 5	 4	 3	sample116	598	2140	514	61680	0	
3	 5	 4	 4	sample116	984	2526	1028	35466	0	
3	 5	 4	 5	sample116	885	2685	770	32400	0	
3	 5	 4	 6	control	732	2532	514	72000	0	
3	 6	 1	 1	sample117	1904	3446	1798	120276	0	
3	 6	 1	 2	sample117	1461	3003	1542	123360	0	
3	 6	 1	 3	sample117	1439	2981	1542	161910	0	
3	 6	 1	 4	sample117	1039	2581	1028	69390	0	
3	 6	 1	 5	sample117	1176	2460	1286	51360	0	
3	 6	 1	 6	control	1332	2616	1286	42372	0	
3	 6	 2	 1	sample118	1133	2675	1028	60138	0	
3	 6	 2	 2	sample118	1142	2684	1028	97146	0	
3	 6	 2	 3	sample118	1071	2613	1028	72474	0	
3	 6	 2	 4	sample118	1256	2540	1286	44940	0	
3	 6	 2	 5	sample118	1078	2362	1028	33384	0	
3	 6	 2	 6	control	1506	2790	1542	89880	0	
3	 6	 3	 1	sample119	1304	2846	1284	100230	0	
3	 6	 3	 2	sample119	1359	2901	1284	69390	0	
3	 6	 3	 3	sample119	1152	2694	1028	57054	0	
3	 6	 3	 4	sample119	1067	2351	1028	51360	0	
3	 6	 3	 5	sample119	1112	2396	1286	51360	0	
3	 6	 3	 6	control	650	1934	772	51360	0	
3	 6	 4	 1	sample120	1073	2615	1028	61680	0	
3	 6	 4	 2	sample120	1312	2854	1284	58596	0	
3	 6	 4	 3	sample120	1942	3484	2056	135696	0	
3	 6	 4	 4	sample120	745	2287	770	61680	0	
3	 6	 4	 5	sample120	533	2075	514	61680	0	
3	 6	 4	 6	control	694	1978	514	51360	0	
3	 7	 1	 1	sample121	1329	2613	1286	68052	0	
3	 7	 1	 2	sample121	1789	3073	1800	65484	0	
3	 7	 1	 3	sample121	1663	3205	1542	120276	0	
3	 7	 1	 4	sample121	1273	2815	1284	69390	0	
3	 7	 1	 5	sample121	1150	2692	1284	74016	0	
3	 7	 1	 6	control	673	2215	514	69390	0	
3	 7	 2	 1	sample122	1059	2343	1028	64200	0	
3	 7	 2	 2	sample122	1093	2377	1028	41088	0	
3	 7	 2	 3	sample122	642	2184	514	77100	0	
3	 7	 2	 4	sample122	729	2271	770	77100	0	
3	 7	 2	 5	sample122	844	2128	772	50076	0	
3	 7	 2	 6	control	1088	2630	1028	78642	0	
3	 7	 3	 1	sample123	1454	2996	1542	77100	0	
3	 7	 3	 2	sample123	1435	2719	1286	104004	0	
3	 7	 3	 3	sample123	945	2487	770	72474	0	
3	 7	 3	 4	sample123	957	2241	1028	92448	0	
3	 7	 3	 5	sample123	527	1811	514	51360	0	
3	 7	 3	 6	control	524	2066	514	74016	0	
3	 7	 4	 1	sample124	1513	3055	1284	69390	0	
3	 7	 4	 2	sample124	1229	2771	1284	78642	0	
3	 7	 4	 3	sample124	1289	2831	1284	80184	0	
3	 7	 4	 4	sample124	625	2167	514	67848	0	
3	 7	 4	 5	sample124	648	2190	514	61680	0	
3	 7	 4	 6	control	469	2011	514	61680	0	
3	 8	 1	 1	sample125	1753	3553	1798	91800	0	
3	 8	 1	 2	sample125	1867	3667	1798	88200	0	
3	 8	 1	 3	sample125	1425	3225	1542	79200	0	
3	 8	 1	 4	sample125	1516	3316	1542	90000	0	
3	 8	 1	 5	sample125	1409	2951	1286	70932	0	
3	 8	 1	 6	control	759	2301	772	61680	0	
3	 8	 2	 1	sample126	2174	3974	2312	73800	0	
3	 8	 2	 2	sample126	1734	3534	1798	129600	0	
3	 8	 2	 3	sample126	1163	2705	1286	67848	0	
3	 8	 2	 4	sample126	980	2522	1028	74016	0	
3	 8	 2	 5	sample126	919	2461	772	61680	0	
3	 8	 2	 6	control	1517	3059	1542	61680	0	
3	 8	 3	 1	sample127	635	2435	770	64800	0	
3	 8	 3	 2	sample127	629	2429	770	72000	0	
3	 8	 3	 3	sample127	874	2416	772	61680	0	
3	 8	 3	 4	sample127	1431	2973	1286	70932	0	
3	 8	 3	 5	sample127	2173	3715	2056	155742	0	
3	 8	 3	 6	control	444	1986	514	61680	0	
3	 8	 4	 1	sample128	809	2609	770	72000	0	
3	 8	 4	 2	sample128	464	2264	514	64800	0	
3	 8	 4	 3	sample128	314	2114	256	64800	0	
3	 8	 4	 4	sample128	207	1749	514	55512	0	
3	 8	 4	 5	sample128	436	1978	258	55512	0	
3	 8	 4	 6	control	422	1964	514	55512	0	
3	 9	 1	 1	sample129	1238	2780	1286	58596	0	
3	 9	 1	 2	sample129	1840	3382	1800	67848	0	
3	 9	 1	 3	sample129	784	2326	772	61680	0	
3	 9	 1	 4	sample129	966	2508	772	69390	0	
3	 9	 1	 5	sample129	1818	3360	1800	104856	0	
3	 9	 1	 6	control	900	2442	1028	74016	0	
3	 9	 2	 1	sample130	1233	2775	1028	52428	0	
3	 9	 2	 2	sample130	1197	2739	1028	152658	0	
3	 9	 2	 3	sample130	823	2365	772	61680	0	
3	 9	 2	 4	sample130	990	2532	772	61680	0	
3	 9	 2	 5	sample130	762	2304	772	78642	0	
3	 9	 2	 6	control	1388	2930	1286	61680	0	
3	 9	 3	 1	sample131	951	2493	772	46260	0	
3	 9	 3	 2	sample131	804	2346	772	61680	0	
3	 9	 3	 3	sample131	624	2166	514	61680	0	
3	 9	 3	 4	sample131	1103	2645	1028	58596	0	
3	 9	 3	 5	sample131	431	1973	258	61680	0	
3	 9	 3	 6	control	502	2044	514	61680	0	
3	 9	 4	 1	sample132	1707	3249	1800	60138	0	
3	 9	 4	 2	sample132	1065	2607	1028	43176	0	
3	 9	 4	 3	sample132	534	2076	258	61680	0	
3	 9	 4	 4	sample132	399	1941	258	61680	0	
3	 9	 4	 5	sample132	738	2024	770	51440	0	
3	 9	 4	 6	control	547	2089	514	61680	0	
3	 10	 1	 1	sample133	1907	3963	1798	106912	0	
3	 10	 1	 2	sample133	4127	6183	4368	104856	0	
3	 10	 1	 3	sample133	1391	3189	1286	61132	0	
3	 10	 1	 4	sample133	1082	2880	1028	68324	0	
3	 10	 1	 5	sample133	1016	2814	1028	75516	0	
3	 10	 1	 6	control	749	2547	514	61132	0	
3	 10	 2	 1	sample134	1160	2958	1028	84506	0	
3	 10	 2	 2	sample134	1564	3362	1542	86304	0	
3	 10	 2	 3	sample134	937	2735	1028	75516	0	
3	 10	 2	 4	sample134	928	2726	772	82708	0	
3	 10	 2	 5	sample134	824	2622	514	70122	0	
3	 10	 2	 6	control	1437	3235	1286	79112	0	
3	 10	 3	 1	sample135	1084	2882	772	82708	0	
3	 10	 3	 2	sample135	1176	2974	1028	71920	0	
3	 10	 3	 3	sample135	981	2779	772	68324	0	
3	 10	 3	 4	sample135	957	2755	772	89900	0	
3	 10	 3	 5	sample135	416	2214	258	61132	0	
3	 10	 3	 6	control	610	2152	514	49344	0	
3	 10	 4	 1	sample136	1554	3352	1542	80910	0	
3	 10	 4	 2	sample136	1325	3123	1286	93496	0	
3	 10	 4	 3	sample136	1093	2891	1028	86304	0	
3	 10	 4	 4	sample136	872	2670	514	50344	0	
3	 10	 4	 5	sample136	338	2136	258	57536	0	
3	 10	 4	 6	control	611	2153	514	44718	0	
3	 11	 1	 1	sample137	1708	3250	1800	117192	0	
3	 11	 1	 2	sample137	1242	2784	1286	118734	0	
3	 11	 1	 3	sample137	1193	2479	1284	57870	0	
3	 11	 1	 4	sample137	1163	2705	1286	35466	0	
3	 11	 1	 5	sample137	929	2471	772	47802	0	
3	 11	 1	 6	control	772	2314	772	47802	0	
3	 11	 2	 1	sample138	1044	2330	1028	59156	0	
3	 11	 2	 2	sample138	1192	2478	1028	60442	0	
3	 11	 2	 3	sample138	1064	2350	1028	45010	0	
3	 11	 2	 4	sample138	545	2087	514	66306	0	
3	 11	 2	 5	sample138	590	2132	514	52428	0	
3	 11	 2	 6	control	1300	2842	1286	27756	0	
3	 11	 3	 1	sample139	939	2225	770	45010	0	
3	 11	 3	 2	sample139	651	1937	770	55298	0	
3	 11	 3	 3	sample139	932	2218	1028	65586	0	
3	 11	 3	 4	sample139	734	2276	772	63222	0	
3	 11	 3	 5	sample139	743	2285	772	27756	0	
3	 11	 3	 6	control	417	2217	256	72000	0	
3	 11	 4	 1	sample140	681	1967	514	59156	0	
3	 11	 4	 2	sample140	702	1988	514	57870	0	
3	 11	 4	 3	sample140	187	1729	258	61680	0	
3	 11	 4	 4	sample140	431	1973	258	61680	0	
3	 11	 4	 5	sample140	534	2076	258	61680	0	
3	 11	 4	 6	control	444	2500	514	82240	0	
3	 12	 1	 1	sample141	1104	2646	1028	115650	0	
3	 12	 1	 2	sample141	867	2667	770	72000	0	
3	 12	 1	 3	sample141	1098	2898	1028	72000	0	
3	 12	 1	 4	sample141	537	2593	514	92520	0	
3	 12	 1	 5	sample141	871	3185	770	64792	0	
3	 12	 1	 6	control	724	3552	770	110292	0	
3	 12	 2	 1	sample142	934	2734	770	79200	0	
3	 12	 2	 2	sample142	682	2738	514	82240	0	
3	 12	 2	 3	sample142	413	2469	258	88408	0	
3	 12	 2	 4	sample142	560	2616	514	69904	0	
3	 12	 2	 5	sample142	698	3012	770	57850	0	
3	 12	 2	 6	control	846	3416	772	123360	0	
3	 12	 3	 1	sample143	386	2442	258	65792	0	
3	 12	 3	 2	sample143	335	2391	258	82240	0	
3	 12	 3	 3	sample143	470	2526	514	47288	0	
3	 12	 3	 4	sample143	475	2531	514	80184	0	
3	 12	 3	 5	sample143	428	2742	256	34710	0	
3	 12	 3	 6	control	213	2783	258	102800	0	
3	 12	 4	 1	sample144	405	2461	514	82240	0	
3	 12	 4	 2	sample144	424	2480	514	82240	0	
3	 12	 4	 3	sample144	225	2281	258	82240	0	
3	 12	 4	 4	sample144	228	2284	258	90464	0	
3	 12	 4	 5	sample144	561	2617	514	67848	0	
3	 12	 4	 6	control	591	2905	514	92560	0	
4	 1	 1	 1	sample145	719	2261	772	75558	0	
4	 1	 1	 2	sample145	813	2355	772	66306	0	
4	 1	 1	 3	sample145	1028	2828	1028	108000	0	
4	 1	 1	 4	sample145	909	2709	770	66600	0	
4	 1	 1	 5	sample145	1121	2921	1028	183600	0	
4	 1	 1	 6	control	836	2636	770	77400	0	
4	 1	 2	 1	sample146	409	2209	256	75600	0	
4	 1	 2	 2	sample146	1215	3015	1284	46800	0	
4	 1	 2	 3	sample146	882	2682	770	66600	0	
4	 1	 2	 4	sample146	449	2249	514	72000	0	
4	 1	 2	 5	sample146	386	2442	514	32896	0	
4	 1	 2	 6	control	719	2775	772	90464	0	
4	 1	 3	 1	sample147	766	2822	772	100744	0	
4	 1	 3	 2	sample147	1093	3149	1028	74016	0	
4	 1	 3	 3	sample147	777	3091	770	87932	0	
4	 1	 3	 4	sample147	974	3030	1028	96632	0	
4	 1	 3	 5	sample147	546	2860	514	108758	0	
4	 1	 3	 6	control	311	2625	256	87932	0	
4	 1	 4	 1	sample148	1733	3789	1542	71960	0	
4	 1	 4	 2	sample148	1327	3383	1028	51400	0	
4	 1	 4	 3	sample148	1566	3622	1286	45232	0	
4	 1	 4	 4	sample148	673	2729	514	53456	0	
4	 1	 4	 5	sample148	514	2570	514	82240	0	
4	 1	 4	 6	control	452	2766	514	106444	0	
4	 2	 1	 1	sample149	579	2121	514	61680	0	
4	 2	 1	 2	sample149	719	2261	772	67848	0	
4	 2	 1	 3	sample149	952	2494	1028	72474	0	
4	 2	 1	 4	sample149	1221	2763	1028	61680	0	
4	 2	 1	 5	sample149	948	2490	1028	118734	0	
4	 2	 1	 6	control	703	2245	514	63222	0	
4	 2	 2	 1	sample150	1323	2865	1286	74016	0	
4	 2	 2	 2	sample150	1318	2860	1286	61680	0	
4	 2	 2	 3	sample150	1101	2643	1028	70932	0	
4	 2	 2	 4	sample150	852	2652	770	84600	0	
4	 2	 2	 5	sample150	1012	2554	1028	74016	0	
4	 2	 2	 6	control	1109	2651	1286	118734	0	
4	 2	 3	 1	sample151	765	2565	770	82800	0	
4	 2	 3	 2	sample151	881	2681	770	88200	0	
4	 2	 3	 3	sample151	883	2683	1028	28800	0	
4	 2	 3	 4	sample151	1408	3208	1284	90000	0	
4	 2	 3	 5	sample151	940	2740	1028	84600	0	
4	 2	 3	 6	control	655	2455	514	91800	0	
4	 2	 4	 1	sample152	1387	3187	1284	149400	0	
4	 2	 4	 2	sample152	1172	2972	1284	147600	0	
4	 2	 4	 3	sample152	925	2725	1028	72000	0	
4	 2	 4	 4	sample152	1048	2848	1028	90000	0	
4	 2	 4	 5	sample152	868	2668	770	90000	0	
4	 2	 4	 6	control	722	2522	514	86400	0	
4	 3	 1	 1	sample153	1451	2993	1542	118734	0	
4	 3	 1	 2	sample153	1670	3212	1542	104856	0	
4	 3	 1	 3	sample153	1499	3041	1284	140322	0	
4	 3	 1	 4	sample153	1148	2690	1284	104856	0	
4	 3	 1	 5	sample153	1168	2710	1028	50886	0	
4	 3	 1	 6	control	745	2287	514	78642	0	
4	 3	 2	 1	sample154	985	2527	1028	103314	0	
4	 3	 2	 2	sample154	1031	2573	1028	101772	0	
4	 3	 2	 3	sample154	856	2398	770	69390	0	
4	 3	 2	 4	sample154	710	2252	770	78642	0	
4	 3	 2	 5	sample154	1002	2544	1028	61680	0	
4	 3	 2	 6	control	1979	3777	2056	136648	0	
4	 3	 3	 1	sample155	487	2029	514	75558	0	
4	 3	 3	 2	sample155	629	2171	514	75558	0	
4	 3	 3	 3	sample155	570	2368	514	82708	0	
4	 3	 3	 4	sample155	661	2203	514	61680	0	
4	 3	 3	 5	sample155	360	2158	258	71920	0	
4	 3	 3	 6	control	399	2197	514	71920	0	
4	 3	 4	 1	sample156	737	2279	770	58596	0	
4	 3	 4	 2	sample156	986	2528	770	75558	0	
4	 3	 4	 3	sample156	889	2431	770	60138	0	
4	 3	 4	 4	sample156	657	2199	770	77100	0	
4	 3	 4	 5	sample156	668	2210	514	61680	0	
4	 3	 4	 6	control	818	2616	772	79112	0	
4	 4	 1	 1	sample157	913	2455	770	97146	0	
4	 4	 1	 2	sample157	1165	2707	1028	69390	0	
4	 4	 1	 3	sample157	927	2469	1028	106398	0	
4	 4	 1	 4	sample157	1112	2654	1028	107940	0	
4	 4	 1	 5	sample157	875	2417	770	72474	0	
4	 4	 1	 6	control	878	2420	770	66306	0	
4	 4	 2	 1	sample158	1138	2936	1028	88102	0	
4	 4	 2	 2	sample158	902	2700	772	134850	0	
4	 4	 2	 3	sample158	933	2731	772	77314	0	
4	 4	 2	 4	sample158	859	2657	772	68324	0	
4	 4	 2	 5	sample158	950	2492	1028	81726	0	
4	 4	 2	 6	control	1227	2769	1028	61680	0	
4	 4	 3	 1	sample159	1613	3411	1542	71920	0	
4	 4	 3	 2	sample159	1157	2955	1028	111476	0	
4	 4	 3	 3	sample159	1251	3049	1028	53940	0	
4	 4	 3	 4	sample159	1405	3203	1286	154628	0	
4	 4	 3	 5	sample159	1211	3009	1286	86304	0	
4	 4	 3	 6	control	804	2602	772	86304	0	
4	 4	 4	 1	sample160	858	2400	770	58596	0	
4	 4	 4	 2	sample160	1011	2553	1028	70932	0	
4	 4	 4	 3	sample160	1014	2812	772	32364	0	
4	 4	 4	 4	sample160	718	2260	770	67848	0	
4	 4	 4	 5	sample160	795	2337	770	80184	0	
4	 4	 4	 6	control	1380	3178	1286	34162	0	
4	 5	 1	 1	sample161	1234	2776	1286	77100	0	
4	 5	 1	 2	sample161	1327	2869	1286	115650	0	
4	 5	 1	 3	sample161	1052	2594	1028	67848	0	
4	 5	 1	 4	sample161	1558	3100	1800	127986	0	
4	 5	 1	 5	sample161	906	2448	1028	70932	0	
4	 5	 1	 6	control	729	2529	770	90000	0	
4	 5	 2	 1	sample162	1061	2603	1028	109482	0	
4	 5	 2	 2	sample162	1325	2867	1286	69390	0	
4	 5	 2	 3	sample162	1044	2586	1028	77100	0	
4	 5	 2	 4	sample162	1147	2689	1028	77100	0	
4	 5	 2	 5	sample162	797	2339	772	61680	0	
4	 5	 2	 6	control	1170	2970	1028	133200	0	
4	 5	 3	 1	sample163	1303	3103	1284	73800	0	
4	 5	 3	 2	sample163	956	2756	770	84600	0	
4	 5	 3	 3	sample163	2935	4735	2056	46800	0	
4	 5	 3	 4	sample163	1046	2846	1028	50400	0	
4	 5	 3	 5	sample163	751	2551	770	72000	0	
4	 5	 3	 6	control	496	2296	514	54000	0	
4	 5	 4	 1	sample164	1473	2759	1542	38580	0	
4	 5	 4	 2	sample164	1006	2292	1028	61728	0	
4	 5	 4	 3	sample164	770	2056	770	63014	0	
4	 5	 4	 4	sample164	457	1999	514	61680	0	
4	 5	 4	 5	sample164	1077	2619	1028	24672	0	
4	 5	 4	 6	control	1018	2304	1028	36008	0	
4	 6	 1	 1	sample165	1213	3013	1284	84600	0	
4	 6	 1	 2	sample165	2078	3878	1798	81000	0	
4	 6	 1	 3	sample165	1039	2839	1028	84600	0	
4	 6	 1	 4	sample165	935	2735	1028	70200	0	
4	 6	 1	 5	sample165	1066	2866	1028	84600	0	
4	 6	 1	 6	control	475	2275	514	36000	0	
4	 6	 2	 1	sample166	1092	2892	1028	86400	0	
4	 6	 2	 2	sample166	1165	2965	1028	77400	0	
4	 6	 2	 3	sample166	902	2702	770	91800	0	
4	 6	 2	 4	sample166	735	2535	770	91800	0	
4	 6	 2	 5	sample166	771	2571	770	27000	0	
4	 6	 2	 6	control	1099	2899	1028	90000	0	
4	 6	 3	 1	sample167	1011	2811	1028	82800	0	
4	 6	 3	 2	sample167	1139	2939	1028	79200	0	
4	 6	 3	 3	sample167	1174	2974	1028	88200	0	
4	 6	 3	 4	sample167	1326	3126	1284	88200	0	
4	 6	 3	 5	sample167	545	2345	514	88200	0	
4	 6	 3	 6	control	695	2495	770	86400	0	
4	 6	 4	 1	sample168	1023	2565	1028	74016	0	
4	 6	 4	 2	sample168	679	2221	514	55512	0	
4	 6	 4	 3	sample168	955	2241	1028	50154	0	
4	 6	 4	 4	sample168	436	1978	514	70932	0	
4	 6	 4	 5	sample168	723	2009	770	63014	0	
4	 6	 4	 6	control	653	2195	772	80184	0	
4	 7	 1	 1	sample169	2052	3594	2056	114108	0	
4	 7	 1	 2	sample169	2183	3725	2312	127986	0	
4	 7	 1	 3	sample169	1406	2948	1284	149574	0	
4	 7	 1	 4	sample169	1047	2589	770	226674	0	
4	 7	 1	 5	sample169	1687	3229	1542	60138	0	
4	 7	 1	 6	control	792	2334	770	55512	0	
4	 7	 2	 1	sample170	1526	3068	1542	78642	0	
4	 7	 2	 2	sample170	1910	3452	2056	114108	0	
4	 7	 2	 3	sample170	943	2741	1028	80910	0	
4	 7	 2	 4	sample170	1262	2804	1284	121818	0	
4	 7	 2	 5	sample170	713	2255	770	61680	0	
4	 7	 2	 6	control	1105	2903	1028	79112	0	
4	 7	 3	 1	sample171	1250	2792	1284	80184	0	
4	 7	 3	 2	sample171	1214	3012	1286	89900	0	
4	 7	 3	 3	sample171	1269	3067	1286	86304	0	
4	 7	 3	 4	sample171	1175	2973	1028	79112	0	
4	 7	 3	 5	sample171	399	2197	258	71920	0	
4	 7	 3	 6	control	469	2267	514	71920	0	
4	 7	 4	 1	sample172	1217	2501	1286	43656	0	
4	 7	 4	 2	sample172	1153	2695	1028	60138	0	
4	 7	 4	 3	sample172	1027	2569	1028	66306	0	
4	 7	 4	 4	sample172	724	2266	770	67848	0	
4	 7	 4	 5	sample172	793	2335	770	53970	0	
4	 7	 4	 6	control	861	2403	770	61680	0	
4	 8	 1	 1	sample173	1390	2932	1542	109482	0	
4	 8	 1	 2	sample173	1321	3121	1284	88200	0	
4	 8	 1	 3	sample173	1952	3494	1800	90978	0	
4	 8	 1	 4	sample173	1312	2854	1286	75558	0	
4	 8	 1	 5	sample173	1120	2406	1028	100308	0	
4	 8	 1	 6	control	754	2040	770	60442	0	
4	 8	 2	 1	sample174	1638	3180	1542	103314	0	
4	 8	 2	 2	sample174	1390	3190	1284	88200	0	
4	 8	 2	 3	sample174	1118	2660	1028	70932	0	
4	 8	 2	 4	sample174	866	2408	772	70932	0	
4	 8	 2	 5	sample174	932	2474	1028	74016	0	
4	 8	 2	 6	control	1197	2483	1284	109310	0	
4	 8	 3	 1	sample175	1084	2626	1028	106398	0	
4	 8	 3	 2	sample175	1171	2713	1028	114108	0	
4	 8	 3	 3	sample175	1613	3155	1542	67848	0	
4	 8	 3	 4	sample175	1168	2710	1286	74016	0	
4	 8	 3	 5	sample175	418	1960	514	61680	0	
4	 8	 3	 6	control	793	2335	772	37008	0	
4	 8	 4	 1	sample176	591	2133	514	72474	0	
4	 8	 4	 2	sample176	725	2267	772	77100	0	
4	 8	 4	 3	sample176	584	1870	514	51440	0	
4	 8	 4	 4	sample176	749	2291	772	69390	0	
4	 8	 4	 5	sample176	742	2284	772	53970	0	
4	 8	 4	 6	control	1245	2531	1284	42438	0	
4	 9	 1	 1	sample177	1448	2990	1542	118734	0	
4	 9	 1	 2	sample177	1977	3519	2056	121818	0	
4	 9	 1	 3	sample177	1087	2629	1028	120276	0	
4	 9	 1	 4	sample177	1156	2698	1284	61680	0	
4	 9	 1	 5	sample177	1071	2613	1028	107940	0	
4	 9	 1	 6	control	981	2523	770	77100	0	
4	 9	 2	 1	sample178	1140	2938	1028	82708	0	
4	 9	 2	 2	sample178	1446	3244	1542	124062	0	
4	 9	 2	 3	sample178	1365	2907	1284	74016	0	
4	 9	 2	 4	sample178	1156	2698	770	70932	0	
4	 9	 2	 5	sample178	670	2212	770	78642	0	
4	 9	 2	 6	control	1646	3188	1542	57054	0	
4	 9	 3	 1	sample179	797	2595	772	89900	0	
4	 9	 3	 2	sample179	799	2597	772	68324	0	
4	 9	 3	 3	sample179	859	2657	772	79112	0	
4	 9	 3	 4	sample179	861	2659	772	88102	0	
4	 9	 3	 5	sample179	354	2152	514	71920	0	
4	 9	 3	 6	control	707	2505	772	93496	0	
4	 9	 4	 1	sample180	740	2538	772	88102	0	
4	 9	 4	 2	sample180	663	2461	514	80910	0	
4	 9	 4	 3	sample180	147	2203	0	82240	0	
4	 9	 4	 4	sample180	730	2528	772	77314	0	
4	 9	 4	 5	sample180	863	2661	772	86304	0	
4	 9	 4	 6	control	882	2680	772	75516	0	
4	 10	 1	 1	sample181	1352	3666	1284	185120	0	
4	 10	 1	 2	sample181	1951	4007	2056	104856	0	
4	 10	 1	 3	sample181	1404	3460	1542	156256	0	
4	 10	 1	 4	sample181	1576	3632	1800	156256	0	
4	 10	 1	 5	sample181	1089	3145	1028	123360	0	
4	 10	 1	 6	control	572	2628	514	82240	0	
4	 10	 2	 1	sample182	1101	3415	1028	97188	0	
4	 10	 2	 2	sample182	1127	3441	1028	101816	0	
4	 10	 2	 3	sample182	705	3019	770	108758	0	
4	 10	 2	 4	sample182	848	3162	770	115700	0	
4	 10	 2	 5	sample182	691	3005	770	104130	0	
4	 10	 2	 6	control	1155	3211	1286	150088	0	
4	 10	 3	 1	sample183	1417	3987	1542	125930	0	
4	 10	 3	 2	sample183	1210	3780	1286	131070	0	
4	 10	 3	 3	sample183	1362	3932	1286	120790	0	
4	 10	 3	 4	sample183	964	3534	1028	113080	0	
4	 10	 3	 5	sample183	4855	7425	2056	46260	0	
4	 10	 3	 6	control	696	3010	770	111072	0	
4	 10	 4	 1	sample184	906	3476	772	118220	0	
4	 10	 4	 2	sample184	998	3568	1028	128500	0	
4	 10	 4	 3	sample184	949	3519	1028	74530	0	
4	 10	 4	 4	sample184	807	3377	772	131070	0	
4	 10	 4	 5	sample184	650	3220	514	97660	0	
4	 10	 4	 6	control	1166	3736	1286	143920	0	
4	 11	 1	 1	sample185	999	2541	1028	121818	0	
4	 11	 1	 2	sample185	1336	2622	1284	90020	0	
4	 11	 1	 3	sample185	1622	3164	1542	69390	0	
4	 11	 1	 4	sample185	1087	2629	1028	67848	0	
4	 11	 1	 5	sample185	812	2354	772	58596	0	
4	 11	 1	 6	control	880	2422	772	29298	0	
4	 11	 2	 1	sample186	1022	2822	1028	88200	0	
4	 11	 2	 2	sample186	1301	2843	1286	78642	0	
4	 11	 2	 3	sample186	945	2487	772	61680	0	
4	 11	 2	 4	sample186	688	2230	772	61680	0	
4	 11	 2	 5	sample186	386	1928	514	61680	0	
4	 11	 2	 6	control	546	2088	514	63222	0	
4	 11	 3	 1	sample187	1142	3198	1286	106912	0	
4	 11	 3	 2	sample187	1251	3307	1286	30840	0	
4	 11	 3	 3	sample187	798	2854	772	80184	0	
4	 11	 3	 4	sample187	771	2571	770	77400	0	
4	 11	 3	 5	sample187	469	2269	514	72000	0	
4	 11	 3	 6	control	476	2018	514	61680	0	
4	 11	 4	 1	sample188	823	2879	772	92520	0	
4	 11	 4	 2	sample188	859	2915	772	108968	0	
4	 11	 4	 3	sample188	861	2917	772	94576	0	
4	 11	 4	 4	sample188	1153	2953	1028	66600	0	
4	 11	 4	 5	sample188	985	2785	1028	43200	0	
4	 11	 4	 6	control	514	2314	514	64800	0	
4	 12	 1	 1	sample189	560	2102	514	61680	0	
4	 12	 1	 2	sample189	793	2335	772	74016	0	
4	 12	 1	 3	sample189	1144	2686	1028	61680	0	
4	 12	 1	 4	sample189	739	2281	772	60138	0	
4	 12	 1	 5	sample189	507	2307	256	72000	0	
4	 12	 1	 6	control	829	2885	772	82240	0	
4	 12	 2	 1	sample190	360	1902	258	61680	0	
4	 12	 2	 2	sample190	994	2536	1028	67848	0	
4	 12	 2	 3	sample190	328	1870	258	61680	0	
4	 12	 2	 4	sample190	424	1966	258	61680	0	
4	 12	 2	 5	sample190	462	2262	514	27000	0	
4	 12	 2	 6	control	418	2474	258	82240	0	
4	 12	 3	 1	sample191	347	1889	258	61680	0	
4	 12	 3	 2	sample191	1096	2638	772	29298	0	
4	 12	 3	 3	sample191	739	2281	514	61680	0	
4	 12	 3	 4	sample191	521	2063	258	61680	0	
4	 12	 3	 5	sample191	664	2464	514	30600	0	
4	 12	 3	 6	control	296	2352	258	82240	0	
4	 12	 4	 1	sample192	366	2166	256	72000	0	
4	 12	 4	 2	sample192	372	2172	256	72000	0	
4	 12	 4	 3	sample192	463	2005	514	61680	0	
4	 12	 4	 4	sample192	780	2580	514	50400	0	
4	 12	 4	 5	sample192	604	2404	514	72000	0	
4	 12	 4	 6	control	553	2609	514	82240	0	
